wcoa21_data_management/01_CRUISE_METADATA/00_OCADS_data/CTD_downcasts/WCOA_2021_CTD_downcasts/dRB2102_CTD_098_01_F.txt
* Sea-Bird SBE 9 Data:
* Software Version Seasave V 7.26.7.107
* Vessel: NOAA Ship Ronald H. Brown
* Cruise: RB2102, West Coast Ocean Acidification (WCOA) 2021
* Dates: 20210622 to 20210723
* Region: NE Pacific, USA West Coast
* Ports: San Diego, CA to Port Angeles, WA to San Diego, CA
* Chief Scientists: R. Feely, NOAA PMEL; D. Greeley, NOAA PMEL; B. Carter, NOAA PMEL / UW CICOES
*END*
[from data line 1067]
1069.00	1058.41	 3.9528	34.4337	27.3488	 0.39	 16.99	0.042	  156.22	100.00
1070.00	1059.40	 3.9533	34.4348	27.3496	 0.39	 16.92	0.040	  156.31	100.00
1071.00	1060.38	 3.9509	34.4349	27.3500	 0.39	 17.02	0.040	  156.21	100.00
1072.00	1061.37	 3.9490	34.4356	27.3507	 0.40	 17.18	0.041	  156.21	100.00
1073.00	1062.36	 3.9416	34.4364	27.3521	 0.40	 17.46	0.042	  156.24	100.00
1074.00	1063.35	 3.9317	34.4370	27.3536	 0.40	 17.50	0.040	  156.17	100.00
1075.00	1064.33	 3.9297	34.4373	27.3541	 0.40	 17.55	0.040	  156.22	100.00
1076.00	1065.32	 3.9272	34.4376	27.3546	 0.40	 17.47	0.040	  156.18	100.00
1077.00	1066.31	 3.9246	34.4385	27.3556	 0.41	 17.64	0.040	  156.16	100.00
1078.00	1067.30	 3.9252	34.4397	27.3564	 0.41	 17.87	0.040	  156.15	100.00
1079.00	1068.28	 3.9256	34.4403	27.3569	 0.41	 17.78	0.042	  156.15	100.00
1080.00	1069.27	 3.9251	34.4403	27.3570	 0.41	 18.01	0.041	  156.22	100.00
1081.00	1070.26	 3.9225	34.4402	27.3571	 0.41	 17.88	0.040	  156.17	100.00
1082.00	1071.25	 3.9192	34.4401	27.3574	 0.41	 17.64	0.040	  156.18	100.00
1083.00	1072.23	 3.9161	34.4401	27.3577	 0.42	 18.09	0.040	  156.14	100.00
1084.00	1073.22	 3.9138	34.4404	27.3583	 0.41	 17.90	0.041	  156.08	100.00
1085.00	1074.21	 3.9093	34.4404	27.3587	 0.41	 17.81	0.041	  156.12	100.00
1086.00	1075.20	 3.8952	34.4400	27.3598	 0.42	 18.04	0.041	  156.15	100.00
1087.00	1076.18	 3.8903	34.4406	27.3608	 0.42	 18.30	0.041	  156.11	100.00
1088.00	1077.17	 3.8868	34.4413	27.3617	 0.42	 18.32	0.040	  156.09	100.00
1089.00	1078.16	 3.8840	34.4419	27.3624	 0.42	 18.17	0.040	  156.09	100.00
1090.00	1079.15	 3.8799	34.4424	27.3632	 0.42	 18.35	0.040	  156.13	100.00
1091.00	1080.13	 3.8779	34.4429	27.3638	 0.43	 18.53	0.040	  156.07	100.00
1092.00	1081.12	 3.8771	34.4431	27.3641	 0.42	 18.29	0.041	  156.18	100.00
1093.00	1082.11	 3.8765	34.4435	27.3645	 0.42	 18.38	0.041	  156.07	100.00
1094.00	1083.10	 3.8759	34.4436	27.3647	 0.43	 18.49	0.040	  156.08	100.00
1095.00	1084.08	 3.8733	34.4438	27.3650	 0.42	 18.43	0.040	  156.05	100.00
1096.00	1085.07	 3.8700	34.4441	27.3657	 0.42	 18.37	0.040	  156.06	100.00
1097.00	1086.06	 3.8696	34.4443	27.3658	 0.43	 18.54	0.040	  156.03	100.00
1098.00	1087.05	 3.8693	34.4443	27.3659	 0.42	 18.47	0.040	  156.04	100.00
1099.00	1088.03	 3.8691	34.4442	27.3659	 0.43	 18.51	0.040	  156.08	100.00
1100.00	1089.02	 3.8684	34.4442	27.3660	 0.43	 18.61	0.040	  156.00	100.00
1101.00	1090.01	 3.8652	34.4443	27.3664	 0.43	 18.68	0.040	  156.07	100.00
1102.00	1091.00	 3.8585	34.4444	27.3671	 0.43	 18.69	0.040	  156.04	100.00
1103.00	1091.98	 3.8516	34.4446	27.3680	 0.43	 18.85	0.040	  156.03	100.00
1104.00	1092.97	 3.8463	34.4447	27.3685	 0.43	 18.55	0.041	  156.05	100.00
1105.00	1093.96	 3.8350	34.4449	27.3699	 0.43	 18.57	0.042	  156.03	100.00
1106.00	1094.94	 3.8234	34.4447	27.3709	 0.43	 18.68	0.041	  156.03	100.00
1107.00	1095.93	 3.8149	34.4449	27.3719	 0.43	 18.75	0.040	  156.00	100.00
1108.00	1096.92	 3.8080	34.4449	27.3726	 0.43	 18.90	0.041	  156.05	100.00
1109.00	1097.91	 3.7987	34.4450	27.3736	 0.44	 18.92	0.042	  156.03	100.00
1110.00	1098.89	 3.7923	34.4456	27.3747	 0.44	 18.97	0.042	  155.97	100.00
1111.00	1099.88	 3.7883	34.4458	27.3753	 0.44	 18.99	0.042	  156.04	100.00
1112.00	1100.87	 3.7785	34.4451	27.3757	 0.44	 19.18	0.041	  156.04	100.00
1113.00	1101.86	 3.7617	34.4476	27.3793	 0.45	 19.52	0.040	  155.97	100.00
1114.00	1102.84	 3.7581	34.4480	27.3800	 0.44	 19.30	0.041	  155.98	100.00
1115.00	1103.83	 3.7546	34.4480	27.3804	 0.44	 19.20	0.041	  155.98	100.00
1116.00	1104.82	 3.7498	34.4482	27.3810	 0.44	 19.14	0.041	  155.99	100.00
1117.00	1105.81	 3.7464	34.4484	27.3815	 0.44	 19.08	0.040	  155.94	100.00
1118.00	1106.79	 3.7430	34.4487	27.3821	 0.44	 19.33	0.040	  156.02	100.00
1119.00	1107.78	 3.7393	34.4489	27.3826	 0.44	 19.23	0.040	  155.98	100.00
1120.00	1108.77	 3.7305	34.4485	27.3832	 0.44	 18.97	0.040	  156.05	100.00
1121.00	1109.76	 3.7080	34.4491	27.3859	 0.44	 19.20	0.040	  155.95	100.00
1122.00	1110.74	 3.6973	34.4490	27.3869	 0.44	 19.12	0.040	  156.03	100.00
1123.00	1111.73	 3.6908	34.4493	27.3878	 0.44	 19.04	0.041	  155.96	100.00
1124.00	1112.72	 3.6860	34.4488	27.3879	 0.43	 18.91	0.041	  155.97	100.00
1125.00	1113.70	 3.6737	34.4480	27.3884	 0.43	 18.50	0.040	  155.97	100.00
1126.00	1114.69	 3.6654	34.4493	27.3902	 0.43	 18.75	0.040	  155.97	100.00
1127.00	1115.68	 3.6638	34.4492	27.3903	 0.43	 18.85	0.040	  155.92	100.00
1128.00	1116.67	 3.6622	34.4490	27.3904	 0.43	 18.73	0.040	  155.97	100.00
1129.00	1117.65	 3.6601	34.4492	27.3907	 0.43	 18.60	0.041	  155.95	100.00
1130.00	1118.64	 3.6559	34.4491	27.3910	 0.42	 18.46	0.041	  155.94	100.00
1131.00	1119.63	 3.6497	34.4493	27.3918	 0.43	 18.64	0.040	  155.91	100.00
1132.00	1120.62	 3.6441	34.4496	27.3926	 0.43	 18.59	0.040	  155.91	100.00
1133.00	1121.60	 3.6406	34.4496	27.3930	 0.43	 18.65	0.040	  155.97	100.00
1134.00	1122.59	 3.6371	34.4497	27.3934	 0.43	 18.63	0.040	  155.89	100.00
1135.00	1123.58	 3.6343	34.4499	27.3939	 0.43	 18.56	0.040	  155.89	100.00
1136.00	1124.56	 3.6346	34.4499	27.3938	 0.42	 18.39	0.040	  155.92	100.00
1137.00	1125.55	 3.6342	34.4499	27.3939	 0.43	 18.55	0.040	  155.91	100.00
1138.00	1126.54	 3.6334	34.4499	27.3940	 0.43	 18.68	0.040	  155.92	100.00
1139.00	1127.53	 3.6314	34.4500	27.3943	 0.42	 18.33	0.041	  155.91	100.00
1140.00	1128.51	 3.6308	34.4500	27.3943	 0.43	 18.62	0.041	  155.86	100.00
1141.00	1129.50	 3.6271	34.4501	27.3947	 0.43	 18.60	0.040	  155.88	100.00
1142.00	1130.49	 3.6230	34.4501	27.3952	 0.43	 18.52	0.040	  155.83	100.00
1143.00	1131.48	 3.6194	34.4506	27.3959	 0.43	 18.59	0.041	  155.88	100.00
1144.00	1132.46	 3.6190	34.4506	27.3959	 0.43	 18.61	0.041	  155.88	100.00
1145.00	1133.45	 3.6137	34.4505	27.3964	 0.43	 18.80	0.040	  155.83	100.00
1146.00	1134.44	 3.6034	34.4519	27.3985	 0.43	 18.87	0.040	  155.90	100.00
1147.00	1135.42	 3.5994	34.4522	27.3992	 0.43	 18.89	0.040	  155.87	100.00
1148.00	1136.41	 3.5961	34.4526	27.3998	 0.44	 18.94	0.041	  155.80	100.00
1149.00	1137.40	 3.5947	34.4530	27.4002	 0.44	 18.95	0.042	  155.87	100.00
1150.00	1138.39	 3.5924	34.4532	27.4007	 0.44	 19.18	0.042	  155.85	100.00
1151.00	1139.37	 3.5906	34.4534	27.4010	 0.44	 19.12	0.042	  155.89	100.00
1152.00	1140.36	 3.5879	34.4535	27.4013	 0.43	 18.87	0.041	  155.83	100.00
1153.00	1141.35	 3.5865	34.4537	27.4017	 0.44	 19.11	0.041	  155.84	100.00
1154.00	1142.33	 3.5852	34.4537	27.4018	 0.44	 19.08	0.041	  155.83	100.00
1155.00	1143.32	 3.5837	34.4542	27.4023	 0.44	 19.17	0.040	  155.83	100.00
1156.00	1144.31	 3.5827	34.4545	27.4027	 0.44	 19.21	0.040	  155.84	100.00
1157.00	1145.30	 3.5791	34.4547	27.4032	 0.45	 19.36	0.042	  155.81	100.00
1158.00	1146.28	 3.5772	34.4552	27.4037	 0.44	 19.13	0.042	  155.78	100.00
1159.00	1147.27	 3.5767	34.4554	27.4040	 0.44	 19.20	0.042	  155.77	100.00
1160.00	1148.26	 3.5751	34.4552	27.4040	 0.45	 19.74	0.042	  155.80	100.00
1161.00	1149.24	 3.5744	34.4554	27.4043	 0.44	 19.28	0.041	  155.82	100.00
1162.00	1150.23	 3.5745	34.4555	27.4043	 0.44	 19.26	0.040	  155.79	100.00
1163.00	1151.22	 3.5739	34.4554	27.4043	 0.45	 19.41	0.040	  155.80	100.00
1164.00	1152.21	 3.5661	34.4562	27.4057	 0.45	 19.54	0.040	  155.80	100.00
1165.00	1153.19	 3.5622	34.4568	27.4066	 0.45	 19.75	0.040	  155.74	100.00
1166.00	1154.18	 3.5607	34.4568	27.4067	 0.45	 19.63	0.040	  155.81	100.00
1167.00	1155.17	 3.5562	34.4570	27.4073	 0.45	 19.71	0.041	  155.81	100.00
1168.00	1156.15	 3.5531	34.4574	27.4079	 0.45	 19.57	0.041	  155.76	100.00
1169.00	1157.14	 3.5519	34.4576	27.4082	 0.45	 19.56	0.040	  155.76	100.00
1170.00	1158.13	 3.5516	34.4575	27.4081	 0.45	 19.58	0.041	  155.70	100.00
1171.00	1159.12	 3.5507	34.4575	27.4082	 0.45	 19.56	0.042	  155.78	100.00
1172.00	1160.10	 3.5501	34.4575	27.4084	 0.45	 19.62	0.040	  155.83	100.00
1173.00	1161.09	 3.5487	34.4581	27.4089	 0.45	 19.64	0.040	  155.79	100.00
1174.00	1162.08	 3.5481	34.4583	27.4092	 0.46	 19.83	0.040	  155.74	100.00
1175.00	1163.06	 3.5463	34.4584	27.4094	 0.46	 19.84	0.040	  155.69	100.00
1176.00	1164.05	 3.5449	34.4585	27.4097	 0.46	 19.82	0.040	  155.80	100.00
1177.00	1165.04	 3.5445	34.4586	27.4098	 0.46	 20.08	0.040	  155.69	100.00
1178.00	1166.03	 3.5441	34.4586	27.4098	 0.46	 19.90	0.040	  155.72	100.00
1179.00	1167.01	 3.5443	34.4587	27.4099	 0.46	 19.95	0.040	  155.72	100.00
1180.00	1168.00	 3.5439	34.4585	27.4098	 0.46	 19.78	0.042	  155.71	100.00
1181.00	1168.99	 3.5376	34.4594	27.4111	 0.46	 19.98	0.041	  155.72	100.00
1182.00	1169.97	 3.5330	34.4601	27.4121	 0.46	 20.18	0.041	  155.69	100.00
1183.00	1170.96	 3.5320	34.4606	27.4126	 0.46	 20.19	0.041	  155.69	100.00
1184.00	1171.95	 3.5320	34.4608	27.4128	 0.47	 20.60	0.041	  155.69	100.00
1185.00	1172.93	 3.5324	34.4629	27.4144	 0.49	 21.23	0.041	  155.69	100.00
1186.00	1173.92	 3.5365	34.4643	27.4151	 0.49	 21.49	0.040	  155.60	100.00
1187.00	1174.91	 3.5350	34.4643	27.4154	 0.51	 22.38	0.040	  155.69	100.00
1188.00	1175.90	 3.5410	34.4680	27.4177	 0.52	 22.53	0.042	  155.66	100.00
1189.00	1176.88	 3.5466	34.4685	27.4176	 0.53	 22.93	0.042	  155.66	100.00
1190.00	1177.87	 3.5520	34.4703	27.4185	 0.53	 23.11	0.042	  155.63	100.00
1191.00	1178.86	 3.5591	34.4723	27.4194	 0.54	 23.52	0.042	  155.57	100.00
1192.00	1179.84	 3.5618	34.4728	27.4196	 0.54	 23.63	0.041	  155.61	100.00
1193.00	1180.83	 3.5629	34.4732	27.4198	 0.54	 23.46	0.040	  155.61	100.00
1194.00	1181.82	 3.5638	34.4736	27.4201	 0.55	 23.77	0.041	  155.63	100.00
1195.00	1182.80	 3.5569	34.4733	27.4205	 0.55	 23.88	0.041	  155.54	100.00
1196.00	1183.79	 3.5475	34.4748	27.4226	 0.55	 24.01	0.042	  155.55	100.00
1197.00	1184.78	 3.5473	34.4756	27.4232	 0.56	 24.26	0.041	  155.60	100.00
1198.00	1185.77	 3.5478	34.4757	27.4233	 0.55	 24.05	0.040	  155.58	100.00
1199.00	1186.75	 3.5476	34.4756	27.4233	 0.55	 23.82	0.040	  155.59	100.00
1200.00	1187.74	 3.5474	34.4755	27.4232	 0.55	 23.86	0.040	  155.57	100.00
1201.00	1188.73	 3.5456	34.4753	27.4232	 0.55	 23.90	0.040	  155.56	100.00
1202.00	1189.71	 3.5439	34.4753	27.4234	 0.55	 23.88	0.040	  155.55	100.00
1203.00	1190.70	 3.5429	34.4752	27.4234	 0.55	 23.82	0.040	  155.54	100.00
1204.00	1191.69	 3.5417	34.4751	27.4234	 0.56	 24.22	0.040	  155.58	100.00
1205.00	1192.67	 3.5399	34.4750	27.4235	 0.57	 24.67	0.040	  155.57	100.00
1206.00	1193.66	 3.5342	34.4765	27.4253	 0.58	 25.31	0.040	  155.54	100.00
1207.00	1194.65	 3.5395	34.4808	27.4282	 0.59	 25.53	0.040	  155.49	100.00
1208.00	1195.63	 3.5426	34.4819	27.4288	 0.60	 26.04	0.040	  155.56	100.00
1209.00	1196.62	 3.5428	34.4831	27.4298	 0.60	 26.23	0.040	  155.55	100.00
1210.00	1197.61	 3.5413	34.4836	27.4303	 0.60	 26.18	0.041	  155.52	100.00
1211.00	1198.60	 3.5388	34.4842	27.4310	 0.60	 26.19	0.040	  155.53	100.00
1212.00	1199.58	 3.5347	34.4846	27.4317	 0.61	 26.48	0.041	  155.50	100.00
1213.00	1200.57	 3.5314	34.4853	27.4326	 0.61	 26.53	0.041	  155.51	100.00
1214.00	1201.56	 3.5291	34.4856	27.4331	 0.61	 26.36	0.041	  155.52	100.00
1215.00	1202.54	 3.5283	34.4857	27.4333	 0.61	 26.57	0.040	  155.54	100.00
1216.00	1203.53	 3.5281	34.4858	27.4333	 0.61	 26.70	0.040	  155.50	100.00
1217.00	1204.52	 3.5269	34.4860	27.4336	 0.61	 26.67	0.040	  155.48	100.00
1218.00	1205.50	 3.5259	34.4860	27.4337	 0.61	 26.67	0.040	  155.52	100.00
1219.00	1206.49	 3.5254	34.4863	27.4340	 0.61	 26.71	0.040	  155.47	100.00
1220.00	1207.48	 3.5251	34.4863	27.4341	 0.61	 26.55	0.040	  155.50	100.00
1221.00	1208.46	 3.5236	34.4865	27.4344	 0.61	 26.71	0.040	  155.51	100.00
1222.00	1209.45	 3.5214	34.4867	27.4348	 0.62	 26.83	0.040	  155.45	100.00
1223.00	1210.44	 3.5167	34.4872	27.4356	 0.62	 26.97	0.041	  155.50	100.00
1224.00	1211.43	 3.5146	34.4876	27.4361	 0.62	 26.95	0.041	  155.47	100.00
1225.00	1212.41	 3.5143	34.4876	27.4362	 0.62	 27.06	0.040	  155.39	100.00
1226.00	1213.40	 3.5119	34.4878	27.4366	 0.63	 27.24	0.040	  155.49	100.00
1227.00	1214.39	 3.5071	34.4876	27.4369	 0.63	 27.30	0.040	  155.45	100.00
1228.00	1215.37	 3.5001	34.4888	27.4386	 0.63	 27.21	0.040	  155.45	100.00
1229.00	1216.36	 3.4993	34.4890	27.4387	 0.63	 27.27	0.040	  155.43	100.00
1230.00	1217.35	 3.4982	34.4887	27.4387	 0.63	 27.19	0.040	  155.41	100.00
1231.00	1218.33	 3.4972	34.4890	27.4390	 0.63	 27.22	0.040	  155.38	100.00
1232.00	1219.32	 3.4969	34.4888	27.4389	 0.63	 27.29	0.040	  155.41	100.00
1233.00	1220.31	 3.4961	34.4889	27.4390	 0.63	 27.43	0.040	  155.36	100.00
1234.00	1221.29	 3.4969	34.4891	27.4391	 0.63	 27.23	0.042	  155.42	100.00
1235.00	1222.28	 3.4974	34.4889	27.4389	 0.63	 27.24	0.042	  155.39	100.00
1236.00	1223.27	 3.4947	34.4890	27.4393	 0.63	 27.51	0.041	  155.35	100.00
1237.00	1224.25	 3.4914	34.4896	27.4401	 0.63	 27.33	0.040	  155.43	100.00
1238.00	1225.24	 3.4912	34.4895	27.4400	 0.63	 27.30	0.040	  155.38	100.00
1239.00	1226.23	 3.4908	34.4895	27.4401	 0.63	 27.43	0.041	  155.36	100.00
1240.00	1227.21	 3.4910	34.4896	27.4401	 0.63	 27.30	0.041	  155.31	100.00
1241.00	1228.20	 3.4897	34.4897	27.4404	 0.63	 27.43	0.040	  155.35	100.00
1242.00	1229.19	 3.4847	34.4899	27.4410	 0.64	 27.66	0.040	  155.32	100.00
1243.00	1230.17	 3.4797	34.4906	27.4420	 0.64	 27.77	0.041	  155.35	100.00
1244.00	1231.16	 3.4763	34.4911	27.4428	 0.64	 27.99	0.040	  155.31	100.00
1245.00	1232.15	 3.4737	34.4911	27.4430	 0.65	 28.18	0.040	  155.31	100.00
1246.00	1233.13	 3.4710	34.4916	27.4437	 0.65	 28.29	0.040	  155.37	100.00
1247.00	1234.12	 3.4683	34.4917	27.4440	 0.66	 28.77	0.040	  155.34	100.00
1248.00	1235.11	 3.4607	34.4918	27.4449	 0.65	 28.23	0.040	  155.33	100.00
1249.00	1236.10	 3.4532	34.4927	27.4463	 0.65	 28.08	0.040	  155.36	100.00
1250.00	1237.08	 3.4474	34.4931	27.4471	 0.65	 28.35	0.040	  155.34	100.00
1251.00	1238.07	 3.4426	34.4936	27.4480	 0.66	 28.50	0.040	  155.32	100.00
1252.00	1239.06	 3.4373	34.4937	27.4486	 0.66	 28.57	0.040	  155.35	100.00
1253.00	1240.04	 3.4327	34.4943	27.4496	 0.65	 28.44	0.040	  155.34	100.00
1254.00	1241.03	 3.4326	34.4943	27.4495	 0.65	 28.44	0.041	  155.30	100.00
1255.00	1242.02	 3.4326	34.4943	27.4495	 0.66	 28.63	0.041	  155.28	100.00
1256.00	1243.00	 3.4317	34.4945	27.4498	 0.66	 28.68	0.040	  155.28	100.00
1257.00	1243.99	 3.4306	34.4946	27.4500	 0.66	 28.56	0.040	  155.35	100.00
1258.00	1244.98	 3.4295	34.4948	27.4503	 0.66	 28.66	0.040	  155.27	100.00
1259.00	1245.96	 3.4290	34.4948	27.4503	 0.66	 28.57	0.040	  155.35	100.00
1260.00	1246.95	 3.4288	34.4949	27.4504	 0.66	 28.57	0.040	  155.27	100.00
1261.00	1247.94	 3.4287	34.4949	27.4505	 0.66	 28.57	0.040	  155.26	100.00
1262.00	1248.92	 3.4284	34.4950	27.4505	 0.66	 28.58	0.040	  155.26	100.00
1263.00	1249.91	 3.4276	34.4949	27.4506	 0.66	 28.62	0.040	  155.29	100.00
1264.00	1250.90	 3.4244	34.4952	27.4511	 0.66	 28.74	0.040	  155.29	100.00
1265.00	1251.88	 3.4226	34.4953	27.4514	 0.67	 28.95	0.040	  155.26	100.00
1266.00	1252.87	 3.4196	34.4956	27.4519	 0.67	 29.21	0.040	  155.26	100.00
1267.00	1253.86	 3.4144	34.4959	27.4526	 0.67	 29.08	0.040	  155.32	100.00
1268.00	1254.84	 3.4078	34.4969	27.4541	 0.67	 29.22	0.040	  155.23	100.00
1269.00	1255.83	 3.4060	34.4971	27.4544	 0.68	 29.63	0.040	  155.17	100.00
1270.00	1256.82	 3.4031	34.4974	27.4549	 0.68	 29.40	0.040	  155.22	100.00
1271.00	1257.80	 3.4022	34.4975	27.4551	 0.67	 29.27	0.040	  155.23	100.00
1272.00	1258.79	 3.4006	34.4976	27.4554	 0.68	 29.40	0.041	  155.20	100.00
1273.00	1259.78	 3.3986	34.4977	27.4556	 0.68	 29.70	0.041	  155.17	100.00
1274.00	1260.76	 3.3933	34.4983	27.4566	 0.68	 29.72	0.041	  155.21	100.00
1275.00	1261.75	 3.3893	34.4987	27.4573	 0.68	 29.71	0.041	  155.18	100.00
1276.00	1262.74	 3.3887	34.4990	27.4576	 0.69	 29.85	0.040	  155.18	100.00
1277.00	1263.72	 3.3880	34.4989	27.4576	 0.69	 29.78	0.040	  155.20	100.00
1278.00	1264.71	 3.3870	34.4990	27.4578	 0.69	 29.82	0.040	  155.10	100.00
1279.00	1265.69	 3.3867	34.4990	27.4578	 0.69	 29.80	0.040	  155.17	100.00
1280.00	1266.68	 3.3846	34.4992	27.4582	 0.69	 29.81	0.040	  155.19	100.00
1281.00	1267.67	 3.3828	34.4994	27.4585	 0.69	 29.91	0.040	  155.13	100.00
