wcoa21_data_management/01_CRUISE_METADATA/00_OCADS_data/CTD_downcasts/WCOA_2021_CTD_downcasts/dRB2102_CTD_001_01_F.txt
* Sea-Bird SBE 9 Data:
* Software Version Seasave V 7.26.7.107
* Vessel: NOAA Ship Ronald H. Brown
* Cruise: RB2102, West Coast Ocean Acidification (WCOA) 2021
* Dates: 20210622 to 20210723
* Region: NE Pacific, USA West Coast
* Ports: San Diego, CA to Port Angeles, WA to San Diego, CA
* Chief Scientists: R. Feely, NOAA PMEL; D. Greeley, NOAA PMEL; B. Carter, NOAA PMEL / UW CICOES
*END*
[from data line 427]
 431.00	 426.80	 5.0098	34.0178	26.8992	 1.19	 51.79	0.041	  198.56	 99.91
 432.00	 427.79	 4.9978	34.0176	26.9005	 1.19	 51.78	0.042	  198.58	 99.91
 433.00	 428.78	 4.9884	34.0177	26.9016	 1.19	 51.64	0.041	  198.57	 99.91
 434.00	 429.77	 4.9779	34.0178	26.9029	 1.19	 51.61	0.040	  198.56	 99.91
 435.00	 430.76	 4.9697	34.0183	26.9042	 1.18	 51.49	0.041	  198.57	 99.91
 436.00	 431.75	 4.9632	34.0190	26.9055	 1.18	 51.41	0.041	  198.55	 99.91
 437.00	 432.74	 4.9587	34.0191	26.9061	 1.18	 51.29	0.040	  198.55	 99.91
 438.00	 433.73	 4.9492	34.0194	26.9074	 1.18	 51.12	0.041	  198.61	 99.91
 439.00	 434.72	 4.9432	34.0195	26.9082	 1.17	 51.01	0.041	  198.56	 99.91
 440.00	 435.71	 4.9381	34.0194	26.9088	 1.17	 50.83	0.041	  198.53	 99.91
 441.00	 436.70	 4.9301	34.0208	26.9108	 1.16	 50.66	0.040	  198.60	 99.90
 442.00	 437.69	 4.9219	34.0219	26.9126	 1.16	 50.43	0.040	  198.53	 99.91
 443.00	 438.67	 4.9080	34.0227	26.9148	 1.15	 50.22	0.041	  198.57	 99.92
 444.00	 439.66	 4.8933	34.0230	26.9167	 1.15	 49.98	0.041	  198.52	 99.91
 445.00	 440.65	 4.8849	34.0240	26.9184	 1.15	 49.81	0.041	  198.52	 99.92
 446.00	 441.64	 4.8744	34.0244	26.9199	 1.14	 49.69	0.041	  198.58	 99.92
 447.00	 442.63	 4.8646	34.0247	26.9213	 1.14	 49.46	0.041	  198.61	 99.92
 448.00	 443.62	 4.8483	34.0256	26.9238	 1.13	 49.24	0.041	  198.50	 99.92
 449.00	 444.61	 4.8402	34.0260	26.9250	 1.13	 49.10	0.041	  198.52	 99.91
 450.00	 445.60	 4.8340	34.0266	26.9262	 1.13	 48.95	0.041	  198.48	 99.92
 451.00	 446.59	 4.8276	34.0270	26.9272	 1.12	 48.89	0.040	  198.44	 99.92
 452.00	 447.58	 4.8235	34.0273	26.9279	 1.12	 48.79	0.041	  198.45	 99.93
 453.00	 448.57	 4.8211	34.0275	26.9284	 1.12	 48.65	0.041	  198.49	 99.93
 454.00	 449.56	 4.8180	34.0279	26.9291	 1.12	 48.57	0.041	  198.54	 99.93
 455.00	 450.54	 4.8168	34.0279	26.9292	 1.12	 48.51	0.041	  198.45	 99.93
 456.00	 451.53	 4.8139	34.0282	26.9297	 1.11	 48.38	0.040	  198.47	 99.92
 457.00	 452.52	 4.8111	34.0283	26.9302	 1.11	 48.31	0.041	  198.45	 99.93
 458.00	 453.51	 4.8064	34.0285	26.9309	 1.11	 48.19	0.042	  198.45	 99.93
 459.00	 454.50	 4.7971	34.0289	26.9322	 1.10	 48.04	0.042	  198.50	 99.93
 460.00	 455.49	 4.7876	34.0296	26.9339	 1.10	 47.89	0.042	  198.43	 99.93
 461.00	 456.48	 4.7774	34.0303	26.9355	 1.10	 47.69	0.041	  198.49	 99.93
 462.00	 457.47	 4.7664	34.0313	26.9376	 1.09	 47.47	0.041	  198.47	 99.93
 463.00	 458.46	 4.7575	34.0320	26.9391	 1.09	 47.29	0.041	  198.47	 99.93
 464.00	 459.45	 4.7540	34.0325	26.9399	 1.08	 47.18	0.041	  198.47	 99.93
 465.00	 460.44	 4.7498	34.0326	26.9405	 1.08	 46.99	0.041	  198.49	 99.93
 466.00	 461.42	 4.7439	34.0333	26.9417	 1.08	 46.80	0.040	  198.43	 99.93
 467.00	 462.41	 4.7233	34.0338	26.9443	 1.07	 46.66	0.041	  198.40	 99.93
 468.00	 463.40	 4.7104	34.0358	26.9474	 1.07	 46.49	0.040	  198.34	 99.93
 469.00	 464.39	 4.7061	34.0364	26.9484	 1.06	 46.24	0.041	  198.40	 99.93
 470.00	 465.38	 4.7032	34.0371	26.9492	 1.06	 45.92	0.041	  198.40	 99.93
 471.00	 466.37	 4.6962	34.0388	26.9514	 1.05	 45.67	0.041	  198.48	 99.93
 472.00	 467.36	 4.6924	34.0390	26.9519	 1.04	 45.44	0.041	  198.34	 99.93
 473.00	 468.35	 4.6924	34.0405	26.9531	 1.04	 45.20	0.041	  198.35	 99.93
 474.00	 469.34	 4.6934	34.0418	26.9541	 1.03	 44.97	0.042	  198.44	 99.93
 475.00	 470.33	 4.6898	34.0420	26.9546	 1.03	 44.83	0.041	  198.39	 99.93
 476.00	 471.31	 4.6847	34.0430	26.9560	 1.03	 44.74	0.042	  198.38	 99.93
 477.00	 472.30	 4.6739	34.0428	26.9570	 1.03	 44.66	0.041	  198.34	 99.93
 478.00	 473.29	 4.6616	34.0425	26.9581	 1.03	 44.66	0.041	  198.31	 99.93
 479.00	 474.28	 4.6577	34.0421	26.9582	 1.03	 44.66	0.041	  198.39	 99.93
 480.00	 475.27	 4.6440	34.0409	26.9588	 1.03	 44.61	0.041	  198.37	 99.93
 481.00	 476.26	 4.6348	34.0428	26.9613	 1.02	 44.40	0.041	  198.37	 99.93
 482.00	 477.25	 4.6356	34.0441	26.9622	 1.02	 44.23	0.041	  198.32	 99.93
 483.00	 478.24	 4.6383	34.0455	26.9631	 1.01	 44.00	0.041	  198.31	 99.93
 484.00	 479.23	 4.6346	34.0466	26.9644	 1.01	 43.78	0.041	  198.36	 99.93
 485.00	 480.22	 4.6333	34.0471	26.9649	 1.00	 43.63	0.041	  198.34	 99.94
 486.00	 481.20	 4.6329	34.0478	26.9655	 1.00	 43.49	0.041	  198.33	 99.94
 487.00	 482.19	 4.6316	34.0478	26.9657	 1.00	 43.33	0.041	  198.30	 99.94
 488.00	 483.18	 4.6292	34.0483	26.9663	 0.99	 43.24	0.042	  198.25	 99.93
 489.00	 484.17	 4.6262	34.0489	26.9671	 0.99	 43.11	0.041	  198.30	 99.94
 490.00	 485.16	 4.6240	34.0501	26.9684	 0.99	 43.01	0.041	  198.32	 99.94
 491.00	 486.15	 4.6231	34.0507	26.9689	 0.99	 42.96	0.041	  198.28	 99.94
 492.00	 487.14	 4.6232	34.0506	26.9689	 0.98	 42.83	0.041	  198.25	 99.94
 493.00	 488.13	 4.6223	34.0514	26.9696	 0.98	 42.66	0.041	  198.26	 99.94
 494.00	 489.12	 4.6217	34.0521	26.9702	 0.98	 42.48	0.041	  198.27	 99.94
 495.00	 490.11	 4.6205	34.0531	26.9712	 0.97	 42.32	0.041	  198.23	 99.95
 496.00	 491.09	 4.6190	34.0538	26.9719	 0.97	 42.22	0.041	  198.31	 99.95
 497.00	 492.08	 4.6165	34.0544	26.9726	 0.97	 42.05	0.042	  198.32	 99.94
 498.00	 493.07	 4.6128	34.0552	26.9737	 0.96	 41.95	0.041	  198.28	 99.95
 499.00	 494.06	 4.6089	34.0561	26.9748	 0.96	 41.80	0.041	  198.26	 99.95
 500.00	 495.05	 4.6058	34.0572	26.9761	 0.96	 41.69	0.041	  198.29	 99.95
 501.00	 496.04	 4.5980	34.0572	26.9769	 0.96	 41.67	0.041	  198.24	 99.95
 502.00	 497.03	 4.5927	34.0574	26.9777	 0.96	 41.64	0.041	  198.16	 99.95
 503.00	 498.02	 4.5912	34.0578	26.9782	 0.96	 41.59	0.041	  198.20	 99.95
 504.00	 499.01	 4.5921	34.0586	26.9787	 0.95	 41.43	0.041	  198.20	 99.95
 505.00	 499.99	 4.5929	34.0588	26.9788	 0.95	 41.37	0.041	  198.28	 99.95
 506.00	 500.98	 4.5931	34.0593	26.9792	 0.95	 41.26	0.042	  198.17	 99.95
 507.00	 501.97	 4.5930	34.0598	26.9796	 0.95	 41.10	0.041	  198.17	 99.95
 508.00	 502.96	 4.5944	34.0608	26.9802	 0.94	 40.88	0.041	  198.17	 99.95
 509.00	 503.95	 4.5982	34.0624	26.9811	 0.93	 40.61	0.040	  198.14	 99.95
 510.00	 504.94	 4.6019	34.0637	26.9817	 0.93	 40.32	0.041	  198.14	 99.95
 511.00	 505.93	 4.6088	34.0661	26.9829	 0.92	 39.87	0.041	  198.15	 99.95
 512.00	 506.92	 4.6163	34.0688	26.9842	 0.90	 39.01	0.041	  198.15	 99.95
 513.00	 507.91	 4.6394	34.0791	26.9899	 0.87	 37.94	0.041	  198.14	 99.95
 514.00	 508.89	 4.6586	34.0843	26.9920	 0.85	 37.14	0.041	  198.07	 99.95
 515.00	 509.88	 4.6604	34.0869	26.9938	 0.84	 36.65	0.040	  198.10	 99.95
 516.00	 510.87	 4.6571	34.0877	26.9949	 0.84	 36.34	0.040	  198.08	 99.95
 517.00	 511.86	 4.6564	34.0875	26.9948	 0.83	 36.14	0.040	  198.05	 99.95
 518.00	 512.85	 4.6567	34.0878	26.9950	 0.83	 35.92	0.041	  198.15	 99.95
 519.00	 513.84	 4.6558	34.0877	26.9950	 0.82	 35.76	0.041	  198.05	 99.95
 520.00	 514.83	 4.6552	34.0876	26.9950	 0.82	 35.67	0.041	  198.06	 99.96
 521.00	 515.82	 4.6573	34.0881	26.9952	 0.82	 35.56	0.040	  198.12	 99.96
 522.00	 516.80	 4.6577	34.0881	26.9951	 0.82	 35.45	0.041	  198.07	 99.96
 523.00	 517.79	 4.6581	34.0879	26.9950	 0.81	 35.42	0.041	  198.05	 99.97
 524.00	 518.78	 4.6587	34.0880	26.9950	 0.81	 35.31	0.042	  198.06	 99.97
 525.00	 519.77	 4.6619	34.0903	26.9965	 0.81	 35.15	0.040	  198.05	 99.96
 526.00	 520.76	 4.6582	34.0905	26.9970	 0.81	 35.09	0.041	  198.02	 99.97
 527.00	 521.75	 4.6543	34.0909	26.9978	 0.81	 35.14	0.041	  197.99	 99.97
 528.00	 522.74	 4.6362	34.0876	26.9971	 0.81	 35.34	0.041	  198.01	 99.97
 529.00	 523.73	 4.6163	34.0862	26.9982	 0.82	 35.61	0.041	  197.99	 99.97
 530.00	 524.72	 4.5986	34.0856	26.9996	 0.82	 35.77	0.040	  198.08	 99.97
 531.00	 525.70	 4.5887	34.0833	26.9989	 0.83	 35.91	0.040	  197.98	 99.97
 532.00	 526.69	 4.5752	34.0830	27.0002	 0.83	 35.94	0.041	  198.01	 99.97
 533.00	 527.68	 4.5736	34.0841	27.0012	 0.82	 35.81	0.040	  198.03	 99.97
 534.00	 528.67	 4.5781	34.0869	27.0029	 0.82	 35.62	0.040	  198.02	 99.97
 535.00	 529.66	 4.5801	34.0897	27.0050	 0.81	 35.33	0.040	  198.01	 99.97
 536.00	 530.65	 4.5790	34.0906	27.0058	 0.81	 35.12	0.041	  198.06	 99.97
 537.00	 531.64	 4.5787	34.0905	27.0058	 0.80	 34.95	0.041	  198.02	 99.97
 538.00	 532.63	 4.5756	34.0902	27.0059	 0.80	 34.94	0.040	  198.02	 99.98
 539.00	 533.61	 4.5718	34.0899	27.0061	 0.80	 34.96	0.040	  198.01	 99.98
 540.00	 534.60	 4.5690	34.0897	27.0062	 0.80	 34.94	0.040	  197.96	 99.98
 541.00	 535.59	 4.5653	34.0907	27.0074	 0.80	 34.93	0.041	  197.97	 99.98
 542.00	 536.58	 4.5654	34.0909	27.0076	 0.80	 34.90	0.042	  197.95	 99.98
 543.00	 537.57	 4.5656	34.0910	27.0077	 0.80	 34.92	0.042	  198.07	 99.98
 544.00	 538.56	 4.5657	34.0910	27.0076	 0.80	 34.92	0.041	  197.98	 99.98
 545.00	 539.55	 4.5640	34.0907	27.0076	 0.80	 34.91	0.041	  197.97	 99.98
 546.00	 540.53	 4.5600	34.0904	27.0078	 0.80	 34.90	0.041	  197.91	 99.98
 547.00	 541.52	 4.5567	34.0904	27.0081	 0.80	 34.91	0.040	  197.92	 99.97
 548.00	 542.51	 4.5525	34.0901	27.0084	 0.80	 34.90	0.040	  197.91	 99.97
 549.00	 543.50	 4.5481	34.0894	27.0083	 0.80	 34.85	0.041	  197.90	 99.97
 550.00	 544.49	 4.5378	34.0906	27.0104	 0.80	 34.72	0.041	  197.86	 99.97
 551.00	 545.48	 4.5306	34.0922	27.0124	 0.79	 34.56	0.040	  197.91	 99.97
 552.00	 546.47	 4.5300	34.0933	27.0134	 0.79	 34.46	0.040	  197.90	 99.97
 553.00	 547.46	 4.5301	34.0937	27.0137	 0.79	 34.38	0.040	  197.85	 99.98
 554.00	 548.44	 4.5221	34.0936	27.0145	 0.79	 34.36	0.040	  197.86	 99.97
 555.00	 549.43	 4.5159	34.0936	27.0152	 0.79	 34.31	0.041	  197.84	 99.98
 556.00	 550.42	 4.5150	34.0935	27.0152	 0.79	 34.30	0.041	  197.86	 99.97
 557.00	 551.41	 4.5120	34.0930	27.0152	 0.79	 34.31	0.040	  197.80	 99.97
 558.00	 552.40	 4.5098	34.0928	27.0152	 0.79	 34.32	0.041	  197.84	 99.97
 559.00	 553.39	 4.5070	34.0923	27.0152	 0.79	 34.26	0.040	  197.84	 99.98
 560.00	 554.38	 4.4879	34.0924	27.0173	 0.79	 34.34	0.041	  197.76	 99.98
 561.00	 555.36	 4.4701	34.0933	27.0199	 0.79	 34.40	0.040	  197.77	 99.98
 562.00	 556.35	 4.4685	34.0933	27.0201	 0.79	 34.35	0.040	  197.79	 99.98
 563.00	 557.34	 4.4622	34.0933	27.0208	 0.79	 34.31	0.040	  197.83	 99.98
 564.00	 558.33	 4.4588	34.0930	27.0209	 0.79	 34.25	0.040	  197.81	 99.98
 565.00	 559.32	 4.4446	34.0925	27.0221	 0.79	 34.24	0.040	  197.74	 99.98
 566.00	 560.31	 4.4296	34.0949	27.0256	 0.79	 34.16	0.040	  197.84	 99.98
 567.00	 561.30	 4.4291	34.0951	27.0258	 0.78	 33.99	0.040	  197.85	 99.98
 568.00	 562.28	 4.4254	34.0967	27.0274	 0.78	 33.85	0.040	  197.80	 99.98
 569.00	 563.27	 4.4220	34.0981	27.0289	 0.77	 33.59	0.041	  197.80	 99.98
 570.00	 564.26	 4.4188	34.0992	27.0302	 0.77	 33.44	0.040	  197.83	 99.98
 571.00	 565.25	 4.4147	34.1008	27.0319	 0.76	 33.20	0.041	  197.80	 99.98
 572.00	 566.24	 4.4134	34.1015	27.0326	 0.76	 33.07	0.041	  197.80	 99.98
 573.00	 567.23	 4.4130	34.1017	27.0328	 0.76	 32.85	0.040	  197.84	 99.98
 574.00	 568.22	 4.4090	34.1036	27.0347	 0.75	 32.61	0.041	  197.84	 99.98
 575.00	 569.20	 4.4032	34.1061	27.0373	 0.75	 32.41	0.040	  197.78	 99.98
 576.00	 570.19	 4.4004	34.1071	27.0385	 0.74	 32.29	0.041	  197.80	 99.98
 577.00	 571.18	 4.3976	34.1081	27.0395	 0.74	 32.07	0.042	  197.75	 99.98
 578.00	 572.17	 4.3941	34.1091	27.0408	 0.73	 31.84	0.040	  197.75	 99.98
 579.00	 573.16	 4.3922	34.1098	27.0415	 0.73	 31.63	0.040	  197.72	 99.98
 580.00	 574.15	 4.3913	34.1101	27.0419	 0.72	 31.49	0.041	  197.74	 99.98
 581.00	 575.14	 4.3882	34.1111	27.0430	 0.72	 31.34	0.041	  197.69	 99.98
 582.00	 576.12	 4.3855	34.1119	27.0439	 0.72	 31.15	0.040	  197.71	 99.98
 583.00	 577.11	 4.3790	34.1138	27.0461	 0.71	 31.04	0.040	  197.69	 99.98
 584.00	 578.10	 4.3748	34.1150	27.0476	 0.71	 30.93	0.040	  197.68	 99.98
 585.00	 579.09	 4.3732	34.1158	27.0484	 0.71	 30.79	0.041	  197.70	 99.98
 586.00	 580.08	 4.3726	34.1160	27.0486	 0.70	 30.63	0.040	  197.74	 99.98
 587.00	 581.07	 4.3725	34.1165	27.0490	 0.70	 30.51	0.041	  197.66	 99.98
 588.00	 582.06	 4.3686	34.1172	27.0500	 0.70	 30.37	0.041	  197.68	 99.98
 589.00	 583.04	 4.3675	34.1175	27.0503	 0.70	 30.31	0.040	  197.61	 99.98
 590.00	 584.03	 4.3637	34.1183	27.0513	 0.70	 30.25	0.040	  197.67	 99.98
 591.00	 585.02	 4.3587	34.1197	27.0530	 0.69	 30.00	0.041	  197.59	 99.98
 592.00	 586.01	 4.3563	34.1209	27.0542	 0.69	 29.84	0.041	  197.68	 99.98
 593.00	 587.00	 4.3556	34.1216	27.0549	 0.68	 29.76	0.041	  197.68	 99.98
 594.00	 587.99	 4.3554	34.1216	27.0549	 0.68	 29.63	0.041	  197.64	 99.98
 595.00	 588.98	 4.3526	34.1226	27.0560	 0.68	 29.55	0.040	  197.56	 99.99
 596.00	 589.96	 4.3478	34.1253	27.0587	 0.68	 29.37	0.040	  197.59	 99.99
 597.00	 590.95	 4.3445	34.1266	27.0600	 0.67	 29.20	0.041	  197.61	 99.99
 598.00	 591.94	 4.3407	34.1275	27.0612	 0.67	 29.02	0.042	  197.59	 99.99
 599.00	 592.93	 4.3315	34.1297	27.0639	 0.66	 28.87	0.041	  197.60	 99.98
 600.00	 593.92	 4.3302	34.1302	27.0645	 0.66	 28.72	0.040	  197.60	 99.99
 601.00	 594.91	 4.3277	34.1307	27.0651	 0.66	 28.54	0.040	  197.59	 99.99
 602.00	 595.89	 4.3251	34.1313	27.0659	 0.65	 28.40	0.040	  197.55	 99.99
 603.00	 596.88	 4.3192	34.1322	27.0672	 0.65	 28.30	0.040	  197.64	 99.99
 604.00	 597.87	 4.3144	34.1333	27.0686	 0.65	 28.19	0.040	  197.57	 99.99
 605.00	 598.86	 4.3100	34.1343	27.0699	 0.65	 28.15	0.041	  197.54	100.00
 606.00	 599.85	 4.3104	34.1343	27.0698	 0.64	 28.04	0.041	  197.58	 99.99
 607.00	 600.84	 4.3090	34.1342	27.0700	 0.64	 27.99	0.040	  197.52	 99.99
 608.00	 601.82	 4.3047	34.1353	27.0712	 0.64	 27.93	0.040	  197.55	 99.99
 609.00	 602.81	 4.3029	34.1357	27.0717	 0.64	 27.86	0.040	  197.54	 99.99
 610.00	 603.80	 4.3015	34.1359	27.0721	 0.64	 27.81	0.040	  197.50	 99.99
 611.00	 604.79	 4.3014	34.1361	27.0723	 0.64	 27.72	0.041	  197.55	 99.99
 612.00	 605.78	 4.3015	34.1360	27.0722	 0.64	 27.69	0.042	  197.55	 99.99
 613.00	 606.77	 4.3013	34.1355	27.0718	 0.64	 27.68	0.040	  197.54	100.00
 614.00	 607.75	 4.3003	34.1361	27.0724	 0.64	 27.66	0.040	  197.55	100.00
 615.00	 608.74	 4.3003	34.1362	27.0725	 0.64	 27.67	0.041	  197.51	100.00
 616.00	 609.73	 4.2995	34.1361	27.0725	 0.64	 27.66	0.041	  197.56	100.00
 617.00	 610.72	 4.2986	34.1364	27.0728	 0.64	 27.63	0.040	  197.58	100.00
 618.00	 611.71	 4.2986	34.1363	27.0728	 0.63	 27.57	0.041	  197.43	100.00
 619.00	 612.70	 4.2957	34.1368	27.0735	 0.63	 27.48	0.042	  197.44	100.00
 620.00	 613.68	 4.2922	34.1372	27.0742	 0.63	 27.44	0.041	  197.44	100.00
 621.00	 614.67	 4.2870	34.1385	27.0758	 0.63	 27.32	0.040	  197.44	100.00
 622.00	 615.66	 4.2789	34.1398	27.0777	 0.63	 27.27	0.040	  197.46	100.00
 623.00	 616.65	 4.2735	34.1415	27.0796	 0.62	 27.13	0.042	  197.43	100.00
 624.00	 617.64	 4.2721	34.1419	27.0801	 0.62	 26.99	0.041	  197.46	100.00
 625.00	 618.63	 4.2667	34.1436	27.0820	 0.62	 26.85	0.041	  197.48	100.00
 626.00	 619.62	 4.2605	34.1450	27.0838	 0.62	 26.74	0.040	  197.46	100.00
 627.00	 620.60	 4.2568	34.1459	27.0848	 0.61	 26.65	0.040	  197.53	100.00
 628.00	 621.59	 4.2564	34.1460	27.0850	 0.61	 26.58	0.041	  197.41	100.00
 629.00	 622.58	 4.2545	34.1463	27.0855	 0.61	 26.45	0.040	  197.43	100.00
 630.00	 623.57	 4.2479	34.1477	27.0873	 0.61	 26.32	0.040	  197.42	100.00
 631.00	 624.56	 4.2397	34.1495	27.0895	 0.60	 26.25	0.040	  197.41	100.00
 632.00	 625.54	 4.2316	34.1516	27.0921	 0.60	 26.09	0.040	  197.44	100.00
 633.00	 626.53	 4.2304	34.1518	27.0924	 0.60	 26.00	0.040	  197.41	100.00
 634.00	 627.52	 4.2283	34.1522	27.0929	 0.60	 25.90	0.040	  197.41	100.00
 635.00	 628.51	 4.2249	34.1530	27.0939	 0.59	 25.81	0.040	  197.39	100.00
 636.00	 629.50	 4.2227	34.1536	27.0947	 0.59	 25.73	0.040	  197.45	100.00
 637.00	 630.49	 4.2203	34.1544	27.0956	 0.59	 25.68	0.042	  197.39	100.00
 638.00	 631.47	 4.2189	34.1548	27.0960	 0.59	 25.65	0.040	  197.40	100.00
 639.00	 632.46	 4.2164	34.1556	27.0969	 0.59	 25.53	0.040	  197.49	100.00
 640.00	 633.45	 4.2146	34.1560	27.0974	 0.59	 25.49	0.040	  197.40	100.00
 641.00	 634.44	 4.2134	34.1565	27.0979	 0.59	 25.44	0.041	  197.39	100.00
 642.00	 635.43	 4.2118	34.1568	27.0984	 0.58	 25.36	0.041	  197.35	100.00
 643.00	 636.42	 4.2090	34.1573	27.0991	 0.58	 25.31	0.041	  197.31	100.00
