wcoa21_data_management/01_CRUISE_METADATA/00_OCADS_data/CTD_downcasts/WCOA_2021_CTD_downcasts/dRB2102_CTD_132_02_F.txt
* Sea-Bird SBE 9 Data:
* Software Version Seasave V 7.26.7.107
* Vessel: NOAA Ship Ronald H. Brown
* Cruise: RB2102, West Coast Ocean Acidification (WCOA) 2021
* Dates: 20210622 to 20210723
* Region: NE Pacific, USA West Coast
* Ports: San Diego, CA to Port Angeles, WA to San Diego, CA
* Chief Scientists: R. Feely, NOAA PMEL; D. Greeley, NOAA PMEL; B. Carter, NOAA PMEL / UW CICOES
*END*
[from data line 2134]
2136.00	2110.34	 2.0161	34.6311	27.6865	 1.95	 84.77	0.039	     NaN	 99.92
2137.00	2111.32	 2.0147	34.6314	27.6868	 1.95	 84.89	0.039	     NaN	 99.93
2138.00	2112.30	 2.0140	34.6314	27.6869	 1.95	 84.86	0.039	     NaN	 99.93
2139.00	2113.29	 2.0124	34.6315	27.6871	 1.96	 85.18	0.039	     NaN	 99.93
2140.00	2114.27	 2.0102	34.6318	27.6875	 1.97	 85.75	0.039	     NaN	 99.93
2141.00	2115.25	 2.0088	34.6319	27.6877	 1.98	 85.87	0.039	     NaN	 99.93
2142.00	2116.24	 2.0065	34.6321	27.6881	 1.97	 85.48	0.039	     NaN	 99.92
2143.00	2117.22	 2.0065	34.6320	27.6880	 1.97	 85.43	0.039	     NaN	 99.93
2144.00	2118.20	 2.0053	34.6324	27.6884	 1.97	 85.71	0.039	     NaN	 99.93
2145.00	2119.18	 2.0045	34.6324	27.6884	 1.97	 85.80	0.039	     NaN	 99.92
2146.00	2120.17	 2.0038	34.6324	27.6885	 1.97	 85.49	0.039	     NaN	 99.93
2147.00	2121.15	 2.0030	34.6325	27.6887	 1.97	 85.73	0.039	     NaN	 99.93
2148.00	2122.13	 2.0023	34.6324	27.6887	 1.97	 85.48	0.039	     NaN	 99.92
2149.00	2123.12	 2.0019	34.6326	27.6889	 1.97	 85.77	0.039	     NaN	 99.93
2150.00	2124.10	 2.0011	34.6326	27.6889	 1.98	 85.98	0.039	     NaN	 99.93
2151.00	2125.08	 2.0005	34.6325	27.6889	 1.98	 85.89	0.039	     NaN	 99.92
2152.00	2126.07	 1.9994	34.6326	27.6891	 1.98	 86.15	0.039	     NaN	 99.93
2153.00	2127.05	 1.9948	34.6332	27.6899	 1.99	 86.63	0.039	     NaN	 99.93
2154.00	2128.03	 1.9938	34.6333	27.6901	 1.99	 86.34	0.039	     NaN	 99.93
2155.00	2129.01	 1.9937	34.6334	27.6902	 1.99	 86.44	0.039	     NaN	 99.93
2156.00	2130.00	 1.9936	34.6335	27.6902	 1.99	 86.55	0.039	     NaN	 99.93
2157.00	2130.98	 1.9935	34.6334	27.6902	 1.99	 86.33	0.039	     NaN	 99.93
2158.00	2131.96	 1.9935	34.6335	27.6902	 1.99	 86.43	0.039	     NaN	 99.93
2159.00	2132.95	 1.9934	34.6335	27.6902	 1.99	 86.42	0.039	     NaN	 99.93
2160.00	2133.93	 1.9935	34.6333	27.6901	 1.99	 86.40	0.039	     NaN	 99.93
2161.00	2134.91	 1.9933	34.6333	27.6902	 1.99	 86.42	0.039	     NaN	 99.92
2162.00	2135.89	 1.9931	34.6336	27.6904	 1.99	 86.36	0.039	     NaN	 99.93
2163.00	2136.88	 1.9929	34.6335	27.6904	 1.99	 86.54	0.039	     NaN	 99.93
2164.00	2137.86	 1.9925	34.6337	27.6906	 1.99	 86.58	0.039	     NaN	 99.92
2165.00	2138.84	 1.9920	34.6337	27.6906	 1.99	 86.51	0.039	     NaN	 99.92
2166.00	2139.83	 1.9911	34.6338	27.6907	 2.00	 86.83	0.039	     NaN	 99.93
2167.00	2140.81	 1.9906	34.6336	27.6906	 1.99	 86.63	0.039	     NaN	 99.93
2168.00	2141.79	 1.9904	34.6336	27.6907	 1.99	 86.57	0.039	     NaN	 99.93
2169.00	2142.78	 1.9901	34.6338	27.6908	 1.99	 86.49	0.039	     NaN	 99.93
2170.00	2143.76	 1.9895	34.6337	27.6908	 1.99	 86.58	0.039	     NaN	 99.93
2171.00	2144.74	 1.9883	34.6340	27.6911	 1.99	 86.62	0.039	     NaN	 99.93
2172.00	2145.72	 1.9881	34.6339	27.6911	 1.99	 86.45	0.039	     NaN	 99.93
2173.00	2146.71	 1.9876	34.6340	27.6912	 1.99	 86.57	0.039	     NaN	 99.92
2174.00	2147.69	 1.9870	34.6339	27.6912	 2.00	 86.85	0.039	     NaN	 99.93
2175.00	2148.67	 1.9866	34.6341	27.6913	 2.00	 86.82	0.039	     NaN	 99.93
2176.00	2149.66	 1.9865	34.6341	27.6914	 2.00	 86.85	0.039	     NaN	 99.93
2177.00	2150.64	 1.9863	34.6341	27.6914	 2.00	 86.75	0.039	     NaN	 99.93
2178.00	2151.62	 1.9863	34.6341	27.6914	 2.00	 86.77	0.039	     NaN	 99.93
2179.00	2152.60	 1.9866	34.6338	27.6912	 2.00	 86.86	0.039	     NaN	 99.93
2180.00	2153.59	 1.9863	34.6340	27.6914	 1.99	 86.68	0.039	     NaN	 99.93
2181.00	2154.57	 1.9853	34.6341	27.6915	 1.99	 86.68	0.039	     NaN	 99.93
2182.00	2155.55	 1.9842	34.6342	27.6917	 2.00	 86.90	0.039	     NaN	 99.93
2183.00	2156.54	 1.9834	34.6343	27.6919	 2.01	 87.20	0.039	     NaN	 99.93
2184.00	2157.52	 1.9834	34.6342	27.6918	 2.01	 87.38	0.039	     NaN	 99.93
2185.00	2158.50	 1.9821	34.6343	27.6919	 2.00	 87.13	0.039	     NaN	 99.93
2186.00	2159.48	 1.9808	34.6343	27.6921	 2.01	 87.38	0.039	     NaN	 99.93
2187.00	2160.47	 1.9780	34.6347	27.6926	 2.01	 87.47	0.039	     NaN	 99.93
2188.00	2161.45	 1.9771	34.6350	27.6929	 2.01	 87.54	0.039	     NaN	 99.93
2189.00	2162.43	 1.9761	34.6349	27.6929	 2.02	 87.90	0.039	     NaN	 99.93
2190.00	2163.42	 1.9755	34.6351	27.6931	 2.02	 87.69	0.039	     NaN	 99.93
2191.00	2164.40	 1.9753	34.6351	27.6932	 2.02	 87.57	0.039	     NaN	 99.93
2192.00	2165.38	 1.9749	34.6352	27.6933	 2.02	 87.91	0.039	     NaN	 99.93
2193.00	2166.36	 1.9745	34.6353	27.6934	 2.02	 87.96	0.039	     NaN	 99.93
2194.00	2167.35	 1.9741	34.6352	27.6934	 2.02	 87.79	0.039	     NaN	 99.93
2195.00	2168.33	 1.9739	34.6353	27.6935	 2.02	 87.84	0.039	     NaN	 99.93
2196.00	2169.31	 1.9738	34.6355	27.6936	 2.02	 87.66	0.039	     NaN	 99.93
2197.00	2170.29	 1.9738	34.6353	27.6935	 2.02	 87.98	0.039	     NaN	 99.93
2198.00	2171.28	 1.9734	34.6354	27.6936	 2.03	 88.34	0.039	     NaN	 99.93
2199.00	2172.26	 1.9724	34.6355	27.6938	 2.03	 88.02	0.039	     NaN	 99.93
2200.00	2173.24	 1.9701	34.6357	27.6941	 2.03	 88.08	0.039	     NaN	 99.93
2201.00	2174.23	 1.9702	34.6357	27.6940	 2.03	 88.28	0.039	     NaN	 99.93
2202.00	2175.21	 1.9701	34.6358	27.6942	 2.03	 88.11	0.039	     NaN	 99.93
2203.00	2176.19	 1.9698	34.6356	27.6941	 2.03	 88.11	0.039	     NaN	 99.93
2204.00	2177.17	 1.9695	34.6356	27.6941	 2.03	 88.19	0.039	     NaN	 99.93
2205.00	2178.16	 1.9691	34.6359	27.6943	 2.03	 88.21	0.039	     NaN	 99.93
2206.00	2179.14	 1.9685	34.6360	27.6945	 2.03	 88.24	0.039	     NaN	 99.93
2207.00	2180.12	 1.9681	34.6360	27.6945	 2.03	 88.29	0.039	     NaN	 99.93
2208.00	2181.10	 1.9680	34.6360	27.6945	 2.03	 88.36	0.039	     NaN	 99.93
2209.00	2182.09	 1.9671	34.6361	27.6947	 2.03	 88.34	0.039	     NaN	 99.93
2210.00	2183.07	 1.9665	34.6361	27.6947	 2.03	 88.23	0.039	     NaN	 99.93
2211.00	2184.05	 1.9658	34.6361	27.6948	 2.03	 88.33	0.039	     NaN	 99.93
2212.00	2185.04	 1.9655	34.6361	27.6949	 2.03	 88.42	0.039	     NaN	 99.93
2213.00	2186.02	 1.9654	34.6362	27.6950	 2.03	 88.30	0.039	     NaN	 99.93
2214.00	2187.00	 1.9654	34.6362	27.6949	 2.03	 88.26	0.039	     NaN	 99.93
2215.00	2187.98	 1.9652	34.6364	27.6951	 2.03	 88.36	0.039	     NaN	 99.93
2216.00	2188.97	 1.9650	34.6364	27.6951	 2.03	 88.35	0.039	     NaN	 99.93
2217.00	2189.95	 1.9649	34.6364	27.6951	 2.04	 88.63	0.039	     NaN	 99.93
2218.00	2190.93	 1.9647	34.6362	27.6950	 2.04	 88.56	0.039	     NaN	 99.93
2219.00	2191.91	 1.9643	34.6361	27.6949	 2.04	 88.61	0.039	     NaN	 99.93
2220.00	2192.90	 1.9640	34.6364	27.6952	 2.04	 88.77	0.039	     NaN	 99.93
2221.00	2193.88	 1.9639	34.6365	27.6953	 2.03	 88.02	0.039	     NaN	 99.93
2222.00	2194.86	 1.9632	34.6366	27.6955	 2.03	 88.22	0.039	     NaN	 99.93
2223.00	2195.85	 1.9630	34.6366	27.6955	 2.05	 88.94	0.039	     NaN	 99.92
2224.00	2196.83	 1.9634	34.6365	27.6954	 2.05	 88.87	0.039	     NaN	 99.93
2225.00	2197.81	 1.9622	34.6366	27.6955	 2.04	 88.82	0.039	     NaN	 99.93
2226.00	2198.79	 1.9602	34.6368	27.6959	 2.05	 88.93	0.039	     NaN	 99.93
2227.00	2199.78	 1.9580	34.6371	27.6963	 2.05	 89.23	0.039	     NaN	 99.93
2228.00	2200.76	 1.9558	34.6372	27.6966	 2.06	 89.35	0.039	     NaN	 99.92
2229.00	2201.74	 1.9545	34.6374	27.6968	 2.05	 88.99	0.039	     NaN	 99.93
2230.00	2202.72	 1.9536	34.6374	27.6969	 2.06	 89.31	0.039	     NaN	 99.93
2231.00	2203.71	 1.9535	34.6374	27.6969	 2.06	 89.50	0.039	     NaN	 99.93
2232.00	2204.69	 1.9523	34.6376	27.6972	 2.06	 89.46	0.039	     NaN	 99.93
2233.00	2205.67	 1.9513	34.6376	27.6972	 2.06	 89.44	0.039	     NaN	 99.93
2234.00	2206.65	 1.9507	34.6377	27.6974	 2.06	 89.66	0.039	     NaN	 99.93
2235.00	2207.64	 1.9506	34.6378	27.6974	 2.06	 89.64	0.039	     NaN	 99.93
2236.00	2208.62	 1.9506	34.6378	27.6975	 2.06	 89.38	0.039	     NaN	 99.93
2237.00	2209.60	 1.9507	34.6378	27.6975	 2.06	 89.54	0.039	     NaN	 99.93
2238.00	2210.58	 1.9508	34.6379	27.6975	 2.06	 89.55	0.039	     NaN	 99.93
2239.00	2211.57	 1.9509	34.6378	27.6975	 2.06	 89.59	0.039	     NaN	 99.93
2240.00	2212.55	 1.9509	34.6379	27.6975	 2.06	 89.59	0.039	     NaN	 99.93
2241.00	2213.53	 1.9511	34.6377	27.6974	 2.06	 89.58	0.039	     NaN	 99.93
2242.00	2214.51	 1.9500	34.6378	27.6975	 2.06	 89.57	0.040	     NaN	 99.93
2243.00	2215.50	 1.9495	34.6380	27.6978	 2.07	 89.76	0.039	     NaN	 99.93
2244.00	2216.48	 1.9501	34.6379	27.6976	 2.06	 89.55	0.039	     NaN	 99.93
2245.00	2217.46	 1.9491	34.6381	27.6979	 2.06	 89.65	0.039	     NaN	 99.93
2246.00	2218.45	 1.9487	34.6381	27.6979	 2.07	 89.93	0.039	     NaN	 99.93
2247.00	2219.43	 1.9483	34.6381	27.6980	 2.07	 89.76	0.039	     NaN	 99.93
2248.00	2220.41	 1.9476	34.6383	27.6982	 2.07	 90.12	0.039	     NaN	 99.93
2249.00	2221.39	 1.9474	34.6383	27.6982	 2.07	 89.89	0.039	     NaN	 99.93
2250.00	2222.38	 1.9470	34.6382	27.6981	 2.07	 89.83	0.039	     NaN	 99.93
2251.00	2223.36	 1.9466	34.6382	27.6982	 2.07	 89.82	0.039	     NaN	 99.93
2252.00	2224.34	 1.9463	34.6383	27.6983	 2.07	 89.94	0.039	     NaN	 99.93
2253.00	2225.32	 1.9464	34.6384	27.6984	 2.08	 90.24	0.039	     NaN	 99.93
2254.00	2226.31	 1.9463	34.6383	27.6983	 2.07	 90.14	0.039	     NaN	 99.93
2255.00	2227.29	 1.9452	34.6384	27.6985	 2.08	 90.24	0.039	     NaN	 99.93
2256.00	2228.27	 1.9433	34.6387	27.6989	 2.07	 90.16	0.039	     NaN	 99.93
2257.00	2229.25	 1.9430	34.6387	27.6989	 2.07	 90.10	0.039	     NaN	 99.92
2258.00	2230.24	 1.9429	34.6388	27.6990	 2.08	 90.42	0.039	     NaN	 99.93
2259.00	2231.22	 1.9420	34.6387	27.6990	 2.08	 90.46	0.039	     NaN	 99.93
2260.00	2232.20	 1.9407	34.6390	27.6993	 2.08	 90.37	0.039	     NaN	 99.92
2261.00	2233.18	 1.9406	34.6390	27.6994	 2.08	 90.52	0.039	     NaN	 99.93
2262.00	2234.17	 1.9405	34.6390	27.6994	 2.08	 90.37	0.039	     NaN	 99.93
2263.00	2235.15	 1.9402	34.6390	27.6994	 2.08	 90.43	0.039	     NaN	 99.93
2264.00	2236.13	 1.9387	34.6392	27.6997	 2.09	 90.65	0.038	     NaN	 99.92
2265.00	2237.11	 1.9377	34.6391	27.6997	 2.09	 90.61	0.039	     NaN	 99.93
2266.00	2238.10	 1.9377	34.6391	27.6997	 2.09	 90.61	0.039	     NaN	 99.92
2267.00	2239.08	 1.9369	34.6392	27.6999	 2.09	 90.79	0.038	     NaN	 99.93
2268.00	2240.06	 1.9363	34.6395	27.7001	 2.09	 90.73	0.039	     NaN	 99.93
2269.00	2241.04	 1.9364	34.6395	27.7001	 2.09	 90.62	0.039	     NaN	 99.93
2270.00	2242.03	 1.9364	34.6395	27.7001	 2.09	 90.95	0.039	     NaN	 99.93
2271.00	2243.01	 1.9364	34.6395	27.7002	 2.09	 90.86	0.039	     NaN	 99.93
2272.00	2243.99	 1.9364	34.6395	27.7002	 2.09	 90.81	0.039	     NaN	 99.93
2273.00	2244.97	 1.9360	34.6395	27.7002	 2.09	 91.03	0.039	     NaN	 99.92
2274.00	2245.95	 1.9355	34.6396	27.7003	 2.10	 91.17	0.039	     NaN	 99.93
2275.00	2246.94	 1.9350	34.6397	27.7004	 2.09	 91.02	0.039	     NaN	 99.93
2276.00	2247.92	 1.9347	34.6397	27.7005	 2.09	 90.97	0.039	     NaN	 99.93
2277.00	2248.90	 1.9341	34.6397	27.7005	 2.10	 91.05	0.039	     NaN	 99.93
2278.00	2249.88	 1.9339	34.6396	27.7005	 2.09	 91.02	0.039	     NaN	 99.93
2279.00	2250.87	 1.9340	34.6396	27.7005	 2.09	 90.94	0.039	     NaN	 99.93
2280.00	2251.85	 1.9340	34.6396	27.7005	 2.09	 91.00	0.039	     NaN	 99.93
2281.00	2252.83	 1.9340	34.6396	27.7005	 2.10	 91.13	0.039	     NaN	 99.92
2282.00	2253.81	 1.9331	34.6399	27.7008	 2.10	 91.08	0.039	     NaN	 99.93
2283.00	2254.80	 1.9323	34.6401	27.7010	 2.10	 91.15	0.038	     NaN	 99.93
2284.00	2255.78	 1.9312	34.6401	27.7011	 2.10	 91.22	0.039	     NaN	 99.93
2285.00	2256.76	 1.9305	34.6401	27.7012	 2.10	 91.12	0.039	     NaN	 99.93
2286.00	2257.74	 1.9301	34.6402	27.7013	 2.10	 91.40	0.039	     NaN	 99.93
2287.00	2258.73	 1.9293	34.6401	27.7013	 2.11	 91.49	0.039	     NaN	 99.93
2288.00	2259.71	 1.9290	34.6401	27.7013	 2.10	 91.42	0.039	     NaN	 99.93
2289.00	2260.69	 1.9285	34.6402	27.7015	 2.10	 91.26	0.039	     NaN	 99.93
2290.00	2261.67	 1.9274	34.6403	27.7016	 2.11	 91.68	0.039	     NaN	 99.93
2291.00	2262.66	 1.9270	34.6403	27.7016	 2.12	 91.95	0.039	     NaN	 99.93
2292.00	2263.64	 1.9249	34.6407	27.7021	 2.11	 91.88	0.039	     NaN	 99.93
2293.00	2264.62	 1.9238	34.6408	27.7023	 2.12	 92.05	0.039	     NaN	 99.93
2294.00	2265.60	 1.9233	34.6407	27.7023	 2.11	 91.78	0.039	     NaN	 99.93
2295.00	2266.58	 1.9233	34.6406	27.7021	 2.11	 91.78	0.039	     NaN	 99.93
2296.00	2267.57	 1.9233	34.6408	27.7024	 2.11	 91.81	0.039	     NaN	 99.93
2297.00	2268.55	 1.9220	34.6409	27.7025	 2.12	 92.08	0.039	     NaN	 99.93
2298.00	2269.53	 1.9219	34.6409	27.7026	 2.12	 92.05	0.039	     NaN	 99.93
2299.00	2270.51	 1.9218	34.6408	27.7025	 2.12	 92.05	0.039	     NaN	 99.93
2300.00	2271.50	 1.9217	34.6410	27.7026	 2.12	 92.09	0.039	     NaN	 99.93
2301.00	2272.48	 1.9215	34.6409	27.7026	 2.12	 91.93	0.039	     NaN	 99.93
2302.00	2273.46	 1.9215	34.6408	27.7025	 2.12	 91.95	0.039	     NaN	 99.93
2303.00	2274.44	 1.9208	34.6409	27.7026	 2.12	 92.00	0.039	     NaN	 99.93
2304.00	2275.43	 1.9199	34.6412	27.7030	 2.12	 92.12	0.039	     NaN	 99.92
2305.00	2276.41	 1.9191	34.6413	27.7031	 2.12	 92.10	0.039	     NaN	 99.93
2306.00	2277.39	 1.9187	34.6413	27.7031	 2.12	 92.12	0.039	     NaN	 99.93
2307.00	2278.37	 1.9183	34.6413	27.7031	 2.12	 92.29	0.039	     NaN	 99.92
2308.00	2279.35	 1.9178	34.6413	27.7033	 2.13	 92.53	0.039	     NaN	 99.92
2309.00	2280.34	 1.9160	34.6415	27.7035	 2.13	 92.64	0.039	     NaN	 99.92
2310.00	2281.32	 1.9136	34.6417	27.7039	 2.13	 92.62	0.039	     NaN	 99.93
2311.00	2282.30	 1.9129	34.6415	27.7037	 2.13	 92.69	0.039	     NaN	 99.93
2312.00	2283.28	 1.9111	34.6419	27.7043	 2.13	 92.72	0.039	     NaN	 99.93
2313.00	2284.27	 1.9107	34.6420	27.7043	 2.14	 92.91	0.039	     NaN	 99.93
2314.00	2285.25	 1.9091	34.6422	27.7047	 2.14	 93.08	0.039	     NaN	 99.93
2315.00	2286.23	 1.9075	34.6424	27.7049	 2.14	 92.98	0.039	     NaN	 99.92
2316.00	2287.21	 1.9069	34.6423	27.7049	 2.14	 92.94	0.039	     NaN	 99.92
2317.00	2288.20	 1.9065	34.6423	27.7049	 2.14	 92.98	0.039	     NaN	 99.92
2318.00	2289.18	 1.9057	34.6424	27.7051	 2.14	 93.12	0.039	     NaN	 99.93
2319.00	2290.16	 1.9056	34.6425	27.7052	 2.14	 92.84	0.039	     NaN	 99.92
2320.00	2291.14	 1.9051	34.6427	27.7054	 2.15	 93.24	0.039	     NaN	 99.93
2321.00	2292.12	 1.9050	34.6426	27.7053	 2.15	 93.63	0.039	     NaN	 99.93
2322.00	2293.11	 1.9044	34.6426	27.7053	 2.15	 93.51	0.039	     NaN	 99.93
2323.00	2294.09	 1.9025	34.6429	27.7057	 2.15	 93.48	0.039	     NaN	 99.92
2324.00	2295.07	 1.9024	34.6425	27.7055	 2.15	 93.55	0.039	     NaN	 99.92
2325.00	2296.05	 1.8993	34.6430	27.7061	 2.15	 93.61	0.039	     NaN	 99.93
2326.00	2297.03	 1.8986	34.6432	27.7063	 2.16	 93.81	0.039	     NaN	 99.92
2327.00	2298.02	 1.8986	34.6432	27.7063	 2.16	 94.01	0.039	     NaN	 99.92
2328.00	2299.00	 1.8982	34.6432	27.7064	 2.15	 93.63	0.039	     NaN	 99.93
2329.00	2299.98	 1.8984	34.6433	27.7064	 2.15	 93.42	0.039	     NaN	 99.92
2330.00	2300.96	 1.8983	34.6433	27.7065	 2.16	 93.68	0.039	     NaN	 99.93
2331.00	2301.95	 1.8983	34.6433	27.7064	 2.15	 93.61	0.039	     NaN	 99.92
2332.00	2302.93	 1.8989	34.6430	27.7062	 2.15	 93.55	0.039	     NaN	 99.92
2333.00	2303.91	 1.8986	34.6432	27.7063	 2.15	 93.57	0.039	     NaN	 99.92
2334.00	2304.89	 1.8986	34.6433	27.7064	 2.16	 93.69	0.039	     NaN	 99.92
2335.00	2305.87	 1.8987	34.6433	27.7064	 2.16	 93.85	0.039	     NaN	 99.92
2336.00	2306.86	 1.8991	34.6432	27.7064	 2.16	 93.86	0.039	     NaN	 99.92
2337.00	2307.84	 1.8992	34.6433	27.7064	 2.16	 93.75	0.039	     NaN	 99.92
2338.00	2308.82	 1.8993	34.6433	27.7064	 2.15	 93.62	0.039	     NaN	 99.92
2339.00	2309.80	 1.8995	34.6431	27.7063	 2.16	 93.73	0.039	     NaN	 99.92
2340.00	2310.79	 1.8996	34.6431	27.7063	 2.16	 93.70	0.039	     NaN	 99.92
2341.00	2311.77	 1.8996	34.6432	27.7064	 2.15	 93.51	0.039	     NaN	 99.92
2342.00	2312.75	 1.8996	34.6432	27.7063	 2.16	 93.78	0.039	     NaN	 99.92
2343.00	2313.73	 1.8996	34.6432	27.7063	 2.16	 93.71	0.039	     NaN	 99.92
2344.00	2314.71	 1.8995	34.6433	27.7064	 2.16	 93.70	0.039	     NaN	 99.92
2345.00	2315.70	 1.8991	34.6433	27.7065	 2.16	 93.92	0.039	     NaN	 99.92
2346.00	2316.68	 1.8990	34.6432	27.7064	 2.16	 93.73	0.039	     NaN	 99.92
2347.00	2317.66	 1.8985	34.6433	27.7065	 2.16	 93.96	0.039	     NaN	 99.92
