wcoa21_data_management/01_CRUISE_METADATA/00_OCADS_data/CTD_downcasts/WCOA_2021_CTD_downcasts/dRB2102_CTD_046_01_F.txt
* Sea-Bird SBE 9 Data:
* Software Version Seasave V 7.26.7.107
* Vessel: NOAA Ship Ronald H. Brown
* Cruise: RB2102, West Coast Ocean Acidification (WCOA) 2021
* Dates: 20210622 to 20210723
* Region: NE Pacific, USA West Coast
* Ports: San Diego, CA to Port Angeles, WA to San Diego, CA
* Chief Scientists: R. Feely, NOAA PMEL; D. Greeley, NOAA PMEL; B. Carter, NOAA PMEL / UW CICOES
*END*
[from data line 214]
 218.00	 216.12	 7.1910	33.9753	26.5880	 2.33	101.34	0.040	  156.47	 99.69
 219.00	 217.11	 7.1897	33.9761	26.5888	 2.31	100.40	0.040	  156.42	 99.71
 220.00	 218.10	 7.1875	33.9767	26.5896	 2.29	 99.61	0.040	  156.40	 99.72
 221.00	 219.10	 7.1856	33.9770	26.5902	 2.28	 99.29	0.040	  156.41	 99.72
 222.00	 220.09	 7.1841	33.9771	26.5904	 2.28	 99.06	0.040	  156.41	 99.73
 223.00	 221.08	 7.1806	33.9771	26.5909	 2.27	 98.82	0.040	  156.42	 99.73
 224.00	 222.07	 7.1788	33.9779	26.5918	 2.27	 98.68	0.040	  156.41	 99.73
 225.00	 223.06	 7.1763	33.9778	26.5921	 2.27	 98.74	0.040	  156.38	 99.73
 226.00	 224.05	 7.1703	33.9775	26.5928	 2.27	 98.71	0.040	  156.35	 99.73
 227.00	 225.04	 7.1562	33.9772	26.5945	 2.27	 98.56	0.040	  156.34	 99.73
 228.00	 226.03	 7.1417	33.9780	26.5971	 2.27	 98.66	0.040	  156.38	 99.73
 229.00	 227.02	 7.1309	33.9779	26.5985	 2.27	 98.69	0.040	  156.35	 99.73
 230.00	 228.01	 7.1220	33.9767	26.5988	 2.26	 98.33	0.040	  156.34	 99.73
 231.00	 229.00	 7.1114	33.9767	26.6003	 2.25	 97.86	0.040	  156.37	 99.73
 232.00	 229.99	 7.1084	33.9795	26.6029	 2.24	 97.48	0.041	  156.32	 99.73
 233.00	 230.99	 7.0886	33.9772	26.6038	 2.23	 97.21	0.041	  156.31	 99.73
 234.00	 231.98	 7.0546	33.9784	26.6095	 2.23	 97.05	0.040	  156.37	 99.73
 235.00	 232.97	 7.0480	33.9804	26.6120	 2.23	 96.94	0.040	  156.38	 99.73
 236.00	 233.96	 7.0472	33.9805	26.6122	 2.22	 96.76	0.040	  156.41	 99.73
 237.00	 234.95	 7.0497	33.9803	26.6117	 2.22	 96.37	0.040	  156.30	 99.74
 238.00	 235.94	 7.0438	33.9806	26.6128	 2.21	 96.35	0.040	  156.36	 99.75
 239.00	 236.93	 7.0285	33.9796	26.6141	 2.22	 96.43	0.040	  156.37	 99.75
 240.00	 237.92	 7.0158	33.9801	26.6162	 2.21	 96.25	0.040	  156.38	 99.75
 241.00	 238.91	 7.0110	33.9810	26.6176	 2.20	 95.59	0.040	  156.39	 99.75
 242.00	 239.90	 7.0104	33.9817	26.6182	 2.18	 94.69	0.040	  156.35	 99.75
 243.00	 240.89	 7.0152	33.9838	26.6193	 2.15	 93.68	0.040	  156.35	 99.75
 244.00	 241.88	 7.0125	33.9859	26.6213	 2.14	 92.94	0.040	  156.32	 99.75
 245.00	 242.88	 7.0059	33.9883	26.6241	 2.12	 92.26	0.040	  156.31	 99.75
 246.00	 243.87	 7.0082	33.9890	26.6244	 2.09	 90.81	0.041	  156.36	 99.76
 247.00	 244.86	 7.0124	33.9919	26.6261	 2.04	 88.87	0.041	  156.33	 99.76
 248.00	 245.85	 7.0191	33.9943	26.6270	 2.01	 87.59	0.040	  156.32	 99.76
 249.00	 246.84	 7.0237	33.9944	26.6265	 2.01	 87.29	0.040	  156.35	 99.76
 250.00	 247.83	 7.0243	33.9959	26.6276	 2.03	 88.10	0.040	  156.33	 99.76
 251.00	 248.82	 7.0005	33.9929	26.6285	 2.05	 89.18	0.040	  156.36	 99.77
 252.00	 249.81	 6.9370	33.9880	26.6333	 2.08	 90.39	0.040	  156.41	 99.77
 253.00	 250.80	 6.9154	33.9877	26.6360	 2.10	 91.18	0.040	  156.37	 99.77
 254.00	 251.79	 6.9060	33.9850	26.6352	 2.11	 91.96	0.040	  156.31	 99.78
 255.00	 252.78	 6.8743	33.9827	26.6377	 2.11	 91.93	0.040	  156.28	 99.76
 256.00	 253.77	 6.8426	33.9804	26.6401	 2.07	 90.00	0.040	  156.31	 99.76
 257.00	 254.76	 6.8545	33.9885	26.6450	 2.03	 88.16	0.042	  156.28	 99.77
 258.00	 255.75	 6.8546	33.9916	26.6474	 1.98	 85.92	0.042	  156.35	 99.76
 259.00	 256.74	 6.8545	33.9920	26.6477	 1.93	 84.03	0.041	  156.34	 99.76
 260.00	 257.74	 6.8648	33.9990	26.6518	 1.89	 82.33	0.040	  156.32	 99.76
 261.00	 258.73	 6.8971	34.0073	26.6541	 1.86	 80.96	0.040	  156.28	 99.76
 262.00	 259.72	 6.9008	34.0084	26.6545	 1.85	 80.38	0.040	  156.25	 99.77
 263.00	 260.71	 6.8953	34.0097	26.6562	 1.80	 78.32	0.040	  156.34	 99.80
 264.00	 261.70	 6.8898	34.0109	26.6579	 1.75	 76.02	0.040	  156.36	 99.80
 265.00	 262.69	 6.8751	34.0120	26.6608	 1.73	 75.26	0.040	  156.32	 99.80
 266.00	 263.68	 6.8633	34.0113	26.6619	 1.72	 74.79	0.040	  156.38	 99.80
 267.00	 264.67	 6.8511	34.0137	26.6654	 1.71	 74.44	0.040	  156.31	 99.80
 268.00	 265.66	 6.8459	34.0148	26.6670	 1.71	 74.20	0.040	  156.34	 99.80
 269.00	 266.65	 6.8433	34.0151	26.6676	 1.70	 73.95	0.040	  156.36	 99.81
 270.00	 267.64	 6.8375	34.0157	26.6689	 1.69	 73.69	0.040	  156.39	 99.82
 271.00	 268.63	 6.8340	34.0163	26.6698	 1.69	 73.33	0.040	  156.30	 99.83
 272.00	 269.62	 6.8307	34.0166	26.6705	 1.68	 73.12	0.040	  156.32	 99.83
 273.00	 270.61	 6.8245	34.0162	26.6710	 1.69	 73.35	0.040	  156.37	 99.83
 274.00	 271.60	 6.8120	34.0163	26.6728	 1.69	 73.32	0.040	  156.36	 99.83
 275.00	 272.60	 6.7974	34.0177	26.6758	 1.68	 73.02	0.041	  156.35	 99.83
 276.00	 273.59	 6.7806	34.0166	26.6773	 1.67	 72.54	0.042	  156.28	 99.83
 277.00	 274.58	 6.7706	34.0178	26.6795	 1.65	 71.99	0.041	  156.33	 99.83
 278.00	 275.57	 6.7660	34.0199	26.6819	 1.64	 71.39	0.040	  156.33	 99.83
 279.00	 276.56	 6.7638	34.0205	26.6827	 1.63	 71.03	0.040	  156.36	 99.83
 280.00	 277.55	 6.7553	34.0222	26.6851	 1.62	 70.49	0.040	  156.37	 99.83
 281.00	 278.54	 6.7521	34.0226	26.6859	 1.62	 70.28	0.040	  156.31	 99.84
 282.00	 279.53	 6.7379	34.0221	26.6874	 1.61	 69.96	0.040	  156.33	 99.84
 283.00	 280.52	 6.7269	34.0238	26.6902	 1.60	 69.69	0.040	  156.32	 99.84
 284.00	 281.51	 6.7291	34.0243	26.6904	 1.59	 69.33	0.041	  156.39	 99.83
 285.00	 282.50	 6.7313	34.0260	26.6914	 1.59	 69.21	0.042	  156.38	 99.84
 286.00	 283.49	 6.7302	34.0265	26.6919	 1.59	 69.22	0.042	  156.36	 99.84
 287.00	 284.48	 6.7118	34.0251	26.6933	 1.59	 69.25	0.041	  156.34	 99.84
 288.00	 285.47	 6.7053	34.0245	26.6937	 1.59	 68.98	0.040	  156.31	 99.84
 289.00	 286.46	 6.7021	34.0242	26.6939	 1.56	 67.97	0.040	  156.37	 99.84
 290.00	 287.45	 6.6994	34.0260	26.6957	 1.54	 66.94	0.040	  156.39	 99.84
 291.00	 288.44	 6.7003	34.0273	26.6966	 1.52	 66.21	0.040	  156.34	 99.85
 292.00	 289.43	 6.7018	34.0282	26.6971	 1.50	 65.37	0.040	  156.36	 99.85
 293.00	 290.43	 6.7028	34.0288	26.6975	 1.47	 64.11	0.040	  156.38	 99.85
 294.00	 291.42	 6.7038	34.0300	26.6983	 1.45	 62.94	0.041	  156.40	 99.85
 295.00	 292.41	 6.7107	34.0325	26.6994	 1.43	 62.22	0.041	  156.38	 99.85
 296.00	 293.40	 6.7108	34.0327	26.6995	 1.42	 61.67	0.040	  156.40	 99.85
 297.00	 294.39	 6.7106	34.0329	26.6998	 1.41	 61.37	0.040	  156.38	 99.85
 298.00	 295.38	 6.7097	34.0332	26.7001	 1.40	 61.10	0.040	  156.32	 99.87
 299.00	 296.37	 6.7084	34.0333	26.7004	 1.40	 61.01	0.040	  156.39	 99.87
 300.00	 297.36	 6.7066	34.0337	26.7010	 1.40	 61.04	0.040	  156.39	 99.87
 301.00	 298.35	 6.7038	34.0340	26.7016	 1.40	 60.86	0.041	  156.36	 99.87
 302.00	 299.34	 6.7012	34.0344	26.7022	 1.40	 60.70	0.042	  156.37	 99.88
 303.00	 300.33	 6.6985	34.0346	26.7028	 1.39	 60.59	0.041	  156.36	 99.88
 304.00	 301.32	 6.6969	34.0346	26.7030	 1.40	 60.71	0.040	  156.36	 99.88
 305.00	 302.31	 6.6931	34.0349	26.7037	 1.40	 60.96	0.041	  156.39	 99.88
 306.00	 303.30	 6.6865	34.0342	26.7041	 1.41	 61.21	0.041	  156.34	 99.88
 307.00	 304.29	 6.6814	34.0345	26.7050	 1.42	 61.73	0.040	  156.35	 99.88
 308.00	 305.28	 6.6675	34.0326	26.7054	 1.44	 62.59	0.040	  156.33	 99.88
 309.00	 306.27	 6.6624	34.0323	26.7058	 1.48	 64.24	0.040	  156.30	 99.88
 310.00	 307.26	 6.6259	34.0283	26.7075	 1.51	 65.86	0.040	  156.38	 99.87
 311.00	 308.25	 6.5894	34.0242	26.7091	 1.53	 66.51	0.040	  156.31	 99.88
 312.00	 309.24	 6.5660	34.0305	26.7172	 1.52	 66.15	0.040	  156.28	 99.87
 313.00	 310.23	 6.5735	34.0332	26.7184	 1.51	 65.53	0.040	  156.35	 99.86
 314.00	 311.22	 6.5752	34.0350	26.7195	 1.50	 65.32	0.040	  156.35	 99.85
 315.00	 312.21	 6.5679	34.0360	26.7214	 1.50	 65.29	0.040	  156.36	 99.85
 316.00	 313.21	 6.5614	34.0361	26.7222	 1.50	 65.23	0.040	  156.33	 99.85
 317.00	 314.20	 6.5466	34.0357	26.7239	 1.50	 65.07	0.042	  156.30	 99.85
 318.00	 315.19	 6.5286	34.0366	26.7270	 1.50	 65.10	0.042	  156.28	 99.85
 319.00	 316.18	 6.5225	34.0374	26.7284	 1.50	 65.08	0.041	  156.27	 99.85
 320.00	 317.17	 6.5197	34.0374	26.7289	 1.49	 64.94	0.040	  156.27	 99.85
 321.00	 318.16	 6.5067	34.0373	26.7305	 1.49	 64.72	0.040	  156.28	 99.86
 322.00	 319.15	 6.4864	34.0380	26.7336	 1.48	 64.39	0.040	  156.26	 99.86
 323.00	 320.14	 6.4702	34.0377	26.7355	 1.48	 64.22	0.040	  156.24	 99.86
 324.00	 321.13	 6.4510	34.0377	26.7381	 1.47	 64.11	0.040	  156.29	 99.86
 325.00	 322.12	 6.4445	34.0390	26.7400	 1.47	 63.96	0.040	  156.28	 99.86
 326.00	 323.11	 6.4419	34.0392	26.7405	 1.47	 63.87	0.040	  156.31	 99.86
 327.00	 324.10	 6.4389	34.0394	26.7410	 1.46	 63.65	0.040	  156.28	 99.86
 328.00	 325.09	 6.4349	34.0394	26.7415	 1.46	 63.62	0.040	  156.18	 99.86
 329.00	 326.08	 6.4262	34.0386	26.7421	 1.46	 63.58	0.040	  156.28	 99.87
 330.00	 327.07	 6.4124	34.0384	26.7437	 1.46	 63.36	0.040	  156.24	 99.88
 331.00	 328.06	 6.4030	34.0390	26.7454	 1.45	 63.22	0.040	  156.30	 99.87
 332.00	 329.05	 6.3963	34.0395	26.7467	 1.45	 63.07	0.041	  156.29	 99.87
 333.00	 330.04	 6.3883	34.0400	26.7481	 1.44	 62.67	0.041	  156.25	 99.87
 334.00	 331.03	 6.3645	34.0396	26.7509	 1.42	 61.93	0.040	  156.23	 99.87
 335.00	 332.02	 6.3133	34.0413	26.7589	 1.40	 60.93	0.040	  156.24	 99.87
 336.00	 333.01	 6.2747	34.0476	26.7689	 1.38	 60.23	0.040	  156.28	 99.88
 337.00	 334.00	 6.2571	34.0495	26.7726	 1.38	 59.90	0.040	  156.27	 99.88
 338.00	 334.99	 6.2492	34.0495	26.7736	 1.37	 59.70	0.040	  156.27	 99.88
 339.00	 335.98	 6.2470	34.0493	26.7738	 1.37	 59.53	0.041	  156.31	 99.88
 340.00	 336.97	 6.2433	34.0496	26.7745	 1.36	 59.28	0.041	  156.26	 99.88
 341.00	 337.96	 6.2437	34.0497	26.7745	 1.36	 59.20	0.040	  156.26	 99.88
 342.00	 338.95	 6.2401	34.0488	26.7743	 1.36	 59.20	0.040	  156.28	 99.88
 343.00	 339.94	 6.2389	34.0500	26.7754	 1.36	 59.08	0.040	  156.23	 99.88
 344.00	 340.93	 6.2402	34.0503	26.7755	 1.36	 59.03	0.040	  156.28	 99.88
 345.00	 341.93	 6.2400	34.0507	26.7759	 1.35	 58.85	0.040	  156.27	 99.88
 346.00	 342.92	 6.2402	34.0507	26.7758	 1.35	 58.82	0.040	  156.25	 99.88
 347.00	 343.91	 6.2401	34.0509	26.7760	 1.35	 58.67	0.040	  156.26	 99.88
 348.00	 344.90	 6.2403	34.0515	26.7764	 1.35	 58.54	0.040	  156.17	 99.88
 349.00	 345.89	 6.2415	34.0518	26.7766	 1.34	 58.34	0.040	  156.25	 99.88
 350.00	 346.88	 6.2403	34.0527	26.7774	 1.33	 58.00	0.040	  156.25	 99.88
 351.00	 347.87	 6.2324	34.0530	26.7787	 1.33	 57.75	0.040	  156.25	 99.88
 352.00	 348.86	 6.2275	34.0545	26.7805	 1.32	 57.45	0.040	  156.20	 99.88
 353.00	 349.85	 6.2254	34.0557	26.7817	 1.32	 57.25	0.040	  156.23	 99.88
 354.00	 350.84	 6.2250	34.0555	26.7816	 1.31	 56.85	0.040	  156.23	 99.89
 355.00	 351.83	 6.2237	34.0556	26.7819	 1.30	 56.35	0.040	  156.23	 99.88
 356.00	 352.82	 6.2112	34.0573	26.7849	 1.28	 55.85	0.040	  156.24	 99.88
 357.00	 353.81	 6.1913	34.0598	26.7893	 1.27	 55.45	0.040	  156.17	 99.89
 358.00	 354.80	 6.1701	34.0626	26.7943	 1.26	 54.99	0.041	  156.28	 99.89
 359.00	 355.79	 6.1473	34.0640	26.7983	 1.26	 54.65	0.041	  156.28	 99.89
 360.00	 356.78	 6.1467	34.0640	26.7984	 1.26	 54.65	0.040	  156.25	 99.90
 361.00	 357.77	 6.1398	34.0631	26.7986	 1.26	 54.60	0.040	  156.20	 99.89
 362.00	 358.76	 6.1371	34.0630	26.7988	 1.25	 54.31	0.040	  156.24	 99.90
 363.00	 359.75	 6.1328	34.0633	26.7997	 1.24	 53.96	0.040	  156.27	 99.90
 364.00	 360.74	 6.1241	34.0664	26.8032	 1.23	 53.64	0.040	  156.25	 99.90
 365.00	 361.73	 6.1109	34.0654	26.8041	 1.25	 54.32	0.041	  156.23	 99.90
 366.00	 362.72	 6.0498	34.0557	26.8041	 1.28	 55.85	0.041	  156.19	 99.90
 367.00	 363.71	 5.9984	34.0473	26.8040	 1.31	 56.92	0.040	  156.27	 99.90
 368.00	 364.70	 5.9133	34.0377	26.8070	 1.32	 57.27	0.041	  156.26	 99.90
 369.00	 365.69	 5.8902	34.0377	26.8099	 1.30	 56.48	0.041	  156.22	 99.90
 370.00	 366.68	 5.8974	34.0483	26.8174	 1.27	 55.13	0.040	  156.21	 99.90
 371.00	 367.67	 5.9784	34.0619	26.8180	 1.23	 53.52	0.040	  156.24	 99.90
 372.00	 368.66	 5.9970	34.0668	26.8196	 1.19	 51.80	0.041	  156.25	 99.90
 373.00	 369.65	 6.0104	34.0733	26.8231	 1.16	 50.52	0.041	  156.20	 99.90
 374.00	 370.64	 6.0161	34.0793	26.8271	 1.15	 49.89	0.040	  156.23	 99.90
 375.00	 371.63	 6.0132	34.0812	26.8290	 1.14	 49.53	0.040	  156.19	 99.90
 376.00	 372.62	 6.0079	34.0801	26.8288	 1.13	 49.29	0.040	  156.26	 99.90
 377.00	 373.61	 5.9937	34.0803	26.8308	 1.13	 49.06	0.040	  156.25	 99.90
 378.00	 374.60	 5.9799	34.0798	26.8321	 1.13	 48.97	0.041	  156.27	 99.91
 379.00	 375.59	 5.9644	34.0786	26.8331	 1.13	 49.03	0.041	  156.19	 99.91
 380.00	 376.58	 5.9352	34.0776	26.8359	 1.13	 48.95	0.040	  156.19	 99.92
 381.00	 377.57	 5.9221	34.0774	26.8374	 1.11	 48.17	0.040	  156.24	 99.92
 382.00	 378.56	 5.9218	34.0778	26.8378	 1.09	 47.44	0.040	  156.24	 99.92
 383.00	 379.55	 5.9205	34.0884	26.8463	 1.08	 46.95	0.040	  156.21	 99.91
 384.00	 380.54	 5.9125	34.0901	26.8487	 1.07	 46.62	0.040	  156.19	 99.92
 385.00	 381.53	 5.9074	34.0914	26.8504	 1.06	 46.26	0.040	  156.13	 99.92
 386.00	 382.52	 5.9029	34.0919	26.8513	 1.05	 45.87	0.040	  156.25	 99.93
 387.00	 383.51	 5.9018	34.0921	26.8516	 1.05	 45.73	0.040	  156.17	 99.93
 388.00	 384.50	 5.8973	34.0915	26.8518	 1.05	 45.76	0.040	  156.18	 99.93
 389.00	 385.49	 5.8933	34.0912	26.8520	 1.05	 45.72	0.040	  156.17	 99.93
 390.00	 386.48	 5.8869	34.0914	26.8530	 1.05	 45.69	0.040	  156.20	 99.93
 391.00	 387.47	 5.8890	34.0915	26.8528	 1.05	 45.70	0.040	  156.16	 99.93
 392.00	 388.46	 5.8864	34.0905	26.8524	 1.05	 45.72	0.040	  156.13	 99.93
 393.00	 389.45	 5.8642	34.0881	26.8532	 1.05	 45.74	0.041	  156.17	 99.93
 394.00	 390.44	 5.8509	34.0891	26.8557	 1.05	 45.68	0.042	  156.15	 99.93
 395.00	 391.43	 5.8446	34.0891	26.8565	 1.05	 45.49	0.041	  156.27	 99.93
 396.00	 392.42	 5.8399	34.0906	26.8583	 1.04	 45.28	0.041	  156.17	 99.93
 397.00	 393.41	 5.8382	34.0914	26.8591	 1.04	 45.21	0.041	  156.17	 99.93
 398.00	 394.40	 5.8346	34.0915	26.8596	 1.04	 45.12	0.040	  156.13	 99.93
 399.00	 395.39	 5.8325	34.0919	26.8602	 1.03	 44.75	0.040	  156.21	 99.93
 400.00	 396.38	 5.8235	34.0917	26.8611	 1.02	 44.43	0.040	  156.16	 99.93
 401.00	 397.37	 5.8201	34.0964	26.8653	 1.02	 44.18	0.040	  156.18	 99.93
 402.00	 398.36	 5.8174	34.0961	26.8654	 1.01	 43.93	0.040	  156.17	 99.93
 403.00	 399.35	 5.8139	34.0973	26.8668	 1.01	 43.77	0.040	  156.18	 99.93
 404.00	 400.34	 5.8039	34.0977	26.8683	 1.00	 43.65	0.040	  156.18	 99.93
 405.00	 401.33	 5.7956	34.0986	26.8701	 1.00	 43.41	0.040	  156.14	 99.93
 406.00	 402.32	 5.7899	34.0989	26.8710	 0.99	 43.24	0.041	  156.16	 99.93
 407.00	 403.31	 5.7846	34.0998	26.8724	 0.99	 43.05	0.040	  156.17	 99.93
 408.00	 404.30	 5.7804	34.0997	26.8729	 0.99	 42.88	0.040	  156.15	 99.93
 409.00	 405.29	 5.7741	34.1003	26.8741	 0.98	 42.72	0.040	  156.04	 99.93
 410.00	 406.28	 5.7727	34.1009	26.8748	 0.98	 42.66	0.040	  156.08	 99.93
 411.00	 407.27	 5.7707	34.1020	26.8759	 0.98	 42.58	0.040	  156.03	 99.93
 412.00	 408.26	 5.7697	34.1026	26.8765	 0.97	 42.33	0.040	  156.11	 99.93
 413.00	 409.25	 5.7685	34.1032	26.8772	 0.96	 41.93	0.041	  156.17	 99.94
 414.00	 410.24	 5.7598	34.1064	26.8808	 0.95	 41.45	0.040	  156.07	 99.94
 415.00	 411.23	 5.7544	34.1080	26.8827	 0.95	 41.28	0.040	  156.09	 99.94
 416.00	 412.22	 5.7494	34.1080	26.8834	 0.94	 41.10	0.040	  156.07	 99.94
 417.00	 413.21	 5.7428	34.1087	26.8847	 0.94	 40.84	0.040	  156.02	 99.94
 418.00	 414.20	 5.7374	34.1087	26.8853	 0.93	 40.58	0.040	  156.06	 99.94
 419.00	 415.19	 5.7312	34.1103	26.8874	 0.93	 40.50	0.040	  156.06	 99.94
 420.00	 416.18	 5.7309	34.1110	26.8880	 0.93	 40.31	0.040	  156.10	 99.94
 421.00	 417.17	 5.7289	34.1116	26.8887	 0.92	 40.12	0.040	  156.13	 99.94
 422.00	 418.16	 5.7274	34.1130	26.8901	 0.92	 39.81	0.040	  156.09	 99.95
 423.00	 419.15	 5.7279	34.1145	26.8912	 0.91	 39.56	0.040	  156.04	 99.95
 424.00	 420.14	 5.7288	34.1150	26.8915	 0.91	 39.56	0.040	  156.02	 99.95
 425.00	 421.13	 5.7290	34.1151	26.8916	 0.91	 39.49	0.041	  156.04	 99.95
 426.00	 422.12	 5.7255	34.1149	26.8918	 0.91	 39.51	0.041	  156.09	 99.95
 427.00	 423.11	 5.7232	34.1150	26.8922	 0.90	 39.35	0.040	  156.08	 99.95
 428.00	 424.10	 5.7168	34.1144	26.8925	 0.90	 39.12	0.040	  156.07	 99.95
 429.00	 425.09	 5.7106	34.1160	26.8945	 0.90	 39.10	0.040	  156.02	 99.95
