wcoa21_data_management/01_CRUISE_METADATA/00_OCADS_data/CTD_downcasts/WCOA_2021_CTD_downcasts/dRB2102_CTD_067_01_F.txt
* Sea-Bird SBE 9 Data:
* Software Version Seasave V 7.26.7.107
* Vessel: NOAA Ship Ronald H. Brown
* Cruise: RB2102, West Coast Ocean Acidification (WCOA) 2021
* Dates: 20210622 to 20210723
* Region: NE Pacific, USA West Coast
* Ports: San Diego, CA to Port Angeles, WA to San Diego, CA
* Chief Scientists: R. Feely, NOAA PMEL; D. Greeley, NOAA PMEL; B. Carter, NOAA PMEL / UW CICOES
*END*
   3.00	   2.98	13.4090	33.2969	24.9921	 8.79	382.95	0.633	  157.37	 27.21
   4.00	   3.97	13.4301	33.2761	24.9718	 8.92	388.53	0.601	  156.92	 26.95
   5.00	   4.96	13.4215	33.2809	24.9773	 8.84	385.17	0.523	  156.78	 25.78
   6.00	   5.95	13.3748	33.2994	25.0010	 8.72	379.94	0.524	  156.76	 24.71
   7.00	   6.95	13.2844	33.3114	25.0285	 8.63	375.91	0.526	  156.87	 23.86
   8.00	   7.94	13.2342	33.3155	25.0417	 8.58	373.65	0.487	  156.96	 22.75
   9.00	   8.93	13.1839	33.3201	25.0554	 8.54	371.96	0.499	  156.92	 21.78
  10.00	   9.92	13.1181	33.3229	25.0707	 8.52	371.08	0.487	  156.89	 20.82
  11.00	  10.91	13.0557	33.3269	25.0862	 8.53	371.61	0.526	  156.86	 19.79
  12.00	  11.91	12.9951	33.3303	25.1008	 8.53	371.73	0.460	  156.88	 18.69
  13.00	  12.90	12.9180	33.3369	25.1212	 8.46	368.75	0.495	  156.83	 17.87
  14.00	  13.89	12.7963	33.3438	25.1504	 8.32	362.62	0.488	  156.89	 16.63
  15.00	  14.88	12.6675	33.3531	25.1828	 8.26	359.69	0.485	  156.95	 15.77
  16.00	  15.87	12.5744	33.3619	25.2077	 8.25	359.41	0.516	  156.91	 14.76
  17.00	  16.87	12.4903	33.3694	25.2298	 8.26	359.88	0.511	  156.96	 13.98
  18.00	  17.86	12.3833	33.3800	25.2586	 8.23	358.47	0.569	  156.98	 12.61
  19.00	  18.85	12.2809	33.3866	25.2834	 8.12	353.81	0.618	  156.93	 11.89
  20.00	  19.84	12.1733	33.3907	25.3071	 7.92	345.03	0.796	  156.98	 10.74
  21.00	  20.83	12.0132	33.3968	25.3421	 7.67	334.07	0.895	  157.05	  9.74
  22.00	  21.83	11.7320	33.4084	25.4036	 7.33	319.37	1.205	  157.22	  8.57
  23.00	  22.82	11.5001	33.4093	25.4471	 6.94	302.34	1.365	  157.33	  7.94
  24.00	  23.81	10.9815	33.4169	25.5466	 6.51	283.29	1.371	  157.67	  6.70
  25.00	  24.80	10.7409	33.4271	25.5971	 6.19	269.54	1.062	  157.80	  5.74
  26.00	  25.79	10.3266	33.4381	25.6775	 5.69	247.86	0.766	  157.92	  4.75
