wcoa21_data_management/01_CRUISE_METADATA/00_OCADS_data/CTD_downcasts/WCOA_2021_CTD_downcasts/dRB2102_CTD_106_01_F.txt
* Sea-Bird SBE 9 Data:
* Software Version Seasave V 7.26.7.107
* Vessel: NOAA Ship Ronald H. Brown
* Cruise: RB2102, West Coast Ocean Acidification (WCOA) 2021
* Dates: 20210622 to 20210723
* Region: NE Pacific, USA West Coast
* Ports: San Diego, CA to Port Angeles, WA to San Diego, CA
* Chief Scientists: R. Feely, NOAA PMEL; D. Greeley, NOAA PMEL; B. Carter, NOAA PMEL / UW CICOES
*END*
[from data line 214]
 217.00	 215.31	 8.6029	34.1394	26.5101	 1.62	 70.36	0.041	  165.72	 99.81
 218.00	 216.31	 8.5956	34.1396	26.5113	 1.60	 69.66	0.040	  165.74	 99.81
 219.00	 217.30	 8.5768	34.1425	26.5165	 1.59	 69.25	0.041	  165.73	 99.82
 220.00	 218.29	 8.5696	34.1441	26.5189	 1.58	 68.93	0.041	  165.68	 99.81
 221.00	 219.28	 8.5624	34.1462	26.5217	 1.58	 68.71	0.040	  165.70	 99.82
 222.00	 220.27	 8.5553	34.1479	26.5242	 1.57	 68.39	0.041	  165.69	 99.82
 223.00	 221.26	 8.5528	34.1487	26.5251	 1.56	 68.07	0.040	  165.72	 99.83
 224.00	 222.26	 8.5506	34.1494	26.5261	 1.56	 67.79	0.040	  165.67	 99.83
 225.00	 223.25	 8.5476	34.1504	26.5273	 1.55	 67.59	0.040	  165.70	 99.83
 226.00	 224.24	 8.5448	34.1514	26.5286	 1.55	 67.37	0.040	  165.64	 99.83
 227.00	 225.23	 8.5411	34.1527	26.5301	 1.54	 67.07	0.040	  165.65	 99.83
 228.00	 226.22	 8.5381	34.1540	26.5317	 1.53	 66.63	0.041	  165.64	 99.83
 229.00	 227.21	 8.5357	34.1552	26.5330	 1.52	 66.04	0.040	  165.69	 99.83
 230.00	 228.21	 8.5338	34.1558	26.5338	 1.50	 65.19	0.041	  165.68	 99.83
 231.00	 229.20	 8.5291	34.1577	26.5359	 1.48	 64.35	0.040	  165.69	 99.83
 232.00	 230.19	 8.5226	34.1613	26.5398	 1.47	 63.89	0.041	  165.71	 99.83
 233.00	 231.18	 8.5207	34.1627	26.5413	 1.46	 63.58	0.041	  165.61	 99.83
 234.00	 232.17	 8.5200	34.1633	26.5418	 1.45	 63.13	0.040	  165.63	 99.83
 235.00	 233.16	 8.5178	34.1642	26.5429	 1.44	 62.54	0.040	  165.77	 99.83
 236.00	 234.16	 8.5156	34.1649	26.5438	 1.43	 62.08	0.040	  165.58	 99.83
 237.00	 235.15	 8.5103	34.1653	26.5449	 1.42	 61.60	0.040	  165.62	 99.84
 238.00	 236.14	 8.5032	34.1668	26.5472	 1.40	 60.73	0.040	  165.63	 99.84
 239.00	 237.13	 8.4917	34.1683	26.5501	 1.35	 58.95	0.040	  165.63	 99.84
 240.00	 238.12	 8.4434	34.1677	26.5571	 1.31	 57.17	0.040	  165.68	 99.85
 241.00	 239.11	 8.4242	34.1710	26.5626	 1.30	 56.77	0.041	  165.69	 99.85
 242.00	 240.11	 8.4110	34.1733	26.5665	 1.30	 56.53	0.042	  165.69	 99.85
 243.00	 241.10	 8.4059	34.1736	26.5675	 1.29	 56.29	0.040	  165.69	 99.85
 244.00	 242.09	 8.4012	34.1743	26.5688	 1.29	 56.09	0.040	  165.62	 99.85
 245.00	 243.08	 8.3950	34.1755	26.5707	 1.29	 56.13	0.040	  165.73	 99.85
 246.00	 244.07	 8.3892	34.1756	26.5717	 1.29	 56.31	0.040	  165.72	 99.86
 247.00	 245.06	 8.3815	34.1752	26.5725	 1.29	 56.23	0.040	  165.68	 99.86
 248.00	 246.06	 8.3758	34.1750	26.5733	 1.29	 56.13	0.040	  165.67	 99.87
 249.00	 247.05	 8.3687	34.1748	26.5742	 1.28	 55.80	0.040	  165.62	 99.87
 250.00	 248.04	 8.3557	34.1740	26.5755	 1.27	 55.12	0.040	  165.61	 99.87
 251.00	 249.03	 8.3382	34.1755	26.5794	 1.26	 54.64	0.040	  165.66	 99.87
 252.00	 250.02	 8.3301	34.1766	26.5815	 1.26	 54.73	0.040	  165.71	 99.87
 253.00	 251.01	 8.3225	34.1773	26.5832	 1.25	 54.45	0.041	  165.69	 99.88
 254.00	 252.00	 8.3174	34.1782	26.5847	 1.24	 53.96	0.041	  165.69	 99.88
 255.00	 253.00	 8.3124	34.1792	26.5863	 1.23	 53.39	0.040	  165.67	 99.88
 256.00	 253.99	 8.3053	34.1810	26.5888	 1.22	 52.94	0.040	  165.73	 99.88
 257.00	 254.98	 8.2983	34.1827	26.5912	 1.19	 51.90	0.040	  165.72	 99.88
 258.00	 255.97	 8.2935	34.1840	26.5929	 1.16	 50.55	0.040	  165.74	 99.88
 259.00	 256.96	 8.2888	34.1880	26.5968	 1.14	 49.78	0.040	  165.68	 99.88
 260.00	 257.95	 8.2674	34.1927	26.6038	 1.14	 49.48	0.040	  165.70	 99.88
 261.00	 258.94	 8.2578	34.1950	26.6070	 1.13	 49.36	0.040	  165.68	 99.88
 262.00	 259.94	 8.2530	34.1957	26.6083	 1.13	 49.25	0.040	  165.69	 99.88
 263.00	 260.93	 8.2483	34.1964	26.6096	 1.13	 49.16	0.040	  165.68	 99.88
 264.00	 261.92	 8.2448	34.1973	26.6108	 1.12	 48.72	0.040	  165.77	 99.88
 265.00	 262.91	 8.2398	34.1982	26.6123	 1.11	 48.16	0.040	  165.66	 99.89
 266.00	 263.90	 8.2331	34.1994	26.6142	 1.10	 47.71	0.040	  165.71	 99.89
 267.00	 264.89	 8.2245	34.2013	26.6170	 1.09	 47.25	0.040	  165.71	 99.89
 268.00	 265.89	 8.2188	34.2034	26.6195	 1.08	 46.98	0.040	  165.70	 99.90
 269.00	 266.88	 8.2173	34.2044	26.6206	 1.08	 46.77	0.041	  165.70	 99.90
 270.00	 267.87	 8.2142	34.2062	26.6225	 1.08	 46.81	0.040	  165.69	 99.90
 271.00	 268.86	 8.2068	34.2065	26.6239	 1.08	 46.88	0.040	  165.69	 99.90
 272.00	 269.85	 8.2023	34.2063	26.6244	 1.07	 46.75	0.040	  165.75	 99.90
 273.00	 270.84	 8.1936	34.2056	26.6252	 1.08	 46.78	0.040	  165.77	 99.90
 274.00	 271.83	 8.1927	34.2058	26.6255	 1.07	 46.74	0.040	  165.70	 99.90
 275.00	 272.83	 8.1908	34.2056	26.6256	 1.07	 46.55	0.041	  165.70	 99.90
 276.00	 273.82	 8.1890	34.2057	26.6260	 1.06	 46.28	0.041	  165.69	 99.90
 277.00	 274.81	 8.1857	34.2053	26.6261	 1.06	 46.18	0.041	  165.67	 99.90
 278.00	 275.80	 8.1797	34.2063	26.6279	 1.06	 46.01	0.042	  165.67	 99.90
 279.00	 276.79	 8.1735	34.2080	26.6301	 1.06	 45.92	0.041	  165.68	 99.90
 280.00	 277.78	 8.1729	34.2081	26.6304	 1.06	 45.99	0.040	  165.67	 99.90
 281.00	 278.77	 8.1714	34.2085	26.6309	 1.06	 45.90	0.040	  165.57	 99.90
 282.00	 279.77	 8.1702	34.2088	26.6313	 1.05	 45.64	0.040	  165.58	 99.90
 283.00	 280.76	 8.1696	34.2090	26.6316	 1.04	 45.29	0.040	  165.63	 99.90
 284.00	 281.75	 8.1653	34.2095	26.6327	 1.03	 45.01	0.040	  165.62	 99.90
 285.00	 282.74	 8.1583	34.2114	26.6351	 1.03	 44.69	0.040	  165.67	 99.90
 286.00	 283.73	 8.1562	34.2118	26.6359	 1.02	 44.57	0.041	  165.64	 99.90
 287.00	 284.72	 8.1536	34.2126	26.6369	 1.02	 44.35	0.040	  165.67	 99.90
 288.00	 285.71	 8.1472	34.2134	26.6385	 1.01	 44.05	0.040	  165.59	 99.90
 289.00	 286.70	 8.1379	34.2151	26.6412	 1.00	 43.62	0.041	  165.61	 99.90
 290.00	 287.70	 8.1339	34.2173	26.6436	 0.98	 42.83	0.040	  165.67	 99.90
 291.00	 288.69	 8.1326	34.2194	26.6454	 0.97	 42.04	0.040	  165.66	 99.90
 292.00	 289.68	 8.1288	34.2209	26.6472	 0.94	 41.02	0.040	  165.68	 99.90
 293.00	 290.67	 8.1282	34.2249	26.6504	 0.93	 40.54	0.041	  165.62	 99.91
 294.00	 291.66	 8.1194	34.2280	26.6542	 0.92	 40.17	0.040	  165.62	 99.91
 295.00	 292.65	 8.1145	34.2299	26.6564	 0.91	 39.61	0.041	  165.57	 99.91
 296.00	 293.64	 8.1113	34.2302	26.6571	 0.90	 39.21	0.040	  165.60	 99.91
 297.00	 294.64	 8.0998	34.2313	26.6597	 0.90	 39.15	0.040	  165.62	 99.92
 298.00	 295.63	 8.0955	34.2320	26.6609	 0.90	 39.24	0.040	  165.61	 99.92
 299.00	 296.62	 8.0893	34.2323	26.6621	 0.90	 38.97	0.040	  165.64	 99.92
 300.00	 297.61	 8.0802	34.2315	26.6629	 0.88	 38.14	0.040	  165.53	 99.93
 301.00	 298.60	 8.0612	34.2318	26.6659	 0.85	 37.04	0.040	  165.58	 99.93
 302.00	 299.59	 8.0499	34.2317	26.6675	 0.84	 36.63	0.040	  165.60	 99.93
 303.00	 300.58	 8.0032	34.2277	26.6713	 0.84	 36.65	0.040	  165.61	 99.93
 304.00	 301.57	 7.9798	34.2302	26.6768	 0.84	 36.68	0.040	  165.61	 99.93
 305.00	 302.57	 7.9704	34.2301	26.6781	 0.84	 36.57	0.040	  165.63	 99.93
 306.00	 303.56	 7.9628	34.2300	26.6792	 0.83	 36.31	0.041	  165.60	 99.93
 307.00	 304.55	 7.9522	34.2295	26.6804	 0.83	 35.97	0.040	  165.60	 99.93
 308.00	 305.54	 7.9443	34.2294	26.6814	 0.83	 35.99	0.040	  165.61	 99.93
 309.00	 306.53	 7.9333	34.2290	26.6828	 0.83	 36.08	0.040	  165.59	 99.93
 310.00	 307.52	 7.9286	34.2292	26.6836	 0.82	 35.74	0.040	  165.67	 99.93
 311.00	 308.51	 7.9262	34.2293	26.6841	 0.82	 35.56	0.040	  165.63	 99.93
 312.00	 309.51	 7.9231	34.2285	26.6839	 0.81	 35.44	0.040	  165.56	 99.93
 313.00	 310.50	 7.9042	34.2291	26.6872	 0.81	 35.32	0.040	  165.58	 99.93
 314.00	 311.49	 7.9031	34.2294	26.6876	 0.81	 35.33	0.040	  165.62	 99.93
 315.00	 312.48	 7.9029	34.2296	26.6878	 0.81	 35.44	0.040	  165.61	 99.93
 316.00	 313.47	 7.9080	34.2301	26.6874	 0.82	 35.54	0.040	  165.62	 99.93
 317.00	 314.46	 7.9106	34.2294	26.6865	 0.81	 35.41	0.040	  165.56	 99.94
 318.00	 315.45	 7.9040	34.2296	26.6876	 0.81	 35.21	0.041	  165.56	 99.94
 319.00	 316.44	 7.9024	34.2298	26.6881	 0.81	 35.06	0.041	  165.58	 99.93
 320.00	 317.44	 7.8999	34.2296	26.6883	 0.80	 34.99	0.040	  165.61	 99.94
 321.00	 318.43	 7.8955	34.2297	26.6890	 0.80	 34.85	0.040	  165.60	 99.93
 322.00	 319.42	 7.8902	34.2296	26.6898	 0.80	 34.78	0.040	  165.66	 99.94
 323.00	 320.41	 7.8846	34.2296	26.6906	 0.79	 34.45	0.040	  165.61	 99.93
 324.00	 321.40	 7.8794	34.2296	26.6913	 0.78	 33.90	0.040	  165.59	 99.94
 325.00	 322.39	 7.8681	34.2287	26.6923	 0.77	 33.43	0.040	  165.54	 99.94
 326.00	 323.38	 7.8510	34.2283	26.6945	 0.76	 33.06	0.040	  165.63	 99.94
 327.00	 324.37	 7.8277	34.2294	26.6988	 0.76	 33.12	0.040	  165.62	 99.93
 328.00	 325.36	 7.8218	34.2300	26.7002	 0.75	 32.82	0.040	  165.59	 99.94
 329.00	 326.36	 7.8098	34.2316	26.7032	 0.74	 32.30	0.040	  165.64	 99.94
 330.00	 327.35	 7.8027	34.2326	26.7050	 0.74	 32.34	0.040	  165.55	 99.94
 331.00	 328.34	 7.7973	34.2333	26.7063	 0.75	 32.58	0.040	  165.58	 99.95
 332.00	 329.33	 7.7963	34.2338	26.7069	 0.75	 32.53	0.041	  165.60	 99.95
 333.00	 330.32	 7.7946	34.2345	26.7077	 0.74	 32.34	0.041	  165.58	 99.95
 334.00	 331.31	 7.7925	34.2347	26.7082	 0.74	 32.14	0.041	  165.62	 99.95
 335.00	 332.30	 7.7902	34.2352	26.7090	 0.73	 31.93	0.040	  165.62	 99.95
 336.00	 333.29	 7.7880	34.2363	26.7101	 0.72	 31.40	0.040	  165.53	 99.95
 337.00	 334.29	 7.7860	34.2385	26.7122	 0.71	 30.92	0.040	  165.57	 99.95
 338.00	 335.28	 7.7860	34.2436	26.7162	 0.71	 30.71	0.040	  165.58	 99.95
 339.00	 336.27	 7.7690	34.2443	26.7193	 0.70	 30.61	0.040	  165.60	 99.95
 340.00	 337.26	 7.7547	34.2447	26.7217	 0.70	 30.63	0.040	  165.61	 99.95
 341.00	 338.25	 7.7420	34.2434	26.7225	 0.71	 30.84	0.040	  165.63	 99.95
 342.00	 339.24	 7.7370	34.2443	26.7240	 0.71	 30.77	0.040	  165.54	 99.95
 343.00	 340.23	 7.7386	34.2461	26.7251	 0.69	 30.19	0.040	  165.59	 99.95
 344.00	 341.22	 7.7396	34.2468	26.7256	 0.69	 29.97	0.042	  165.59	 99.95
 345.00	 342.21	 7.7405	34.2490	26.7272	 0.70	 30.37	0.041	  165.55	 99.95
 346.00	 343.21	 7.7404	34.2497	26.7278	 0.69	 30.22	0.041	  165.61	 99.95
 347.00	 344.20	 7.7371	34.2500	26.7285	 0.69	 30.21	0.041	  165.53	 99.95
 348.00	 345.19	 7.7351	34.2498	26.7287	 0.69	 30.16	0.041	  165.54	 99.95
 349.00	 346.18	 7.7277	34.2506	26.7303	 0.69	 29.90	0.040	  165.56	 99.95
 350.00	 347.17	 7.7283	34.2552	26.7339	 0.68	 29.69	0.040	  165.55	 99.95
 351.00	 348.16	 7.7349	34.2574	26.7347	 0.68	 29.56	0.040	  165.52	 99.95
 352.00	 349.15	 7.7327	34.2589	26.7362	 0.68	 29.61	0.041	  165.59	 99.95
 353.00	 350.14	 7.7387	34.2639	26.7393	 0.68	 29.42	0.041	  165.54	 99.95
 354.00	 351.13	 7.7085	34.2583	26.7393	 0.67	 29.32	0.040	  165.63	 99.95
 355.00	 352.12	 7.6864	34.2578	26.7421	 0.68	 29.50	0.040	  165.54	 99.95
 356.00	 353.12	 7.6772	34.2575	26.7432	 0.68	 29.53	0.041	  165.47	 99.95
 357.00	 354.11	 7.6742	34.2574	26.7435	 0.68	 29.51	0.041	  165.54	 99.95
 358.00	 355.10	 7.6729	34.2573	26.7437	 0.68	 29.50	0.040	  165.52	 99.95
 359.00	 356.09	 7.6601	34.2538	26.7428	 0.68	 29.36	0.041	  165.47	 99.95
 360.00	 357.08	 7.6515	34.2569	26.7465	 0.67	 29.16	0.040	  165.46	 99.95
 361.00	 358.07	 7.6372	34.2547	26.7468	 0.67	 29.14	0.041	  165.43	 99.95
 362.00	 359.06	 7.6179	34.2543	26.7493	 0.67	 28.97	0.041	  165.51	 99.95
 363.00	 360.05	 7.5928	34.2535	26.7523	 0.67	 29.00	0.041	  165.50	 99.95
 364.00	 361.04	 7.5641	34.2535	26.7564	 0.67	 29.08	0.041	  165.49	 99.95
 365.00	 362.04	 7.5484	34.2517	26.7573	 0.67	 29.12	0.040	  165.46	 99.95
 366.00	 363.03	 7.5371	34.2510	26.7583	 0.67	 29.13	0.041	  165.42	 99.95
 367.00	 364.02	 7.5347	34.2509	26.7586	 0.67	 29.04	0.041	  165.42	 99.95
 368.00	 365.01	 7.5341	34.2507	26.7586	 0.66	 28.81	0.040	  165.47	 99.95
 369.00	 366.00	 7.5321	34.2505	26.7587	 0.66	 28.79	0.040	  165.43	 99.95
 370.00	 366.99	 7.5300	34.2505	26.7590	 0.67	 28.99	0.041	  165.45	 99.95
 371.00	 367.98	 7.5274	34.2503	26.7592	 0.66	 28.92	0.040	  165.45	 99.95
 372.00	 368.97	 7.5217	34.2505	26.7602	 0.67	 29.14	0.041	  165.41	 99.95
 373.00	 369.96	 7.5103	34.2503	26.7617	 0.68	 29.73	0.041	  165.43	 99.95
 374.00	 370.95	 7.4853	34.2493	26.7645	 0.70	 30.23	0.040	  165.49	 99.95
 375.00	 371.94	 7.4782	34.2488	26.7651	 0.69	 30.03	0.041	  165.38	 99.95
 376.00	 372.94	 7.4686	34.2471	26.7652	 0.69	 29.80	0.040	  165.41	 99.96
 377.00	 373.93	 7.4553	34.2470	26.7670	 0.69	 29.82	0.041	  165.47	 99.95
 378.00	 374.92	 7.4402	34.2462	26.7685	 0.69	 29.83	0.042	  165.40	 99.96
 379.00	 375.91	 7.4122	34.2462	26.7725	 0.68	 29.66	0.041	  165.44	 99.95
 380.00	 376.90	 7.3979	34.2476	26.7756	 0.67	 29.25	0.040	  165.39	 99.95
 381.00	 377.89	 7.3904	34.2475	26.7766	 0.67	 29.00	0.041	  165.41	 99.95
 382.00	 378.88	 7.3747	34.2480	26.7792	 0.67	 29.00	0.042	  165.42	 99.95
 383.00	 379.87	 7.3675	34.2481	26.7804	 0.66	 28.84	0.041	  165.41	 99.95
 384.00	 380.86	 7.3567	34.2480	26.7818	 0.66	 28.69	0.040	  165.36	 99.95
 385.00	 381.85	 7.3480	34.2476	26.7828	 0.66	 28.57	0.040	  165.37	 99.96
 386.00	 382.85	 7.3359	34.2473	26.7842	 0.66	 28.62	0.040	  165.42	 99.95
 387.00	 383.84	 7.3286	34.2474	26.7853	 0.66	 28.79	0.040	  165.40	 99.95
 388.00	 384.83	 7.3261	34.2475	26.7858	 0.66	 28.61	0.040	  165.38	 99.96
 389.00	 385.82	 7.3239	34.2474	26.7860	 0.65	 28.38	0.040	  165.35	 99.95
 390.00	 386.81	 7.3210	34.2477	26.7866	 0.65	 28.36	0.040	  165.33	 99.96
 391.00	 387.80	 7.3149	34.2478	26.7876	 0.65	 28.17	0.041	  165.37	 99.95
 392.00	 388.79	 7.2967	34.2481	26.7904	 0.64	 27.86	0.040	  165.37	 99.96
 393.00	 389.78	 7.2801	34.2471	26.7919	 0.64	 27.86	0.040	  165.33	 99.96
 394.00	 390.77	 7.2662	34.2460	26.7931	 0.64	 27.94	0.040	  165.37	 99.96
 395.00	 391.76	 7.2446	34.2455	26.7957	 0.64	 27.81	0.040	  165.41	 99.96
 396.00	 392.75	 7.2379	34.2465	26.7974	 0.63	 27.58	0.040	  165.36	 99.96
 397.00	 393.74	 7.2382	34.2476	26.7982	 0.62	 26.97	0.040	  165.33	 99.96
 398.00	 394.74	 7.2480	34.2502	26.7990	 0.61	 26.33	0.040	  165.39	 99.96
 399.00	 395.73	 7.2620	34.2556	26.8013	 0.60	 25.89	0.040	  165.37	 99.96
 400.00	 396.72	 7.2755	34.2588	26.8019	 0.58	 25.23	0.040	  165.33	 99.96
 401.00	 397.71	 7.2734	34.2596	26.8029	 0.57	 24.72	0.040	  165.33	 99.96
 402.00	 398.70	 7.2856	34.2673	26.8072	 0.56	 24.53	0.040	  165.36	 99.97
 403.00	 399.69	 7.2975	34.2697	26.8075	 0.56	 24.29	0.040	  165.31	 99.97
 404.00	 400.68	 7.3036	34.2719	26.8084	 0.55	 23.87	0.041	  165.31	 99.97
 405.00	 401.67	 7.3113	34.2761	26.8106	 0.54	 23.50	0.041	  165.28	 99.98
 406.00	 402.66	 7.3102	34.2770	26.8115	 0.54	 23.60	0.040	  165.30	 99.98
 407.00	 403.65	 7.3071	34.2773	26.8122	 0.55	 23.90	0.041	  165.31	 99.97
 408.00	 404.64	 7.2995	34.2767	26.8128	 0.55	 24.14	0.041	  165.27	 99.98
 409.00	 405.63	 7.2930	34.2759	26.8131	 0.55	 23.96	0.040	  165.29	 99.98
 410.00	 406.63	 7.2764	34.2743	26.8142	 0.55	 23.87	0.042	  165.33	 99.98
 411.00	 407.62	 7.2648	34.2740	26.8156	 0.55	 23.99	0.041	  165.28	 99.98
 412.00	 408.61	 7.2500	34.2735	26.8172	 0.55	 24.03	0.040	  165.31	 99.98
 413.00	 409.60	 7.2350	34.2725	26.8185	 0.55	 23.93	0.040	  165.25	 99.98
 414.00	 410.59	 7.2192	34.2709	26.8195	 0.55	 24.10	0.040	  165.29	 99.98
 415.00	 411.58	 7.1922	34.2714	26.8236	 0.56	 24.39	0.040	  165.23	 99.98
 416.00	 412.57	 7.1708	34.2667	26.8229	 0.57	 24.61	0.040	  165.20	 99.98
 417.00	 413.56	 7.1377	34.2644	26.8257	 0.57	 24.73	0.040	  165.23	 99.98
 418.00	 414.55	 7.0968	34.2613	26.8290	 0.57	 24.74	0.040	  165.29	 99.98
 419.00	 415.54	 7.0675	34.2589	26.8311	 0.57	 24.76	0.041	  165.29	 99.98
 420.00	 416.53	 7.0557	34.2579	26.8320	 0.57	 24.80	0.041	  165.22	 99.98
 421.00	 417.52	 7.0357	34.2533	26.8311	 0.56	 24.30	0.041	  165.30	 99.98
 422.00	 418.51	 7.0008	34.2538	26.8363	 0.55	 23.87	0.042	  165.33	 99.98
 423.00	 419.51	 7.0152	34.2595	26.8388	 0.55	 23.78	0.041	  165.29	 99.98
 424.00	 420.50	 7.0181	34.2600	26.8389	 0.54	 23.66	0.040	  165.22	 99.98
 425.00	 421.49	 7.0174	34.2600	26.8390	 0.54	 23.53	0.041	  165.20	 99.98
 426.00	 422.48	 7.0199	34.2610	26.8394	 0.54	 23.37	0.041	  165.28	 99.98
 427.00	 423.47	 7.0235	34.2621	26.8398	 0.54	 23.34	0.040	  165.25	 99.98
 428.00	 424.46	 7.0299	34.2636	26.8401	 0.53	 23.09	0.040	  165.23	 99.98
