wcoa21_data_management/01_CRUISE_METADATA/00_OCADS_data/CTD_downcasts/WCOA_2021_CTD_downcasts/dRB2102_CTD_048_01_F.txt
* Sea-Bird SBE 9 Data:
* Software Version Seasave V 7.26.7.107
* Vessel: NOAA Ship Ronald H. Brown
* Cruise: RB2102, West Coast Ocean Acidification (WCOA) 2021
* Dates: 20210622 to 20210723
* Region: NE Pacific, USA West Coast
* Ports: San Diego, CA to Port Angeles, WA to San Diego, CA
* Chief Scientists: R. Feely, NOAA PMEL; D. Greeley, NOAA PMEL; B. Carter, NOAA PMEL / UW CICOES
*END*
[from data line 214]
 217.00	 215.13	 6.9909	34.0091	26.6421	 1.61	 69.83	0.041	  190.81	 41.94
 218.00	 216.12	 6.9872	34.0098	26.6432	 1.61	 69.86	0.041	  190.80	 40.97
 219.00	 217.11	 6.9834	34.0107	26.6445	 1.61	 69.94	0.040	  190.77	 39.88
 220.00	 218.10	 6.9824	34.0110	26.6448	 1.60	 69.70	0.040	  190.78	 38.95
 221.00	 219.10	 6.9727	34.0116	26.6467	 1.59	 69.00	0.040	  190.75	 38.02
 222.00	 220.09	 6.9616	34.0125	26.6489	 1.58	 68.76	0.040	  190.71	 37.07
 223.00	 221.08	 6.9606	34.0127	26.6492	 1.57	 68.50	0.041	  190.74	 35.93
 224.00	 222.07	 6.9588	34.0130	26.6497	 1.57	 68.29	0.040	  190.71	 35.09
 225.00	 223.06	 6.9547	34.0133	26.6505	 1.57	 68.11	0.040	  190.63	 34.22
 226.00	 224.05	 6.9539	34.0133	26.6506	 1.57	 68.12	0.040	  190.71	 33.22
 227.00	 225.04	 6.9531	34.0134	26.6508	 1.57	 68.08	0.040	  190.69	 32.10
 228.00	 226.03	 6.9548	34.0135	26.6507	 1.57	 68.11	0.040	  190.63	 30.99
 229.00	 227.02	 6.9536	34.0136	26.6509	 1.56	 67.99	0.040	  190.66	 30.17
 230.00	 228.01	 6.9528	34.0133	26.6509	 1.56	 67.82	0.040	  190.61	 29.35
 231.00	 229.00	 6.9509	34.0135	26.6512	 1.56	 67.88	0.040	  190.64	 28.21
 232.00	 230.00	 6.9522	34.0133	26.6510	 1.56	 67.85	0.040	  190.61	 26.93
 233.00	 230.99	 6.9514	34.0135	26.6512	 1.56	 67.93	0.040	  190.59	 26.19
 234.00	 231.98	 6.9514	34.0134	26.6512	 1.56	 67.74	0.040	  190.51	 25.29
 235.00	 232.97	 6.9499	34.0135	26.6515	 1.55	 67.63	0.040	  190.55	 24.10
 236.00	 233.96	 6.9489	34.0136	26.6517	 1.55	 67.60	0.040	  190.52	 22.83
 237.00	 234.95	 6.9469	34.0138	26.6521	 1.55	 67.60	0.041	  190.51	 21.97
 238.00	 235.94	 6.9468	34.0137	26.6521	 1.55	 67.45	0.041	  190.50	 21.05
 239.00	 236.93	 6.9451	34.0138	26.6524	 1.55	 67.40	0.040	  190.50	 20.08
 240.00	 237.92	 6.9400	34.0143	26.6535	 1.55	 67.27	0.040	  190.46	 18.93
 241.00	 238.91	 6.9386	34.0145	26.6538	 1.54	 67.11	0.040	  190.46	 17.90
 242.00	 239.90	 6.9397	34.0144	26.6537	 1.54	 67.19	0.040	  190.42	 16.98
 243.00	 240.89	 6.9403	34.0144	26.6536	 1.55	 67.24	0.041	  190.41	 16.05
 244.00	 241.88	 6.9338	34.0150	26.6550	 1.54	 66.99	0.041	  190.32	 15.14
 245.00	 242.88	 6.9323	34.0151	26.6553	 1.54	 66.95	0.040	  190.36	 14.13
 246.00	 243.87	 6.9323	34.0152	26.6553	 1.54	 66.85	0.042	  190.27	 13.28
 247.00	 244.86	 6.9292	34.0155	26.6560	 1.53	 66.76	0.041	  190.27	 12.14
 248.00	 245.85	 6.9290	34.0156	26.6561	 1.53	 66.72	0.040	  190.20	 11.23
 249.00	 246.84	 6.9290	34.0151	26.6557	 1.54	 66.91	0.040	  189.62	 10.61
