wcoa21_data_management/01_CRUISE_METADATA/00_OCADS_data/CTD_downcasts/WCOA_2021_CTD_downcasts/dRB2102_CTD_085_01_F.txt
* Sea-Bird SBE 9 Data:
* Software Version Seasave V 7.26.7.107
* Vessel: NOAA Ship Ronald H. Brown
* Cruise: RB2102, West Coast Ocean Acidification (WCOA) 2021
* Dates: 20210622 to 20210723
* Region: NE Pacific, USA West Coast
* Ports: San Diego, CA to Port Angeles, WA to San Diego, CA
* Chief Scientists: R. Feely, NOAA PMEL; D. Greeley, NOAA PMEL; B. Carter, NOAA PMEL / UW CICOES
*END*
[from data line 1281]
1286.00	1272.48	 3.2766	34.4918	27.4624	 0.64	 27.61	0.040	  161.96	100.00
1287.00	1273.47	 3.2759	34.4919	27.4625	 0.63	 27.44	0.040	  161.93	100.00
1288.00	1274.46	 3.2745	34.4920	27.4628	 0.63	 27.27	0.040	  161.94	100.00
1289.00	1275.44	 3.2728	34.4920	27.4629	 0.63	 27.45	0.040	  161.94	100.00
1290.00	1276.43	 3.2700	34.4922	27.4633	 0.63	 27.38	0.040	  161.95	100.00
1291.00	1277.41	 3.2676	34.4923	27.4637	 0.63	 27.19	0.040	  161.93	100.00
1292.00	1278.40	 3.2672	34.4923	27.4637	 0.63	 27.32	0.041	  161.96	100.00
1293.00	1279.39	 3.2666	34.4924	27.4638	 0.63	 27.42	0.040	  161.97	100.00
1294.00	1280.37	 3.2657	34.4924	27.4640	 0.63	 27.59	0.040	  161.97	100.00
1295.00	1281.36	 3.2639	34.4926	27.4643	 0.63	 27.58	0.040	  161.95	100.00
1296.00	1282.35	 3.2606	34.4929	27.4648	 0.63	 27.50	0.040	  161.96	100.00
1297.00	1283.33	 3.2579	34.4936	27.4656	 0.64	 27.76	0.040	  161.91	100.00
1298.00	1284.32	 3.2571	34.4939	27.4659	 0.63	 27.56	0.040	  161.88	100.00
1299.00	1285.31	 3.2568	34.4939	27.4660	 0.63	 27.59	0.040	  161.92	100.00
1300.00	1286.29	 3.2560	34.4940	27.4662	 0.64	 28.00	0.040	  161.90	100.00
1301.00	1287.28	 3.2504	34.4946	27.4671	 0.65	 28.18	0.041	  161.87	100.00
1302.00	1288.27	 3.2424	34.4956	27.4687	 0.65	 28.38	0.041	  161.91	100.00
1303.00	1289.25	 3.2423	34.4956	27.4687	 0.65	 28.30	0.040	  161.89	100.00
1304.00	1290.24	 3.2406	34.4957	27.4690	 0.66	 28.52	0.041	  161.86	100.00
1305.00	1291.22	 3.2391	34.4960	27.4693	 0.66	 28.57	0.042	  161.84	100.00
1306.00	1292.21	 3.2366	34.4958	27.4694	 0.66	 28.57	0.041	  161.91	100.00
1307.00	1293.20	 3.2287	34.4964	27.4706	 0.65	 28.39	0.040	  161.85	100.00
1308.00	1294.18	 3.2233	34.4968	27.4715	 0.65	 28.40	0.040	  161.98	100.00
1309.00	1295.17	 3.2179	34.4976	27.4726	 0.66	 28.59	0.040	  161.92	100.00
1310.00	1296.16	 3.2191	34.4973	27.4723	 0.66	 28.56	0.040	  161.89	100.00
1311.00	1297.14	 3.2202	34.4971	27.4720	 0.66	 28.49	0.040	  161.92	100.00
1312.00	1298.13	 3.2144	34.4982	27.4735	 0.67	 29.18	0.041	  161.84	100.00
1313.00	1299.12	 3.2082	34.4984	27.4742	 0.67	 29.33	0.042	  161.91	100.00
1314.00	1300.10	 3.2043	34.4990	27.4750	 0.66	 28.75	0.040	  161.92	100.00
1315.00	1301.09	 3.2036	34.4990	27.4751	 0.67	 28.95	0.040	  161.85	100.00
1316.00	1302.07	 3.2027	34.4990	27.4752	 0.67	 29.06	0.041	  161.89	100.00
1317.00	1303.06	 3.1995	34.4991	27.4756	 0.67	 29.13	0.041	  161.85	100.00
1318.00	1304.05	 3.1967	34.4993	27.4760	 0.67	 29.18	0.040	  161.88	100.00
1319.00	1305.03	 3.1963	34.4994	27.4761	 0.67	 29.06	0.040	  161.88	100.00
1320.00	1306.02	 3.1958	34.4996	27.4763	 0.67	 28.96	0.040	  161.83	100.00
1321.00	1307.01	 3.1948	34.4997	27.4765	 0.67	 29.06	0.040	  161.88	100.00
1322.00	1307.99	 3.1945	34.4998	27.4766	 0.67	 29.25	0.040	  161.88	100.00
1323.00	1308.98	 3.1945	34.4997	27.4766	 0.67	 29.13	0.040	  161.83	100.00
1324.00	1309.97	 3.1947	34.4997	27.4766	 0.67	 29.07	0.040	  161.84	100.00
1325.00	1310.95	 3.1936	34.4997	27.4767	 0.67	 29.23	0.040	  161.82	100.00
1326.00	1311.94	 3.1895	34.5001	27.4774	 0.67	 29.30	0.041	  161.79	100.00
1327.00	1312.92	 3.1865	34.5003	27.4778	 0.68	 29.34	0.041	  161.86	100.00
1328.00	1313.91	 3.1812	34.5010	27.4789	 0.68	 29.59	0.040	  161.81	100.00
1329.00	1314.90	 3.1788	34.5012	27.4792	 0.69	 29.86	0.041	  161.82	100.00
1330.00	1315.88	 3.1749	34.5014	27.4798	 0.69	 29.81	0.040	  161.76	100.00
1331.00	1316.87	 3.1705	34.5016	27.4804	 0.69	 29.86	0.040	  161.80	100.00
1332.00	1317.86	 3.1653	34.5021	27.4812	 0.69	 29.84	0.040	  161.74	100.00
1333.00	1318.84	 3.1613	34.5023	27.4818	 0.69	 30.04	0.040	  161.73	100.00
1334.00	1319.83	 3.1573	34.5027	27.4825	 0.70	 30.26	0.040	  161.77	100.00
1335.00	1320.81	 3.1530	34.5026	27.4827	 0.68	 29.76	0.040	  161.80	100.00
1336.00	1321.80	 3.1495	34.5026	27.4831	 0.69	 29.85	0.041	  161.78	100.00
1337.00	1322.79	 3.1530	34.5024	27.4826	 0.69	 29.96	0.040	  161.70	100.00
1338.00	1323.77	 3.1441	34.5027	27.4837	 0.70	 30.23	0.040	  161.77	100.00
1339.00	1324.76	 3.1406	34.5032	27.4844	 0.70	 30.40	0.040	  161.71	100.00
1340.00	1325.75	 3.1416	34.5041	27.4850	 0.70	 30.27	0.040	  161.73	100.00
1341.00	1326.73	 3.1404	34.5046	27.4856	 0.69	 30.16	0.040	  161.70	100.00
1342.00	1327.72	 3.1399	34.5047	27.4857	 0.70	 30.48	0.040	  161.70	100.00
1343.00	1328.70	 3.1402	34.5046	27.4856	 0.70	 30.41	0.040	  161.72	100.00
1344.00	1329.69	 3.1396	34.5045	27.4856	 0.70	 30.56	0.041	  161.70	100.00
1345.00	1330.68	 3.1313	34.5050	27.4867	 0.71	 30.74	0.041	  161.71	100.00
1346.00	1331.66	 3.1290	34.5052	27.4871	 0.70	 30.38	0.040	  161.69	100.00
1347.00	1332.65	 3.1272	34.5051	27.4872	 0.70	 30.61	0.040	  161.68	100.00
1348.00	1333.63	 3.1255	34.5054	27.4876	 0.70	 30.63	0.041	  161.74	100.00
1349.00	1334.62	 3.1225	34.5054	27.4879	 0.70	 30.36	0.041	  161.72	100.00
1350.00	1335.61	 3.1188	34.5048	27.4877	 0.70	 30.29	0.040	  161.71	100.00
1351.00	1336.59	 3.1131	34.5047	27.4882	 0.69	 30.16	0.040	  161.69	100.00
1352.00	1337.58	 3.1110	34.5046	27.4883	 0.69	 30.16	0.040	  161.70	100.00
1353.00	1338.57	 3.1095	34.5047	27.4885	 0.69	 30.19	0.040	  161.70	100.00
1354.00	1339.55	 3.1066	34.5048	27.4889	 0.70	 30.26	0.040	  161.67	100.00
1355.00	1340.54	 3.1014	34.5051	27.4896	 0.70	 30.25	0.041	  161.71	100.00
1356.00	1341.52	 3.0943	34.5051	27.4902	 0.70	 30.42	0.040	  161.71	100.00
1357.00	1342.51	 3.0874	34.5052	27.4910	 0.71	 30.69	0.040	  161.67	100.00
1358.00	1343.50	 3.0845	34.5063	27.4921	 0.71	 30.69	0.040	  161.65	100.00
1359.00	1344.48	 3.0839	34.5068	27.4926	 0.71	 30.72	0.040	  161.68	100.00
1360.00	1345.47	 3.0840	34.5069	27.4927	 0.71	 30.94	0.040	  161.68	100.00
1361.00	1346.45	 3.0848	34.5072	27.4928	 0.71	 30.96	0.041	  161.60	100.00
1362.00	1347.44	 3.0857	34.5074	27.4929	 0.71	 30.94	0.041	  161.65	100.00
1363.00	1348.43	 3.0856	34.5075	27.4930	 0.71	 31.08	0.040	  161.64	100.00
1364.00	1349.41	 3.0846	34.5076	27.4932	 0.71	 31.05	0.040	  161.63	100.00
1365.00	1350.40	 3.0837	34.5077	27.4934	 0.71	 30.97	0.040	  161.60	100.00
1366.00	1351.39	 3.0837	34.5077	27.4933	 0.71	 30.94	0.040	  161.64	100.00
1367.00	1352.37	 3.0807	34.5076	27.4935	 0.71	 30.95	0.041	  161.65	100.00
1368.00	1353.36	 3.0762	34.5078	27.4942	 0.71	 31.03	0.041	  161.68	100.00
1369.00	1354.34	 3.0717	34.5076	27.4943	 0.71	 30.97	0.040	  161.60	100.00
1370.00	1355.33	 3.0683	34.5077	27.4948	 0.71	 30.88	0.040	  161.66	100.00
1371.00	1356.32	 3.0655	34.5077	27.4950	 0.71	 30.92	0.040	  161.61	100.00
1372.00	1357.30	 3.0654	34.5080	27.4953	 0.71	 31.02	0.040	  161.63	100.00
1373.00	1358.29	 3.0656	34.5080	27.4953	 0.71	 31.08	0.040	  161.62	100.00
1374.00	1359.27	 3.0631	34.5081	27.4956	 0.71	 30.91	0.041	  161.63	100.00
1375.00	1360.26	 3.0589	34.5081	27.4960	 0.71	 30.92	0.041	  161.61	100.00
1376.00	1361.25	 3.0571	34.5083	27.4963	 0.71	 31.05	0.040	  161.60	100.00
1377.00	1362.23	 3.0565	34.5083	27.4964	 0.71	 30.95	0.040	  161.67	100.00
1378.00	1363.22	 3.0557	34.5083	27.4964	 0.71	 30.84	0.040	  161.64	100.00
1379.00	1364.20	 3.0518	34.5080	27.4966	 0.71	 30.81	0.041	  161.62	100.00
1380.00	1365.19	 3.0497	34.5080	27.4967	 0.71	 30.82	0.041	  161.62	100.00
1381.00	1366.18	 3.0453	34.5082	27.4973	 0.71	 30.95	0.040	  161.61	100.00
1382.00	1367.16	 3.0446	34.5083	27.4974	 0.72	 31.24	0.040	  161.58	100.00
1383.00	1368.15	 3.0409	34.5082	27.4978	 0.72	 31.23	0.040	  161.59	100.00
1384.00	1369.13	 3.0369	34.5088	27.4985	 0.71	 30.85	0.040	  161.62	100.00
1385.00	1370.12	 3.0349	34.5088	27.4988	 0.71	 31.06	0.040	  161.57	100.00
1386.00	1371.11	 3.0332	34.5087	27.4988	 0.71	 30.98	0.040	  161.62	100.00
1387.00	1372.09	 3.0328	34.5086	27.4988	 0.71	 30.92	0.041	  161.59	100.00
1388.00	1373.08	 3.0314	34.5087	27.4990	 0.71	 31.02	0.040	  161.56	100.00
1389.00	1374.06	 3.0310	34.5086	27.4990	 0.72	 31.20	0.042	  161.54	100.00
1390.00	1375.05	 3.0268	34.5087	27.4994	 0.71	 31.06	0.042	  161.55	100.00
1391.00	1376.04	 3.0223	34.5091	27.5002	 0.71	 31.05	0.041	  161.57	100.00
1392.00	1377.02	 3.0188	34.5093	27.5006	 0.72	 31.21	0.040	  161.54	100.00
1393.00	1378.01	 3.0166	34.5096	27.5011	 0.72	 31.31	0.040	  161.60	100.00
1394.00	1378.99	 3.0155	34.5096	27.5012	 0.72	 31.28	0.040	  161.56	100.00
1395.00	1379.98	 3.0143	34.5097	27.5014	 0.72	 31.17	0.040	  161.53	100.00
1396.00	1380.97	 3.0129	34.5097	27.5016	 0.72	 31.25	0.040	  161.54	100.00
1397.00	1381.95	 3.0119	34.5097	27.5016	 0.72	 31.26	0.040	  161.55	100.00
1398.00	1382.94	 3.0104	34.5099	27.5019	 0.72	 31.10	0.040	  161.50	100.00
1399.00	1383.92	 3.0103	34.5099	27.5020	 0.72	 31.32	0.040	  161.48	100.00
1400.00	1384.91	 3.0102	34.5102	27.5022	 0.72	 31.50	0.040	  161.53	100.00
1401.00	1385.90	 3.0101	34.5102	27.5022	 0.72	 31.23	0.040	  161.52	100.00
1402.00	1386.88	 3.0100	34.5102	27.5023	 0.72	 31.29	0.040	  161.49	100.00
1403.00	1387.87	 3.0098	34.5104	27.5024	 0.72	 31.43	0.040	  161.53	100.00
1404.00	1388.85	 3.0088	34.5104	27.5026	 0.73	 31.59	0.040	  161.47	100.00
1405.00	1389.84	 3.0072	34.5112	27.5033	 0.73	 31.87	0.040	  161.44	100.00
1406.00	1390.83	 3.0056	34.5116	27.5038	 0.74	 32.07	0.040	  161.38	100.00
1407.00	1391.81	 3.0027	34.5122	27.5045	 0.74	 32.11	0.040	  161.45	100.00
1408.00	1392.80	 2.9973	34.5123	27.5051	 0.74	 32.34	0.040	  161.49	100.00
1409.00	1393.78	 2.9925	34.5126	27.5057	 0.74	 32.04	0.040	  161.45	100.00
1410.00	1394.77	 2.9909	34.5126	27.5059	 0.74	 32.13	0.040	  161.46	100.00
1411.00	1395.76	 2.9895	34.5125	27.5060	 0.74	 32.04	0.040	  161.42	100.00
1412.00	1396.74	 2.9892	34.5125	27.5060	 0.74	 32.07	0.040	  161.44	100.00
1413.00	1397.73	 2.9893	34.5127	27.5062	 0.74	 32.17	0.040	  161.47	100.00
1414.00	1398.71	 2.9887	34.5127	27.5062	 0.74	 32.22	0.040	  161.42	100.00
1415.00	1399.70	 2.9803	34.5129	27.5071	 0.75	 32.39	0.040	  161.44	100.00
1416.00	1400.68	 2.9757	34.5137	27.5082	 0.75	 32.53	0.040	  161.48	100.00
1417.00	1401.67	 2.9743	34.5140	27.5086	 0.75	 32.64	0.040	  161.42	100.00
1418.00	1402.66	 2.9738	34.5143	27.5089	 0.75	 32.68	0.040	  161.46	100.00
1419.00	1403.64	 2.9732	34.5146	27.5092	 0.76	 32.82	0.040	  161.43	100.00
1420.00	1404.63	 2.9702	34.5150	27.5098	 0.76	 33.01	0.041	  161.45	100.00
1421.00	1405.61	 2.9685	34.5154	27.5102	 0.76	 33.00	0.041	  161.48	100.00
1422.00	1406.60	 2.9679	34.5156	27.5105	 0.76	 32.98	0.042	  161.42	100.00
1423.00	1407.59	 2.9679	34.5156	27.5104	 0.76	 33.13	0.041	  161.40	100.00
1424.00	1408.57	 2.9673	34.5156	27.5105	 0.76	 33.08	0.040	  161.42	100.00
1425.00	1409.56	 2.9667	34.5155	27.5105	 0.76	 32.95	0.040	  161.39	100.00
1426.00	1410.54	 2.9658	34.5157	27.5107	 0.76	 33.10	0.040	  161.40	100.00
1427.00	1411.53	 2.9640	34.5159	27.5111	 0.76	 33.13	0.040	  161.41	100.00
1428.00	1412.51	 2.9593	34.5162	27.5117	 0.77	 33.35	0.040	  161.44	100.00
1429.00	1413.50	 2.9480	34.5170	27.5134	 0.77	 33.66	0.040	  161.41	100.00
1430.00	1414.49	 2.9433	34.5173	27.5141	 0.78	 33.96	0.040	  161.47	100.00
1431.00	1415.47	 2.9400	34.5177	27.5147	 0.77	 33.63	0.040	  161.40	100.00
1432.00	1416.46	 2.9388	34.5179	27.5150	 0.78	 33.72	0.040	  161.37	100.00
1433.00	1417.44	 2.9384	34.5180	27.5150	 0.77	 33.67	0.040	  161.42	100.00
1434.00	1418.43	 2.9380	34.5179	27.5150	 0.77	 33.47	0.040	  161.38	100.00
1435.00	1419.42	 2.9375	34.5182	27.5153	 0.78	 33.72	0.041	  161.38	100.00
1436.00	1420.40	 2.9371	34.5182	27.5154	 0.78	 33.87	0.040	  161.40	100.00
1437.00	1421.39	 2.9365	34.5181	27.5154	 0.78	 33.94	0.040	  161.37	100.00
1438.00	1422.37	 2.9362	34.5183	27.5155	 0.78	 33.86	0.040	  161.43	100.00
1439.00	1423.36	 2.9341	34.5185	27.5159	 0.79	 34.13	0.040	  161.38	100.00
1440.00	1424.34	 2.9300	34.5194	27.5169	 0.79	 34.36	0.041	  161.35	100.00
1441.00	1425.33	 2.9280	34.5196	27.5173	 0.79	 34.12	0.041	  161.33	100.00
1442.00	1426.32	 2.9260	34.5199	27.5177	 0.79	 34.37	0.040	  161.32	100.00
1443.00	1427.30	 2.9243	34.5203	27.5182	 0.80	 34.62	0.040	  161.35	100.00
1444.00	1428.29	 2.9234	34.5207	27.5186	 0.80	 34.59	0.040	  161.31	100.00
1445.00	1429.27	 2.9227	34.5208	27.5188	 0.80	 34.73	0.040	  161.36	100.00
1446.00	1430.26	 2.9218	34.5210	27.5190	 0.80	 34.81	0.040	  161.37	100.00
1447.00	1431.24	 2.9214	34.5211	27.5192	 0.80	 34.74	0.040	  161.34	100.00
1448.00	1432.23	 2.9207	34.5213	27.5193	 0.80	 34.95	0.040	  161.32	100.00
1449.00	1433.22	 2.9197	34.5215	27.5197	 0.81	 34.99	0.040	  161.29	100.00
1450.00	1434.20	 2.9184	34.5217	27.5199	 0.81	 35.37	0.040	  161.28	100.00
1451.00	1435.19	 2.9157	34.5221	27.5205	 0.81	 35.34	0.040	  161.37	100.00
1452.00	1436.17	 2.9116	34.5227	27.5213	 0.81	 35.19	0.040	  161.28	100.00
1453.00	1437.16	 2.9104	34.5230	27.5217	 0.82	 35.45	0.040	  161.29	100.00
1454.00	1438.14	 2.9091	34.5231	27.5219	 0.82	 35.54	0.040	  161.33	100.00
1455.00	1439.13	 2.9060	34.5235	27.5224	 0.82	 35.83	0.040	  161.32	100.00
1456.00	1440.12	 2.9036	34.5238	27.5229	 0.83	 36.12	0.040	  161.25	100.00
1457.00	1441.10	 2.9023	34.5243	27.5235	 0.82	 35.68	0.040	  161.29	100.00
1458.00	1442.09	 2.9007	34.5244	27.5237	 0.83	 35.89	0.040	  161.34	100.00
1459.00	1443.07	 2.8979	34.5246	27.5241	 0.83	 35.87	0.040	  161.31	100.00
1460.00	1444.06	 2.8944	34.5244	27.5243	 0.82	 35.61	0.040	  161.28	100.00
1461.00	1445.04	 2.8938	34.5241	27.5241	 0.82	 35.67	0.040	  161.30	100.00
1462.00	1446.03	 2.8877	34.5238	27.5244	 0.82	 35.72	0.040	  161.27	100.00
1463.00	1447.02	 2.8848	34.5240	27.5248	 0.82	 35.68	0.042	  161.27	100.00
1464.00	1448.00	 2.8854	34.5248	27.5254	 0.83	 35.92	0.041	  161.26	100.00
1465.00	1448.99	 2.8838	34.5251	27.5258	 0.83	 36.11	0.041	  161.23	100.00
1466.00	1449.97	 2.8797	34.5255	27.5265	 0.83	 36.17	0.041	  161.30	100.00
1467.00	1450.96	 2.8763	34.5254	27.5267	 0.84	 36.35	0.040	  161.28	100.00
1468.00	1451.94	 2.8747	34.5258	27.5272	 0.84	 36.53	0.040	  161.26	100.00
1469.00	1452.93	 2.8708	34.5266	27.5282	 0.85	 36.84	0.040	  161.27	100.00
1470.00	1453.91	 2.8673	34.5270	27.5288	 0.85	 36.89	0.040	  161.24	100.00
1471.00	1454.90	 2.8643	34.5274	27.5294	 0.84	 36.66	0.040	  161.25	100.00
1472.00	1455.89	 2.8640	34.5274	27.5294	 0.85	 36.77	0.040	  161.28	100.00
1473.00	1456.87	 2.8631	34.5275	27.5296	 0.85	 36.88	0.040	  161.25	100.00
1474.00	1457.86	 2.8610	34.5279	27.5301	 0.85	 36.94	0.040	  161.26	100.00
1475.00	1458.84	 2.8610	34.5279	27.5301	 0.85	 36.94	0.040	  161.18	100.00
1476.00	1459.83	 2.8611	34.5280	27.5301	 0.85	 37.00	0.040	  161.19	100.00
1477.00	1460.81	 2.8608	34.5280	27.5302	 0.85	 36.97	0.040	  161.22	100.00
1478.00	1461.80	 2.8610	34.5279	27.5301	 0.85	 36.95	0.040	  161.21	100.00
1479.00	1462.78	 2.8606	34.5280	27.5303	 0.85	 37.01	0.041	  161.20	100.00
1480.00	1463.77	 2.8600	34.5282	27.5305	 0.86	 37.24	0.041	  161.22	100.00
1481.00	1464.76	 2.8597	34.5283	27.5305	 0.86	 37.47	0.040	  161.15	100.00
1482.00	1465.74	 2.8590	34.5285	27.5308	 0.85	 37.16	0.040	  161.24	100.00
1483.00	1466.73	 2.8562	34.5289	27.5314	 0.86	 37.31	0.040	  161.19	100.00
1484.00	1467.71	 2.8523	34.5295	27.5322	 0.87	 37.63	0.040	  161.17	100.00
1485.00	1468.70	 2.8490	34.5300	27.5329	 0.87	 37.81	0.041	  161.18	100.00
1486.00	1469.68	 2.8479	34.5302	27.5331	 0.87	 37.73	0.040	  161.14	100.00
1487.00	1470.67	 2.8481	34.5302	27.5332	 0.87	 37.70	0.040	  161.18	100.00
1488.00	1471.65	 2.8482	34.5302	27.5331	 0.87	 37.72	0.040	  161.18	100.00
1489.00	1472.64	 2.8480	34.5303	27.5332	 0.87	 37.74	0.040	  161.13	100.00
1490.00	1473.63	 2.8483	34.5302	27.5331	 0.87	 37.75	0.040	  161.17	100.00
1491.00	1474.61	 2.8475	34.5303	27.5333	 0.87	 37.79	0.040	  161.18	100.00
1492.00	1475.60	 2.8475	34.5303	27.5333	 0.87	 37.76	0.040	  161.16	100.00
1493.00	1476.58	 2.8459	34.5305	27.5336	 0.87	 37.70	0.040	  161.21	100.00
1494.00	1477.57	 2.8451	34.5306	27.5338	 0.87	 37.98	0.040	  161.21	100.00
1495.00	1478.55	 2.8434	34.5307	27.5340	 0.88	 38.12	0.040	  161.13	100.00
1496.00	1479.54	 2.8389	34.5316	27.5351	 0.88	 38.24	0.040	  161.16	100.00
1497.00	1480.52	 2.8356	34.5320	27.5357	 0.88	 38.46	0.040	  161.18	100.00
