wcoa21_data_management/01_CRUISE_METADATA/00_OCADS_data/CTD_downcasts/WCOA_2021_CTD_downcasts/dRB2102_CTD_076_01_F.txt
* Sea-Bird SBE 9 Data:
* Software Version Seasave V 7.26.7.107
* Vessel: NOAA Ship Ronald H. Brown
* Cruise: RB2102, West Coast Ocean Acidification (WCOA) 2021
* Dates: 20210622 to 20210723
* Region: NE Pacific, USA West Coast
* Ports: San Diego, CA to Port Angeles, WA to San Diego, CA
* Chief Scientists: R. Feely, NOAA PMEL; D. Greeley, NOAA PMEL; B. Carter, NOAA PMEL / UW CICOES
*END*
   2.00	   1.98	12.8466	33.2236	25.0472	 6.07	264.60	0.066	  156.09	-19.27
   3.00	   2.98	12.8476	33.2242	25.0475	 6.08	264.70	0.066	  156.15	 27.31
   4.00	   3.97	12.8477	33.2245	25.0477	 6.07	264.46	0.066	  156.06	 85.51
   5.00	   4.96	12.8485	33.2248	25.0479	 6.10	265.96	0.068	  155.79	 99.89
   6.00	   5.95	12.8495	33.2251	25.0479	 6.12	266.43	0.070	  155.58	 99.61
   7.00	   6.95	12.8491	33.2250	25.0479	 6.12	266.81	0.070	  155.56	 99.61
   8.00	   7.94	12.8496	33.2251	25.0479	 6.12	266.81	0.070	  155.53	 99.61
   9.00	   8.93	12.8512	33.2253	25.0478	 6.13	267.13	0.073	  155.58	 99.61
  10.00	   9.92	12.8500	33.2251	25.0479	 6.13	267.14	0.074	  155.55	 99.61
  11.00	  10.92	12.8491	33.2251	25.0481	 6.14	267.31	0.075	  155.54	 99.61
  12.00	  11.91	12.8498	33.2250	25.0479	 6.14	267.52	0.078	  155.55	 99.61
  13.00	  12.90	12.8497	33.2250	25.0479	 6.15	267.79	0.080	  155.49	 99.61
  14.00	  13.89	12.8499	33.2250	25.0479	 6.15	267.79	0.082	  155.44	 99.62
  15.00	  14.89	12.8483	33.2248	25.0481	 6.15	267.85	0.083	  155.47	 99.62
  16.00	  15.88	12.8473	33.2247	25.0483	 6.14	267.44	0.085	  155.44	 99.62
  17.00	  16.87	12.8473	33.2246	25.0482	 6.13	266.96	0.087	  155.40	 99.62
  18.00	  17.86	12.8434	33.2244	25.0488	 6.11	266.21	0.085	  155.41	 99.61
  19.00	  18.86	12.8451	33.2247	25.0488	 6.13	266.89	0.087	  155.45	 99.61
  20.00	  19.85	12.8455	33.2246	25.0487	 6.13	267.07	0.088	  155.40	 99.61
  21.00	  20.84	12.8413	33.2241	25.0491	 6.12	266.72	0.091	  155.33	 99.61
  22.00	  21.83	12.8331	33.2231	25.0500	 6.13	266.99	0.092	  155.38	 99.61
  23.00	  22.82	12.8313	33.2230	25.0502	 6.13	266.87	0.093	  155.33	 99.61
  24.00	  23.82	12.8136	33.2210	25.0522	 6.14	267.46	0.094	  155.32	 99.61
  25.00	  24.81	12.8024	33.2217	25.0550	 6.14	267.68	0.095	  155.30	 99.61
  26.00	  25.80	12.7911	33.2250	25.0598	 6.14	267.37	0.095	  155.36	 99.61
  27.00	  26.79	12.7643	33.2334	25.0715	 6.13	267.12	0.097	  155.31	 99.61
  28.00	  27.79	12.7670	33.2335	25.0711	 6.10	265.69	0.096	  155.33	 99.61
  29.00	  28.78	12.6997	33.2356	25.0859	 6.08	264.89	0.095	  155.30	 99.61
  30.00	  29.77	12.5467	33.2517	25.1280	 6.04	263.01	0.090	  155.33	 99.60
  31.00	  30.76	11.9334	33.2031	25.2069	 5.87	255.54	0.090	  155.41	 99.58
  32.00	  31.76	10.3831	32.9768	25.3084	 5.78	251.57	0.079	  155.86	 99.56
  33.00	  32.75	 9.8127	33.0244	25.4413	 5.70	248.34	0.063	  156.01	 99.52
  34.00	  33.74	 9.9468	33.0863	25.4674	 5.61	244.21	0.063	  156.01	 99.48
  35.00	  34.73	10.0983	33.1377	25.4821	 5.46	237.99	0.067	  156.02	 96.30
  36.00	  35.73	10.3388	33.2509	25.5297	 5.43	236.32	0.068	  155.96	 99.43
  37.00	  36.72	10.4000	33.2873	25.5476	 5.38	234.46	0.068	  156.00	 99.36
  38.00	  37.71	10.4962	33.3441	25.5754	 5.35	232.82	0.071	  156.02	 99.35
  39.00	  38.70	10.5454	33.3849	25.5987	 5.29	230.47	0.075	  155.99	 89.71
  40.00	  39.69	10.5861	33.4361	25.6315	 5.25	228.71	0.075	  155.97	 88.64
  41.00	  40.69	10.6348	33.4645	25.6452	 5.24	227.97	0.079	  156.04	 98.98
  42.00	  41.68	10.6339	33.4797	25.6571	 5.23	227.66	0.087	  156.02	 94.50
  43.00	  42.67	10.6331	33.4948	25.6691	 5.21	226.94	0.089	  156.09	 96.50
  44.00	  43.66	10.5854	33.5639	25.7313	 5.25	228.65	0.083	  156.11	 99.34
  45.00	  44.66	10.6776	33.6146	25.7547	 5.25	228.43	0.077	  156.06	 99.33
  46.00	  45.65	10.6779	33.6324	25.7686	 5.25	228.56	0.077	  156.05	 98.74
  47.00	  46.64	10.6737	33.6481	25.7816	 5.26	229.06	0.079	  156.08	 99.36
  48.00	  47.63	10.6774	33.6532	25.7849	 5.27	229.49	0.072	  156.03	 99.34
  49.00	  48.62	10.6798	33.6542	25.7853	 5.27	229.51	0.070	  156.07	 99.34
  50.00	  49.62	10.6792	33.6531	25.7846	 5.26	229.09	0.071	  156.07	 89.04
  51.00	  50.61	10.6786	33.6520	25.7838	 5.21	226.74	0.076	  156.06	100.75
  52.00	  51.60	10.5421	33.6750	25.8256	 5.16	224.75	0.070	  156.11	 99.34
  53.00	  52.59	10.4742	33.6860	25.8460	 5.17	224.96	0.063	  156.14	 99.33
  54.00	  53.59	10.4327	33.6927	25.8584	 5.14	223.70	0.060	  156.15	 93.64
  55.00	  54.58	10.3933	33.6978	25.8692	 5.09	221.48	0.058	  156.17	 99.43
  56.00	  55.57	10.3298	33.7059	25.8865	 5.06	220.31	0.056	  156.19	 95.45
  57.00	  56.56	10.2804	33.7084	25.8969	 5.03	218.88	0.054	  156.18	 96.31
  58.00	  57.55	10.1926	33.7143	25.9165	 4.98	216.91	0.054	  156.20	 99.32
  59.00	  58.55	10.1211	33.7191	25.9324	 4.92	214.29	0.051	  156.30	 99.32
  60.00	  59.54	10.0824	33.7221	25.9414	 4.88	212.52	0.051	  156.25	 99.32
  61.00	  60.53	10.0476	33.7320	25.9550	 4.87	211.99	0.049	  156.27	 90.76
  62.00	  61.52	10.0319	33.7614	25.9806	 4.85	210.96	0.049	  156.26	 95.27
  63.00	  62.51	10.0118	33.7836	26.0014	 4.82	209.74	0.049	  156.27	 99.37
  64.00	  63.51	10.0046	33.7905	26.0080	 4.78	208.14	0.048	  156.20	 94.56
  65.00	  64.50	 9.9702	33.7982	26.0198	 4.75	206.67	0.048	  156.27	 99.20
  66.00	  65.49	 9.9592	33.8048	26.0268	 4.75	206.97	0.049	  156.26	 99.32
  67.00	  66.48	 9.9612	33.8145	26.0341	 4.76	207.35	0.047	  156.24	 99.32
  68.00	  67.48	 9.9494	33.8190	26.0396	 4.76	207.09	0.048	  156.24	 99.32
  69.00	  68.47	 9.9272	33.8259	26.0487	 4.76	207.11	0.047	  156.26	 93.22
  70.00	  69.46	 9.9233	33.8290	26.0519	 4.76	207.10	0.047	  156.27	 99.26
  71.00	  70.45	 9.9163	33.8323	26.0556	 4.75	206.68	0.047	  156.27	 99.31
  72.00	  71.44	 9.9084	33.8352	26.0592	 4.73	205.69	0.046	  156.25	 99.31
  73.00	  72.44	 9.8742	33.8397	26.0685	 4.69	204.06	0.047	  156.22	 99.22
  74.00	  73.43	 9.8410	33.8409	26.0750	 4.65	202.24	0.047	  156.27	 99.31
  75.00	  74.42	 9.7947	33.8405	26.0824	 4.61	200.61	0.046	  156.28	 99.32
  76.00	  75.41	 9.7665	33.8412	26.0877	 4.58	199.46	0.045	  156.29	 99.32
  77.00	  76.40	 9.7434	33.8410	26.0913	 4.58	199.15	0.045	  156.27	 99.32
  78.00	  77.40	 9.7425	33.8497	26.0984	 4.57	198.89	0.044	  156.28	 99.32
  79.00	  78.39	 9.7458	33.8646	26.1095	 4.52	196.78	0.044	  156.25	 93.38
  80.00	  79.38	 9.6952	33.8682	26.1207	 4.46	193.99	0.043	  156.28	 99.50
  81.00	  80.37	 9.6334	33.8749	26.1361	 4.42	192.45	0.043	  156.28	 99.32
  82.00	  81.36	 9.6024	33.8775	26.1433	 4.40	191.42	0.042	  156.31	 99.32
  83.00	  82.36	 9.5570	33.8832	26.1552	 4.36	189.83	0.042	  156.31	 99.33
  84.00	  83.35	 9.5362	33.8840	26.1593	 4.31	187.39	0.042	  156.29	 99.34
  85.00	  84.34	 9.5165	33.8840	26.1626	 4.29	186.54	0.042	  156.33	 99.34
  86.00	  85.33	 9.4993	33.8849	26.1661	 4.27	185.94	0.042	  156.30	 99.34
  87.00	  86.32	 9.4813	33.8867	26.1704	 4.26	185.42	0.041	  156.30	 99.34
  88.00	  87.32	 9.4599	33.8901	26.1766	 4.24	184.44	0.041	  156.31	 99.34
  89.00	  88.31	 9.4335	33.8928	26.1830	 4.21	183.28	0.042	  156.28	 96.78
  90.00	  89.30	 9.4272	33.8948	26.1856	 4.19	182.35	0.042	  156.27	 99.46
  91.00	  90.29	 9.4155	33.8989	26.1908	 4.16	180.94	0.042	  156.29	 99.37
  92.00	  91.28	 9.3931	33.9014	26.1964	 4.13	179.77	0.041	  156.31	 99.37
  93.00	  92.28	 9.3543	33.9056	26.2060	 4.12	179.17	0.040	  156.33	 99.37
  94.00	  93.27	 9.3503	33.9144	26.2136	 4.06	176.90	0.041	  156.29	 99.37
  95.00	  94.26	 9.3017	33.9103	26.2182	 4.00	174.03	0.041	  156.32	 99.37
  96.00	  95.25	 9.2567	33.9060	26.2221	 3.96	172.21	0.040	  156.29	 99.38
  97.00	  96.24	 9.2302	33.9149	26.2334	 3.96	172.25	0.040	  156.37	 99.39
  98.00	  97.24	 9.2438	33.9296	26.2427	 3.97	172.70	0.040	  156.31	 99.39
  99.00	  98.23	 9.2473	33.9340	26.2455	 3.97	172.71	0.040	  156.38	 99.39
 100.00	  99.22	 9.2374	33.9342	26.2473	 3.96	172.18	0.040	  156.30	 96.99
 101.00	 100.21	 9.2371	33.9385	26.2508	 3.94	171.36	0.041	  156.32	 98.51
 102.00	 101.20	 9.2278	33.9393	26.2529	 3.93	170.96	0.040	  156.33	 99.43
 103.00	 102.20	 9.2185	33.9409	26.2557	 3.92	170.69	0.040	  156.31	 99.40
 104.00	 103.19	 9.2071	33.9435	26.2596	 3.91	170.33	0.040	  156.36	 99.41
 105.00	 104.18	 9.2036	33.9441	26.2606	 3.90	169.92	0.040	  156.30	 99.41
 106.00	 105.17	 9.2001	33.9449	26.2618	 3.89	169.30	0.040	  156.29	 99.41
 107.00	 106.16	 9.1980	33.9454	26.2626	 3.90	169.51	0.040	  156.35	 99.41
 108.00	 107.16	 9.1910	33.9454	26.2637	 3.90	169.86	0.040	  156.33	 99.41
 109.00	 108.15	 9.1766	33.9478	26.2679	 3.90	169.77	0.040	  156.34	 99.41
 110.00	 109.14	 9.1684	33.9482	26.2696	 3.89	169.47	0.040	  156.34	 99.41
 111.00	 110.13	 9.1559	33.9509	26.2737	 3.89	169.25	0.040	  156.35	 99.41
 112.00	 111.12	 9.1436	33.9568	26.2803	 3.87	168.46	0.040	  156.29	 99.41
 113.00	 112.12	 9.1382	33.9582	26.2823	 3.85	167.33	0.041	  156.32	 99.41
 114.00	 113.11	 9.1218	33.9589	26.2855	 3.82	166.42	0.041	  156.30	 99.41
 115.00	 114.10	 9.1190	33.9602	26.2869	 3.81	165.63	0.040	  156.23	 99.43
 116.00	 115.09	 9.1177	33.9606	26.2874	 3.78	164.58	0.040	  156.22	 99.43
 117.00	 116.08	 9.1117	33.9609	26.2887	 3.76	163.82	0.040	  156.26	 99.44
 118.00	 117.08	 9.0943	33.9630	26.2931	 3.75	163.09	0.040	  156.27	 99.44
 119.00	 118.07	 9.0904	33.9628	26.2935	 3.73	162.36	0.040	  156.28	 99.44
 120.00	 119.06	 9.0869	33.9628	26.2942	 3.72	161.78	0.040	  156.27	 99.44
 121.00	 120.05	 9.0813	33.9632	26.2954	 3.70	161.12	0.040	  156.24	 99.35
 122.00	 121.04	 9.0722	33.9640	26.2975	 3.66	159.11	0.040	  156.25	 98.74
 123.00	 122.03	 9.0574	33.9650	26.3006	 3.60	156.85	0.040	  156.29	 99.46
 124.00	 123.03	 9.0403	33.9676	26.3054	 3.58	155.88	0.040	  156.22	 99.45
 125.00	 124.02	 9.0294	33.9689	26.3082	 3.58	155.67	0.040	  156.28	 99.46
 126.00	 125.01	 9.0213	33.9702	26.3105	 3.56	154.71	0.040	  156.26	 99.46
 127.00	 126.00	 9.0077	33.9721	26.3141	 3.50	152.31	0.040	  156.26	 99.47
 128.00	 126.99	 8.9883	33.9726	26.3176	 3.44	149.64	0.040	  156.22	 99.47
 129.00	 127.99	 8.9759	33.9718	26.3190	 3.38	147.24	0.040	  156.27	 99.48
 130.00	 128.98	 8.9551	33.9724	26.3227	 3.35	145.56	0.040	  156.24	 99.49
 131.00	 129.97	 8.9443	33.9747	26.3263	 3.32	144.44	0.040	  156.26	 99.49
 132.00	 130.96	 8.9371	33.9755	26.3281	 3.29	143.05	0.040	  156.24	 99.51
 133.00	 131.95	 8.9265	33.9764	26.3305	 3.27	142.16	0.040	  156.25	 99.51
 134.00	 132.94	 8.9176	33.9775	26.3327	 3.25	141.32	0.040	  156.21	 99.53
 135.00	 133.94	 8.9112	33.9781	26.3343	 3.23	140.63	0.040	  156.22	 99.54
 136.00	 134.93	 8.9050	33.9795	26.3363	 3.21	139.83	0.040	  156.21	 99.54
 137.00	 135.92	 8.8989	33.9803	26.3379	 3.20	139.14	0.040	  156.28	 99.54
 138.00	 136.91	 8.8713	33.9844	26.3455	 3.19	138.66	0.040	  156.24	 99.54
 139.00	 137.90	 8.8472	33.9876	26.3518	 3.16	137.69	0.040	  156.24	 99.55
 140.00	 138.90	 8.8448	33.9875	26.3521	 3.14	136.82	0.040	  156.22	 99.55
 141.00	 139.89	 8.8365	33.9888	26.3544	 3.13	136.20	0.040	  156.31	 99.55
 142.00	 140.88	 8.8287	33.9893	26.3561	 3.13	136.00	0.040	  156.27	 99.56
 143.00	 141.87	 8.8171	33.9909	26.3592	 3.12	135.84	0.040	  156.25	 99.56
 144.00	 142.86	 8.8045	33.9941	26.3637	 3.11	135.26	0.040	  156.26	 99.56
 145.00	 143.85	 8.7881	33.9961	26.3678	 3.07	133.37	0.040	  156.28	 99.56
 146.00	 144.85	 8.7736	33.9971	26.3709	 3.04	132.41	0.039	  156.26	 99.56
 147.00	 145.84	 8.7659	33.9980	26.3728	 3.03	132.01	0.040	  156.28	 99.56
 148.00	 146.83	 8.7645	33.9982	26.3732	 3.03	131.68	0.040	  156.25	 99.58
 149.00	 147.82	 8.7621	33.9985	26.3738	 3.02	131.47	0.040	  156.19	 99.58
 150.00	 148.81	 8.7573	33.9993	26.3752	 3.02	131.62	0.040	  156.22	 99.58
 151.00	 149.80	 8.7525	34.0003	26.3767	 3.03	131.99	0.040	  156.19	 99.58
 152.00	 150.80	 8.7468	34.0017	26.3787	 3.04	132.07	0.040	  156.25	 99.58
 153.00	 151.79	 8.7401	34.0029	26.3807	 3.01	130.87	0.040	  156.24	 99.58
 154.00	 152.78	 8.7137	34.0064	26.3876	 2.94	127.77	0.040	  156.19	 99.58
 155.00	 153.77	 8.6746	34.0085	26.3953	 2.86	124.64	0.040	  156.21	 99.58
 156.00	 154.76	 8.6568	34.0103	26.3995	 2.80	122.01	0.040	  156.19	 99.58
 157.00	 155.76	 8.6485	34.0108	26.4012	 2.73	118.91	0.040	  156.19	 99.61
 158.00	 156.75	 8.6291	34.0109	26.4043	 2.69	117.10	0.040	  156.25	 99.61
 159.00	 157.74	 8.6209	34.0116	26.4061	 2.66	115.64	0.040	  156.22	 99.62
 160.00	 158.73	 8.6158	34.0120	26.4072	 2.60	113.10	0.040	  156.19	 99.64
 161.00	 159.72	 8.5953	34.0128	26.4111	 2.55	110.83	0.040	  156.23	 99.66
 162.00	 160.71	 8.5792	34.0147	26.4150	 2.53	110.28	0.040	  156.27	 99.66
 163.00	 161.71	 8.5764	34.0148	26.4155	 2.52	109.81	0.040	  156.19	 99.66
 164.00	 162.70	 8.5753	34.0151	26.4160	 2.51	109.24	0.040	  156.18	 99.66
 165.00	 163.69	 8.5734	34.0151	26.4163	 2.50	108.79	0.040	  156.22	 99.68
 166.00	 164.68	 8.5717	34.0154	26.4168	 2.48	107.96	0.040	  156.15	 99.68
 167.00	 165.67	 8.5690	34.0154	26.4172	 2.46	107.14	0.040	  156.24	 99.68
 168.00	 166.66	 8.5626	34.0157	26.4185	 2.45	106.55	0.040	  156.17	 99.68
 169.00	 167.66	 8.5583	34.0163	26.4196	 2.43	105.90	0.040	  156.17	 99.68
 170.00	 168.65	 8.5483	34.0168	26.4216	 2.42	105.26	0.040	  156.12	 99.68
 171.00	 169.64	 8.5426	34.0172	26.4228	 2.38	103.55	0.040	  156.15	 99.70
 172.00	 170.63	 8.5321	34.0180	26.4250	 2.35	102.27	0.040	  156.21	 99.70
 173.00	 171.62	 8.5196	34.0193	26.4279	 2.33	101.24	0.040	  156.16	 99.71
 174.00	 172.61	 8.5113	34.0198	26.4297	 2.30	 99.93	0.040	  156.19	 99.71
 175.00	 173.60	 8.4922	34.0216	26.4340	 2.27	 98.93	0.040	  156.25	 99.71
 176.00	 174.60	 8.4779	34.0230	26.4373	 2.24	 97.26	0.040	  156.19	 99.72
 177.00	 175.59	 8.4716	34.0235	26.4386	 2.18	 95.02	0.040	  156.22	 99.73
 178.00	 176.58	 8.4634	34.0244	26.4406	 2.14	 93.28	0.040	  156.14	 99.73
 179.00	 177.57	 8.4513	34.0264	26.4441	 2.13	 92.62	0.040	  156.17	 99.73
 180.00	 178.56	 8.4385	34.0279	26.4473	 2.10	 91.47	0.040	  156.21	 99.73
 181.00	 179.55	 8.4279	34.0290	26.4497	 2.08	 90.32	0.040	  156.09	 99.75
 182.00	 180.55	 8.4175	34.0306	26.4526	 2.07	 89.99	0.040	  156.17	 99.76
 183.00	 181.54	 8.4108	34.0317	26.4544	 2.06	 89.50	0.040	  156.17	 99.76
 184.00	 182.53	 8.4049	34.0324	26.4559	 2.05	 89.07	0.040	  156.17	 99.76
 185.00	 183.52	 8.3984	34.0333	26.4576	 2.04	 88.62	0.040	  156.17	 99.76
 186.00	 184.51	 8.3924	34.0343	26.4594	 2.02	 87.75	0.040	  156.21	 99.76
 187.00	 185.50	 8.3803	34.0377	26.4639	 1.99	 86.45	0.040	  156.14	 99.77
 188.00	 186.50	 8.3740	34.0442	26.4700	 1.96	 85.39	0.040	  156.18	 99.77
 189.00	 187.49	 8.3720	34.0459	26.4716	 1.95	 84.84	0.040	  156.13	 99.78
 190.00	 188.48	 8.3688	34.0474	26.4733	 1.94	 84.55	0.040	  156.14	 99.78
 191.00	 189.47	 8.3672	34.0482	26.4742	 1.93	 84.10	0.040	  156.11	 99.78
 192.00	 190.46	 8.3653	34.0494	26.4754	 1.91	 83.31	0.040	  156.11	 99.78
 193.00	 191.45	 8.3637	34.0502	26.4763	 1.89	 82.44	0.040	  156.11	 99.78
 194.00	 192.44	 8.3608	34.0511	26.4775	 1.88	 81.76	0.040	  156.07	 99.79
 195.00	 193.44	 8.3508	34.0537	26.4810	 1.87	 81.39	0.040	  156.05	 99.78
 196.00	 194.43	 8.3453	34.0551	26.4830	 1.86	 81.05	0.040	  156.07	 99.78
 197.00	 195.42	 8.3419	34.0558	26.4840	 1.85	 80.56	0.040	  156.10	 99.79
 198.00	 196.41	 8.3388	34.0565	26.4851	 1.84	 79.84	0.040	  156.05	 99.79
 199.00	 197.40	 8.3342	34.0572	26.4864	 1.83	 79.44	0.040	  156.14	 99.80
 200.00	 198.39	 8.3249	34.0579	26.4883	 1.82	 79.14	0.040	  156.13	 99.80
 201.00	 199.38	 8.3127	34.0595	26.4914	 1.81	 78.78	0.040	  156.06	 99.80
 202.00	 200.38	 8.3079	34.0602	26.4927	 1.79	 78.01	0.040	  156.12	 99.80
 203.00	 201.37	 8.3012	34.0604	26.4939	 1.78	 77.57	0.040	  156.05	 99.80
 204.00	 202.36	 8.2850	34.0625	26.4980	 1.78	 77.30	0.040	  156.04	 99.80
 205.00	 203.35	 8.2769	34.0630	26.4997	 1.77	 77.02	0.040	  156.10	 99.80
 206.00	 204.34	 8.2683	34.0640	26.5018	 1.77	 76.88	0.040	  156.09	 99.80
 207.00	 205.33	 8.2614	34.0645	26.5032	 1.76	 76.47	0.040	  156.05	 99.81
 208.00	 206.33	 8.2436	34.0656	26.5067	 1.75	 76.00	0.040	  156.09	 99.81
 209.00	 207.32	 8.2334	34.0665	26.5090	 1.75	 75.97	0.040	  156.09	 99.81
 210.00	 208.31	 8.2280	34.0667	26.5100	 1.75	 76.05	0.040	  156.08	 99.81
 211.00	 209.30	 8.2226	34.0669	26.5110	 1.75	 75.94	0.040	  156.10	 99.82
 212.00	 210.29	 8.2153	34.0675	26.5126	 1.74	 75.65	0.040	  156.05	 99.82
 213.00	 211.28	 8.2092	34.0680	26.5139	 1.73	 75.35	0.040	  156.06	 99.82
 214.00	 212.27	 8.2023	34.0682	26.5151	 1.73	 75.28	0.040	  156.03	 99.83
