wcoa21_data_management/01_CRUISE_METADATA/00_OCADS_data/CTD_downcasts/WCOA_2021_CTD_downcasts/dRB2102_CTD_079_01_F.txt
* Sea-Bird SBE 9 Data:
* Software Version Seasave V 7.26.7.107
* Vessel: NOAA Ship Ronald H. Brown
* Cruise: RB2102, West Coast Ocean Acidification (WCOA) 2021
* Dates: 20210622 to 20210723
* Region: NE Pacific, USA West Coast
* Ports: San Diego, CA to Port Angeles, WA to San Diego, CA
* Chief Scientists: R. Feely, NOAA PMEL; D. Greeley, NOAA PMEL; B. Carter, NOAA PMEL / UW CICOES
*END*
[from data line 427]
 431.00	 427.34	 6.9099	34.2134	26.8170	 0.75	 32.43	0.042	  154.86	 99.96
 432.00	 428.33	 6.9092	34.2139	26.8174	 0.74	 32.14	0.042	  154.78	 99.97
 433.00	 429.32	 6.9049	34.2151	26.8190	 0.73	 31.92	0.040	  154.86	 99.96
 434.00	 430.31	 6.8950	34.2170	26.8218	 0.73	 31.74	0.040	  154.92	 99.96
 435.00	 431.30	 6.8880	34.2189	26.8243	 0.73	 31.61	0.040	  154.79	 99.97
 436.00	 432.29	 6.8865	34.2193	26.8248	 0.72	 31.33	0.040	  154.83	 99.98
 437.00	 433.28	 6.8842	34.2197	26.8255	 0.72	 31.16	0.040	  154.82	 99.98
 438.00	 434.27	 6.8804	34.2201	26.8263	 0.72	 31.12	0.040	  154.83	 99.98
 439.00	 435.26	 6.8752	34.2207	26.8275	 0.71	 31.03	0.040	  154.78	 99.98
 440.00	 436.25	 6.8727	34.2210	26.8281	 0.71	 30.86	0.041	  154.82	 99.97
 441.00	 437.24	 6.8689	34.2210	26.8286	 0.71	 30.86	0.040	  154.81	 99.98
 442.00	 438.23	 6.8619	34.2212	26.8298	 0.71	 30.77	0.040	  154.83	 99.98
 443.00	 439.22	 6.8491	34.2211	26.8314	 0.71	 30.71	0.040	  154.81	 99.98
 444.00	 440.21	 6.8285	34.2218	26.8347	 0.70	 30.60	0.040	  154.78	 99.98
 445.00	 441.21	 6.8197	34.2222	26.8362	 0.70	 30.53	0.040	  154.81	 99.98
 446.00	 442.20	 6.8152	34.2221	26.8368	 0.70	 30.52	0.040	  154.78	 99.98
 447.00	 443.19	 6.8121	34.2220	26.8372	 0.70	 30.46	0.040	  154.75	 99.98
 448.00	 444.18	 6.8093	34.2221	26.8377	 0.70	 30.41	0.040	  154.71	 99.98
 449.00	 445.17	 6.8081	34.2221	26.8378	 0.70	 30.33	0.041	  154.73	 99.98
 450.00	 446.16	 6.8065	34.2220	26.8380	 0.70	 30.34	0.041	  154.77	 99.98
 451.00	 447.15	 6.8056	34.2220	26.8381	 0.70	 30.32	0.040	  154.75	 99.98
 452.00	 448.14	 6.8044	34.2221	26.8384	 0.70	 30.30	0.040	  154.74	 99.98
 453.00	 449.13	 6.8022	34.2219	26.8385	 0.70	 30.25	0.041	  154.75	 99.98
 454.00	 450.12	 6.7955	34.2217	26.8392	 0.69	 30.16	0.041	  154.77	 99.98
 455.00	 451.11	 6.7893	34.2213	26.8398	 0.70	 30.26	0.040	  154.81	 99.98
 456.00	 452.10	 6.7803	34.2200	26.8400	 0.70	 30.33	0.040	  154.76	 99.98
 457.00	 453.09	 6.7226	34.2177	26.8459	 0.70	 30.38	0.041	  154.76	 99.98
 458.00	 454.08	 6.7215	34.2182	26.8465	 0.70	 30.30	0.040	  154.71	 99.98
 459.00	 455.07	 6.7231	34.2186	26.8466	 0.69	 30.16	0.041	  154.75	 99.98
 460.00	 456.06	 6.7237	34.2188	26.8467	 0.69	 30.20	0.040	  154.73	 99.98
 461.00	 457.05	 6.7242	34.2188	26.8466	 0.69	 30.14	0.040	  154.76	 99.98
 462.00	 458.04	 6.7221	34.2191	26.8471	 0.69	 30.05	0.040	  154.74	 99.98
 463.00	 459.03	 6.7209	34.2194	26.8476	 0.69	 29.95	0.040	  154.73	 99.98
 464.00	 460.02	 6.7185	34.2197	26.8481	 0.68	 29.72	0.041	  154.71	 99.98
 465.00	 461.01	 6.7028	34.2208	26.8511	 0.68	 29.54	0.041	  154.75	 99.98
 466.00	 462.00	 6.6904	34.2212	26.8530	 0.68	 29.44	0.041	  154.72	 99.98
 467.00	 462.99	 6.6765	34.2207	26.8545	 0.68	 29.39	0.042	  154.69	 99.98
 468.00	 463.98	 6.6577	34.2215	26.8576	 0.67	 29.21	0.041	  154.73	 99.98
 469.00	 464.97	 6.6536	34.2215	26.8582	 0.67	 29.17	0.040	  154.67	 99.98
 470.00	 465.96	 6.6504	34.2213	26.8585	 0.67	 29.13	0.040	  154.71	 99.98
 471.00	 466.95	 6.6494	34.2214	26.8587	 0.67	 29.09	0.041	  154.65	 99.98
 472.00	 467.94	 6.6481	34.2217	26.8591	 0.67	 28.96	0.041	  154.66	 99.98
 473.00	 468.94	 6.6439	34.2218	26.8598	 0.66	 28.87	0.040	  154.70	 99.98
 474.00	 469.93	 6.6339	34.2215	26.8609	 0.66	 28.80	0.040	  154.69	 99.98
 475.00	 470.92	 6.6272	34.2216	26.8618	 0.66	 28.65	0.040	  154.69	 99.98
 476.00	 471.91	 6.6212	34.2219	26.8629	 0.66	 28.58	0.040	  154.67	 99.98
 477.00	 472.90	 6.6156	34.2218	26.8636	 0.66	 28.58	0.041	  154.69	 99.98
 478.00	 473.89	 6.6054	34.2219	26.8650	 0.66	 28.53	0.040	  154.70	 99.98
 479.00	 474.88	 6.6036	34.2220	26.8654	 0.66	 28.50	0.041	  154.70	 99.98
 480.00	 475.87	 6.6043	34.2220	26.8653	 0.65	 28.46	0.041	  154.67	 99.98
 481.00	 476.86	 6.5989	34.2218	26.8658	 0.65	 28.38	0.041	  154.70	 99.98
 482.00	 477.85	 6.5912	34.2215	26.8667	 0.65	 28.42	0.040	  154.61	 99.98
 483.00	 478.84	 6.5813	34.2213	26.8678	 0.65	 28.37	0.040	  154.65	 99.98
 484.00	 479.83	 6.5702	34.2212	26.8692	 0.65	 28.37	0.041	  154.58	 99.98
 485.00	 480.82	 6.5611	34.2208	26.8701	 0.65	 28.27	0.042	  154.62	 99.98
 486.00	 481.81	 6.5236	34.2180	26.8728	 0.65	 28.18	0.041	  154.59	 99.98
 487.00	 482.80	 6.5051	34.2188	26.8759	 0.65	 28.21	0.040	  154.56	 99.98
 488.00	 483.79	 6.5097	34.2186	26.8752	 0.65	 28.08	0.040	  154.58	 99.98
 489.00	 484.78	 6.5077	34.2187	26.8755	 0.64	 28.02	0.041	  154.55	 99.98
 490.00	 485.77	 6.5047	34.2185	26.8758	 0.64	 28.01	0.041	  154.56	 99.98
 491.00	 486.76	 6.5112	34.2191	26.8754	 0.65	 28.13	0.040	  154.58	 99.98
 492.00	 487.75	 6.5178	34.2196	26.8749	 0.65	 28.39	0.040	  154.59	 99.98
 493.00	 488.74	 6.4214	34.2029	26.8744	 0.65	 28.48	0.040	  154.64	 99.98
 494.00	 489.73	 6.3966	34.2075	26.8813	 0.66	 28.59	0.040	  154.64	 99.98
 495.00	 490.72	 6.3756	34.2039	26.8811	 0.66	 28.57	0.040	  154.59	 99.99
 496.00	 491.71	 6.3354	34.2025	26.8852	 0.65	 28.47	0.042	  154.61	 99.98
 497.00	 492.70	 6.3249	34.2023	26.8864	 0.65	 28.36	0.041	  154.65	 99.98
 498.00	 493.69	 6.3256	34.2030	26.8869	 0.65	 28.30	0.040	  154.65	 99.98
 499.00	 494.68	 6.3249	34.2029	26.8870	 0.65	 28.20	0.040	  154.69	 99.98
 500.00	 495.67	 6.3242	34.2029	26.8870	 0.65	 28.15	0.040	  154.59	 99.98
 501.00	 496.66	 6.3252	34.2031	26.8871	 0.65	 28.10	0.040	  154.63	 99.98
 502.00	 497.65	 6.3224	34.2021	26.8866	 0.65	 28.06	0.040	  154.66	 99.98
 503.00	 498.64	 6.3178	34.2032	26.8882	 0.65	 28.06	0.040	  154.60	 99.98
 504.00	 499.63	 6.3113	34.2033	26.8891	 0.65	 28.06	0.040	  154.56	 99.98
 505.00	 500.62	 6.3084	34.2019	26.8883	 0.65	 28.07	0.040	  154.54	 99.98
 506.00	 501.61	 6.2792	34.1993	26.8900	 0.65	 28.08	0.040	  154.63	 99.98
 507.00	 502.60	 6.2714	34.2005	26.8920	 0.65	 28.07	0.041	  154.60	 99.98
 508.00	 503.59	 6.2598	34.1987	26.8921	 0.65	 28.07	0.042	  154.56	 99.98
 509.00	 504.58	 6.2510	34.1992	26.8936	 0.64	 27.97	0.042	  154.60	 99.98
 510.00	 505.57	 6.2405	34.1989	26.8947	 0.64	 27.90	0.042	  154.54	 99.98
 511.00	 506.56	 6.2375	34.1995	26.8956	 0.64	 27.90	0.041	  154.58	 99.98
 512.00	 507.55	 6.2410	34.1992	26.8950	 0.64	 27.78	0.040	  154.56	 99.98
 513.00	 508.54	 6.2310	34.1999	26.8968	 0.64	 27.71	0.040	  154.56	 99.98
 514.00	 509.53	 6.2279	34.2002	26.8974	 0.63	 27.50	0.041	  154.55	 99.99
 515.00	 510.52	 6.2208	34.2011	26.8990	 0.63	 27.32	0.042	  154.47	 99.99
 516.00	 511.51	 6.2183	34.2020	26.9001	 0.63	 27.32	0.041	  154.54	 99.98
 517.00	 512.50	 6.2165	34.2021	26.9004	 0.63	 27.30	0.041	  154.51	 99.98
 518.00	 513.49	 6.2155	34.2021	26.9006	 0.63	 27.21	0.041	  154.51	 99.99
 519.00	 514.48	 6.2154	34.2021	26.9006	 0.63	 27.22	0.040	  154.54	 99.99
 520.00	 515.47	 6.2145	34.2021	26.9007	 0.63	 27.24	0.040	  154.61	 99.98
 521.00	 516.46	 6.2126	34.2023	26.9011	 0.62	 27.17	0.040	  154.63	 99.98
 522.00	 517.45	 6.2113	34.2023	26.9013	 0.62	 26.99	0.040	  154.66	 99.98
 523.00	 518.44	 6.2092	34.2026	26.9019	 0.62	 27.03	0.040	  154.59	 99.99
 524.00	 519.43	 6.2077	34.2028	26.9022	 0.62	 27.08	0.040	  154.59	 99.99
 525.00	 520.42	 6.2059	34.2030	26.9026	 0.62	 27.08	0.041	  154.61	 99.98
 526.00	 521.41	 6.2042	34.2034	26.9031	 0.62	 27.02	0.040	  154.56	 99.99
 527.00	 522.40	 6.2027	34.2033	26.9032	 0.62	 26.86	0.040	  154.51	 99.99
 528.00	 523.39	 6.2018	34.2034	26.9034	 0.62	 26.85	0.041	  154.49	 99.99
 529.00	 524.38	 6.1960	34.2044	26.9050	 0.61	 26.71	0.041	  154.48	 99.98
 530.00	 525.37	 6.1896	34.2051	26.9064	 0.61	 26.51	0.041	  154.49	 99.99
 531.00	 526.36	 6.1659	34.2060	26.9101	 0.60	 26.24	0.040	  154.46	 99.99
 532.00	 527.35	 6.1427	34.2102	26.9164	 0.60	 25.95	0.040	  154.46	 99.99
 533.00	 528.34	 6.1347	34.2119	26.9188	 0.59	 25.77	0.040	  154.46	 99.99
 534.00	 529.33	 6.1343	34.2124	26.9192	 0.59	 25.62	0.040	  154.46	 99.99
 535.00	 530.32	 6.1321	34.2134	26.9203	 0.58	 25.42	0.041	  154.46	 99.99
 536.00	 531.31	 6.1294	34.2149	26.9218	 0.58	 25.21	0.041	  154.51	100.00
 537.00	 532.30	 6.1253	34.2159	26.9232	 0.58	 25.18	0.042	  154.43	100.00
 538.00	 533.29	 6.1233	34.2165	26.9239	 0.58	 25.04	0.040	  154.63	 99.99
 539.00	 534.28	 6.1235	34.2165	26.9239	 0.57	 25.00	0.040	  154.48	100.00
 540.00	 535.27	 6.1217	34.2166	26.9242	 0.57	 24.90	0.041	  154.42	100.00
 541.00	 536.26	 6.1203	34.2176	26.9252	 0.57	 24.86	0.042	  154.42	100.00
 542.00	 537.25	 6.1207	34.2178	26.9253	 0.57	 24.90	0.042	  154.40	100.00
 543.00	 538.24	 6.1242	34.2178	26.9249	 0.57	 24.89	0.041	  154.41	100.00
 544.00	 539.23	 6.1231	34.2178	26.9250	 0.57	 24.87	0.041	  154.43	100.00
 545.00	 540.22	 6.1250	34.2184	26.9253	 0.57	 24.87	0.042	  154.44	100.00
 546.00	 541.21	 6.1264	34.2184	26.9251	 0.57	 24.77	0.041	  154.40	100.00
 547.00	 542.20	 6.1255	34.2186	26.9254	 0.57	 24.68	0.040	  154.40	100.00
 548.00	 543.19	 6.1186	34.2181	26.9259	 0.56	 24.55	0.040	  154.42	100.00
 549.00	 544.18	 6.1049	34.2212	26.9301	 0.56	 24.40	0.041	  154.45	100.00
 550.00	 545.17	 6.1060	34.2225	26.9309	 0.56	 24.24	0.040	  154.45	100.00
 551.00	 546.16	 6.1089	34.2240	26.9318	 0.55	 24.06	0.040	  154.43	100.00
 552.00	 547.15	 6.0967	34.2260	26.9349	 0.55	 23.81	0.041	  154.43	100.00
 553.00	 548.14	 6.0912	34.2265	26.9361	 0.55	 23.79	0.040	  154.34	100.00
 554.00	 549.13	 6.0946	34.2283	26.9370	 0.55	 23.82	0.040	  154.36	100.00
 555.00	 550.12	 6.0980	34.2288	26.9370	 0.55	 23.79	0.041	  154.31	100.00
 556.00	 551.11	 6.1004	34.2297	26.9375	 0.54	 23.69	0.040	  154.35	100.00
 557.00	 552.10	 6.1040	34.2310	26.9380	 0.54	 23.59	0.041	  154.32	100.00
 558.00	 553.09	 6.0838	34.2292	26.9392	 0.54	 23.55	0.042	  154.33	100.00
 559.00	 554.08	 6.0730	34.2271	26.9388	 0.54	 23.49	0.041	  154.33	100.00
 560.00	 555.07	 6.0285	34.2235	26.9416	 0.54	 23.47	0.040	  154.34	100.00
 561.00	 556.06	 6.0179	34.2253	26.9444	 0.54	 23.42	0.041	  154.33	100.00
 562.00	 557.05	 6.0168	34.2255	26.9447	 0.54	 23.34	0.041	  154.35	100.00
 563.00	 558.04	 6.0174	34.2262	26.9452	 0.54	 23.27	0.042	  154.33	100.00
 564.00	 559.03	 6.0139	34.2268	26.9462	 0.53	 23.13	0.042	  154.37	100.00
 565.00	 560.02	 6.0062	34.2261	26.9466	 0.53	 23.08	0.042	  154.37	100.00
 566.00	 561.01	 5.9943	34.2261	26.9480	 0.53	 23.07	0.041	  154.38	100.00
 567.00	 562.00	 5.9885	34.2266	26.9492	 0.53	 22.88	0.040	  154.40	100.00
 568.00	 562.99	 5.9837	34.2272	26.9502	 0.52	 22.74	0.040	  154.36	100.00
 569.00	 563.98	 5.9761	34.2301	26.9535	 0.52	 22.50	0.040	  154.36	100.00
 570.00	 564.97	 5.9715	34.2308	26.9547	 0.51	 22.32	0.041	  154.34	100.00
 571.00	 565.96	 5.9729	34.2325	26.9559	 0.51	 22.30	0.041	  154.38	100.00
 572.00	 566.95	 5.9784	34.2351	26.9573	 0.51	 22.14	0.041	  154.36	100.00
 573.00	 567.94	 5.9808	34.2364	26.9579	 0.51	 22.14	0.042	  154.34	100.00
 574.00	 568.93	 5.9822	34.2371	26.9584	 0.51	 22.00	0.041	  154.34	100.00
 575.00	 569.92	 5.9813	34.2375	26.9588	 0.51	 22.01	0.040	  154.34	100.00
 576.00	 570.91	 5.9805	34.2374	26.9588	 0.50	 21.93	0.040	  154.34	100.00
 577.00	 571.90	 5.9818	34.2385	26.9595	 0.50	 21.81	0.040	  154.36	100.00
 578.00	 572.89	 5.9818	34.2389	26.9599	 0.50	 21.79	0.041	  154.30	100.00
 579.00	 573.88	 5.9859	34.2408	26.9608	 0.50	 21.65	0.040	  154.27	100.00
 580.00	 574.87	 5.9912	34.2427	26.9617	 0.50	 21.67	0.040	  154.24	100.00
 581.00	 575.86	 5.9955	34.2439	26.9621	 0.50	 21.63	0.041	  154.29	100.00
 582.00	 576.85	 5.9939	34.2442	26.9626	 0.49	 21.51	0.041	  154.22	100.00
 583.00	 577.84	 5.9973	34.2450	26.9628	 0.49	 21.31	0.040	  154.23	100.00
 584.00	 578.83	 5.9986	34.2454	26.9629	 0.49	 21.22	0.041	  154.22	100.00
 585.00	 579.82	 6.0141	34.2499	26.9646	 0.49	 21.25	0.041	  154.21	100.00
 586.00	 580.81	 6.0131	34.2497	26.9646	 0.49	 21.14	0.040	  154.18	100.00
 587.00	 581.80	 6.0124	34.2501	26.9650	 0.49	 21.10	0.042	  154.21	100.00
 588.00	 582.79	 6.0122	34.2501	26.9650	 0.48	 21.09	0.040	  154.25	100.00
 589.00	 583.78	 6.0146	34.2519	26.9662	 0.48	 21.04	0.041	  154.20	100.00
 590.00	 584.76	 6.0208	34.2539	26.9670	 0.48	 20.89	0.042	  154.09	100.00
 591.00	 585.75	 6.0226	34.2546	26.9673	 0.48	 20.90	0.040	  154.16	100.00
 592.00	 586.74	 6.0187	34.2551	26.9683	 0.48	 20.91	0.040	  154.16	100.00
 593.00	 587.73	 6.0140	34.2562	26.9697	 0.48	 20.82	0.041	  154.10	100.00
 594.00	 588.72	 6.0124	34.2563	26.9700	 0.48	 20.73	0.040	  154.09	100.00
 595.00	 589.71	 6.0044	34.2564	26.9711	 0.48	 20.74	0.040	  154.08	100.00
 596.00	 590.70	 6.0015	34.2567	26.9717	 0.48	 20.75	0.040	  154.10	100.00
 597.00	 591.69	 6.0012	34.2568	26.9718	 0.48	 20.74	0.040	  154.08	100.00
 598.00	 592.68	 5.9996	34.2567	26.9720	 0.47	 20.60	0.040	  154.07	100.00
 599.00	 593.67	 5.9997	34.2577	26.9727	 0.47	 20.53	0.040	  154.11	100.00
 600.00	 594.66	 5.9996	34.2585	26.9734	 0.47	 20.52	0.040	  154.13	100.00
 601.00	 595.65	 5.9948	34.2589	26.9743	 0.47	 20.39	0.040	  154.09	100.00
 602.00	 596.64	 5.9891	34.2583	26.9746	 0.47	 20.39	0.041	  154.04	100.00
 603.00	 597.63	 5.9710	34.2577	26.9764	 0.47	 20.41	0.042	  154.05	100.00
 604.00	 598.62	 5.9570	34.2584	26.9787	 0.47	 20.37	0.042	  154.18	100.00
 605.00	 599.61	 5.9521	34.2584	26.9793	 0.47	 20.31	0.041	  154.16	100.00
 606.00	 600.60	 5.9433	34.2581	26.9802	 0.46	 20.21	0.041	  154.05	100.00
 607.00	 601.59	 5.9321	34.2593	26.9826	 0.46	 20.10	0.042	  154.08	100.00
 608.00	 602.58	 5.9166	34.2620	26.9866	 0.46	 19.97	0.041	  154.08	100.00
 609.00	 603.57	 5.9131	34.2624	26.9874	 0.45	 19.78	0.041	  154.14	100.00
 610.00	 604.56	 5.9019	34.2637	26.9898	 0.45	 19.68	0.040	  154.10	100.00
 611.00	 605.55	 5.8853	34.2655	26.9933	 0.45	 19.52	0.040	  154.07	100.00
 612.00	 606.54	 5.8685	34.2677	26.9971	 0.45	 19.42	0.041	  154.07	100.00
 613.00	 607.53	 5.8636	34.2689	26.9987	 0.45	 19.46	0.042	  154.14	100.00
 614.00	 608.52	 5.8584	34.2686	26.9991	 0.45	 19.37	0.041	  154.06	100.00
 615.00	 609.51	 5.8555	34.2690	26.9998	 0.44	 19.24	0.041	  154.03	100.00
 616.00	 610.50	 5.8490	34.2694	27.0009	 0.44	 19.17	0.042	  154.07	100.00
 617.00	 611.49	 5.8296	34.2700	27.0038	 0.44	 19.06	0.041	  154.06	100.00
 618.00	 612.48	 5.8168	34.2708	27.0060	 0.43	 18.89	0.041	  154.02	100.00
 619.00	 613.46	 5.8127	34.2710	27.0067	 0.43	 18.84	0.041	  154.02	100.00
 620.00	 614.45	 5.8111	34.2712	27.0071	 0.43	 18.77	0.040	  153.99	100.00
 621.00	 615.44	 5.8100	34.2717	27.0076	 0.43	 18.78	0.040	  154.00	100.00
 622.00	 616.43	 5.8087	34.2724	27.0083	 0.43	 18.65	0.040	  154.02	100.00
 623.00	 617.42	 5.7985	34.2728	27.0099	 0.43	 18.51	0.040	  154.04	100.00
 624.00	 618.41	 5.7640	34.2766	27.0172	 0.42	 18.45	0.041	  154.05	100.00
 625.00	 619.40	 5.7594	34.2769	27.0180	 0.42	 18.37	0.040	  154.08	100.00
 626.00	 620.39	 5.7555	34.2773	27.0188	 0.42	 18.35	0.040	  154.06	100.00
 627.00	 621.38	 5.7558	34.2773	27.0188	 0.42	 18.26	0.040	  154.03	100.00
 628.00	 622.37	 5.7557	34.2774	27.0189	 0.42	 18.27	0.042	  154.08	100.00
 629.00	 623.36	 5.7572	34.2774	27.0187	 0.42	 18.29	0.041	  154.06	100.00
 630.00	 624.35	 5.7571	34.2774	27.0187	 0.42	 18.25	0.040	  154.05	100.00
 631.00	 625.34	 5.7574	34.2774	27.0187	 0.42	 18.24	0.041	  154.02	100.00
 632.00	 626.33	 5.7556	34.2774	27.0189	 0.42	 18.18	0.041	  153.99	100.00
 633.00	 627.32	 5.7559	34.2776	27.0191	 0.42	 18.15	0.041	  154.01	100.00
 634.00	 628.31	 5.7565	34.2775	27.0189	 0.42	 18.07	0.042	  153.96	100.00
 635.00	 629.30	 5.7495	34.2780	27.0202	 0.42	 18.07	0.041	  153.98	100.00
 636.00	 630.29	 5.7434	34.2790	27.0217	 0.41	 18.01	0.040	  153.96	100.00
 637.00	 631.28	 5.7423	34.2792	27.0220	 0.41	 17.96	0.041	  153.97	100.00
 638.00	 632.27	 5.7402	34.2790	27.0222	 0.41	 17.94	0.040	  153.96	100.00
 639.00	 633.26	 5.7155	34.2778	27.0242	 0.41	 17.93	0.041	  153.96	100.00
 640.00	 634.25	 5.7039	34.2785	27.0262	 0.41	 17.94	0.042	  153.99	100.00
 641.00	 635.23	 5.6983	34.2779	27.0264	 0.41	 17.91	0.041	  153.94	100.00
 642.00	 636.22	 5.6909	34.2775	27.0270	 0.41	 17.93	0.041	  153.92	100.00
 643.00	 637.21	 5.6868	34.2769	27.0270	 0.41	 17.88	0.041	  153.86	100.00
