wcoa21_data_management/01_CRUISE_METADATA/00_OCADS_data/CTD_downcasts/WCOA_2021_CTD_downcasts/dRB2102_CTD_071_01_F.txt
* Sea-Bird SBE 9 Data:
* Software Version Seasave V 7.26.7.107
* Vessel: NOAA Ship Ronald H. Brown
* Cruise: RB2102, West Coast Ocean Acidification (WCOA) 2021
* Dates: 20210622 to 20210723
* Region: NE Pacific, USA West Coast
* Ports: San Diego, CA to Port Angeles, WA to San Diego, CA
* Chief Scientists: R. Feely, NOAA PMEL; D. Greeley, NOAA PMEL; B. Carter, NOAA PMEL / UW CICOES
*END*
   3.00	   2.98	14.2804	32.7546	24.3942	 6.13	267.26	0.053	  156.32	116.16
   4.00	   3.97	14.2841	32.7547	24.3936	 6.15	268.27	0.068	  156.21	 79.55
   5.00	   4.96	14.2864	32.7547	24.3931	 6.17	269.10	0.063	  156.15	 89.17
   6.00	   5.95	14.2893	32.7547	24.3925	 6.18	269.63	0.060	  156.16	 99.76
   7.00	   6.95	14.2897	32.7547	24.3925	 6.20	270.19	0.061	  156.15	 99.68
   8.00	   7.94	14.2899	32.7547	24.3925	 6.21	270.62	0.063	  156.10	 99.68
   9.00	   8.93	14.2909	32.7547	24.3923	 6.21	270.89	0.064	  156.11	 99.68
  10.00	   9.92	14.2931	32.7546	24.3918	 6.23	271.60	0.061	  156.04	 99.68
  11.00	  10.92	14.2954	32.7542	24.3911	 6.21	270.93	0.062	  156.04	 99.68
  12.00	  11.91	14.2938	32.7543	24.3915	 6.21	270.75	0.064	  156.01	 99.69
  13.00	  12.90	14.2935	32.7541	24.3914	 6.21	270.77	0.073	  156.03	 90.29
  14.00	  13.89	14.2922	32.7542	24.3918	 6.20	270.21	0.074	  155.99	100.05
  15.00	  14.88	14.2910	32.7542	24.3921	 6.21	270.60	0.074	  155.95	 99.68
  16.00	  15.88	14.2862	32.7545	24.3934	 6.23	271.45	0.081	  155.95	 99.68
  17.00	  16.87	14.2786	32.7555	24.3957	 6.23	271.39	0.090	  155.90	 99.68
  18.00	  17.86	14.2789	32.7542	24.3947	 6.24	271.94	0.085	  155.87	 99.68
  19.00	  18.85	14.2737	32.7558	24.3970	 6.23	271.59	0.082	  155.82	 99.68
  20.00	  19.85	14.2694	32.7563	24.3984	 6.22	271.23	0.089	  155.87	 99.69
  21.00	  20.84	14.2735	32.7562	24.3974	 6.21	270.84	0.095	  155.77	 99.68
  22.00	  21.83	14.2665	32.7564	24.3991	 6.21	270.75	0.092	  155.79	 99.68
  23.00	  22.82	14.1892	32.7655	24.4223	 6.25	272.44	0.104	  155.75	 99.68
  24.00	  23.81	14.1570	32.7699	24.4324	 6.25	272.36	0.099	  155.80	 99.68
  25.00	  24.81	14.0892	32.7808	24.4549	 6.24	272.19	0.106	  155.75	 99.69
  26.00	  25.80	14.0378	32.7932	24.4751	 6.26	272.72	0.112	  155.80	 99.69
  27.00	  26.79	14.0304	32.7955	24.4784	 6.25	272.27	0.098	  155.79	 99.68
  28.00	  27.78	14.0103	32.8014	24.4872	 6.23	271.73	0.120	  155.82	 99.68
  29.00	  28.78	13.8821	32.8218	24.5294	 6.26	272.80	0.105	  155.83	 99.68
  30.00	  29.77	13.7096	32.8354	24.5751	 6.25	272.51	0.100	  155.84	 99.68
  31.00	  30.76	13.5736	32.8357	24.6030	 6.26	272.66	0.119	  155.93	 99.68
  32.00	  31.75	13.3859	32.8322	24.6381	 6.27	273.40	0.120	  155.97	 99.67
  33.00	  32.74	12.9886	32.8103	24.7001	 6.32	275.38	0.103	  156.05	 99.67
  34.00	  33.74	12.4811	32.7538	24.7548	 6.39	278.60	0.088	  156.14	 99.66
  35.00	  34.73	12.1860	32.7552	24.8119	 6.35	276.80	0.079	  156.19	 99.66
  36.00	  35.72	12.0574	32.7915	24.8643	 6.29	274.26	0.079	  156.28	 99.67
  37.00	  36.71	11.3910	32.6900	24.9081	 6.32	275.53	0.072	  156.34	 99.64
  38.00	  37.70	11.2372	32.6797	24.9278	 6.25	272.45	0.069	  156.32	 99.63
  39.00	  38.70	11.4779	32.7900	24.9701	 6.17	268.78	0.070	  156.31	 99.61
  40.00	  39.69	11.7048	32.8730	24.9932	 6.11	266.37	0.065	  156.25	 99.58
  41.00	  40.68	11.7552	32.9084	25.0114	 6.07	264.33	0.064	  156.31	 99.56
  42.00	  41.67	11.6263	32.9121	25.0380	 6.07	264.28	0.063	  156.34	 99.56
  43.00	  42.67	11.5736	32.9341	25.0648	 6.05	263.73	0.063	  156.39	 99.55
  44.00	  43.66	11.5234	32.9446	25.0821	 6.02	262.17	0.063	  156.40	 99.54
  45.00	  44.65	11.4574	32.9801	25.1217	 5.98	260.41	0.060	  156.41	 99.54
  46.00	  45.64	11.1874	32.9876	25.1763	 5.97	260.01	0.059	  156.53	 99.52
  47.00	  46.63	11.4277	33.1876	25.2885	 5.80	252.81	0.058	  156.56	 99.51
  48.00	  47.63	11.3266	33.2657	25.3676	 5.77	251.30	0.053	  156.62	 99.12
  49.00	  48.62	11.1716	33.2787	25.4057	 5.72	249.05	0.052	  156.75	 99.51
  50.00	  49.61	11.0305	33.2996	25.4472	 5.66	246.52	0.051	  156.78	 99.45
  51.00	  50.60	10.6849	33.3697	25.5628	 5.61	244.41	0.049	  157.01	 99.43
  52.00	  51.59	10.6220	33.3775	25.5798	 5.54	241.28	0.049	  156.98	 96.32
  53.00	  52.59	10.5581	33.3859	25.5975	 5.48	238.44	0.048	  157.00	 98.43
  54.00	  53.58	10.4846	33.3925	25.6154	 5.45	237.50	0.048	  157.03	 99.38
  55.00	  54.57	10.4033	33.4040	25.6384	 5.38	234.27	0.048	  157.07	 99.37
  56.00	  55.56	10.3655	33.4079	25.6479	 5.22	227.13	0.046	  157.10	 99.37
  57.00	  56.55	10.1007	33.4269	25.7078	 5.12	222.99	0.046	  157.25	 99.37
  58.00	  57.55	 9.8789	33.4667	25.7761	 5.06	220.44	0.045	  157.36	 94.14
  59.00	  58.54	 9.8476	33.4728	25.7861	 4.97	216.50	0.044	  157.37	 99.52
  60.00	  59.53	 9.8415	33.4745	25.7885	 4.91	213.92	0.045	  157.43	 99.32
  61.00	  60.52	 9.8306	33.4771	25.7923	 4.85	211.24	0.044	  157.40	 99.31
  62.00	  61.52	 9.7675	33.4832	25.8076	 4.80	208.82	0.044	  157.48	 99.30
  63.00	  62.51	 9.7219	33.4882	25.8191	 4.76	207.10	0.044	  157.50	 99.30
  64.00	  63.50	 9.6918	33.4940	25.8285	 4.70	204.66	0.044	  157.53	 99.30
  65.00	  64.49	 9.6592	33.4955	25.8351	 4.60	200.14	0.043	  157.57	 99.30
  66.00	  65.48	 9.5637	33.4916	25.8477	 4.54	197.76	0.043	  157.60	 99.30
  67.00	  66.48	 9.5386	33.4925	25.8525	 4.49	195.40	0.043	  157.59	 99.32
  68.00	  67.47	 9.5118	33.4897	25.8547	 4.40	191.41	0.042	  157.65	 99.32
  69.00	  68.46	 9.4326	33.4860	25.8648	 4.34	188.82	0.042	  157.60	 93.18
  70.00	  69.45	 9.4058	33.4908	25.8728	 4.31	187.80	0.042	  157.68	 93.04
  71.00	  70.44	 9.3997	33.4924	25.8751	 4.29	186.92	0.042	  157.73	 99.24
  72.00	  71.44	 9.3934	33.4953	25.8784	 4.26	185.54	0.042	  157.71	 99.34
  73.00	  72.43	 9.3824	33.4994	25.8834	 4.22	183.63	0.042	  157.68	 99.34
  74.00	  73.42	 9.3476	33.5107	25.8979	 4.22	183.85	0.042	  157.69	 99.34
  75.00	  74.41	 9.3172	33.5356	25.9222	 4.24	184.51	0.042	  157.77	 99.34
  76.00	  75.40	 9.3122	33.5411	25.9274	 4.25	185.07	0.042	  157.76	 99.35
  77.00	  76.40	 9.2953	33.5510	25.9378	 4.26	185.23	0.042	  157.71	 89.68
  78.00	  77.39	 9.2632	33.5688	25.9569	 4.26	185.56	0.042	  157.75	 99.55
  79.00	  78.38	 9.2289	33.5894	25.9786	 4.28	186.51	0.042	  157.78	 99.35
  80.00	  79.37	 9.2048	33.6076	25.9967	 4.30	187.27	0.042	  157.75	 99.36
  81.00	  80.36	 9.2082	33.6201	26.0059	 4.32	188.09	0.043	  157.75	 96.09
  82.00	  81.35	 9.2138	33.6262	26.0098	 4.33	188.53	0.043	  157.75	 99.42
  83.00	  82.35	 9.2181	33.6313	26.0131	 4.33	188.62	0.043	  157.77	 99.34
  84.00	  83.34	 9.2170	33.6381	26.0186	 4.33	188.55	0.043	  157.80	 99.34
  85.00	  84.33	 9.2057	33.6558	26.0344	 4.34	188.73	0.043	  157.81	 99.34
  86.00	  85.32	 9.2011	33.6644	26.0418	 4.32	187.95	0.044	  157.78	 99.34
  87.00	  86.31	 9.1989	33.6680	26.0450	 4.27	185.67	0.044	  157.84	 99.34
  88.00	  87.31	 9.1457	33.6957	26.0752	 4.21	183.26	0.043	  157.83	 94.16
  89.00	  88.30	 9.0863	33.7087	26.0949	 4.14	180.38	0.043	  157.91	 99.29
  90.00	  89.29	 9.0506	33.7125	26.1035	 4.08	177.60	0.043	  157.93	 99.36
  91.00	  90.28	 9.0230	33.7148	26.1097	 4.04	175.93	0.042	  157.96	 99.37
  92.00	  91.27	 9.0052	33.7166	26.1139	 4.01	174.39	0.042	  157.93	 99.37
  93.00	  92.27	 8.9811	33.7182	26.1190	 3.98	173.22	0.042	  157.96	 99.38
  94.00	  93.26	 8.9718	33.7194	26.1214	 3.96	172.14	0.042	  157.95	 99.39
  95.00	  94.25	 8.9587	33.7202	26.1241	 3.94	171.38	0.042	  157.92	 99.39
  96.00	  95.24	 8.9446	33.7221	26.1278	 3.93	170.84	0.042	  157.98	 99.39
  97.00	  96.23	 8.9398	33.7232	26.1295	 3.91	169.98	0.041	  157.95	 99.39
  98.00	  97.23	 8.9309	33.7249	26.1322	 3.88	168.91	0.041	  158.02	 99.40
  99.00	  98.22	 8.9175	33.7279	26.1367	 3.85	167.69	0.042	  157.96	 99.27
 100.00	  99.21	 8.9068	33.7302	26.1402	 3.82	166.39	0.041	  157.95	 98.47
 101.00	 100.20	 8.8804	33.7364	26.1492	 3.80	165.35	0.041	  157.97	 99.40
 102.00	 101.19	 8.8630	33.7415	26.1559	 3.77	163.94	0.041	  157.99	 99.42
 103.00	 102.18	 8.8528	33.7444	26.1598	 3.73	162.45	0.041	  157.97	 99.42
 104.00	 103.18	 8.8309	33.7525	26.1696	 3.70	160.90	0.041	  157.96	 99.43
 105.00	 104.17	 8.8041	33.7636	26.1825	 3.67	159.89	0.041	  158.00	 99.44
 106.00	 105.16	 8.7952	33.7676	26.1870	 3.64	158.55	0.040	  157.99	 99.44
 107.00	 106.15	 8.7904	33.7700	26.1897	 3.61	157.03	0.040	  158.03	 99.44
 108.00	 107.14	 8.7789	33.7776	26.1975	 3.60	156.68	0.040	  157.97	 99.46
 109.00	 108.14	 8.7688	33.7872	26.2065	 3.62	157.41	0.040	  157.98	 99.46
 110.00	 109.13	 8.7878	33.7990	26.2128	 3.62	157.55	0.040	  157.94	 99.46
 111.00	 110.12	 8.7953	33.8053	26.2167	 3.62	157.68	0.040	  157.95	 99.46
 112.00	 111.11	 8.8037	33.8126	26.2210	 3.63	157.79	0.040	  158.00	 99.46
 113.00	 112.10	 8.8078	33.8189	26.2253	 3.62	157.64	0.040	  157.93	 99.46
 114.00	 113.09	 8.8140	33.8287	26.2321	 3.61	157.17	0.040	  157.89	 99.46
 115.00	 114.09	 8.8211	33.8394	26.2394	 3.56	155.07	0.040	  157.96	 99.46
 116.00	 115.08	 8.8006	33.8442	26.2464	 3.51	152.79	0.040	  157.88	 99.46
 117.00	 116.07	 8.7564	33.8500	26.2578	 3.47	150.94	0.040	  157.95	 99.46
 118.00	 117.06	 8.7423	33.8509	26.2607	 3.42	149.04	0.040	  157.88	 99.46
 119.00	 118.05	 8.7294	33.8521	26.2637	 3.38	146.95	0.040	  157.90	 99.48
 120.00	 119.04	 8.7132	33.8541	26.2678	 3.29	143.04	0.040	  157.87	 99.49
 121.00	 120.04	 8.6943	33.8556	26.2719	 3.20	139.22	0.040	  157.88	 99.50
 122.00	 121.03	 8.6861	33.8588	26.2757	 3.18	138.42	0.040	  157.87	 99.51
 123.00	 122.02	 8.6849	33.8600	26.2768	 3.16	137.70	0.040	  157.82	 99.52
 124.00	 123.01	 8.6830	33.8620	26.2787	 3.15	137.08	0.040	  157.83	 99.54
 125.00	 124.00	 8.6805	33.8639	26.2806	 3.14	136.57	0.040	  157.84	 99.54
 126.00	 125.00	 8.6791	33.8649	26.2816	 3.13	136.05	0.040	  157.85	 99.55
 127.00	 125.99	 8.6781	33.8655	26.2822	 3.10	134.96	0.040	  157.81	 99.56
 128.00	 126.98	 8.6739	33.8688	26.2855	 3.04	132.45	0.040	  157.84	 99.56
 129.00	 127.97	 8.6731	33.8755	26.2909	 2.99	130.29	0.040	  157.77	 99.56
 130.00	 128.96	 8.6660	33.8874	26.3013	 2.97	129.22	0.040	  157.79	 99.56
 131.00	 129.95	 8.6622	33.8966	26.3091	 2.96	128.64	0.040	  157.80	 99.56
 132.00	 130.95	 8.6606	33.8997	26.3119	 2.93	127.59	0.040	  157.81	 99.57
 133.00	 131.94	 8.6498	33.9053	26.3179	 2.91	126.64	0.040	  157.73	 99.58
 134.00	 132.93	 8.6378	33.9065	26.3207	 2.91	126.60	0.040	  157.75	 99.59
 135.00	 133.92	 8.6162	33.9091	26.3261	 2.91	126.51	0.040	  157.77	 99.58
 136.00	 134.91	 8.5868	33.9145	26.3349	 2.90	126.26	0.040	  157.75	 99.60
 137.00	 135.90	 8.5829	33.9166	26.3371	 2.89	125.66	0.040	  157.77	 99.60
 138.00	 136.90	 8.5671	33.9240	26.3454	 2.88	125.12	0.040	  157.74	 99.61
 139.00	 137.89	 8.5579	33.9277	26.3497	 2.86	124.57	0.040	  157.74	 99.61
 140.00	 138.88	 8.5550	33.9285	26.3508	 2.86	124.32	0.040	  157.74	 99.61
 141.00	 139.87	 8.5521	33.9302	26.3526	 2.85	124.15	0.040	  157.78	 99.61
 142.00	 140.86	 8.5499	33.9328	26.3550	 2.85	124.05	0.040	  157.72	 99.61
 143.00	 141.85	 8.5496	33.9340	26.3560	 2.84	123.76	0.040	  157.77	 99.61
 144.00	 142.85	 8.5494	33.9361	26.3577	 2.83	123.29	0.040	  157.71	 99.61
 145.00	 143.84	 8.5489	33.9389	26.3600	 2.82	122.59	0.040	  157.75	 99.61
 146.00	 144.83	 8.5438	33.9418	26.3631	 2.79	121.50	0.040	  157.71	 99.61
 147.00	 145.82	 8.5343	33.9464	26.3681	 2.78	121.09	0.040	  157.74	 99.62
 148.00	 146.81	 8.5197	33.9485	26.3720	 2.81	122.14	0.040	  157.71	 99.62
 149.00	 147.80	 8.3970	33.9316	26.3775	 2.88	125.37	0.040	  157.67	 99.63
 150.00	 148.80	 8.3533	33.9294	26.3824	 2.92	127.16	0.040	  157.72	 99.63
 151.00	 149.79	 8.3182	33.9214	26.3815	 2.95	128.38	0.040	  157.72	 99.63
 152.00	 150.78	 8.2331	33.9160	26.3900	 2.97	129.27	0.040	  157.67	 99.63
 153.00	 151.77	 8.1769	33.9132	26.3963	 2.98	129.56	0.040	  157.70	 99.61
 154.00	 152.76	 8.1683	33.9155	26.3994	 2.97	129.12	0.040	  157.67	 99.61
 155.00	 153.75	 8.1360	33.9202	26.4079	 2.96	128.98	0.040	  157.70	 99.60
 156.00	 154.74	 8.1160	33.9222	26.4125	 2.96	128.63	0.040	  157.70	 99.59
 157.00	 155.74	 8.0927	33.9226	26.4163	 2.95	128.38	0.040	  157.72	 99.60
 158.00	 156.73	 8.0683	33.9252	26.4219	 2.94	128.05	0.040	  157.68	 99.60
 159.00	 157.72	 8.0625	33.9265	26.4238	 2.94	127.78	0.040	  157.68	 99.60
 160.00	 158.71	 8.0578	33.9277	26.4255	 2.93	127.54	0.040	  157.63	 99.60
 161.00	 159.70	 8.0514	33.9293	26.4277	 2.92	127.25	0.040	  157.63	 99.61
 162.00	 160.69	 8.0488	33.9302	26.4288	 2.92	126.87	0.040	  157.61	 99.61
 163.00	 161.69	 8.0441	33.9306	26.4299	 2.91	126.70	0.040	  157.64	 99.61
 164.00	 162.68	 8.0350	33.9323	26.4325	 2.90	126.31	0.040	  157.60	 99.61
 165.00	 163.67	 8.0320	33.9336	26.4340	 2.90	126.15	0.040	  157.53	 99.61
 166.00	 164.66	 8.0322	33.9336	26.4340	 2.90	126.02	0.040	  157.59	 99.61
 167.00	 165.65	 8.0177	33.9357	26.4378	 2.89	125.77	0.040	  157.56	 99.61
 168.00	 166.64	 8.0104	33.9392	26.4416	 2.88	125.13	0.040	  157.54	 99.61
 169.00	 167.63	 8.0080	33.9408	26.4433	 2.85	123.84	0.040	  157.52	 99.61
 170.00	 168.63	 8.0121	33.9522	26.4516	 2.82	122.49	0.040	  157.50	 99.61
 171.00	 169.62	 8.0253	33.9564	26.4530	 2.79	121.43	0.040	  157.52	 99.62
 172.00	 170.61	 8.0338	33.9595	26.4542	 2.76	120.26	0.040	  157.52	 99.62
 173.00	 171.60	 8.0428	33.9667	26.4585	 2.73	118.68	0.040	  157.50	 99.63
 174.00	 172.59	 8.0313	33.9722	26.4646	 2.70	117.65	0.040	  157.51	 99.63
 175.00	 173.58	 8.0137	33.9721	26.4671	 2.69	117.20	0.040	  157.48	 99.63
 176.00	 174.58	 8.0074	33.9724	26.4683	 2.69	116.83	0.040	  157.49	 99.64
 177.00	 175.57	 8.0165	33.9778	26.4712	 2.67	116.28	0.040	  157.51	 99.65
 178.00	 176.56	 8.0104	33.9787	26.4729	 2.66	115.91	0.040	  157.50	 99.66
 179.00	 177.55	 8.0125	33.9798	26.4734	 2.66	115.54	0.040	  157.47	 99.66
 180.00	 178.54	 8.0052	33.9801	26.4747	 2.65	115.50	0.040	  157.53	 99.66
 181.00	 179.53	 7.9945	33.9795	26.4758	 2.66	115.63	0.040	  157.43	 99.66
 182.00	 180.52	 7.9826	33.9783	26.4767	 2.65	115.45	0.040	  157.49	 99.66
 183.00	 181.52	 7.9725	33.9785	26.4783	 2.65	115.08	0.040	  157.46	 99.66
 184.00	 182.51	 7.9668	33.9794	26.4799	 2.63	114.60	0.040	  157.48	 99.66
 185.00	 183.50	 7.9599	33.9795	26.4810	 2.64	114.67	0.040	  157.49	 99.66
 186.00	 184.49	 7.9435	33.9788	26.4829	 2.63	114.58	0.040	  157.45	 99.66
 187.00	 185.48	 7.9353	33.9793	26.4845	 2.62	113.95	0.040	  157.41	 99.66
 188.00	 186.47	 7.9295	33.9801	26.4860	 2.61	113.39	0.040	  157.39	 99.66
 189.00	 187.46	 7.9224	33.9813	26.4880	 2.60	113.08	0.040	  157.40	 99.66
 190.00	 188.46	 7.9184	33.9821	26.4892	 2.59	112.66	0.040	  157.47	 99.66
 191.00	 189.45	 7.9163	33.9825	26.4898	 2.57	111.94	0.040	  157.49	 99.67
 192.00	 190.44	 7.9146	33.9830	26.4905	 2.55	110.98	0.040	  157.52	 99.67
 193.00	 191.43	 7.9100	33.9845	26.4924	 2.52	109.71	0.040	  157.47	 99.67
 194.00	 192.42	 7.9034	33.9888	26.4968	 2.49	108.16	0.040	  157.47	 99.67
 195.00	 193.41	 7.8963	33.9932	26.5013	 2.44	106.35	0.040	  157.45	 99.68
 196.00	 194.40	 7.8861	33.9963	26.5052	 2.42	105.29	0.040	  157.47	 99.68
 197.00	 195.40	 7.8859	33.9964	26.5053	 2.40	104.29	0.040	  157.50	 99.69
 198.00	 196.39	 7.8855	33.9966	26.5055	 2.34	101.86	0.040	  157.47	 99.70
 199.00	 197.38	 7.8722	34.0031	26.5126	 2.30	100.18	0.040	  157.49	 99.71
 200.00	 198.37	 7.8659	34.0059	26.5158	 2.29	 99.53	0.040	  157.59	 99.71
 201.00	 199.36	 7.8601	34.0067	26.5173	 2.27	 98.86	0.040	  157.53	 99.71
 202.00	 200.35	 7.8565	34.0069	26.5180	 2.25	 98.06	0.040	  157.50	 99.72
 203.00	 201.34	 7.8484	34.0070	26.5192	 2.23	 97.19	0.040	  157.56	 99.73
 204.00	 202.34	 7.8365	34.0076	26.5214	 2.21	 96.13	0.040	  157.52	 99.73
 205.00	 203.33	 7.8181	34.0102	26.5261	 2.19	 95.40	0.040	  157.50	 99.73
 206.00	 204.32	 7.8056	34.0118	26.5293	 2.18	 94.80	0.040	  157.50	 99.73
 207.00	 205.31	 7.7962	34.0129	26.5315	 2.17	 94.26	0.040	  157.56	 99.73
 208.00	 206.30	 7.7893	34.0131	26.5327	 2.16	 93.97	0.040	  157.48	 99.73
 209.00	 207.29	 7.7853	34.0131	26.5333	 2.16	 93.81	0.040	  157.53	 99.74
 210.00	 208.28	 7.7825	34.0133	26.5338	 2.15	 93.55	0.040	  157.54	 99.75
 211.00	 209.27	 7.7801	34.0133	26.5343	 2.14	 93.11	0.040	  157.50	 99.75
 212.00	 210.27	 7.7811	34.0147	26.5352	 2.12	 92.29	0.040	  157.51	 99.76
 213.00	 211.26	 7.7831	34.0158	26.5358	 2.09	 91.02	0.040	  157.51	 99.76
 214.00	 212.25	 7.7811	34.0192	26.5387	 2.08	 90.31	0.040	  157.52	 99.76
 215.00	 213.24	 7.7652	34.0182	26.5403	 2.07	 90.18	0.040	  157.51	 99.76
