wcoa21_data_management/01_CRUISE_METADATA/00_OCADS_data/CTD_downcasts/WCOA_2021_CTD_downcasts/dRB2102_CTD_079_01_F.txt
* Sea-Bird SBE 9 Data:
* Software Version Seasave V 7.26.7.107
* Vessel: NOAA Ship Ronald H. Brown
* Cruise: RB2102, West Coast Ocean Acidification (WCOA) 2021
* Dates: 20210622 to 20210723
* Region: NE Pacific, USA West Coast
* Ports: San Diego, CA to Port Angeles, WA to San Diego, CA
* Chief Scientists: R. Feely, NOAA PMEL; D. Greeley, NOAA PMEL; B. Carter, NOAA PMEL / UW CICOES
*END*
   4.00	   3.97	13.1154	33.7588	25.4085	 6.71	292.12	0.112	  154.08	 99.80
   5.00	   4.96	13.1139	33.7590	25.4090	 6.73	292.98	0.116	  154.03	 99.80
   6.00	   5.96	13.1148	33.7590	25.4089	 6.74	293.45	0.126	  153.97	 99.80
   7.00	   6.95	13.1105	33.7592	25.4099	 6.75	294.13	0.129	  153.96	 99.80
   8.00	   7.94	13.1148	33.7591	25.4090	 6.76	294.60	0.129	  153.94	 99.80
   9.00	   8.93	13.1167	33.7593	25.4087	 6.78	295.29	0.130	  153.88	 99.80
  10.00	   9.93	13.1207	33.7592	25.4079	 6.81	296.46	0.129	  153.86	 99.80
  11.00	  10.92	13.1189	33.7593	25.4084	 6.82	296.85	0.129	  153.88	 99.81
  12.00	  11.91	13.1194	33.7590	25.4081	 6.81	296.64	0.128	  153.81	 99.81
  13.00	  12.90	13.1197	33.7591	25.4081	 6.80	296.12	0.127	  153.84	 99.82
  14.00	  13.90	13.1186	33.7593	25.4085	 6.79	295.65	0.123	  153.85	 99.82
  15.00	  14.89	13.1189	33.7592	25.4084	 6.80	296.30	0.121	  153.85	 99.82
  16.00	  15.88	13.1116	33.7593	25.4100	 6.82	296.87	0.119	  153.81	 99.81
  17.00	  16.87	13.1160	33.7592	25.4090	 6.81	296.68	0.117	  153.81	 99.81
  18.00	  17.86	13.1190	33.7594	25.4086	 6.81	296.56	0.117	  153.79	 99.82
  19.00	  18.86	13.1096	33.7594	25.4105	 6.78	295.26	0.114	  153.74	 99.83
  20.00	  19.85	13.0895	33.7606	25.4155	 6.75	293.98	0.111	  153.76	 99.82
  21.00	  20.84	13.0769	33.7607	25.4181	 6.73	292.93	0.111	  153.74	 99.81
  22.00	  21.83	13.0304	33.7583	25.4255	 6.62	288.17	0.116	  153.68	 99.80
  23.00	  22.83	12.8809	33.7524	25.4506	 6.37	277.48	0.119	  153.80	 99.79
  24.00	  23.82	12.7313	33.7450	25.4743	 6.16	268.31	0.112	  153.88	 99.78
  25.00	  24.81	12.5612	33.7376	25.5018	 5.83	253.88	0.097	  154.00	 99.74
  26.00	  25.80	12.1962	33.7250	25.5623	 5.31	231.05	0.078	  154.22	 99.66
  27.00	  26.80	11.7215	33.7399	25.6633	 5.09	221.68	0.059	  154.58	 99.54
  28.00	  27.79	11.6907	33.7427	25.6712	 4.94	215.16	0.053	  154.63	 99.38
  29.00	  28.78	11.6686	33.7465	25.6783	 4.84	210.62	0.052	  154.64	 99.32
  30.00	  29.77	11.6124	33.7489	25.6906	 4.79	208.64	0.051	  154.66	 99.32
  31.00	  30.77	11.4984	33.7493	25.7119	 4.77	207.68	0.050	  154.77	 99.32
  32.00	  31.76	11.4348	33.7530	25.7265	 4.71	205.02	0.050	  154.84	 99.31
  33.00	  32.75	11.3682	33.7593	25.7436	 4.69	204.03	0.049	  154.91	 99.30
  34.00	  33.74	11.3652	33.7696	25.7522	 4.69	204.05	0.049	  154.86	 99.30
  35.00	  34.74	11.3538	33.7806	25.7629	 4.68	203.71	0.047	  154.96	 97.39
  36.00	  35.73	11.3524	33.7853	25.7667	 4.63	201.60	0.047	  154.98	 99.42
  37.00	  36.72	11.2740	33.7924	25.7866	 4.56	198.36	0.047	  155.07	 99.31
  38.00	  37.71	11.2101	33.8014	25.8052	 4.52	196.90	0.046	  155.12	 99.31
  39.00	  38.71	11.1740	33.8086	25.8173	 4.50	195.97	0.046	  155.12	 99.31
  40.00	  39.70	11.1408	33.8136	25.8272	 4.47	194.80	0.046	  155.12	 99.32
  41.00	  40.69	11.0778	33.8203	25.8438	 4.40	191.55	0.046	  155.27	 99.32
  42.00	  41.68	11.0339	33.8253	25.8556	 4.38	190.79	0.044	  155.23	 98.30
  43.00	  42.67	11.0100	33.8292	25.8630	 4.36	189.92	0.044	  155.26	 98.14
  44.00	  43.67	10.9917	33.8320	25.8684	 4.35	189.53	0.043	  155.31	 99.34
  45.00	  44.66	10.9853	33.8329	25.8703	 4.35	189.41	0.043	  155.32	 99.32
  46.00	  45.65	10.9827	33.8333	25.8711	 4.34	188.76	0.043	  155.28	 93.89
  47.00	  46.64	10.9794	33.8338	25.8721	 4.33	188.58	0.043	  155.29	 92.16
  48.00	  47.64	10.9717	33.8341	25.8737	 4.32	187.99	0.043	  155.33	 98.97
  49.00	  48.63	10.9367	33.8340	25.8799	 4.27	186.01	0.043	  155.33	 98.53
  50.00	  49.62	10.8436	33.8337	25.8962	 4.16	181.11	0.043	  155.32	 99.41
  51.00	  50.61	10.7895	33.8312	25.9039	 4.11	179.05	0.043	  155.42	 99.34
  52.00	  51.61	10.7491	33.8267	25.9075	 4.09	178.11	0.042	  155.41	 99.34
  53.00	  52.60	10.7128	33.8248	25.9125	 4.06	176.81	0.042	  155.43	 99.35
  54.00	  53.59	10.6973	33.8258	25.9160	 4.00	174.14	0.042	  155.42	 93.42
  55.00	  54.58	10.6402	33.8343	25.9327	 3.95	172.03	0.042	  155.44	 99.52
  56.00	  55.57	10.6155	33.8421	25.9431	 3.94	171.31	0.042	  155.50	 99.38
  57.00	  56.57	10.6011	33.8486	25.9507	 3.92	170.45	0.042	  155.50	 99.39
  58.00	  57.56	10.5890	33.8579	25.9601	 3.90	169.70	0.042	  155.50	 99.39
  59.00	  58.55	10.5707	33.8602	25.9651	 3.87	168.47	0.042	  155.49	 99.26
  60.00	  59.54	10.5414	33.8644	25.9735	 3.82	166.44	0.042	  155.50	 88.13
  61.00	  60.54	10.5151	33.8632	25.9772	 3.77	164.17	0.042	  155.50	 99.73
  62.00	  61.53	10.5000	33.8624	25.9792	 3.74	162.61	0.042	  155.55	 99.39
  63.00	  62.52	10.4524	33.8689	25.9926	 3.72	162.13	0.042	  155.54	 99.40
  64.00	  63.51	10.4342	33.8748	26.0003	 3.72	161.94	0.042	  155.54	 97.29
  65.00	  64.50	10.4307	33.8766	26.0024	 3.71	161.40	0.042	  155.52	 98.24
  66.00	  65.50	10.4273	33.8793	26.0051	 3.69	160.65	0.042	  155.55	 99.56
  67.00	  66.49	10.4233	33.8821	26.0080	 3.68	160.33	0.042	  155.56	 99.43
  68.00	  67.48	10.4212	33.8832	26.0092	 3.68	160.06	0.042	  155.53	 99.44
  69.00	  68.47	10.4209	33.8836	26.0096	 3.68	159.98	0.042	  155.60	 99.44
  70.00	  69.47	10.4198	33.8838	26.0099	 3.67	159.61	0.042	  155.61	 99.43
  71.00	  70.46	10.4143	33.8846	26.0116	 3.65	158.97	0.042	  155.55	 99.44
  72.00	  71.45	10.4049	33.8861	26.0144	 3.62	157.51	0.042	  155.55	 99.44
  73.00	  72.44	10.3820	33.8894	26.0209	 3.59	156.45	0.042	  155.56	 99.44
  74.00	  73.43	10.3553	33.8930	26.0283	 3.57	155.25	0.042	  155.52	 99.44
  75.00	  74.43	10.3333	33.8954	26.0340	 3.54	154.06	0.042	  155.55	 99.44
  76.00	  75.42	10.3199	33.8966	26.0373	 3.52	153.18	0.041	  155.55	 99.44
  77.00	  76.41	10.3030	33.8979	26.0413	 3.51	152.81	0.040	  155.58	 99.44
  78.00	  77.40	10.2851	33.9006	26.0464	 3.50	152.51	0.041	  155.62	 99.45
  79.00	  78.40	10.2729	33.9021	26.0497	 3.48	151.51	0.042	  155.58	 99.46
  80.00	  79.39	10.2577	33.9042	26.0540	 3.44	149.75	0.042	  155.58	 99.46
  81.00	  80.38	10.2509	33.9040	26.0550	 3.41	148.31	0.042	  155.59	 99.46
  82.00	  81.37	10.2159	33.9079	26.0641	 3.39	147.70	0.040	  155.72	 99.47
  83.00	  82.36	10.2041	33.9081	26.0663	 3.37	146.76	0.042	  155.63	 99.47
  84.00	  83.36	10.1882	33.9096	26.0702	 3.34	145.57	0.042	  155.52	 99.48
  85.00	  84.35	10.1460	33.9109	26.0784	 3.30	143.82	0.041	  155.59	 99.49
  86.00	  85.34	10.1118	33.9114	26.0846	 3.25	141.25	0.041	  155.61	 99.50
  87.00	  86.33	10.0821	33.9111	26.0895	 3.22	140.03	0.042	  155.62	 99.51
  88.00	  87.32	10.0634	33.9124	26.0937	 3.20	139.14	0.041	  155.60	 99.51
  89.00	  88.32	10.0564	33.9126	26.0951	 3.18	138.43	0.041	  155.60	 99.51
  90.00	  89.31	10.0416	33.9135	26.0982	 3.17	137.76	0.042	  155.60	 99.51
  91.00	  90.30	10.0287	33.9144	26.1012	 3.15	137.31	0.042	  155.64	 99.52
  92.00	  91.29	10.0166	33.9151	26.1038	 3.13	136.43	0.041	  155.59	 99.54
  93.00	  92.29	10.0022	33.9160	26.1069	 3.09	134.60	0.042	  155.63	 99.54
  94.00	  93.28	 9.9917	33.9163	26.1089	 3.05	132.93	0.041	  155.59	 99.54
  95.00	  94.27	 9.9752	33.9169	26.1122	 3.02	131.39	0.041	  155.59	 99.54
  96.00	  95.26	 9.9586	33.9179	26.1158	 2.99	130.12	0.042	  155.60	 99.54
  97.00	  96.25	 9.9227	33.9221	26.1251	 2.97	129.19	0.041	  155.62	 99.55
  98.00	  97.25	 9.8908	33.9278	26.1350	 2.95	128.41	0.041	  155.67	 99.55
  99.00	  98.24	 9.8837	33.9286	26.1368	 2.92	126.95	0.041	  155.63	 99.57
 100.00	  99.23	 9.8829	33.9290	26.1373	 2.87	124.83	0.041	  155.61	 99.58
 101.00	 100.22	 9.8619	33.9352	26.1456	 2.83	123.31	0.040	  155.59	 99.58
 102.00	 101.21	 9.8411	33.9381	26.1514	 2.82	122.59	0.041	  155.63	 99.58
 103.00	 102.21	 9.8118	33.9409	26.1585	 2.80	122.01	0.041	  155.64	 99.58
 104.00	 103.20	 9.8028	33.9417	26.1607	 2.78	120.95	0.041	  155.63	 99.59
 105.00	 104.19	 9.7872	33.9431	26.1644	 2.74	119.36	0.041	  155.67	 99.61
 106.00	 105.18	 9.7657	33.9453	26.1697	 2.71	117.98	0.041	  155.65	 99.61
 107.00	 106.17	 9.7440	33.9486	26.1759	 2.69	117.21	0.041	  155.64	 99.62
 108.00	 107.17	 9.7298	33.9503	26.1796	 2.67	116.30	0.041	  155.63	 99.62
 109.00	 108.16	 9.7218	33.9517	26.1821	 2.64	114.82	0.040	  155.69	 99.63
 110.00	 109.15	 9.7095	33.9530	26.1851	 2.58	112.49	0.041	  155.63	 99.63
 111.00	 110.14	 9.6716	33.9600	26.1968	 2.53	110.17	0.041	  155.68	 99.63
 112.00	 111.13	 9.6100	33.9702	26.2150	 2.47	107.69	0.041	  155.72	 99.63
 113.00	 112.13	 9.5693	33.9781	26.2280	 2.42	105.18	0.041	  155.69	 99.66
 114.00	 113.12	 9.5313	33.9825	26.2376	 2.39	103.88	0.041	  155.79	 99.67
 115.00	 114.11	 9.5169	33.9845	26.2416	 2.37	103.04	0.041	  155.72	 99.68
 116.00	 115.10	 9.5047	33.9864	26.2451	 2.35	102.32	0.040	  155.75	 99.68
 117.00	 116.09	 9.4986	33.9871	26.2467	 2.34	101.84	0.040	  155.69	 99.68
 118.00	 117.09	 9.4945	33.9878	26.2479	 2.33	101.54	0.041	  155.71	 99.69
 119.00	 118.08	 9.4917	33.9883	26.2487	 2.32	101.16	0.041	  155.72	 99.70
 120.00	 119.07	 9.4798	33.9904	26.2523	 2.31	100.57	0.041	  155.73	 99.71
 121.00	 120.06	 9.4685	33.9923	26.2557	 2.29	 99.56	0.041	  155.71	 99.71
 122.00	 121.05	 9.4514	33.9961	26.2615	 2.27	 98.99	0.041	  155.83	 99.71
 123.00	 122.05	 9.4375	34.0005	26.2672	 2.27	 98.95	0.041	  155.71	 99.71
 124.00	 123.04	 9.4318	34.0009	26.2685	 2.27	 98.81	0.040	  155.76	 99.71
 125.00	 124.03	 9.4232	34.0014	26.2703	 2.27	 98.78	0.041	  155.71	 99.72
 126.00	 125.02	 9.4139	34.0020	26.2723	 2.27	 98.72	0.041	  155.77	 99.72
 127.00	 126.01	 9.4100	34.0027	26.2735	 2.27	 98.59	0.041	  155.69	 99.72
 128.00	 127.01	 9.4030	34.0028	26.2747	 2.26	 98.44	0.040	  155.75	 99.72
 129.00	 128.00	 9.3842	34.0040	26.2787	 2.25	 98.02	0.040	  155.66	 99.72
 130.00	 128.99	 9.3735	34.0050	26.2813	 2.24	 97.31	0.041	  155.74	 99.72
 131.00	 129.98	 9.3512	34.0075	26.2868	 2.22	 96.78	0.041	  155.73	 99.72
 132.00	 130.97	 9.3174	34.0135	26.2971	 2.21	 96.03	0.041	  155.70	 99.72
 133.00	 131.97	 9.2982	34.0179	26.3036	 2.19	 95.16	0.041	  155.69	 99.73
 134.00	 132.96	 9.2930	34.0191	26.3054	 2.17	 94.63	0.041	  155.66	 99.73
 135.00	 133.95	 9.2892	34.0199	26.3067	 2.16	 94.20	0.040	  155.70	 99.73
 136.00	 134.94	 9.2844	34.0211	26.3084	 2.15	 93.69	0.040	  155.76	 99.73
 137.00	 135.93	 9.2690	34.0221	26.3117	 2.14	 93.30	0.040	  155.79	 99.73
 138.00	 136.92	 9.2450	34.0258	26.3184	 2.14	 93.03	0.040	  155.75	 99.73
 139.00	 137.92	 9.2317	34.0282	26.3225	 2.13	 92.79	0.041	  155.66	 99.73
 140.00	 138.91	 9.2245	34.0285	26.3239	 2.12	 92.26	0.041	  155.67	 99.74
 141.00	 139.90	 9.1979	34.0311	26.3302	 2.11	 91.88	0.041	  155.62	 99.75
 142.00	 140.89	 9.1838	34.0333	26.3343	 2.10	 91.54	0.041	  155.67	 99.74
 143.00	 141.88	 9.1724	34.0357	26.3380	 2.10	 91.29	0.041	  155.64	 99.74
 144.00	 142.88	 9.1682	34.0368	26.3395	 2.09	 90.99	0.041	  155.58	 99.75
 145.00	 143.87	 9.1603	34.0380	26.3417	 2.08	 90.67	0.041	  155.65	 99.75
 146.00	 144.86	 9.1449	34.0401	26.3458	 2.07	 90.29	0.041	  155.71	 99.76
 147.00	 145.85	 9.1390	34.0419	26.3482	 2.06	 89.62	0.041	  155.68	 99.76
 148.00	 146.84	 9.1300	34.0447	26.3519	 2.05	 89.30	0.040	  155.69	 99.76
 149.00	 147.84	 9.1224	34.0467	26.3547	 2.05	 89.08	0.040	  155.67	 99.76
 150.00	 148.83	 9.1200	34.0470	26.3553	 2.04	 88.93	0.041	  155.64	 99.76
 151.00	 149.82	 9.1193	34.0474	26.3557	 2.04	 88.87	0.041	  155.61	 99.76
 152.00	 150.81	 9.1164	34.0476	26.3564	 2.04	 88.72	0.041	  155.61	 99.76
 153.00	 151.80	 9.1095	34.0482	26.3580	 2.04	 88.61	0.040	  155.61	 99.76
 154.00	 152.79	 9.1039	34.0488	26.3594	 2.03	 88.36	0.040	  155.62	 99.76
 155.00	 153.79	 9.0998	34.0495	26.3606	 2.03	 88.23	0.040	  155.60	 99.76
 156.00	 154.78	 9.0956	34.0503	26.3619	 2.02	 87.99	0.041	  155.63	 99.76
 157.00	 155.77	 9.0895	34.0512	26.3636	 2.02	 87.68	0.041	  155.58	 99.76
 158.00	 156.76	 9.0829	34.0524	26.3656	 2.01	 87.60	0.041	  155.59	 99.77
 159.00	 157.75	 9.0769	34.0530	26.3670	 2.01	 87.40	0.041	  155.61	 99.76
 160.00	 158.74	 9.0724	34.0540	26.3686	 2.00	 87.23	0.040	  155.58	 99.76
 161.00	 159.74	 9.0684	34.0547	26.3697	 2.00	 86.93	0.040	  155.56	 99.76
 162.00	 160.73	 9.0589	34.0566	26.3728	 1.99	 86.64	0.041	  155.56	 99.77
 163.00	 161.72	 9.0529	34.0578	26.3747	 1.99	 86.42	0.041	  155.61	 99.77
 164.00	 162.71	 9.0517	34.0578	26.3749	 1.98	 86.10	0.041	  155.58	 99.77
 165.00	 163.70	 9.0449	34.0588	26.3768	 1.97	 85.86	0.040	  155.58	 99.77
 166.00	 164.70	 9.0405	34.0594	26.3780	 1.97	 85.83	0.040	  155.53	 99.78
 167.00	 165.69	 9.0365	34.0600	26.3791	 1.97	 85.70	0.040	  155.56	 99.78
 168.00	 166.68	 9.0335	34.0603	26.3799	 1.95	 85.06	0.040	  155.50	 99.78
 169.00	 167.67	 9.0252	34.0618	26.3823	 1.93	 83.86	0.040	  155.56	 99.78
 170.00	 168.66	 9.0194	34.0665	26.3869	 1.92	 83.52	0.040	  155.58	 99.78
 171.00	 169.65	 9.0124	34.0699	26.3907	 1.92	 83.46	0.040	  155.60	 99.78
 172.00	 170.65	 8.9899	34.0724	26.3963	 1.92	 83.47	0.041	  155.54	 99.78
 173.00	 171.64	 8.9642	34.0710	26.3993	 1.92	 83.44	0.041	  155.58	 99.78
 174.00	 172.63	 8.9467	34.0713	26.4023	 1.91	 83.22	0.040	  155.57	 99.78
 175.00	 173.62	 8.9332	34.0705	26.4038	 1.91	 83.05	0.040	  155.50	 99.78
 176.00	 174.61	 8.9227	34.0715	26.4062	 1.91	 83.12	0.041	  155.48	 99.78
 177.00	 175.60	 8.9197	34.0718	26.4070	 1.91	 83.10	0.041	  155.48	 99.78
 178.00	 176.60	 8.9131	34.0719	26.4081	 1.91	 82.98	0.041	  155.59	 99.78
 179.00	 177.59	 8.9059	34.0724	26.4096	 1.90	 82.81	0.040	  155.56	 99.78
 180.00	 178.58	 8.8963	34.0732	26.4118	 1.90	 82.66	0.041	  155.46	 99.78
 181.00	 179.57	 8.8887	34.0743	26.4139	 1.89	 82.33	0.041	  155.54	 99.78
 182.00	 180.56	 8.8799	34.0757	26.4164	 1.88	 81.99	0.040	  155.53	 99.78
 183.00	 181.55	 8.8763	34.0764	26.4176	 1.88	 81.77	0.041	  155.44	 99.78
 184.00	 182.55	 8.8703	34.0778	26.4196	 1.87	 81.34	0.041	  155.48	 99.78
 185.00	 183.54	 8.8621	34.0795	26.4222	 1.86	 81.07	0.040	  155.57	 99.78
 186.00	 184.53	 8.8428	34.0817	26.4270	 1.86	 80.83	0.040	  155.47	 99.78
 187.00	 185.52	 8.8383	34.0822	26.4281	 1.85	 80.69	0.040	  155.51	 99.79
 188.00	 186.51	 8.8365	34.0826	26.4287	 1.85	 80.64	0.041	  155.46	 99.79
 189.00	 187.50	 8.8358	34.0829	26.4291	 1.85	 80.55	0.041	  155.45	 99.80
 190.00	 188.50	 8.8351	34.0830	26.4293	 1.85	 80.46	0.040	  155.48	 99.80
 191.00	 189.49	 8.8338	34.0830	26.4295	 1.85	 80.44	0.040	  155.49	 99.79
 192.00	 190.48	 8.8324	34.0832	26.4299	 1.85	 80.42	0.040	  155.42	 99.79
 193.00	 191.47	 8.8291	34.0837	26.4309	 1.85	 80.29	0.040	  155.46	 99.79
 194.00	 192.46	 8.8263	34.0840	26.4315	 1.84	 80.15	0.040	  155.43	 99.79
 195.00	 193.45	 8.8259	34.0843	26.4318	 1.84	 80.14	0.040	  155.41	 99.80
 196.00	 194.45	 8.8250	34.0846	26.4322	 1.84	 80.05	0.041	  155.43	 99.80
 197.00	 195.44	 8.8229	34.0851	26.4329	 1.83	 79.83	0.040	  155.43	 99.80
 198.00	 196.43	 8.8197	34.0855	26.4338	 1.83	 79.81	0.040	  155.42	 99.80
 199.00	 197.42	 8.8160	34.0858	26.4346	 1.83	 79.71	0.040	  155.41	 99.80
 200.00	 198.41	 8.8113	34.0863	26.4358	 1.83	 79.50	0.040	  155.35	 99.80
 201.00	 199.40	 8.8036	34.0868	26.4373	 1.82	 79.28	0.041	  155.42	 99.80
 202.00	 200.39	 8.7892	34.0879	26.4405	 1.82	 79.31	0.040	  155.42	 99.80
 203.00	 201.39	 8.7818	34.0883	26.4420	 1.82	 79.26	0.040	  155.37	 99.80
 204.00	 202.38	 8.7709	34.0875	26.4431	 1.82	 79.08	0.040	  155.30	 99.80
 205.00	 203.37	 8.7522	34.0881	26.4465	 1.81	 78.88	0.041	  155.40	 99.80
 206.00	 204.36	 8.7434	34.0891	26.4487	 1.81	 78.81	0.041	  155.39	 99.80
 207.00	 205.35	 8.7368	34.0914	26.4515	 1.81	 78.82	0.040	  155.37	 99.80
 208.00	 206.34	 8.7209	34.0902	26.4530	 1.81	 78.72	0.040	  155.34	 99.80
 209.00	 207.34	 8.7076	34.0902	26.4551	 1.80	 78.45	0.040	  155.32	 99.80
 210.00	 208.33	 8.7004	34.0919	26.4576	 1.79	 77.91	0.040	  155.37	 99.80
 211.00	 209.32	 8.6856	34.0948	26.4622	 1.78	 77.24	0.040	  155.34	 99.80
 212.00	 210.31	 8.6622	34.0974	26.4678	 1.76	 76.39	0.041	  155.36	 99.80
 213.00	 211.30	 8.6498	34.0998	26.4717	 1.74	 75.69	0.041	  155.39	 99.80
 214.00	 212.29	 8.6398	34.1029	26.4756	 1.73	 75.21	0.040	  155.35	 99.80
 215.00	 213.28	 8.6335	34.1051	26.4784	 1.72	 74.88	0.040	  155.39	 99.80
 216.00	 214.28	 8.6321	34.1055	26.4790	 1.71	 74.50	0.040	  155.38	 99.81
