wcoa21_data_management/01_CRUISE_METADATA/00_OCADS_data/CTD_downcasts/WCOA_2021_CTD_downcasts/dRB2102_CTD_009_01_F.txt
* Sea-Bird SBE 9 Data:
* Software Version Seasave V 7.26.7.107
* Vessel: NOAA Ship Ronald H. Brown
* Cruise: RB2102, West Coast Ocean Acidification (WCOA) 2021
* Dates: 20210622 to 20210723
* Region: NE Pacific, USA West Coast
* Ports: San Diego, CA to Port Angeles, WA to San Diego, CA
* Chief Scientists: R. Feely, NOAA PMEL; D. Greeley, NOAA PMEL; B. Carter, NOAA PMEL / UW CICOES
*END*
   4.00	   3.97	14.5604	31.7534	23.5635	 6.54	285.19	0.050	  124.87	 99.86
   5.00	   4.96	14.6616	31.7576	23.5456	 6.57	286.48	0.050	  124.77	 99.87
   6.00	   5.95	14.5885	31.7568	23.5604	 6.57	286.67	0.050	  124.77	 99.88
   7.00	   6.94	14.2656	31.7527	23.6245	 6.61	288.53	0.049	  124.83	 99.88
   8.00	   7.93	14.0747	31.7351	23.6503	 6.63	289.06	0.049	  124.86	 99.88
   9.00	   8.92	13.9241	31.7342	23.6804	 6.60	288.13	0.049	  124.87	 99.88
  10.00	   9.92	13.7280	31.7391	23.7239	 6.60	287.91	0.050	  124.91	 99.88
  11.00	  10.91	13.4436	31.7527	23.7914	 6.62	288.69	0.050	  124.95	 99.86
  12.00	  11.90	13.3304	31.7567	23.8170	 6.59	287.50	0.052	  125.04	 99.85
  13.00	  12.89	13.2125	31.7601	23.8430	 6.57	286.40	0.052	  124.96	 99.85
  14.00	  13.88	13.0946	31.7635	23.8687	 6.60	288.10	0.054	  125.02	 99.84
  15.00	  14.87	13.0532	31.7688	23.8809	 6.60	288.03	0.056	  125.05	 99.85
  16.00	  15.86	12.9226	31.7906	23.9233	 6.63	289.00	0.057	  125.05	 99.84
  17.00	  16.86	12.8278	31.8138	23.9596	 6.63	289.11	0.058	  125.09	 99.84
  18.00	  17.85	12.7912	31.8203	23.9716	 6.63	289.24	0.061	  125.11	 99.84
  19.00	  18.84	12.7015	31.8372	24.0020	 6.64	289.47	0.060	  125.11	 99.84
  20.00	  19.83	12.5925	31.8476	24.0309	 6.67	290.99	0.060	  125.15	 99.84
  21.00	  20.82	12.4022	31.8671	24.0823	 6.74	293.73	0.071	  125.21	 99.84
  22.00	  21.81	12.1762	31.8885	24.1413	 6.81	297.02	0.079	  125.24	 99.84
  23.00	  22.80	11.8051	31.9237	24.2373	 6.97	303.73	0.112	  125.31	 99.85
  24.00	  23.80	11.2126	31.9648	24.3759	 7.17	312.57	0.123	  125.40	 99.86
  25.00	  24.79	10.5639	31.9995	24.5158	 7.30	318.37	0.147	  125.54	 99.88
  26.00	  25.78	 9.9730	32.0260	24.6355	 7.40	322.46	0.200	  125.69	 99.89
  27.00	  26.77	 9.4300	32.0559	24.7467	 7.33	319.38	0.313	  125.77	 99.90
  28.00	  27.76	 9.2056	32.0829	24.8032	 7.13	310.59	0.341	  125.86	 99.90
  29.00	  28.75	 9.1226	32.0980	24.8279	 7.00	305.18	0.207	  125.91	 99.87
  30.00	  29.74	 8.9997	32.1061	24.8533	 6.94	302.30	0.156	  125.99	 99.84
  31.00	  30.74	 8.8994	32.1258	24.8842	 6.90	300.56	0.142	  125.99	 99.82
  32.00	  31.73	 8.8521	32.1301	24.8948	 6.83	297.78	0.109	  126.01	 99.80
  33.00	  32.72	 8.7744	32.1376	24.9125	 6.75	294.01	0.121	  126.02	 99.79
  34.00	  33.71	 8.6230	32.1612	24.9539	 6.65	289.94	0.162	  126.11	 99.76
  35.00	  34.70	 8.4275	32.1735	24.9928	 6.64	289.24	0.090	  126.17	 99.73
  36.00	  35.69	 8.4121	32.1810	25.0009	 6.62	288.22	0.069	  126.16	 99.71
  37.00	  36.68	 8.3938	32.1852	25.0070	 6.61	287.92	0.069	  126.23	 99.71
  38.00	  37.68	 8.3928	32.1858	25.0076	 6.60	287.71	0.068	  126.24	 99.69
  39.00	  38.67	 8.3857	32.1853	25.0083	 6.58	286.88	0.073	  126.20	 99.68
  40.00	  39.66	 8.3786	32.1848	25.0090	 6.59	286.95	0.069	  126.15	 98.40
  41.00	  40.65	 8.3215	32.1950	25.0253	 6.59	287.33	0.065	  126.20	 98.51
  42.00	  41.64	 8.2868	32.2030	25.0367	 6.60	287.47	0.068	  126.19	 99.56
  43.00	  42.63	 8.2704	32.2063	25.0418	 6.59	287.04	0.068	  126.20	 99.68
  44.00	  43.62	 8.2540	32.2097	25.0469	 6.58	286.66	0.062	  126.17	 99.68
  45.00	  44.62	 8.2408	32.2118	25.0504	 6.57	286.16	0.064	  126.22	 95.25
  46.00	  45.61	 8.2257	32.2138	25.0543	 6.55	285.15	0.062	  126.17	 99.55
  47.00	  46.60	 8.1989	32.2282	25.0694	 6.55	285.31	0.069	  126.14	 99.67
  48.00	  47.59	 8.2008	32.2347	25.0743	 6.58	286.49	0.064	  126.12	 99.66
  49.00	  48.58	 8.1807	32.2403	25.0816	 6.61	288.02	0.061	  126.09	 99.66
  50.00	  49.57	 8.1799	32.2461	25.0863	 6.63	288.69	0.060	  126.07	 99.67
  51.00	  50.56	 8.1590	32.2501	25.0925	 6.60	287.75	0.063	  126.01	 99.68
  52.00	  51.56	 8.0520	32.2479	25.1063	 6.55	285.38	0.060	  126.03	 99.68
  53.00	  52.55	 8.0337	32.2566	25.1158	 6.52	284.24	0.055	  126.06	 99.68
  54.00	  53.54	 8.0232	32.2644	25.1235	 6.51	283.53	0.053	  125.99	 99.67
  55.00	  54.53	 8.0100	32.2683	25.1284	 6.51	283.41	0.053	  126.05	 99.66
  56.00	  55.52	 7.9940	32.2739	25.1351	 6.50	283.13	0.053	  126.04	 99.64
  57.00	  56.51	 7.9789	32.2786	25.1410	 6.47	281.89	0.055	  125.98	 99.63
  58.00	  57.50	 7.9701	32.2830	25.1457	 6.46	281.25	0.053	  125.95	 98.00
  59.00	  58.49	 7.9603	32.2892	25.1520	 6.45	280.79	0.051	  125.95	 99.62
  60.00	  59.49	 7.9477	32.2991	25.1616	 6.44	280.41	0.050	  126.00	 99.63
  61.00	  60.48	 7.9334	32.3007	25.1649	 6.43	279.90	0.049	  125.93	 99.63
  62.00	  61.47	 7.9143	32.3053	25.1712	 6.41	279.10	0.051	  125.96	 99.62
  63.00	  62.46	 7.8830	32.3236	25.1901	 6.37	277.28	0.050	  125.92	 99.61
  64.00	  63.45	 7.8733	32.3339	25.1996	 6.31	274.98	0.049	  125.94	 99.61
  65.00	  64.44	 7.8555	32.3527	25.2169	 6.28	273.50	0.049	  125.89	 99.60
  66.00	  65.43	 7.8513	32.3632	25.2257	 6.25	272.27	0.048	  125.92	 99.58
  67.00	  66.42	 7.8492	32.3722	25.2331	 6.21	270.46	0.047	  125.85	 99.57
  68.00	  67.42	 7.8591	32.3924	25.2476	 6.13	266.87	0.048	  125.88	 99.56
  69.00	  68.41	 7.8561	32.4237	25.2727	 6.06	263.97	0.046	  125.89	 99.55
  70.00	  69.40	 7.8108	32.4280	25.2824	 6.04	262.89	0.045	  125.87	 99.53
  71.00	  70.39	 7.8019	32.4331	25.2877	 5.95	259.37	0.046	  125.86	 99.51
  72.00	  71.38	 7.8195	32.4648	25.3101	 5.85	254.88	0.044	  125.90	 99.50
  73.00	  72.37	 7.8057	32.5002	25.3399	 5.75	250.49	0.043	  125.89	 99.49
  74.00	  73.36	 7.7961	32.5693	25.3956	 5.66	246.66	0.043	  125.93	 99.48
  75.00	  74.35	 7.7981	32.5964	25.4166	 5.56	242.12	0.043	  125.92	 99.44
  76.00	  75.35	 7.7883	32.6268	25.4418	 5.45	237.31	0.044	  125.94	 99.39
  77.00	  76.34	 7.7692	32.6704	25.4788	 5.40	235.29	0.043	  126.03	 99.38
  78.00	  77.33	 7.7334	32.7063	25.5121	 5.37	233.95	0.042	  125.96	 99.37
  79.00	  78.32	 7.7155	32.7299	25.5332	 5.32	231.54	0.042	  125.94	 99.37
  80.00	  79.31	 7.7107	32.7500	25.5497	 5.22	227.52	0.043	  125.92	 99.35
  81.00	  80.30	 7.7016	32.8068	25.5956	 5.13	223.21	0.042	  125.96	 99.34
  82.00	  81.29	 7.6986	32.8298	25.6141	 5.07	220.79	0.042	  126.00	 99.34
  83.00	  82.28	 7.6966	32.8366	25.6198	 5.02	218.66	0.042	  125.98	 99.32
  84.00	  83.27	 7.6931	32.8426	25.6250	 4.96	216.03	0.042	  125.95	 99.32
  85.00	  84.27	 7.6948	32.8621	25.6401	 4.88	212.48	0.042	  126.01	 99.31
  86.00	  85.26	 7.6923	32.8999	25.6702	 4.81	209.62	0.042	  125.98	 99.30
  87.00	  86.25	 7.6929	32.9325	25.6957	 4.75	206.98	0.041	  125.97	 99.31
  88.00	  87.24	 7.7006	32.9562	25.7132	 4.70	204.44	0.041	  125.98	 99.30
  89.00	  88.23	 7.7032	32.9632	25.7184	 4.66	202.69	0.041	  125.89	 99.29
  90.00	  89.22	 7.7047	32.9664	25.7207	 4.63	201.57	0.041	  125.91	 99.30
  91.00	  90.21	 7.7099	32.9791	25.7299	 4.61	200.53	0.041	  125.96	 99.30
  92.00	  91.20	 7.7187	32.9948	25.7411	 4.57	199.07	0.041	  125.88	 99.31
  93.00	  92.20	 7.7351	33.0065	25.7479	 4.50	196.02	0.041	  125.80	 99.31
  94.00	  93.19	 7.7308	33.0520	25.7843	 4.41	191.91	0.041	  125.90	 99.32
  95.00	  94.18	 7.7205	33.1253	25.8434	 4.32	187.90	0.042	  125.93	 99.32
  96.00	  95.17	 7.7590	33.2019	25.8980	 4.23	183.97	0.041	  125.97	 99.32
  97.00	  96.16	 7.7764	33.2228	25.9120	 4.13	179.61	0.041	  125.98	 99.32
  98.00	  97.15	 7.7980	33.2533	25.9329	 4.02	175.17	0.041	  125.98	 99.34
  99.00	  98.14	 7.8236	33.2836	25.9530	 3.95	172.08	0.041	  125.99	 99.34
 100.00	  99.13	 7.8124	33.3059	25.9722	 3.90	169.93	0.041	  126.01	 99.36
 101.00	 100.12	 7.8158	33.3238	25.9857	 3.86	168.19	0.041	  125.97	 99.37
 102.00	 101.12	 7.8130	33.3379	25.9973	 3.82	166.48	0.041	  126.01	 99.38
 103.00	 102.11	 7.7902	33.3550	26.0139	 3.80	165.35	0.041	  125.95	 83.25
 104.00	 103.10	 7.7054	33.3953	26.0578	 3.77	164.15	0.041	  126.00	 99.14
 105.00	 104.09	 7.6787	33.4184	26.0798	 3.72	162.01	0.041	  125.98	 99.40
 106.00	 105.08	 7.6823	33.4540	26.1072	 3.66	159.27	0.041	  126.01	 99.41
 107.00	 106.07	 7.6780	33.4947	26.1399	 3.62	157.69	0.041	  126.05	 99.41
 108.00	 107.06	 7.6754	33.5012	26.1454	 3.59	156.44	0.041	  126.05	 99.41
 109.00	 108.05	 7.6743	33.5047	26.1483	 3.57	155.31	0.041	  126.04	 99.41
 110.00	 109.04	 7.6753	33.5153	26.1565	 3.53	153.69	0.041	  125.99	 99.43
 111.00	 110.03	 7.6892	33.5295	26.1657	 3.49	151.80	0.041	  126.03	 99.44
 112.00	 111.03	 7.6808	33.5500	26.1830	 3.44	149.76	0.041	  125.98	 99.44
 113.00	 112.02	 7.6908	33.5705	26.1977	 3.40	147.76	0.041	  125.98	 99.46
 114.00	 113.01	 7.7039	33.5831	26.2057	 3.37	146.49	0.041	  126.01	 99.46
 115.00	 114.00	 7.7039	33.5877	26.2094	 3.33	144.81	0.041	  125.98	 99.46
 116.00	 114.99	 7.7118	33.6146	26.2294	 3.28	142.70	0.041	  125.94	 99.48
 117.00	 115.98	 7.7186	33.6370	26.2461	 3.25	141.22	0.041	  126.01	 99.49
 118.00	 116.97	 7.7181	33.6442	26.2518	 3.21	139.65	0.041	  125.99	 99.49
 119.00	 117.96	 7.7426	33.6581	26.2592	 3.17	137.81	0.041	  125.99	 99.50
 120.00	 118.95	 7.7519	33.6760	26.2720	 3.14	136.55	0.041	  126.00	 99.51
 121.00	 119.94	 7.7536	33.6794	26.2744	 3.12	135.65	0.041	  125.97	 99.51
 122.00	 120.94	 7.7541	33.6833	26.2774	 3.09	134.66	0.041	  125.98	 99.51
 123.00	 121.93	 7.7611	33.6910	26.2824	 3.08	133.89	0.041	  126.00	 99.53
 124.00	 122.92	 7.7643	33.6931	26.2837	 3.06	133.30	0.042	  125.99	 99.53
 125.00	 123.91	 7.7725	33.6954	26.2843	 3.06	132.99	0.041	  125.97	 99.54
 126.00	 124.90	 7.7693	33.6955	26.2848	 3.05	132.81	0.042	  125.93	 99.54
 127.00	 125.89	 7.7600	33.6978	26.2880	 3.04	132.50	0.041	  125.95	 99.54
 128.00	 126.88	 7.7138	33.7085	26.3031	 3.06	133.08	0.041	  125.97	 99.54
 129.00	 127.87	 7.6724	33.7247	26.3218	 3.05	132.54	0.041	  125.98	 99.54
 130.00	 128.86	 7.6892	33.7307	26.3241	 3.02	131.52	0.041	  125.96	 99.54
 131.00	 129.85	 7.7008	33.7368	26.3273	 3.01	130.87	0.041	  125.96	 99.54
 132.00	 130.85	 7.7024	33.7405	26.3299	 3.00	130.41	0.042	  125.92	 99.54
 133.00	 131.84	 7.6987	33.7442	26.3334	 2.99	129.90	0.042	  125.92	 99.55
 134.00	 132.83	 7.6973	33.7478	26.3364	 2.97	129.08	0.041	  125.93	 99.55
 135.00	 133.82	 7.7003	33.7546	26.3414	 2.95	128.17	0.042	  125.92	 99.55
 136.00	 134.81	 7.7044	33.7608	26.3456	 2.91	126.73	0.042	  125.92	 99.56
 137.00	 135.80	 7.7244	33.7754	26.3543	 2.88	125.18	0.041	  125.91	 99.56
 138.00	 136.79	 7.7387	33.7814	26.3569	 2.85	124.17	0.042	  125.91	 99.56
 139.00	 137.78	 7.7402	33.7824	26.3575	 2.83	123.28	0.041	  125.96	 99.56
 140.00	 138.77	 7.7539	33.7895	26.3611	 2.81	122.29	0.041	  125.90	 99.58
 141.00	 139.76	 7.7573	33.7919	26.3626	 2.78	121.13	0.042	  125.88	 99.58
 142.00	 140.75	 7.7627	33.8014	26.3693	 2.75	119.63	0.041	  125.92	 99.58
 143.00	 141.75	 7.7579	33.8186	26.3835	 2.73	118.78	0.041	  125.93	 99.58
 144.00	 142.74	 7.7523	33.8216	26.3866	 2.72	118.26	0.042	  125.95	 99.58
 145.00	 143.73	 7.7489	33.8226	26.3879	 2.71	117.81	0.042	  125.92	 99.59
 146.00	 144.72	 7.7461	33.8241	26.3895	 2.71	117.70	0.041	  125.95	 99.61
 147.00	 145.71	 7.7402	33.8244	26.3906	 2.70	117.61	0.042	  125.89	 99.61
 148.00	 146.70	 7.7297	33.8261	26.3935	 2.70	117.34	0.041	  125.92	 99.61
 149.00	 147.69	 7.7258	33.8289	26.3962	 2.69	117.17	0.042	  125.88	 99.61
 150.00	 148.68	 7.7242	33.8315	26.3985	 2.69	116.87	0.041	  125.89	 99.61
 151.00	 149.67	 7.7210	33.8350	26.4018	 2.67	116.21	0.041	  125.85	 99.61
 152.00	 150.66	 7.7056	33.8410	26.4087	 2.65	115.31	0.041	  125.89	 99.61
 153.00	 151.65	 7.6828	33.8474	26.4170	 2.63	114.33	0.041	  125.89	 99.61
 154.00	 152.64	 7.6602	33.8564	26.4274	 2.61	113.46	0.041	  125.87	 99.61
 155.00	 153.64	 7.6489	33.8617	26.4332	 2.59	112.76	0.041	  125.93	 99.62
 156.00	 154.63	 7.6464	33.8633	26.4348	 2.58	112.09	0.041	  125.87	 99.63
 157.00	 155.62	 7.6446	33.8651	26.4365	 2.56	111.37	0.041	  125.88	 99.63
 158.00	 156.61	 7.6370	33.8717	26.4428	 2.54	110.50	0.041	  125.86	 99.63
 159.00	 157.60	 7.6286	33.8807	26.4511	 2.52	109.79	0.041	  125.87	 99.63
 160.00	 158.59	 7.6135	33.8900	26.4606	 2.51	109.31	0.041	  125.84	 99.63
 161.00	 159.58	 7.5748	33.8926	26.4682	 2.51	109.05	0.041	  125.91	 99.63
 162.00	 160.57	 7.5455	33.8966	26.4755	 2.51	109.00	0.041	  125.91	 99.64
 163.00	 161.56	 7.5485	33.8972	26.4756	 2.50	108.56	0.041	  125.85	 99.65
 164.00	 162.55	 7.5305	33.8992	26.4797	 2.49	108.29	0.041	  126.01	 99.65
 165.00	 163.54	 7.5043	33.8989	26.4832	 2.48	108.10	0.041	  125.86	 99.66
 166.00	 164.53	 7.4678	33.9040	26.4924	 2.48	107.93	0.041	  125.87	 99.66
 167.00	 165.53	 7.4567	33.9074	26.4967	 2.47	107.62	0.041	  125.90	 99.66
 168.00	 166.52	 7.4502	33.9099	26.4996	 2.47	107.30	0.041	  125.91	 99.66
 169.00	 167.51	 7.4480	33.9109	26.5007	 2.46	106.85	0.041	  125.90	 99.66
 170.00	 168.50	 7.4413	33.9113	26.5020	 2.46	107.11	0.041	  125.90	 99.66
 171.00	 169.49	 7.4177	33.9116	26.5055	 2.47	107.64	0.041	  125.88	 99.66
 172.00	 170.48	 7.4092	33.9119	26.5070	 2.48	107.88	0.041	  125.85	 99.66
 173.00	 171.47	 7.4029	33.9119	26.5079	 2.48	108.01	0.041	  125.94	 99.66
 174.00	 172.46	 7.3960	33.9133	26.5100	 2.48	107.84	0.041	  125.87	 99.66
 175.00	 173.45	 7.3949	33.9136	26.5104	 2.46	107.03	0.041	  125.85	 99.66
 176.00	 174.44	 7.3640	33.9191	26.5191	 2.45	106.42	0.041	  125.86	 99.66
 177.00	 175.43	 7.3371	33.9232	26.5261	 2.44	106.06	0.041	  125.83	 99.66
 178.00	 176.42	 7.3336	33.9235	26.5269	 2.43	105.87	0.041	  125.85	 99.66
 179.00	 177.41	 7.3249	33.9239	26.5284	 2.43	105.73	0.041	  125.85	 99.66
 180.00	 178.40	 7.3081	33.9247	26.5314	 2.43	105.54	0.041	  125.81	 99.67
 181.00	 179.40	 7.2868	33.9276	26.5367	 2.41	105.04	0.041	  125.83	 99.67
 182.00	 180.39	 7.2604	33.9291	26.5416	 2.40	104.39	0.041	  125.84	 99.67
 183.00	 181.38	 7.2374	33.9313	26.5465	 2.38	103.59	0.041	  125.80	 99.67
 184.00	 182.37	 7.2345	33.9319	26.5474	 2.36	102.69	0.041	  125.89	 99.68
 185.00	 183.36	 7.2340	33.9324	26.5479	 2.35	102.34	0.041	  125.81	 99.68
 186.00	 184.35	 7.2294	33.9337	26.5496	 2.35	102.19	0.041	  125.87	 99.68
 187.00	 185.34	 7.2254	33.9340	26.5504	 2.34	101.93	0.041	  125.81	 99.68
 188.00	 186.33	 7.2199	33.9342	26.5513	 2.34	101.79	0.041	  125.86	 99.68
 189.00	 187.32	 7.2171	33.9343	26.5517	 2.34	101.80	0.041	  125.82	 99.68
 190.00	 188.31	 7.2017	33.9330	26.5529	 2.34	101.93	0.041	  125.84	 99.68
 191.00	 189.30	 7.1809	33.9326	26.5554	 2.34	101.86	0.041	  125.80	 99.68
 192.00	 190.29	 7.1836	33.9358	26.5576	 2.33	101.53	0.041	  125.79	 99.68
 193.00	 191.28	 7.1755	33.9379	26.5604	 2.33	101.19	0.041	  125.76	 99.68
 194.00	 192.27	 7.1713	33.9386	26.5615	 2.32	100.99	0.041	  125.85	 99.68
 195.00	 193.26	 7.1701	33.9386	26.5618	 2.32	100.84	0.041	  125.83	 99.68
 196.00	 194.26	 7.1705	33.9388	26.5618	 2.31	100.68	0.041	  125.80	 99.68
 197.00	 195.25	 7.1693	33.9390	26.5622	 2.31	100.56	0.041	  125.76	 99.69
 198.00	 196.24	 7.1658	33.9386	26.5624	 2.31	100.34	0.042	  125.76	 99.69
 199.00	 197.23	 7.1534	33.9384	26.5640	 2.30	100.08	0.041	  125.84	 99.69
 200.00	 198.22	 7.1450	33.9382	26.5650	 2.29	 99.58	0.041	  125.79	 99.69
 201.00	 199.21	 7.1029	33.9400	26.5722	 2.28	 99.23	0.041	  125.77	 99.69
 202.00	 200.20	 7.0757	33.9438	26.5789	 2.27	 98.90	0.041	  125.80	 99.70
 203.00	 201.19	 7.0694	33.9445	26.5804	 2.27	 98.54	0.041	  125.75	 99.70
 204.00	 202.18	 7.0691	33.9452	26.5809	 2.26	 98.25	0.041	  125.78	 99.71
 205.00	 203.17	 7.0714	33.9451	26.5806	 2.25	 98.00	0.041	  125.76	 99.71
 206.00	 204.16	 7.0715	33.9456	26.5810	 2.25	 97.68	0.042	  125.73	 99.71
 207.00	 205.15	 7.0708	33.9468	26.5820	 2.24	 97.46	0.042	  125.81	 99.71
 208.00	 206.14	 7.0701	33.9479	26.5830	 2.24	 97.35	0.041	  125.77	 99.71
 209.00	 207.13	 7.0700	33.9479	26.5830	 2.24	 97.39	0.041	  125.77	 99.71
 210.00	 208.12	 7.0703	33.9478	26.5829	 2.24	 97.28	0.041	  125.81	 99.71
 211.00	 209.11	 7.0707	33.9478	26.5829	 2.24	 97.33	0.041	  125.80	 99.71
 212.00	 210.10	 7.0711	33.9482	26.5831	 2.23	 97.15	0.041	  125.76	 99.71
 213.00	 211.10	 7.0714	33.9478	26.5828	 2.23	 97.07	0.041	  125.83	 99.71
 214.00	 212.09	 7.0709	33.9478	26.5829	 2.23	 97.07	0.042	  125.78	 99.71
 215.00	 213.08	 7.0679	33.9481	26.5836	 2.23	 97.08	0.042	  125.75	 99.71
 216.00	 214.07	 7.0677	33.9482	26.5837	 2.23	 97.02	0.041	  125.77	 99.71
