wcoa21_data_management/01_CRUISE_METADATA/00_OCADS_data/CTD_downcasts/WCOA_2021_CTD_downcasts/dRB2102_CTD_126_01_F.txt
* Sea-Bird SBE 9 Data:
* Software Version Seasave V 7.26.7.107
* Vessel: NOAA Ship Ronald H. Brown
* Cruise: RB2102, West Coast Ocean Acidification (WCOA) 2021
* Dates: 20210622 to 20210723
* Region: NE Pacific, USA West Coast
* Ports: San Diego, CA to Port Angeles, WA to San Diego, CA
* Chief Scientists: R. Feely, NOAA PMEL; D. Greeley, NOAA PMEL; B. Carter, NOAA PMEL / UW CICOES
*END*
[from data line 214]
 217.00	 215.35	 9.2389	34.1788	26.4406	 1.64	 71.39	0.040	  144.18	 99.77
 218.00	 216.34	 9.2358	34.1809	26.4428	 1.61	 70.24	0.040	  144.25	 99.77
 219.00	 217.33	 9.2354	34.1844	26.4456	 1.59	 69.27	0.040	  144.27	 99.77
 220.00	 218.32	 9.2446	34.1902	26.4486	 1.58	 68.67	0.039	  144.23	 99.77
 221.00	 219.32	 9.2379	34.1918	26.4510	 1.57	 68.30	0.040	  144.21	 99.78
 222.00	 220.31	 9.2356	34.1935	26.4527	 1.56	 67.91	0.040	  144.22	 99.78
 223.00	 221.30	 9.2335	34.1950	26.4542	 1.55	 67.55	0.040	  144.22	 99.78
 224.00	 222.29	 9.2324	34.1956	26.4549	 1.55	 67.38	0.040	  144.25	 99.78
 225.00	 223.28	 9.2310	34.1967	26.4560	 1.54	 67.21	0.040	  144.23	 99.78
 226.00	 224.28	 9.2294	34.1980	26.4573	 1.55	 67.24	0.040	  144.24	 99.78
 227.00	 225.27	 9.2257	34.1982	26.4581	 1.55	 67.32	0.040	  144.25	 99.78
 228.00	 226.26	 9.2245	34.1988	26.4587	 1.54	 67.13	0.040	  144.20	 99.78
 229.00	 227.25	 9.2242	34.1987	26.4588	 1.54	 67.20	0.040	  144.20	 99.78
 230.00	 228.24	 9.2205	34.1983	26.4591	 1.55	 67.32	0.040	  144.20	 99.79
 231.00	 229.24	 9.2183	34.1983	26.4594	 1.55	 67.31	0.040	  144.19	 99.79
 232.00	 230.23	 9.2082	34.1976	26.4605	 1.55	 67.50	0.040	  144.16	 99.79
 233.00	 231.22	 9.2012	34.1978	26.4618	 1.56	 67.69	0.040	  144.19	 99.79
 234.00	 232.21	 9.2002	34.1976	26.4618	 1.55	 67.60	0.040	  144.22	 99.78
 235.00	 233.20	 9.1990	34.1975	26.4620	 1.55	 67.51	0.040	  144.23	 99.79
 236.00	 234.19	 9.1980	34.1975	26.4621	 1.55	 67.51	0.040	  144.17	 99.79
 237.00	 235.19	 9.1993	34.1976	26.4620	 1.55	 67.38	0.040	  144.20	 99.79
 238.00	 236.18	 9.2016	34.1977	26.4617	 1.55	 67.41	0.040	  144.16	 99.79
 239.00	 237.17	 9.2008	34.1976	26.4618	 1.55	 67.48	0.040	  144.14	 99.79
 240.00	 238.16	 9.1914	34.1968	26.4627	 1.54	 67.22	0.040	  144.15	 99.79
 241.00	 239.15	 9.1813	34.1974	26.4648	 1.53	 66.66	0.041	  144.19	 99.79
 242.00	 240.14	 9.1803	34.2005	26.4674	 1.53	 66.47	0.040	  144.13	 99.79
 243.00	 241.14	 9.1818	34.2015	26.4680	 1.53	 66.64	0.040	  144.12	 99.79
 244.00	 242.13	 9.1818	34.2013	26.4679	 1.54	 66.79	0.040	  144.11	 99.79
 245.00	 243.12	 9.1812	34.2009	26.4677	 1.53	 66.71	0.040	  144.13	 99.79
 246.00	 244.11	 9.1811	34.2002	26.4672	 1.53	 66.36	0.040	  144.14	 99.79
 247.00	 245.10	 9.1818	34.2018	26.4683	 1.52	 66.13	0.040	  144.10	 99.80
 248.00	 246.09	 9.1832	34.2035	26.4694	 1.52	 66.19	0.040	  144.09	 99.80
 249.00	 247.09	 9.1835	34.2040	26.4697	 1.52	 66.10	0.041	  144.11	 99.79
 250.00	 248.08	 9.1840	34.2046	26.4702	 1.52	 65.94	0.040	  144.09	 99.79
 251.00	 249.07	 9.1803	34.2047	26.4709	 1.51	 65.90	0.040	  144.09	 99.80
 252.00	 250.06	 9.1721	34.2050	26.4725	 1.51	 65.75	0.040	  144.08	 99.80
 253.00	 251.05	 9.1690	34.2050	26.4730	 1.51	 65.48	0.040	  144.08	 99.80
 254.00	 252.05	 9.1712	34.2056	26.4731	 1.50	 65.25	0.040	  144.00	 99.80
 255.00	 253.04	 9.1649	34.2049	26.4736	 1.50	 65.26	0.040	  144.09	 99.80
 256.00	 254.03	 9.1491	34.2064	26.4773	 1.50	 65.16	0.040	  144.07	 99.80
 257.00	 255.02	 9.1432	34.2060	26.4779	 1.49	 64.99	0.040	  144.07	 99.80
 258.00	 256.01	 9.1391	34.2062	26.4788	 1.49	 64.93	0.040	  144.06	 99.80
 259.00	 257.00	 9.1332	34.2058	26.4794	 1.49	 64.81	0.040	  144.07	 99.80
 260.00	 258.00	 9.1275	34.2060	26.4805	 1.48	 64.49	0.041	  144.01	 99.80
 261.00	 258.99	 9.1242	34.2068	26.4817	 1.47	 63.96	0.040	  144.06	 99.80
 262.00	 259.98	 9.1229	34.2095	26.4840	 1.46	 63.54	0.040	  144.07	 99.80
 263.00	 260.97	 9.1244	34.2109	26.4849	 1.45	 63.23	0.040	  144.07	 99.80
 264.00	 261.96	 9.1236	34.2113	26.4854	 1.45	 63.06	0.040	  144.02	 99.80
 265.00	 262.95	 9.1239	34.2130	26.4867	 1.45	 62.88	0.040	  144.01	 99.80
 266.00	 263.95	 9.1158	34.2118	26.4871	 1.44	 62.74	0.040	  144.01	 99.80
 267.00	 264.94	 9.1053	34.2138	26.4903	 1.45	 63.07	0.040	  144.03	 99.80
 268.00	 265.93	 9.1001	34.2131	26.4906	 1.45	 63.15	0.040	  144.04	 99.80
 269.00	 266.92	 9.0861	34.2130	26.4927	 1.45	 63.13	0.041	  143.99	 99.80
 270.00	 267.91	 9.0814	34.2123	26.4930	 1.45	 63.30	0.040	  144.06	 99.81
 271.00	 268.90	 9.0745	34.2116	26.4936	 1.46	 63.55	0.040	  144.08	 99.80
 272.00	 269.89	 9.0664	34.2107	26.4941	 1.46	 63.56	0.040	  144.02	 99.81
 273.00	 270.89	 9.0665	34.2112	26.4946	 1.45	 63.15	0.040	  144.01	 99.80
 274.00	 271.88	 9.0669	34.2113	26.4946	 1.44	 62.84	0.040	  143.94	 99.81
 275.00	 272.87	 9.0647	34.2113	26.4949	 1.44	 62.61	0.040	  143.95	 99.80
 276.00	 273.86	 9.0650	34.2120	26.4955	 1.42	 61.95	0.040	  143.56	 99.81
 277.00	 274.85	 9.0691	34.2134	26.4959	 1.40	 61.03	0.040	  143.64	 99.80
 278.00	 275.84	 9.0755	34.2162	26.4971	 1.38	 59.94	0.041	  143.74	 99.81
 279.00	 276.84	 9.0863	34.2200	26.4984	 1.35	 58.74	0.040	  143.79	 99.81
 280.00	 277.83	 9.0969	34.2256	26.5011	 1.33	 57.83	0.040	  143.75	 99.81
 281.00	 278.82	 9.1222	34.2327	26.5026	 1.33	 57.70	0.040	  143.81	 99.81
 282.00	 279.81	 9.1236	34.2328	26.5025	 1.33	 57.65	0.040	  143.80	 99.81
 283.00	 280.80	 9.1233	34.2333	26.5030	 1.32	 57.49	0.040	  143.77	 99.82
 284.00	 281.79	 9.1256	34.2347	26.5037	 1.31	 57.11	0.040	  143.77	 99.83
 285.00	 282.79	 9.1250	34.2355	26.5045	 1.30	 56.49	0.040	  143.74	 99.83
 286.00	 283.78	 9.1241	34.2377	26.5063	 1.30	 56.63	0.041	  143.81	 99.83
 287.00	 284.77	 9.1275	34.2391	26.5069	 1.32	 57.57	0.041	  143.81	 99.83
 288.00	 285.76	 9.0925	34.2349	26.5092	 1.37	 59.54	0.040	  143.80	 99.83
 289.00	 286.75	 9.0422	34.2269	26.5110	 1.42	 61.78	0.040	  143.79	 99.83
 290.00	 287.74	 8.9433	34.2115	26.5146	 1.44	 62.61	0.040	  143.78	 99.83
 291.00	 288.73	 8.8801	34.2090	26.5227	 1.40	 60.70	0.040	  143.81	 99.83
 292.00	 289.73	 8.8638	34.2075	26.5240	 1.32	 57.24	0.040	  143.79	 99.83
 293.00	 290.72	 8.8864	34.2247	26.5340	 1.27	 55.16	0.040	  143.79	 99.83
 294.00	 291.71	 8.9019	34.2323	26.5375	 1.26	 54.72	0.042	  143.79	 99.83
 295.00	 292.70	 8.9044	34.2350	26.5392	 1.26	 54.64	0.040	  143.79	 99.83
 296.00	 293.69	 8.9058	34.2359	26.5398	 1.23	 53.56	0.040	  143.82	 99.83
 297.00	 294.68	 8.9055	34.2358	26.5398	 1.18	 51.31	0.040	  143.77	 99.83
 298.00	 295.68	 8.9215	34.2484	26.5471	 1.15	 49.85	0.040	  143.80	 99.83
 299.00	 296.67	 8.9327	34.2554	26.5509	 1.14	 49.64	0.041	  143.72	 99.83
 300.00	 297.66	 8.9546	34.2612	26.5520	 1.16	 50.52	0.042	  143.75	 99.84
 301.00	 298.65	 8.9395	34.2568	26.5509	 1.18	 51.40	0.042	  143.77	 99.84
 302.00	 299.64	 8.9065	34.2519	26.5523	 1.19	 51.96	0.042	  143.78	 99.85
 303.00	 300.63	 8.9010	34.2502	26.5519	 1.20	 52.32	0.042	  143.76	 99.85
 304.00	 301.62	 8.8816	34.2473	26.5526	 1.20	 52.15	0.042	  143.80	 99.85
 305.00	 302.62	 8.8713	34.2462	26.5534	 1.19	 51.91	0.041	  143.79	 99.85
 306.00	 303.61	 8.8731	34.2473	26.5540	 1.19	 51.62	0.040	  143.80	 99.85
 307.00	 304.60	 8.8752	34.2486	26.5547	 1.18	 51.41	0.040	  143.80	 99.85
 308.00	 305.59	 8.8742	34.2487	26.5550	 1.18	 51.41	0.040	  143.82	 99.85
 309.00	 306.58	 8.8696	34.2483	26.5554	 1.18	 51.37	0.040	  143.77	 99.85
 310.00	 307.57	 8.8663	34.2480	26.5557	 1.18	 51.13	0.041	  143.79	 99.85
 311.00	 308.56	 8.8706	34.2496	26.5563	 1.17	 50.74	0.041	  143.85	 99.85
 312.00	 309.56	 8.8728	34.2502	26.5564	 1.16	 50.43	0.040	  143.85	 99.85
 313.00	 310.55	 8.8811	34.2535	26.5577	 1.16	 50.28	0.040	  143.87	 99.85
 314.00	 311.54	 8.8859	34.2537	26.5571	 1.15	 50.06	0.040	  143.83	 99.85
 315.00	 312.53	 8.8835	34.2544	26.5581	 1.14	 49.74	0.040	  143.83	 99.85
 316.00	 313.52	 8.8936	34.2563	26.5580	 1.14	 49.42	0.042	  143.78	 99.85
 317.00	 314.51	 8.8930	34.2565	26.5582	 1.12	 48.93	0.040	  143.81	 99.85
 318.00	 315.50	 8.8943	34.2581	26.5594	 1.12	 48.69	0.040	  143.87	 99.85
 319.00	 316.50	 8.8981	34.2603	26.5605	 1.11	 48.36	0.042	  143.90	 99.85
 320.00	 317.49	 8.9012	34.2609	26.5605	 1.10	 47.85	0.042	  143.88	 99.85
 321.00	 318.48	 8.9020	34.2640	26.5628	 1.10	 47.71	0.041	  143.85	 99.85
 322.00	 319.47	 8.8995	34.2662	26.5650	 1.10	 47.71	0.041	  143.83	 99.85
 323.00	 320.46	 8.8983	34.2660	26.5650	 1.09	 47.54	0.042	  143.91	 99.85
 324.00	 321.45	 8.8985	34.2665	26.5654	 1.09	 47.56	0.041	  143.80	 99.85
 325.00	 322.44	 8.8993	34.2667	26.5654	 1.10	 47.66	0.041	  143.88	 99.85
 326.00	 323.44	 8.8989	34.2669	26.5656	 1.10	 47.85	0.042	  143.86	 99.86
 327.00	 324.43	 8.8919	34.2649	26.5652	 1.10	 47.97	0.042	  143.81	 99.86
 328.00	 325.42	 8.8848	34.2645	26.5660	 1.11	 48.40	0.042	  143.81	 99.86
 329.00	 326.41	 8.8833	34.2640	26.5659	 1.13	 49.15	0.041	  143.86	 99.86
 330.00	 327.40	 8.8722	34.2606	26.5650	 1.14	 49.72	0.041	  143.83	 99.86
 331.00	 328.39	 8.8397	34.2546	26.5654	 1.15	 49.88	0.041	  143.86	 99.86
 332.00	 329.38	 8.8271	34.2526	26.5658	 1.14	 49.72	0.041	  143.84	 99.86
 333.00	 330.37	 8.8183	34.2528	26.5674	 1.14	 49.57	0.042	  143.87	 99.86
 334.00	 331.37	 8.8183	34.2529	26.5675	 1.13	 49.27	0.041	  143.87	 99.85
 335.00	 332.36	 8.8167	34.2532	26.5680	 1.13	 49.10	0.040	  143.79	 99.85
 336.00	 333.35	 8.8095	34.2533	26.5692	 1.13	 49.23	0.041	  143.85	 99.85
 337.00	 334.34	 8.8103	34.2529	26.5688	 1.14	 49.56	0.040	  143.78	 99.86
 338.00	 335.33	 8.8112	34.2526	26.5684	 1.14	 49.75	0.040	  143.82	 99.85
 339.00	 336.32	 8.8159	34.2527	26.5678	 1.14	 49.78	0.040	  143.85	 99.85
 340.00	 337.31	 8.8127	34.2521	26.5678	 1.14	 49.65	0.040	  143.80	 99.85
 341.00	 338.30	 8.8076	34.2519	26.5685	 1.14	 49.65	0.041	  143.79	 99.86
 342.00	 339.30	 8.8015	34.2511	26.5689	 1.14	 49.56	0.042	  143.83	 99.85
 343.00	 340.29	 8.8021	34.2515	26.5691	 1.13	 49.36	0.040	  143.79	 99.85
 344.00	 341.28	 8.8015	34.2520	26.5696	 1.13	 49.28	0.040	  143.89	 99.85
 345.00	 342.27	 8.8009	34.2527	26.5702	 1.13	 49.27	0.041	  143.84	 99.85
 346.00	 343.26	 8.8010	34.2528	26.5703	 1.13	 49.16	0.040	  143.86	 99.85
 347.00	 344.25	 8.7998	34.2530	26.5706	 1.13	 49.11	0.040	  143.81	 99.85
 348.00	 345.24	 8.7966	34.2532	26.5713	 1.13	 49.00	0.040	  143.81	 99.86
 349.00	 346.23	 8.7962	34.2537	26.5718	 1.13	 49.10	0.041	  143.74	 99.86
 350.00	 347.23	 8.7941	34.2532	26.5718	 1.13	 49.16	0.041	  143.78	 99.85
 351.00	 348.22	 8.7930	34.2530	26.5718	 1.13	 49.12	0.040	  143.72	 99.86
 352.00	 349.21	 8.7930	34.2530	26.5718	 1.13	 49.22	0.040	  143.76	 99.85
 353.00	 350.20	 8.7849	34.2520	26.5723	 1.14	 49.49	0.040	  143.68	 99.86
 354.00	 351.19	 8.7805	34.2519	26.5729	 1.15	 49.89	0.040	  143.68	 99.85
 355.00	 352.18	 8.7759	34.2501	26.5723	 1.15	 49.94	0.040	  143.66	 99.86
 356.00	 353.17	 8.7203	34.2445	26.5765	 1.14	 49.80	0.040	  143.70	 99.86
 357.00	 354.16	 8.7044	34.2465	26.5806	 1.14	 49.72	0.040	  143.66	 99.86
 358.00	 355.16	 8.7039	34.2466	26.5808	 1.14	 49.56	0.040	  143.72	 99.85
 359.00	 356.15	 8.7037	34.2467	26.5809	 1.13	 49.30	0.040	  143.76	 99.85
 360.00	 357.14	 8.7040	34.2467	26.5809	 1.12	 48.60	0.040	  143.75	 99.85
 361.00	 358.13	 8.6860	34.2459	26.5831	 1.10	 47.92	0.041	  143.77	 99.85
 362.00	 359.12	 8.6630	34.2492	26.5892	 1.09	 47.31	0.040	  143.77	 99.86
 363.00	 360.11	 8.6523	34.2508	26.5921	 1.08	 46.84	0.040	  143.84	 99.85
 364.00	 361.10	 8.6375	34.2533	26.5964	 1.08	 47.00	0.040	  143.76	 99.87
 365.00	 362.09	 8.6344	34.2531	26.5968	 1.08	 47.19	0.041	  143.87	 99.86
 366.00	 363.09	 8.6323	34.2528	26.5969	 1.08	 47.17	0.041	  143.82	 99.87
 367.00	 364.08	 8.6312	34.2530	26.5972	 1.08	 47.19	0.040	  143.78	 99.87
 368.00	 365.07	 8.6290	34.2524	26.5971	 1.08	 47.14	0.041	  143.76	 99.87
 369.00	 366.06	 8.6272	34.2526	26.5976	 1.08	 47.05	0.042	  143.84	 99.87
 370.00	 367.05	 8.6269	34.2527	26.5977	 1.08	 47.07	0.041	  143.81	 99.87
 371.00	 368.04	 8.6259	34.2528	26.5979	 1.08	 46.95	0.041	  143.80	 99.88
 372.00	 369.03	 8.6263	34.2531	26.5981	 1.07	 46.41	0.042	  143.78	 99.87
 373.00	 370.02	 8.6078	34.2519	26.6001	 1.05	 45.87	0.042	  143.76	 99.87
 374.00	 371.01	 8.5771	34.2538	26.6063	 1.05	 45.83	0.042	  143.75	 99.88
 375.00	 372.01	 8.5710	34.2541	26.6075	 1.04	 45.39	0.042	  143.72	 99.88
 376.00	 373.00	 8.5596	34.2539	26.6092	 1.02	 44.57	0.042	  143.70	 99.88
 377.00	 373.99	 8.5298	34.2551	26.6147	 1.02	 44.43	0.042	  143.76	 99.88
 378.00	 374.98	 8.4925	34.2557	26.6208	 1.03	 44.75	0.041	  143.80	 99.88
 379.00	 375.97	 8.4769	34.2537	26.6217	 1.03	 45.02	0.040	  143.76	 99.88
 380.00	 376.96	 8.4548	34.2509	26.6229	 1.04	 45.13	0.040	  143.82	 99.88
 381.00	 377.95	 8.4314	34.2490	26.6250	 1.04	 45.18	0.042	  143.79	 99.88
 382.00	 378.94	 8.4240	34.2493	26.6264	 1.04	 45.10	0.040	  143.82	 99.88
 383.00	 379.93	 8.4170	34.2494	26.6275	 1.04	 45.05	0.041	  143.81	 99.88
 384.00	 380.93	 8.4091	34.2489	26.6284	 1.04	 45.06	0.041	  143.80	 99.88
 385.00	 381.92	 8.4047	34.2490	26.6292	 1.04	 45.05	0.041	  143.80	 99.88
 386.00	 382.91	 8.4033	34.2485	26.6289	 1.03	 44.91	0.041	  143.81	 99.88
 387.00	 383.90	 8.3895	34.2477	26.6304	 1.02	 44.53	0.041	  143.75	 99.88
 388.00	 384.89	 8.3719	34.2485	26.6338	 1.02	 44.24	0.041	  143.78	 99.88
 389.00	 385.88	 8.3686	34.2492	26.6348	 1.01	 43.74	0.041	  143.76	 99.88
 390.00	 386.87	 8.3663	34.2491	26.6351	 0.99	 43.26	0.041	  143.72	 99.88
 391.00	 387.86	 8.3501	34.2507	26.6388	 0.99	 43.25	0.040	  143.77	 99.88
 392.00	 388.85	 8.3446	34.2513	26.6401	 0.99	 43.27	0.040	  143.73	 99.88
 393.00	 389.84	 8.3483	34.2512	26.6395	 0.99	 43.03	0.040	  143.72	 99.88
 394.00	 390.84	 8.3386	34.2511	26.6409	 0.98	 42.81	0.041	  143.78	 99.88
 395.00	 391.83	 8.3304	34.2516	26.6426	 0.98	 42.80	0.041	  143.83	 99.88
 396.00	 392.82	 8.3271	34.2515	26.6431	 0.98	 42.72	0.040	  143.80	 99.88
 397.00	 393.81	 8.3231	34.2520	26.6440	 0.98	 42.73	0.041	  143.77	 99.88
 398.00	 394.80	 8.3220	34.2521	26.6443	 0.98	 42.68	0.041	  143.75	 99.88
 399.00	 395.79	 8.3204	34.2516	26.6442	 0.98	 42.69	0.040	  143.75	 99.88
 400.00	 396.78	 8.3188	34.2518	26.6446	 0.98	 42.50	0.040	  143.79	 99.88
 401.00	 397.77	 8.3187	34.2519	26.6447	 0.97	 42.24	0.040	  143.74	 99.88
 402.00	 398.76	 8.3159	34.2520	26.6452	 0.97	 42.24	0.040	  143.70	 99.88
 403.00	 399.75	 8.3035	34.2520	26.6471	 0.97	 42.21	0.041	  143.74	 99.88
 404.00	 400.75	 8.3013	34.2521	26.6475	 0.97	 42.22	0.040	  143.74	 99.88
 405.00	 401.74	 8.3019	34.2524	26.6477	 0.97	 42.34	0.040	  143.71	 99.88
 406.00	 402.73	 8.2944	34.2514	26.6481	 0.97	 42.33	0.040	  143.68	 99.88
 407.00	 403.72	 8.2850	34.2508	26.6490	 0.97	 42.37	0.040	  143.68	 99.88
 408.00	 404.71	 8.2779	34.2502	26.6496	 0.97	 42.30	0.040	  143.72	 99.88
 409.00	 405.70	 8.2764	34.2505	26.6501	 0.96	 41.85	0.040	  143.75	 99.89
 410.00	 406.69	 8.2770	34.2511	26.6505	 0.95	 41.26	0.040	  143.67	 99.89
 411.00	 407.68	 8.2700	34.2530	26.6531	 0.94	 41.08	0.040	  143.64	 99.89
 412.00	 408.67	 8.2598	34.2540	26.6554	 0.94	 41.03	0.040	  143.65	 99.88
 413.00	 409.66	 8.2556	34.2540	26.6560	 0.95	 41.12	0.040	  143.69	 99.88
 414.00	 410.66	 8.2190	34.2501	26.6585	 0.95	 41.33	0.041	  143.68	 99.88
 415.00	 411.65	 8.1807	34.2470	26.6618	 0.95	 41.38	0.041	  143.63	 99.89
 416.00	 412.64	 8.1332	34.2436	26.6663	 0.95	 41.15	0.040	  143.67	 99.88
 417.00	 413.63	 8.1240	34.2460	26.6695	 0.93	 40.59	0.040	  143.72	 99.89
 418.00	 414.62	 8.1258	34.2475	26.6705	 0.92	 40.00	0.041	  143.69	 99.89
 419.00	 415.61	 8.1317	34.2507	26.6721	 0.91	 39.45	0.042	  143.70	 99.89
 420.00	 416.60	 8.1331	34.2520	26.6730	 0.89	 38.83	0.042	  143.73	 99.89
 421.00	 417.59	 8.1376	34.2561	26.6755	 0.89	 38.52	0.042	  143.70	 99.89
 422.00	 418.58	 8.1403	34.2576	26.6763	 0.88	 38.32	0.042	  143.69	 99.89
 423.00	 419.57	 8.1421	34.2590	26.6771	 0.87	 38.01	0.042	  143.66	 99.89
 424.00	 420.56	 8.1422	34.2595	26.6775	 0.87	 37.69	0.042	  143.65	 99.90
 425.00	 421.56	 8.1366	34.2583	26.6775	 0.86	 37.32	0.042	  143.69	 99.90
 426.00	 422.55	 8.0788	34.2580	26.6858	 0.85	 36.87	0.041	  143.64	 99.90
 427.00	 423.54	 8.0417	34.2560	26.6898	 0.84	 36.61	0.040	  143.70	 99.90
 428.00	 424.53	 7.9966	34.2572	26.6974	 0.84	 36.49	0.041	  143.69	 99.90
