wcoa21_data_management/01_CRUISE_METADATA/00_OCADS_data/CTD_downcasts/WCOA_2021_CTD_downcasts/dRB2102_CTD_059_01_F.txt
* Sea-Bird SBE 9 Data:
* Software Version Seasave V 7.26.7.107
* Vessel: NOAA Ship Ronald H. Brown
* Cruise: RB2102, West Coast Ocean Acidification (WCOA) 2021
* Dates: 20210622 to 20210723
* Region: NE Pacific, USA West Coast
* Ports: San Diego, CA to Port Angeles, WA to San Diego, CA
* Chief Scientists: R. Feely, NOAA PMEL; D. Greeley, NOAA PMEL; B. Carter, NOAA PMEL / UW CICOES
*END*
   4.00	   3.97	12.1784	33.1861	25.1469	 5.75	250.69	0.119	  159.28	 86.29
   5.00	   4.96	12.1584	33.1869	25.1514	 5.75	250.43	0.125	  159.08	 85.96
   6.00	   5.95	12.1806	33.1881	25.1481	 5.77	251.48	0.138	  159.03	 85.26
   7.00	   6.94	12.1740	33.1884	25.1497	 5.80	252.71	0.150	  159.00	 83.60
   8.00	   7.94	12.1642	33.1887	25.1518	 5.80	252.67	0.152	  159.02	 83.29
   9.00	   8.93	12.1530	33.1885	25.1538	 5.77	251.16	0.154	  159.02	 82.12
  10.00	   9.92	12.1146	33.1917	25.1635	 5.70	248.32	0.151	  159.08	 80.97
  11.00	  10.91	11.8446	33.2019	25.2221	 5.41	235.55	0.149	  159.14	 79.57
  12.00	  11.90	11.5704	33.2319	25.2961	 5.24	228.39	0.142	  159.40	 79.13
  13.00	  12.90	11.2962	33.2617	25.3692	 5.11	222.47	0.122	  159.37	 78.27
  14.00	  13.89	11.0982	33.2702	25.4114	 4.57	199.21	0.105	  159.35	 77.08
  15.00	  14.88	 9.5106	33.4642	25.8341	 3.99	173.86	0.086	  160.18	 75.77
  16.00	  15.87	 9.2107	33.4967	25.9079	 3.75	163.35	0.077	  160.29	 74.85
  17.00	  16.86	 9.2669	33.5226	25.9191	 3.75	163.18	0.076	  160.26	 74.01
  18.00	  17.86	 9.3448	33.5615	25.9370	 3.70	161.28	0.080	  160.34	 72.74
  19.00	  18.85	 9.3093	33.5728	25.9516	 3.66	159.20	0.081	  160.40	 71.75
  20.00	  19.84	 9.2761	33.5876	25.9686	 3.61	157.30	0.079	  160.44	 70.79
  21.00	  20.83	 9.2165	33.5954	25.9842	 3.57	155.52	0.077	  160.48	 70.05
  22.00	  21.82	 9.1898	33.6059	25.9968	 3.54	154.10	0.077	  160.50	 69.07
  23.00	  22.82	 9.1388	33.6191	26.0152	 3.52	153.29	0.078	  160.55	 67.67
  24.00	  23.81	 9.1307	33.6262	26.0221	 3.48	151.68	0.080	  160.59	 66.62
  25.00	  24.80	 9.0505	33.6366	26.0430	 3.41	148.49	0.079	  160.63	 65.63
  26.00	  25.79	 8.9397	33.6478	26.0692	 3.33	145.05	0.076	  160.68	 64.69
  27.00	  26.78	 8.8476	33.6524	26.0873	 3.25	141.25	0.072	  160.74	 63.86
  28.00	  27.78	 8.7410	33.6618	26.1113	 3.15	136.90	0.069	  160.77	 62.82
  29.00	  28.77	 8.6265	33.6739	26.1385	 3.01	131.01	0.066	  160.86	 61.64
  30.00	  29.76	 8.4402	33.6953	26.1838	 2.93	127.60	0.062	  160.87	 60.68
  31.00	  30.75	 8.3919	33.7229	26.2127	 2.96	129.03	0.056	  160.93	 59.65
  32.00	  31.74	 8.4302	33.7574	26.2340	 3.04	132.28	0.056	  160.90	 58.74
  33.00	  32.73	 8.4723	33.8015	26.2622	 3.11	135.54	0.054	  160.97	 57.84
  34.00	  33.73	 8.5230	33.8250	26.2729	 3.14	136.43	0.053	  160.92	 56.90
  35.00	  34.72	 8.5263	33.8278	26.2746	 3.15	137.25	0.054	  160.86	 55.73
  36.00	  35.71	 8.5288	33.8305	26.2764	 3.17	138.08	0.055	  160.89	 54.64
  37.00	  36.70	 8.5382	33.8385	26.2812	 3.20	139.21	0.054	  160.92	 53.72
  38.00	  37.69	 8.5448	33.8630	26.2994	 3.21	139.56	0.052	  160.86	 52.74
  39.00	  38.69	 8.5321	33.8729	26.3091	 3.20	139.10	0.051	  160.97	 51.82
  40.00	  39.68	 8.5091	33.8751	26.3144	 3.18	138.42	0.051	  160.88	 50.89
  41.00	  40.67	 8.5025	33.8761	26.3162	 3.18	138.20	0.051	  160.96	 49.86
  42.00	  41.66	 8.4960	33.8770	26.3180	 3.17	138.13	0.051	  160.91	 48.72
  43.00	  42.65	 8.4882	33.8775	26.3195	 3.16	137.32	0.051	  160.91	 47.60
  44.00	  43.65	 8.4760	33.8781	26.3218	 3.13	136.24	0.051	  160.89	 46.56
  45.00	  44.64	 8.4666	33.8788	26.3239	 3.11	135.42	0.051	  160.86	 45.73
  46.00	  45.63	 8.4546	33.8792	26.3260	 3.07	133.66	0.050	  160.90	 44.84
  47.00	  46.62	 8.4145	33.8800	26.3328	 3.03	131.74	0.050	  160.93	 43.81
  48.00	  47.61	 8.3684	33.8823	26.3416	 3.00	130.37	0.049	  160.91	 42.79
  49.00	  48.60	 8.3352	33.8830	26.3472	 2.97	129.29	0.049	  160.90	 41.75
  50.00	  49.60	 8.3228	33.8837	26.3497	 2.96	128.90	0.049	  160.92	 40.70
  51.00	  50.59	 8.3124	33.8854	26.3525	 2.95	128.17	0.049	  160.94	 39.58
  52.00	  51.58	 8.2994	33.8877	26.3564	 2.92	127.12	0.048	  160.95	 38.68
  53.00	  52.57	 8.2731	33.8894	26.3616	 2.89	125.74	0.048	  160.91	 37.75
  54.00	  53.56	 8.2379	33.8910	26.3682	 2.85	124.18	0.048	  160.97	 36.70
  55.00	  54.55	 8.2144	33.8919	26.3725	 2.82	122.67	0.048	  160.99	 35.65
  56.00	  55.55	 8.1954	33.8933	26.3764	 2.79	121.38	0.047	  160.95	 34.65
  57.00	  56.54	 8.1764	33.8951	26.3807	 2.76	120.22	0.049	  160.92	 33.70
  58.00	  57.53	 8.1652	33.8964	26.3834	 2.76	119.92	0.047	  160.96	 32.75
  59.00	  58.52	 8.1605	33.9003	26.3872	 2.75	119.58	0.046	  160.96	 31.73
  60.00	  59.51	 8.1531	33.9004	26.3884	 2.73	118.94	0.046	  160.94	 30.67
  61.00	  60.51	 8.1461	33.9008	26.3898	 2.72	118.46	0.047	  160.93	 29.55
  62.00	  61.50	 8.1419	33.9008	26.3904	 2.70	117.69	0.047	  160.91	 28.55
  63.00	  62.49	 8.1389	33.9047	26.3940	 2.71	118.01	0.046	  160.89	 27.75
  64.00	  63.48	 8.1444	33.9077	26.3955	 2.70	117.69	0.046	  160.91	 26.61
  65.00	  64.47	 8.1408	33.9096	26.3975	 2.67	116.25	0.045	  160.95	 25.56
  66.00	  65.46	 8.1316	33.9085	26.3981	 2.64	114.71	0.045	  160.93	 24.51
  67.00	  66.46	 8.1043	33.9083	26.4020	 2.57	111.94	0.045	  160.88	 23.46
  68.00	  67.45	 8.0692	33.9060	26.4054	 2.48	107.87	0.046	  160.91	 22.53
  69.00	  68.44	 8.0351	33.9056	26.4101	 2.40	104.64	0.046	  160.91	 21.71
  70.00	  69.43	 8.0166	33.9193	26.4236	 2.45	106.60	0.044	  160.95	 20.71
  71.00	  70.42	 8.0109	33.9272	26.4307	 2.46	107.05	0.044	  160.89	 19.52
  72.00	  71.41	 8.0106	33.9280	26.4314	 2.45	106.52	0.045	  160.85	 18.56
  73.00	  72.41	 8.0103	33.9288	26.4321	 2.47	107.65	0.044	  160.81	 17.31
  74.00	  73.40	 8.0083	33.9300	26.4333	 2.47	107.58	0.044	  160.74	 16.47
  75.00	  74.39	 8.0063	33.9308	26.4343	 2.47	107.37	0.044	  160.68	 15.27
  76.00	  75.38	 8.0063	33.9310	26.4344	 2.46	107.14	0.044	  160.59	 14.64
  77.00	  76.37	 8.0048	33.9317	26.4353	 2.46	107.06	0.044	  160.59	 13.33
  78.00	  77.36	 8.0053	33.9316	26.4351	 2.46	106.87	0.045	  160.49	 12.46
  79.00	  78.36	 8.0048	33.9317	26.4353	 2.45	106.70	0.045	  160.44	 11.38
  80.00	  79.35	 8.0057	33.9315	26.4350	 2.45	106.69	0.045	  160.43	 10.45
  81.00	  80.34	 8.0083	33.9312	26.4344	 2.45	106.71	0.044	  160.33	  9.40
  82.00	  81.33	 8.0083	33.9307	26.4340	 2.46	107.25	0.044	  160.12	  8.11
