wcoa21_data_management/01_CRUISE_METADATA/00_OCADS_data/CTD_downcasts/WCOA_2021_CTD_downcasts/dRB2102_CTD_035_01_F.txt
* Sea-Bird SBE 9 Data:
* Software Version Seasave V 7.26.7.107
* Vessel: NOAA Ship Ronald H. Brown
* Cruise: RB2102, West Coast Ocean Acidification (WCOA) 2021
* Dates: 20210622 to 20210723
* Region: NE Pacific, USA West Coast
* Ports: San Diego, CA to Port Angeles, WA to San Diego, CA
* Chief Scientists: R. Feely, NOAA PMEL; D. Greeley, NOAA PMEL; B. Carter, NOAA PMEL / UW CICOES
*END*
[from data line 427]
 430.00	 426.02	 5.1695	33.9993	26.8663	 1.34	 58.42	0.041	  139.46	 99.88
 431.00	 427.01	 5.1662	34.0000	26.8673	 1.34	 58.10	0.041	  139.41	 99.88
 432.00	 428.00	 5.1620	34.0007	26.8683	 1.33	 57.78	0.041	  139.34	 99.88
 433.00	 428.99	 5.1520	34.0021	26.8706	 1.32	 57.53	0.041	  139.41	 99.88
 434.00	 429.98	 5.1420	34.0040	26.8732	 1.32	 57.28	0.041	  139.40	 99.88
 435.00	 430.97	 5.1377	34.0045	26.8742	 1.31	 57.03	0.041	  139.43	 99.88
 436.00	 431.96	 5.1357	34.0049	26.8747	 1.31	 56.84	0.041	  139.44	 99.88
 437.00	 432.95	 5.1348	34.0050	26.8749	 1.30	 56.67	0.041	  139.42	 99.89
 438.00	 433.94	 5.1343	34.0053	26.8752	 1.30	 56.42	0.041	  139.41	 99.88
 439.00	 434.93	 5.1311	34.0060	26.8762	 1.29	 56.24	0.041	  139.41	 99.89
 440.00	 435.92	 5.1248	34.0073	26.8779	 1.29	 56.11	0.041	  139.42	 99.88
 441.00	 436.91	 5.1237	34.0075	26.8782	 1.29	 56.00	0.042	  139.43	 99.89
 442.00	 437.90	 5.1227	34.0077	26.8784	 1.29	 55.91	0.041	  139.43	 99.89
 443.00	 438.89	 5.1209	34.0080	26.8789	 1.28	 55.67	0.041	  139.36	 99.89
 444.00	 439.88	 5.1178	34.0084	26.8796	 1.27	 55.41	0.041	  139.47	 99.89
 445.00	 440.87	 5.1116	34.0094	26.8812	 1.27	 55.20	0.041	  139.45	 99.89
 446.00	 441.86	 5.1094	34.0101	26.8820	 1.26	 54.90	0.041	  139.33	 99.90
 447.00	 442.85	 5.1038	34.0110	26.8833	 1.26	 54.66	0.041	  139.36	 99.90
 448.00	 443.84	 5.0956	34.0127	26.8856	 1.25	 54.23	0.041	  139.43	 99.89
 449.00	 444.83	 5.0848	34.0152	26.8888	 1.23	 53.64	0.041	  139.42	 99.89
 450.00	 445.82	 5.0763	34.0170	26.8912	 1.22	 53.14	0.041	  139.41	 99.90
 451.00	 446.81	 5.0699	34.0184	26.8931	 1.22	 52.88	0.041	  139.42	 99.90
 452.00	 447.79	 5.0680	34.0187	26.8936	 1.21	 52.73	0.041	  139.44	 99.90
 453.00	 448.78	 5.0653	34.0185	26.8937	 1.21	 52.46	0.041	  139.46	 99.90
 454.00	 449.77	 5.0610	34.0191	26.8947	 1.20	 52.15	0.041	  139.42	 99.90
 455.00	 450.76	 5.0529	34.0208	26.8970	 1.19	 51.83	0.041	  139.44	 99.90
 456.00	 451.75	 5.0493	34.0223	26.8986	 1.19	 51.64	0.041	  139.49	 99.90
 457.00	 452.74	 5.0481	34.0224	26.8989	 1.18	 51.50	0.041	  139.43	 99.90
 458.00	 453.73	 5.0476	34.0226	26.8990	 1.18	 51.45	0.041	  139.42	 99.90
 459.00	 454.72	 5.0475	34.0228	26.8992	 1.18	 51.36	0.041	  139.41	 99.90
 460.00	 455.71	 5.0456	34.0231	26.8997	 1.18	 51.21	0.041	  139.41	 99.90
 461.00	 456.70	 5.0441	34.0236	26.9002	 1.17	 50.96	0.041	  139.40	 99.90
 462.00	 457.69	 5.0394	34.0242	26.9013	 1.17	 50.71	0.041	  139.47	 99.90
 463.00	 458.68	 5.0312	34.0243	26.9023	 1.16	 50.62	0.042	  139.43	 99.90
 464.00	 459.67	 5.0261	34.0243	26.9029	 1.16	 50.54	0.041	  139.46	 99.90
 465.00	 460.66	 5.0184	34.0249	26.9042	 1.16	 50.30	0.041	  139.47	 99.90
 466.00	 461.65	 5.0109	34.0258	26.9058	 1.15	 50.17	0.041	  139.48	 99.91
 467.00	 462.64	 5.0043	34.0275	26.9079	 1.15	 50.14	0.041	  139.43	 99.91
 468.00	 463.63	 5.0029	34.0277	26.9083	 1.15	 50.04	0.042	  139.43	 99.90
 469.00	 464.62	 5.0028	34.0277	26.9083	 1.15	 49.89	0.041	  139.43	 99.91
 470.00	 465.61	 5.0023	34.0279	26.9085	 1.14	 49.75	0.041	  139.43	 99.91
 471.00	 466.60	 5.0012	34.0282	26.9089	 1.14	 49.56	0.041	  139.45	 99.92
 472.00	 467.59	 5.0005	34.0284	26.9091	 1.14	 49.37	0.042	  139.46	 99.91
 473.00	 468.58	 4.9972	34.0291	26.9101	 1.13	 49.18	0.041	  139.43	 99.91
 474.00	 469.57	 4.9910	34.0307	26.9121	 1.12	 48.91	0.041	  139.39	 99.92
 475.00	 470.55	 4.9848	34.0325	26.9142	 1.12	 48.68	0.041	  139.45	 99.91
 476.00	 471.54	 4.9798	34.0341	26.9161	 1.12	 48.51	0.042	  139.43	 99.92
 477.00	 472.53	 4.9766	34.0351	26.9172	 1.11	 48.29	0.041	  139.39	 99.92
 478.00	 473.52	 4.9758	34.0356	26.9177	 1.10	 47.70	0.041	  139.38	 99.93
 479.00	 474.51	 4.9746	34.0369	26.9188	 1.09	 47.34	0.041	  139.48	 99.92
 480.00	 475.50	 4.9736	34.0379	26.9198	 1.08	 47.05	0.041	  139.42	 99.93
 481.00	 476.49	 4.9710	34.0393	26.9212	 1.08	 46.80	0.041	  139.37	 99.93
 482.00	 477.48	 4.9650	34.0409	26.9231	 1.07	 46.45	0.041	  139.38	 99.93
 483.00	 478.47	 4.9616	34.0422	26.9246	 1.06	 46.14	0.041	  139.42	 99.93
 484.00	 479.46	 4.9555	34.0443	26.9270	 1.05	 45.85	0.041	  139.43	 99.93
 485.00	 480.45	 4.9521	34.0453	26.9281	 1.05	 45.62	0.041	  139.37	 99.93
 486.00	 481.44	 4.9491	34.0461	26.9291	 1.04	 45.22	0.041	  139.43	 99.93
 487.00	 482.43	 4.9467	34.0472	26.9303	 1.03	 44.77	0.041	  139.38	 99.93
 488.00	 483.42	 4.9447	34.0484	26.9315	 1.02	 44.43	0.041	  139.38	 99.93
 489.00	 484.41	 4.9401	34.0500	26.9332	 1.02	 44.24	0.041	  139.42	 99.93
 490.00	 485.40	 4.9362	34.0508	26.9343	 1.01	 43.97	0.041	  139.42	 99.93
 491.00	 486.39	 4.9349	34.0512	26.9348	 1.01	 43.80	0.041	  139.37	 99.93
 492.00	 487.38	 4.9327	34.0520	26.9357	 1.00	 43.59	0.041	  139.41	 99.93
 493.00	 488.37	 4.9273	34.0535	26.9375	 1.00	 43.36	0.041	  139.47	 99.93
 494.00	 489.35	 4.9213	34.0552	26.9396	 0.99	 42.99	0.041	  139.41	 99.93
 495.00	 490.34	 4.9197	34.0555	26.9400	 0.98	 42.60	0.041	  139.42	 99.93
 496.00	 491.33	 4.9164	34.0567	26.9413	 0.97	 42.35	0.041	  139.35	 99.93
 497.00	 492.32	 4.9138	34.0572	26.9420	 0.97	 42.18	0.040	  139.41	 99.93
 498.00	 493.31	 4.9121	34.0577	26.9425	 0.96	 41.96	0.040	  139.42	 99.93
 499.00	 494.30	 4.9081	34.0588	26.9439	 0.96	 41.77	0.041	  139.41	 99.93
 500.00	 495.29	 4.9034	34.0600	26.9454	 0.96	 41.63	0.041	  139.49	 99.93
 501.00	 496.28	 4.9001	34.0610	26.9466	 0.95	 41.46	0.041	  139.39	 99.93
 502.00	 497.27	 4.8974	34.0620	26.9477	 0.94	 41.05	0.041	  139.43	 99.94
 503.00	 498.26	 4.8894	34.0646	26.9506	 0.94	 40.66	0.041	  139.43	 99.94
 504.00	 499.25	 4.8862	34.0652	26.9515	 0.93	 40.52	0.041	  139.45	 99.94
 505.00	 500.24	 4.8856	34.0653	26.9517	 0.93	 40.34	0.041	  139.47	 99.94
 506.00	 501.23	 4.8853	34.0656	26.9519	 0.92	 40.12	0.041	  139.43	 99.94
 507.00	 502.22	 4.8828	34.0680	26.9541	 0.92	 39.95	0.041	  139.48	 99.94
 508.00	 503.21	 4.8783	34.0688	26.9553	 0.91	 39.78	0.040	  139.49	 99.94
 509.00	 504.20	 4.8818	34.0717	26.9572	 0.91	 39.63	0.041	  139.40	 99.95
 510.00	 505.18	 4.8844	34.0721	26.9572	 0.91	 39.37	0.041	  139.42	 99.94
 511.00	 506.17	 4.8839	34.0735	26.9584	 0.89	 38.86	0.041	  139.41	 99.95
 512.00	 507.16	 4.8841	34.0754	26.9599	 0.88	 38.43	0.041	  139.45	 99.95
 513.00	 508.15	 4.8868	34.0773	26.9611	 0.88	 38.15	0.041	  139.45	 99.95
 514.00	 509.14	 4.8796	34.0789	26.9632	 0.87	 37.87	0.041	  139.45	 99.95
 515.00	 510.13	 4.8722	34.0819	26.9664	 0.86	 37.54	0.041	  139.38	 99.95
 516.00	 511.12	 4.8758	34.0833	26.9671	 0.86	 37.30	0.041	  139.40	 99.95
 517.00	 512.11	 4.8776	34.0869	26.9698	 0.85	 36.98	0.041	  139.47	 99.95
 518.00	 513.10	 4.8568	34.0872	26.9724	 0.84	 36.61	0.041	  139.47	 99.95
 519.00	 514.09	 4.8438	34.0872	26.9738	 0.84	 36.38	0.041	  139.43	 99.95
 520.00	 515.08	 4.8341	34.0869	26.9747	 0.83	 36.22	0.041	  139.41	 99.95
 521.00	 516.07	 4.8248	34.0860	26.9750	 0.83	 36.12	0.041	  139.42	 99.95
 522.00	 517.06	 4.8222	34.0860	26.9753	 0.83	 36.12	0.041	  139.45	 99.95
 523.00	 518.05	 4.8211	34.0859	26.9753	 0.83	 35.97	0.041	  139.47	 99.95
 524.00	 519.04	 4.8200	34.0860	26.9756	 0.83	 35.94	0.042	  139.38	 99.95
 525.00	 520.02	 4.8182	34.0865	26.9762	 0.82	 35.87	0.041	  139.42	 99.95
 526.00	 521.01	 4.8141	34.0878	26.9776	 0.82	 35.70	0.040	  139.41	 99.95
 527.00	 522.00	 4.8132	34.0882	26.9781	 0.82	 35.60	0.041	  139.40	 99.95
 528.00	 522.99	 4.8120	34.0882	26.9782	 0.82	 35.47	0.041	  139.48	 99.95
 529.00	 523.98	 4.8089	34.0886	26.9789	 0.81	 35.32	0.040	  139.48	 99.95
 530.00	 524.97	 4.8030	34.0900	26.9807	 0.81	 35.06	0.040	  139.45	 99.95
 531.00	 525.96	 4.7963	34.0913	26.9825	 0.80	 34.71	0.041	  139.44	 99.96
 532.00	 526.95	 4.7934	34.0920	26.9834	 0.79	 34.42	0.041	  139.39	 99.96
 533.00	 527.94	 4.7899	34.0933	26.9848	 0.79	 34.21	0.041	  139.44	 99.96
 534.00	 528.93	 4.7870	34.0942	26.9858	 0.78	 34.04	0.041	  139.44	 99.97
 535.00	 529.92	 4.7871	34.0952	26.9866	 0.78	 33.98	0.041	  139.46	 99.95
 536.00	 530.91	 4.7871	34.0959	26.9872	 0.78	 33.83	0.041	  139.42	 99.96
 537.00	 531.90	 4.7873	34.0965	26.9876	 0.78	 33.71	0.040	  139.48	 99.96
 538.00	 532.88	 4.7846	34.0975	26.9888	 0.77	 33.63	0.040	  139.46	 99.96
 539.00	 533.87	 4.7849	34.0987	26.9897	 0.76	 33.26	0.042	  139.44	 99.96
 540.00	 534.86	 4.7872	34.1025	26.9925	 0.75	 32.79	0.040	  139.43	 99.97
 541.00	 535.85	 4.7882	34.1045	26.9940	 0.75	 32.53	0.041	  139.38	 99.97
 542.00	 536.84	 4.7859	34.1054	26.9949	 0.74	 32.30	0.042	  139.42	 99.97
 543.00	 537.83	 4.7862	34.1083	26.9972	 0.74	 32.03	0.041	  139.47	 99.97
 544.00	 538.82	 4.7806	34.1076	26.9973	 0.73	 31.84	0.040	  139.48	 99.97
 545.00	 539.81	 4.7693	34.1091	26.9997	 0.73	 31.69	0.040	  139.44	 99.97
 546.00	 540.80	 4.7644	34.1093	27.0004	 0.73	 31.54	0.041	  139.36	 99.97
 547.00	 541.79	 4.7647	34.1112	27.0019	 0.72	 31.28	0.040	  139.40	 99.98
 548.00	 542.78	 4.7652	34.1127	27.0031	 0.71	 30.66	0.042	  139.40	 99.98
 549.00	 543.77	 4.7661	34.1191	27.0080	 0.69	 30.09	0.041	  139.42	 99.98
 550.00	 544.75	 4.7701	34.1238	27.0113	 0.68	 29.69	0.040	  139.44	 99.98
 551.00	 545.74	 4.7750	34.1256	27.0122	 0.67	 29.34	0.041	  139.42	 99.97
 552.00	 546.73	 4.7789	34.1263	27.0124	 0.66	 28.85	0.042	  139.36	 99.98
 553.00	 547.72	 4.7937	34.1324	27.0156	 0.65	 28.33	0.041	  139.41	 99.98
 554.00	 548.71	 4.8613	34.1449	27.0180	 0.64	 27.87	0.040	  139.40	 99.98
 555.00	 549.70	 4.8535	34.1439	27.0181	 0.63	 27.59	0.040	  139.48	 99.98
 556.00	 550.69	 4.8599	34.1479	27.0205	 0.63	 27.34	0.041	  139.41	 99.98
 557.00	 551.68	 4.8660	34.1495	27.0211	 0.62	 27.06	0.041	  139.42	 99.98
 558.00	 552.67	 4.8692	34.1503	27.0214	 0.61	 26.62	0.040	  139.42	 99.98
 559.00	 553.66	 4.8596	34.1497	27.0221	 0.61	 26.52	0.041	  139.43	 99.98
 560.00	 554.65	 4.8336	34.1469	27.0227	 0.61	 26.37	0.041	  139.43	 99.98
 561.00	 555.64	 4.8198	34.1477	27.0249	 0.60	 26.17	0.040	  139.48	 99.98
 562.00	 556.62	 4.8282	34.1507	27.0263	 0.60	 25.92	0.041	  139.43	 99.99
 563.00	 557.61	 4.8490	34.1562	27.0284	 0.59	 25.69	0.041	  139.36	 99.98
 564.00	 558.60	 4.8591	34.1590	27.0295	 0.59	 25.59	0.041	  139.46	 99.98
 565.00	 559.59	 4.8302	34.1546	27.0292	 0.59	 25.67	0.041	  139.39	 99.98
 566.00	 560.58	 4.7764	34.1470	27.0292	 0.59	 25.69	0.041	  139.38	 99.98
 567.00	 561.57	 4.7402	34.1440	27.0308	 0.59	 25.58	0.041	  139.37	 99.99
 568.00	 562.56	 4.7491	34.1473	27.0325	 0.58	 25.30	0.040	  139.44	 99.99
 569.00	 563.55	 4.7703	34.1543	27.0357	 0.58	 25.19	0.041	  139.44	 99.99
 570.00	 564.54	 4.7923	34.1572	27.0356	 0.58	 25.13	0.042	  139.41	 99.98
 571.00	 565.53	 4.7891	34.1570	27.0358	 0.58	 25.01	0.041	  139.38	 99.98
 572.00	 566.51	 4.7864	34.1567	27.0359	 0.57	 24.81	0.041	  139.42	 99.98
 573.00	 567.50	 4.8021	34.1618	27.0381	 0.56	 24.52	0.040	  139.34	 99.99
 574.00	 568.49	 4.8135	34.1640	27.0386	 0.56	 24.42	0.041	  139.29	 99.99
 575.00	 569.48	 4.8192	34.1647	27.0386	 0.56	 24.47	0.040	  139.45	 99.99
 576.00	 570.47	 4.8065	34.1635	27.0391	 0.56	 24.34	0.040	  139.41	 99.99
 577.00	 571.46	 4.7967	34.1631	27.0398	 0.56	 24.19	0.041	  139.37	 99.99
 578.00	 572.45	 4.7928	34.1633	27.0404	 0.56	 24.19	0.041	  139.37	 99.99
 579.00	 573.44	 4.7854	34.1626	27.0407	 0.55	 24.07	0.042	  139.41	 99.99
 580.00	 574.43	 4.7746	34.1623	27.0416	 0.55	 23.99	0.041	  139.36	100.00
 581.00	 575.42	 4.7809	34.1647	27.0429	 0.55	 23.88	0.041	  139.41	 99.99
 582.00	 576.41	 4.7692	34.1633	27.0431	 0.55	 23.88	0.041	  139.37	 99.99
 583.00	 577.39	 4.7598	34.1622	27.0433	 0.55	 23.78	0.041	  139.44	 99.99
 584.00	 578.38	 4.7515	34.1623	27.0442	 0.54	 23.67	0.042	  139.45	 99.99
 585.00	 579.37	 4.7606	34.1648	27.0452	 0.54	 23.64	0.040	  139.40	 99.99
 586.00	 580.36	 4.7636	34.1660	27.0459	 0.54	 23.50	0.042	  139.36	 99.99
 587.00	 581.35	 4.7573	34.1673	27.0476	 0.54	 23.37	0.041	  139.41	100.00
 588.00	 582.34	 4.7472	34.1678	27.0492	 0.53	 23.17	0.041	  139.35	 99.99
 589.00	 583.33	 4.7549	34.1699	27.0500	 0.53	 23.05	0.042	  139.33	100.00
 590.00	 584.32	 4.7583	34.1709	27.0504	 0.53	 23.02	0.040	  139.44	100.00
 591.00	 585.31	 4.7532	34.1710	27.0511	 0.53	 22.87	0.040	  139.38	100.00
 592.00	 586.29	 4.7496	34.1708	27.0513	 0.53	 22.87	0.040	  139.41	100.00
 593.00	 587.28	 4.7473	34.1711	27.0518	 0.52	 22.79	0.040	  139.38	100.00
 594.00	 588.27	 4.7447	34.1707	27.0518	 0.52	 22.59	0.041	  139.35	100.00
 595.00	 589.26	 4.7272	34.1701	27.0532	 0.52	 22.44	0.042	  139.40	100.00
 596.00	 590.25	 4.7277	34.1754	27.0574	 0.51	 22.34	0.041	  139.37	100.00
 597.00	 591.24	 4.7366	34.1780	27.0585	 0.51	 22.02	0.040	  139.37	100.00
 598.00	 592.23	 4.7979	34.1938	27.0643	 0.50	 21.96	0.040	  139.36	100.00
 599.00	 593.22	 4.8050	34.1959	27.0652	 0.50	 21.76	0.040	  139.42	100.00
 600.00	 594.21	 4.8121	34.1980	27.0661	 0.50	 21.70	0.041	  139.36	100.00
 601.00	 595.20	 4.8439	34.2032	27.0666	 0.50	 21.61	0.042	  139.30	100.00
 602.00	 596.18	 4.8397	34.2032	27.0671	 0.50	 21.64	0.041	  139.32	100.00
 603.00	 597.17	 4.8382	34.2051	27.0688	 0.49	 21.50	0.040	  139.34	100.00
 604.00	 598.16	 4.8348	34.2048	27.0689	 0.49	 21.37	0.041	  139.25	100.00
 605.00	 599.15	 4.8237	34.2034	27.0690	 0.49	 21.35	0.040	  139.36	100.00
 606.00	 600.14	 4.7975	34.2021	27.0710	 0.49	 21.23	0.040	  139.32	100.00
 607.00	 601.13	 4.8017	34.2034	27.0715	 0.49	 21.16	0.040	  139.31	100.00
 608.00	 602.12	 4.7998	34.2036	27.0719	 0.48	 21.01	0.040	  139.35	100.00
 609.00	 603.11	 4.7964	34.2036	27.0723	 0.48	 20.88	0.040	  139.30	100.00
 610.00	 604.10	 4.7794	34.2020	27.0729	 0.48	 20.84	0.040	  139.32	100.00
 611.00	 605.08	 4.7686	34.2011	27.0734	 0.48	 20.83	0.041	  139.28	100.00
 612.00	 606.07	 4.7532	34.2003	27.0745	 0.48	 20.67	0.040	  139.33	100.00
 613.00	 607.06	 4.7507	34.2022	27.0763	 0.47	 20.52	0.040	  139.32	100.00
 614.00	 608.05	 4.7446	34.2042	27.0786	 0.47	 20.35	0.041	  139.33	100.00
 615.00	 609.04	 4.7310	34.2037	27.0797	 0.47	 20.27	0.042	  139.30	100.00
 616.00	 610.03	 4.7251	34.2043	27.0808	 0.47	 20.23	0.040	  139.33	100.00
 617.00	 611.02	 4.7269	34.2052	27.0813	 0.46	 20.18	0.041	  139.26	100.00
 618.00	 612.01	 4.7304	34.2062	27.0817	 0.46	 20.05	0.041	  139.32	100.00
 619.00	 613.00	 4.7268	34.2063	27.0823	 0.46	 19.99	0.040	  139.26	100.00
 620.00	 613.98	 4.7161	34.2042	27.0817	 0.46	 19.90	0.041	  139.34	100.00
 621.00	 614.97	 4.6921	34.2021	27.0828	 0.46	 19.87	0.042	  139.38	100.00
 622.00	 615.96	 4.6740	34.2003	27.0833	 0.46	 19.84	0.041	  139.35	100.00
 623.00	 616.95	 4.6692	34.2008	27.0842	 0.45	 19.68	0.041	  139.32	100.00
 624.00	 617.94	 4.6652	34.2008	27.0847	 0.45	 19.65	0.042	  139.32	100.00
 625.00	 618.93	 4.6644	34.2013	27.0852	 0.45	 19.71	0.041	  139.30	100.00
 626.00	 619.92	 4.6690	34.2032	27.0862	 0.45	 19.68	0.041	  139.32	100.00
 627.00	 620.91	 4.6790	34.2059	27.0873	 0.45	 19.61	0.040	  139.31	100.00
 628.00	 621.89	 4.6816	34.2068	27.0877	 0.45	 19.49	0.040	  139.34	100.00
 629.00	 622.88	 4.6878	34.2088	27.0886	 0.45	 19.50	0.040	  139.40	100.00
 630.00	 623.87	 4.6937	34.2105	27.0893	 0.45	 19.37	0.041	  139.34	100.00
 631.00	 624.86	 4.6914	34.2114	27.0903	 0.44	 19.24	0.042	  139.30	100.00
 632.00	 625.85	 4.6834	34.2100	27.0901	 0.44	 19.25	0.042	  139.33	100.00
 633.00	 626.84	 4.6683	34.2107	27.0923	 0.44	 19.19	0.042	  139.32	100.00
 634.00	 627.83	 4.6594	34.2100	27.0928	 0.44	 19.12	0.041	  139.38	100.00
 635.00	 628.82	 4.6373	34.2088	27.0942	 0.44	 19.05	0.041	  139.43	100.00
 636.00	 629.80	 4.6248	34.2086	27.0954	 0.44	 18.95	0.042	  139.31	100.00
 637.00	 630.79	 4.6110	34.2083	27.0967	 0.43	 18.81	0.041	  139.35	100.00
 638.00	 631.78	 4.6023	34.2103	27.0993	 0.43	 18.63	0.041	  139.33	100.00
 639.00	 632.77	 4.6006	34.2115	27.1004	 0.43	 18.53	0.040	  139.38	100.00
 640.00	 633.76	 4.5993	34.2116	27.1007	 0.43	 18.51	0.041	  139.30	100.00
 641.00	 634.75	 4.6000	34.2122	27.1011	 0.43	 18.58	0.042	  139.36	100.00
 642.00	 635.74	 4.6268	34.2216	27.1056	 0.43	 18.63	0.041	  139.32	100.00
