wcoa21_data_management/01_CRUISE_METADATA/00_OCADS_data/CTD_downcasts/WCOA_2021_CTD_downcasts/dRB2102_CTD_131_01_F.txt
* Sea-Bird SBE 9 Data:
* Software Version Seasave V 7.26.7.107
* Vessel: NOAA Ship Ronald H. Brown
* Cruise: RB2102, West Coast Ocean Acidification (WCOA) 2021
* Dates: 20210622 to 20210723
* Region: NE Pacific, USA West Coast
* Ports: San Diego, CA to Port Angeles, WA to San Diego, CA
* Chief Scientists: R. Feely, NOAA PMEL; D. Greeley, NOAA PMEL; B. Carter, NOAA PMEL / UW CICOES
*END*
[from data line 854]
 857.00	 849.24	 4.6651	34.4219	27.2625	 0.33	 14.28	0.041	  146.04	 42.70
 858.00	 850.23	 4.6646	34.4221	27.2627	 0.33	 14.27	0.042	  146.06	 41.78
 859.00	 851.22	 4.6646	34.4223	27.2628	 0.33	 14.30	0.042	  146.03	 40.65
 860.00	 852.21	 4.6640	34.4222	27.2628	 0.33	 14.31	0.042	  146.07	 39.71
 861.00	 853.20	 4.6640	34.4222	27.2628	 0.33	 14.28	0.040	  146.06	 38.74
 862.00	 854.19	 4.6643	34.4222	27.2628	 0.33	 14.29	0.040	  146.01	 37.52
 863.00	 855.18	 4.6635	34.4223	27.2630	 0.33	 14.30	0.041	  146.03	 36.61
 864.00	 856.17	 4.6635	34.4223	27.2630	 0.33	 14.32	0.042	  146.01	 36.03
 865.00	 857.16	 4.6635	34.4223	27.2630	 0.33	 14.29	0.041	  146.02	 34.63
 866.00	 858.14	 4.6634	34.4224	27.2631	 0.33	 14.28	0.040	  146.00	 33.62
 867.00	 859.13	 4.6622	34.4225	27.2633	 0.33	 14.32	0.041	  146.05	 32.83
 868.00	 860.12	 4.6612	34.4225	27.2634	 0.33	 14.30	0.042	  146.01	 31.89
 869.00	 861.11	 4.6598	34.4227	27.2638	 0.33	 14.30	0.041	  146.01	 30.62
 870.00	 862.10	 4.6578	34.4228	27.2641	 0.33	 14.35	0.041	  145.98	 29.49
 871.00	 863.09	 4.6568	34.4230	27.2644	 0.33	 14.34	0.041	  145.98	 28.48
 872.00	 864.08	 4.6571	34.4230	27.2643	 0.33	 14.33	0.041	  145.99	 27.67
 873.00	 865.07	 4.6571	34.4230	27.2644	 0.33	 14.31	0.041	  146.02	 26.56
 874.00	 866.06	 4.6570	34.4231	27.2644	 0.33	 14.33	0.041	  145.98	 25.41
 875.00	 867.04	 4.6574	34.4230	27.2643	 0.33	 14.35	0.041	  145.93	 24.57
 876.00	 868.03	 4.6573	34.4231	27.2644	 0.33	 14.33	0.040	  145.96	 23.58
 877.00	 869.02	 4.6572	34.4230	27.2644	 0.33	 14.36	0.041	  146.02	 22.49
 878.00	 870.01	 4.6572	34.4231	27.2644	 0.33	 14.35	0.041	  146.01	 21.49
 879.00	 871.00	 4.6572	34.4230	27.2644	 0.33	 14.34	0.041	  145.95	 20.51
 880.00	 871.99	 4.6573	34.4231	27.2644	 0.33	 14.34	0.041	  146.01	 19.55
 881.00	 872.98	 4.6544	34.4232	27.2649	 0.33	 14.36	0.040	  146.01	 18.41
 882.00	 873.97	 4.6545	34.4233	27.2649	 0.33	 14.36	0.041	  146.01	 17.45
 883.00	 874.96	 4.6565	34.4231	27.2646	 0.33	 14.32	0.040	  145.97	 16.31
 884.00	 875.94	 4.6480	34.4234	27.2658	 0.33	 14.37	0.040	  145.92	 15.41
 885.00	 876.93	 4.6419	34.4241	27.2670	 0.33	 14.37	0.041	  145.89	 14.53
 886.00	 877.92	 4.6385	34.4246	27.2678	 0.33	 14.38	0.041	  145.91	 13.52
 887.00	 878.91	 4.6409	34.4245	27.2674	 0.33	 14.38	0.040	  145.87	 12.47
 888.00	 879.90	 4.6321	34.4250	27.2688	 0.33	 14.43	0.041	  145.87	 11.43
 889.00	 880.89	 4.6255	34.4257	27.2701	 0.33	 14.47	0.041	  145.89	 10.44
 890.00	 881.88	 4.6235	34.4261	27.2707	 0.33	 14.49	0.040	  145.69	  9.25
