wcoa21_data_management/01_CRUISE_METADATA/00_OCADS_data/CTD_downcasts/WCOA_2021_CTD_downcasts/dRB2102_CTD_070_01_F.txt
* Sea-Bird SBE 9 Data:
* Software Version Seasave V 7.26.7.107
* Vessel: NOAA Ship Ronald H. Brown
* Cruise: RB2102, West Coast Ocean Acidification (WCOA) 2021
* Dates: 20210622 to 20210723
* Region: NE Pacific, USA West Coast
* Ports: San Diego, CA to Port Angeles, WA to San Diego, CA
* Chief Scientists: R. Feely, NOAA PMEL; D. Greeley, NOAA PMEL; B. Carter, NOAA PMEL / UW CICOES
*END*
[from data line 214]
 218.00	 216.22	 8.0388	33.9550	26.4506	 2.81	122.04	0.040	  155.34	 99.63
 219.00	 217.21	 8.0274	33.9528	26.4506	 2.81	122.16	0.040	  155.34	 99.63
 220.00	 218.20	 7.9953	33.9522	26.4549	 2.81	122.10	0.040	  155.32	 99.63
 221.00	 219.19	 7.9874	33.9537	26.4572	 2.80	121.69	0.040	  155.32	 99.63
 222.00	 220.18	 7.9737	33.9559	26.4610	 2.75	119.82	0.040	  155.31	 99.63
 223.00	 221.17	 7.9981	33.9661	26.4654	 2.71	118.12	0.040	  155.28	 99.63
 224.00	 222.16	 7.9913	33.9675	26.4676	 2.71	117.76	0.040	  155.40	 99.63
 225.00	 223.15	 7.9864	33.9697	26.4700	 2.69	117.05	0.040	  155.31	 99.63
 226.00	 224.15	 7.9748	33.9719	26.4734	 2.67	116.11	0.040	  155.30	 99.64
 227.00	 225.14	 7.9906	33.9785	26.4763	 2.65	115.17	0.040	  155.32	 99.65
 228.00	 226.13	 8.0225	33.9862	26.4777	 2.62	114.19	0.040	  155.31	 99.65
 229.00	 227.12	 8.0145	33.9893	26.4813	 2.60	113.23	0.040	  155.34	 99.66
 230.00	 228.11	 8.0096	33.9913	26.4836	 2.58	112.33	0.040	  155.30	 99.66
 231.00	 229.10	 8.0118	33.9936	26.4851	 2.56	111.38	0.040	  155.32	 99.66
 232.00	 230.09	 8.0077	33.9971	26.4885	 2.54	110.51	0.040	  155.36	 99.67
 233.00	 231.08	 8.0016	33.9980	26.4901	 2.52	109.56	0.040	  155.30	 99.68
 234.00	 232.08	 7.9900	33.9999	26.4933	 2.51	109.18	0.040	  155.31	 99.68
 235.00	 233.07	 7.9822	34.0001	26.4946	 2.51	109.04	0.040	  155.30	 99.68
 236.00	 234.06	 7.9564	33.9982	26.4970	 2.51	109.09	0.040	  155.34	 99.68
 237.00	 235.05	 7.9298	33.9969	26.4998	 2.51	109.26	0.040	  155.29	 99.68
 238.00	 236.04	 7.9062	33.9959	26.5025	 2.51	109.28	0.040	  155.28	 99.68
 239.00	 237.03	 7.8913	33.9955	26.5045	 2.51	109.03	0.040	  155.27	 99.68
 240.00	 238.02	 7.8834	33.9981	26.5077	 2.50	108.69	0.040	  155.33	 99.68
 241.00	 239.01	 7.8760	33.9982	26.5088	 2.49	108.48	0.039	  155.35	 99.68
 242.00	 240.01	 7.8714	33.9988	26.5100	 2.49	108.53	0.040	  155.31	 99.69
 243.00	 241.00	 7.8602	33.9970	26.5102	 2.50	108.55	0.040	  155.29	 99.69
 244.00	 241.99	 7.8449	33.9952	26.5110	 2.49	108.35	0.040	  155.28	 99.69
 245.00	 242.98	 7.8077	33.9906	26.5129	 2.49	108.19	0.040	  155.24	 99.69
 246.00	 243.97	 7.7689	33.9901	26.5181	 2.50	108.73	0.040	  155.27	 99.70
 247.00	 244.96	 7.7006	33.9821	26.5217	 2.51	109.24	0.040	  155.29	 99.69
 248.00	 245.95	 7.6043	33.9723	26.5279	 2.50	108.73	0.040	  155.33	 99.70
 249.00	 246.94	 7.6054	33.9839	26.5369	 2.48	108.02	0.040	  155.31	 99.70
 250.00	 247.93	 7.5911	33.9839	26.5389	 2.46	107.23	0.040	  155.31	 99.70
 251.00	 248.93	 7.5921	33.9857	26.5402	 2.44	106.00	0.040	  155.33	 99.70
 252.00	 249.92	 7.5972	33.9876	26.5410	 2.39	103.93	0.040	  155.35	 99.70
 253.00	 250.91	 7.6086	33.9924	26.5432	 2.33	101.21	0.040	  155.27	 99.71
 254.00	 251.90	 7.6485	34.0076	26.5494	 2.27	 98.66	0.040	  155.29	 99.71
 255.00	 252.89	 7.6531	34.0135	26.5534	 2.22	 96.48	0.040	  155.34	 99.71
 256.00	 253.88	 7.6682	34.0209	26.5570	 2.17	 94.55	0.040	  155.35	 99.71
 257.00	 254.87	 7.6661	34.0229	26.5589	 2.14	 93.01	0.040	  155.42	 99.73
 258.00	 255.86	 7.6591	34.0230	26.5600	 2.13	 92.46	0.040	  155.41	 99.73
 259.00	 256.85	 7.6517	34.0231	26.5612	 2.12	 92.25	0.040	  155.38	 99.75
 260.00	 257.85	 7.6459	34.0234	26.5623	 2.12	 92.06	0.040	  155.36	 99.76
 261.00	 258.84	 7.6431	34.0234	26.5626	 2.11	 91.96	0.040	  155.31	 99.76
 262.00	 259.83	 7.6407	34.0235	26.5631	 2.11	 91.65	0.040	  155.30	 99.76
 263.00	 260.82	 7.6300	34.0228	26.5641	 2.10	 91.38	0.040	  155.30	 99.76
 264.00	 261.81	 7.5703	34.0198	26.5703	 2.10	 91.14	0.040	  155.39	 99.76
 265.00	 262.80	 7.5487	34.0220	26.5751	 2.08	 90.67	0.040	  155.35	 99.76
 266.00	 263.79	 7.5431	34.0225	26.5764	 2.08	 90.28	0.040	  155.38	 99.76
 267.00	 264.78	 7.5335	34.0228	26.5780	 2.07	 90.06	0.040	  155.32	 99.76
 268.00	 265.77	 7.5274	34.0239	26.5797	 2.07	 90.11	0.040	  155.32	 99.76
 269.00	 266.77	 7.4868	34.0194	26.5820	 2.07	 90.01	0.040	  155.36	 99.77
 270.00	 267.76	 7.4676	34.0214	26.5862	 2.06	 89.49	0.040	  155.30	 99.77
 271.00	 268.75	 7.4592	34.0216	26.5876	 2.04	 88.72	0.040	  155.30	 99.77
 272.00	 269.74	 7.4531	34.0246	26.5908	 2.03	 88.11	0.040	  155.40	 99.77
 273.00	 270.73	 7.4435	34.0263	26.5936	 2.01	 87.60	0.040	  155.39	 99.77
 274.00	 271.72	 7.4234	34.0255	26.5958	 2.01	 87.28	0.040	  155.33	 99.78
 275.00	 272.71	 7.4061	34.0249	26.5978	 2.01	 87.24	0.040	  155.35	 99.78
 276.00	 273.70	 7.3900	34.0253	26.6004	 2.01	 87.57	0.040	  155.32	 99.78
 277.00	 274.69	 7.3653	34.0206	26.6002	 2.02	 87.86	0.040	  155.32	 99.78
 278.00	 275.68	 7.3133	34.0200	26.6070	 2.03	 88.21	0.040	  155.41	 99.78
 279.00	 276.68	 7.3061	34.0182	26.6066	 2.04	 88.93	0.040	  155.38	 99.78
 280.00	 277.67	 7.2575	34.0105	26.6073	 2.08	 90.38	0.040	  155.42	 99.78
 281.00	 278.66	 7.2067	34.0058	26.6107	 2.11	 91.78	0.040	  155.35	 99.78
 282.00	 279.65	 7.1284	33.9953	26.6133	 2.13	 92.84	0.040	  155.37	 99.78
 283.00	 280.64	 7.0766	33.9936	26.6191	 2.15	 93.50	0.040	  155.31	 99.78
 284.00	 281.63	 7.0407	33.9892	26.6206	 2.16	 94.02	0.040	  155.36	 99.78
 285.00	 282.62	 7.0065	33.9882	26.6245	 2.17	 94.50	0.040	  155.31	 99.77
 286.00	 283.61	 6.9743	33.9867	26.6277	 2.17	 94.55	0.040	  155.37	 99.77
 287.00	 284.60	 6.9524	33.9851	26.6294	 2.17	 94.55	0.040	  155.40	 99.76
 288.00	 285.59	 6.9232	33.9829	26.6317	 2.17	 94.41	0.040	  155.41	 99.76
 289.00	 286.59	 6.9047	33.9818	26.6333	 2.16	 94.01	0.040	  155.42	 99.76
 290.00	 287.58	 6.8750	33.9807	26.6365	 2.15	 93.68	0.040	  155.39	 99.76
 291.00	 288.57	 6.8523	33.9809	26.6397	 2.15	 93.50	0.040	  155.40	 80.48
 292.00	 289.56	 6.8372	33.9823	26.6428	 2.14	 93.27	0.040	  155.36	 99.69
 293.00	 290.55	 6.8341	33.9828	26.6437	 2.14	 93.07	0.040	  155.32	 99.76
 294.00	 291.54	 6.8286	33.9829	26.6445	 2.13	 92.71	0.040	  155.33	 99.76
 295.00	 292.53	 6.8153	33.9823	26.6458	 2.12	 92.15	0.040	  155.38	 99.76
 296.00	 293.52	 6.7880	33.9826	26.6498	 2.11	 91.84	0.040	  155.37	 99.77
 297.00	 294.51	 6.7759	33.9845	26.6529	 2.10	 91.56	0.040	  155.39	 99.77
 298.00	 295.50	 6.7714	33.9847	26.6536	 2.09	 91.12	0.040	  155.39	 99.77
 299.00	 296.49	 6.7561	33.9839	26.6551	 2.08	 90.59	0.040	  155.42	 99.77
 300.00	 297.49	 6.7340	33.9861	26.6597	 2.07	 90.13	0.040	  155.38	 99.77
 301.00	 298.48	 6.7331	33.9862	26.6599	 2.06	 89.61	0.040	  155.32	 99.77
 302.00	 299.47	 6.7115	33.9852	26.6621	 2.05	 89.21	0.040	  155.37	 99.78
 303.00	 300.46	 6.6999	33.9869	26.6650	 2.05	 88.99	0.040	  155.38	 99.78
 304.00	 301.45	 6.6967	33.9873	26.6657	 2.04	 88.70	0.040	  155.34	 99.78
 305.00	 302.44	 6.6942	33.9876	26.6663	 2.03	 88.30	0.040	  155.37	 99.78
 306.00	 303.43	 6.6920	33.9881	26.6670	 2.02	 87.78	0.040	  155.30	 99.78
 307.00	 304.42	 6.6831	33.9895	26.6693	 2.01	 87.39	0.040	  155.36	 99.78
 308.00	 305.41	 6.6806	33.9892	26.6694	 2.00	 87.16	0.040	  155.38	 99.78
 309.00	 306.40	 6.6742	33.9895	26.6705	 2.00	 86.94	0.040	  155.32	 99.78
 310.00	 307.39	 6.6724	33.9898	26.6710	 1.99	 86.77	0.040	  155.38	 99.78
 311.00	 308.38	 6.6675	33.9896	26.6715	 1.99	 86.49	0.040	  155.30	 99.78
 312.00	 309.38	 6.6638	33.9906	26.6728	 1.98	 86.02	0.040	  155.33	 99.78
 313.00	 310.37	 6.6544	33.9908	26.6742	 1.96	 85.25	0.040	  155.33	 99.79
 314.00	 311.36	 6.6487	33.9948	26.6781	 1.95	 84.68	0.040	  155.24	 99.79
 315.00	 312.35	 6.6457	33.9966	26.6799	 1.93	 83.95	0.040	  155.36	 99.79
 316.00	 313.34	 6.6311	33.9978	26.6829	 1.91	 83.07	0.040	  155.32	 99.79
 317.00	 314.33	 6.6143	33.9985	26.6856	 1.89	 82.12	0.040	  155.31	 99.79
 318.00	 315.32	 6.5921	33.9997	26.6896	 1.87	 81.19	0.040	  155.35	 99.80
 319.00	 316.31	 6.5757	33.9981	26.6905	 1.85	 80.46	0.040	  155.36	 99.80
 320.00	 317.30	 6.5540	33.9989	26.6939	 1.84	 79.93	0.040	  155.36	 99.80
 321.00	 318.29	 6.5492	33.9994	26.6950	 1.83	 79.43	0.040	  155.37	 99.80
 322.00	 319.28	 6.5430	34.0002	26.6964	 1.81	 78.85	0.040	  155.32	 99.80
 323.00	 320.27	 6.5274	34.0014	26.6994	 1.80	 78.27	0.040	  155.33	 99.81
 324.00	 321.27	 6.5095	34.0031	26.7031	 1.79	 77.74	0.040	  155.29	 99.82
 325.00	 322.26	 6.5006	34.0040	26.7050	 1.78	 77.40	0.040	  155.31	 99.82
 326.00	 323.25	 6.4938	34.0042	26.7061	 1.77	 76.85	0.040	  155.35	 99.83
 327.00	 324.24	 6.4868	34.0062	26.7086	 1.75	 76.07	0.040	  155.33	 99.83
 328.00	 325.23	 6.4734	34.0067	26.7107	 1.73	 75.42	0.040	  155.29	 99.83
 329.00	 326.22	 6.4687	34.0099	26.7139	 1.72	 74.76	0.040	  155.42	 99.83
 330.00	 327.21	 6.4505	34.0097	26.7161	 1.70	 74.00	0.040	  155.37	 99.83
 331.00	 328.20	 6.4446	34.0133	26.7198	 1.69	 73.33	0.040	  155.34	 99.83
 332.00	 329.19	 6.4544	34.0170	26.7214	 1.68	 73.00	0.040	  155.36	 99.83
 333.00	 330.18	 6.4489	34.0169	26.7220	 1.67	 72.81	0.041	  155.36	 99.83
 334.00	 331.17	 6.4399	34.0157	26.7223	 1.67	 72.60	0.040	  155.33	 99.83
 335.00	 332.16	 6.4363	34.0152	26.7224	 1.66	 72.12	0.040	  155.36	 99.83
 336.00	 333.15	 6.4327	34.0146	26.7224	 1.63	 70.99	0.040	  155.33	 99.84
 337.00	 334.15	 6.4548	34.0254	26.7280	 1.61	 69.97	0.040	  155.32	 99.84
 338.00	 335.14	 6.4790	34.0319	26.7300	 1.59	 69.17	0.040	  155.35	 99.85
 339.00	 336.13	 6.4895	34.0341	26.7304	 1.57	 68.50	0.040	  155.37	 99.84
 340.00	 337.12	 6.4907	34.0344	26.7305	 1.56	 67.98	0.040	  155.32	 99.85
 341.00	 338.11	 6.5000	34.0371	26.7314	 1.55	 67.61	0.040	  155.36	 99.85
 342.00	 339.10	 6.5073	34.0385	26.7316	 1.55	 67.21	0.040	  155.36	 99.85
 343.00	 340.09	 6.5087	34.0390	26.7318	 1.54	 66.78	0.041	  155.30	 99.85
 344.00	 341.08	 6.4712	34.0364	26.7347	 1.52	 66.17	0.041	  155.39	 99.85
 345.00	 342.07	 6.4668	34.0406	26.7385	 1.51	 65.60	0.040	  155.29	 99.85
 346.00	 343.06	 6.4762	34.0461	26.7417	 1.50	 65.06	0.041	  155.36	 99.85
 347.00	 344.05	 6.4747	34.0455	26.7414	 1.48	 64.27	0.041	  155.28	 99.85
 348.00	 345.04	 6.4762	34.0520	26.7463	 1.45	 63.04	0.040	  155.31	 99.86
 349.00	 346.03	 6.4903	34.0583	26.7495	 1.42	 61.77	0.040	  155.30	 99.87
 350.00	 347.02	 6.4870	34.0595	26.7509	 1.40	 61.04	0.040	  155.30	 99.87
 351.00	 348.01	 6.4735	34.0616	26.7543	 1.38	 60.15	0.040	  155.33	 99.88
 352.00	 349.01	 6.4972	34.0678	26.7561	 1.37	 59.38	0.040	  155.29	 99.88
 353.00	 350.00	 6.4992	34.0686	26.7565	 1.36	 59.11	0.040	  155.29	 99.88
 354.00	 350.99	 6.4967	34.0686	26.7568	 1.35	 58.84	0.040	  155.34	 99.88
 355.00	 351.98	 6.4937	34.0686	26.7573	 1.35	 58.61	0.040	  155.31	 99.88
 356.00	 352.97	 6.4923	34.0686	26.7574	 1.34	 58.47	0.040	  155.32	 99.88
 357.00	 353.96	 6.4836	34.0682	26.7583	 1.34	 58.43	0.040	  155.31	 99.88
 358.00	 354.95	 6.4787	34.0683	26.7590	 1.34	 58.47	0.040	  155.31	 99.88
 359.00	 355.94	 6.4566	34.0647	26.7591	 1.35	 58.76	0.040	  155.33	 99.89
 360.00	 356.93	 6.4142	34.0602	26.7610	 1.37	 59.37	0.040	  155.29	 99.89
 361.00	 357.92	 6.3768	34.0577	26.7639	 1.38	 59.97	0.040	  155.27	 99.89
 362.00	 358.91	 6.2960	34.0510	26.7691	 1.39	 60.55	0.040	  155.33	 99.89
 363.00	 359.90	 6.2599	34.0464	26.7701	 1.40	 60.96	0.040	  155.35	 99.88
 364.00	 360.89	 6.2229	34.0456	26.7742	 1.41	 61.27	0.040	  155.33	 99.89
 365.00	 361.88	 6.2107	34.0437	26.7743	 1.41	 61.33	0.040	  155.30	 99.89
 366.00	 362.87	 6.1915	34.0429	26.7761	 1.41	 61.29	0.040	  155.31	 99.88
 367.00	 363.86	 6.1841	34.0433	26.7773	 1.41	 61.30	0.041	  155.29	 99.88
 368.00	 364.86	 6.1600	34.0398	26.7777	 1.41	 61.36	0.040	  155.32	 99.88
 369.00	 365.85	 6.1430	34.0387	26.7790	 1.41	 61.45	0.040	  155.26	 99.88
 370.00	 366.84	 6.1080	34.0334	26.7792	 1.41	 61.54	0.040	  155.33	 99.88
 371.00	 367.83	 6.0661	34.0315	26.7830	 1.42	 61.63	0.040	  155.25	 99.88
 372.00	 368.82	 6.0543	34.0328	26.7856	 1.41	 61.54	0.040	  155.28	 99.88
 373.00	 369.81	 6.0471	34.0319	26.7858	 1.41	 61.51	0.040	  155.30	 80.68
 374.00	 370.80	 6.0437	34.0320	26.7863	 1.41	 61.45	0.040	  155.30	 99.88
 375.00	 371.79	 6.0435	34.0321	26.7864	 1.41	 61.28	0.040	  155.28	 99.88
 376.00	 372.78	 6.0416	34.0324	26.7869	 1.41	 61.21	0.040	  155.34	 99.88
 377.00	 373.77	 6.0406	34.0324	26.7870	 1.40	 61.02	0.040	  155.29	 99.88
 378.00	 374.76	 6.0409	34.0326	26.7872	 1.39	 60.63	0.040	  155.33	 99.88
 379.00	 375.75	 6.0331	34.0333	26.7887	 1.38	 60.09	0.040	  155.25	 99.88
 380.00	 376.74	 6.0304	34.0370	26.7920	 1.36	 59.12	0.040	  155.28	 99.88
 381.00	 377.73	 6.0306	34.0429	26.7966	 1.33	 57.89	0.040	  155.28	 99.88
 382.00	 378.72	 6.0544	34.0492	26.7986	 1.30	 56.53	0.040	  155.34	 99.88
 383.00	 379.71	 6.0694	34.0572	26.8030	 1.27	 55.33	0.040	  155.23	 99.89
 384.00	 380.70	 6.1089	34.0658	26.8049	 1.24	 54.13	0.040	  155.26	 99.89
 385.00	 381.69	 6.1106	34.0676	26.8061	 1.22	 52.97	0.041	  155.26	 99.90
 386.00	 382.69	 6.0917	34.0687	26.8093	 1.19	 51.90	0.041	  155.28	 99.90
 387.00	 383.68	 6.1236	34.0793	26.8137	 1.17	 51.05	0.041	  155.27	 99.90
 388.00	 384.67	 6.1228	34.0782	26.8130	 1.17	 50.71	0.041	  155.31	 99.90
 389.00	 385.66	 6.0771	34.0750	26.8162	 1.16	 50.24	0.041	  155.31	 99.90
 390.00	 386.65	 6.0830	34.0817	26.8208	 1.14	 49.79	0.041	  155.27	 99.90
 391.00	 387.64	 6.1102	34.0852	26.8201	 1.14	 49.65	0.040	  155.30	 99.91
 392.00	 388.63	 6.0928	34.0822	26.8200	 1.14	 49.63	0.040	  155.28	 99.92
 393.00	 389.62	 6.0700	34.0807	26.8217	 1.14	 49.67	0.040	  155.29	 99.92
 394.00	 390.61	 6.0557	34.0788	26.8219	 1.14	 49.77	0.040	  155.33	 99.92
 395.00	 391.60	 6.0315	34.0779	26.8243	 1.14	 49.80	0.040	  155.34	 99.93
 396.00	 392.59	 6.0199	34.0776	26.8256	 1.15	 49.91	0.040	  155.30	 99.92
 397.00	 393.58	 6.0027	34.0741	26.8249	 1.15	 50.19	0.040	  155.24	 99.93
 398.00	 394.57	 5.9611	34.0709	26.8276	 1.16	 50.29	0.040	  155.25	 99.92
 399.00	 395.56	 5.9391	34.0709	26.8304	 1.15	 50.02	0.040	  155.27	 99.92
 400.00	 396.55	 5.9420	34.0736	26.8321	 1.14	 49.42	0.040	  155.23	 99.92
 401.00	 397.54	 5.9540	34.0778	26.8340	 1.11	 48.32	0.040	  155.23	 99.93
 402.00	 398.53	 5.9960	34.0892	26.8378	 1.09	 47.34	0.041	  155.24	 99.92
 403.00	 399.52	 5.9985	34.0901	26.8382	 1.08	 46.76	0.041	  155.27	 99.93
 404.00	 400.51	 5.9832	34.0902	26.8402	 1.07	 46.51	0.040	  155.33	 99.92
 405.00	 401.50	 5.9729	34.0898	26.8412	 1.07	 46.38	0.040	  155.31	 99.93
 406.00	 402.49	 5.9667	34.0901	26.8422	 1.06	 46.24	0.040	  155.28	 99.93
 407.00	 403.48	 5.9641	34.0901	26.8425	 1.06	 46.11	0.040	  155.26	 99.93
 408.00	 404.47	 5.9563	34.0891	26.8427	 1.06	 46.05	0.040	  155.27	 99.93
 409.00	 405.47	 5.9329	34.0884	26.8451	 1.06	 46.06	0.040	  155.27	 99.93
 410.00	 406.46	 5.9213	34.0886	26.8467	 1.06	 46.05	0.040	  155.29	 99.93
 411.00	 407.45	 5.9178	34.0885	26.8470	 1.05	 45.88	0.040	  155.25	 99.93
 412.00	 408.44	 5.9130	34.0890	26.8481	 1.05	 45.69	0.040	  155.21	 99.93
 413.00	 409.43	 5.9119	34.0895	26.8486	 1.05	 45.54	0.040	  155.21	 99.93
 414.00	 410.42	 5.9094	34.0896	26.8490	 1.05	 45.52	0.040	  155.19	 99.93
 415.00	 411.41	 5.9047	34.0889	26.8490	 1.05	 45.51	0.040	  155.19	 99.93
 416.00	 412.40	 5.8833	34.0880	26.8510	 1.04	 45.39	0.040	  155.20	 99.93
 417.00	 413.39	 5.8784	34.0887	26.8522	 1.04	 45.33	0.040	  155.19	 99.93
 418.00	 414.38	 5.8768	34.0886	26.8523	 1.04	 45.23	0.040	  155.18	 99.93
 419.00	 415.37	 5.8679	34.0893	26.8540	 1.04	 45.19	0.040	  155.20	 99.93
 420.00	 416.36	 5.8543	34.0896	26.8559	 1.03	 45.00	0.040	  155.19	 99.93
 421.00	 417.35	 5.8460	34.0891	26.8565	 1.03	 44.81	0.040	  155.20	 99.93
 422.00	 418.34	 5.8247	34.0884	26.8587	 1.03	 44.65	0.040	  155.18	 99.93
 423.00	 419.33	 5.8036	34.0891	26.8618	 1.03	 44.71	0.040	  155.23	 99.93
 424.00	 420.32	 5.7761	34.0854	26.8623	 1.03	 44.86	0.040	  155.22	 99.93
 425.00	 421.31	 5.7233	34.0821	26.8661	 1.03	 44.91	0.040	  155.33	 99.93
 426.00	 422.30	 5.7132	34.0833	26.8683	 1.03	 44.90	0.040	  155.27	 99.93
 427.00	 423.29	 5.7056	34.0831	26.8690	 1.03	 44.76	0.040	  155.24	 99.94
 428.00	 424.28	 5.6979	34.0840	26.8707	 1.02	 44.51	0.040	  155.22	 99.93
 429.00	 425.27	 5.6922	34.0843	26.8717	 1.02	 44.29	0.040	  155.26	 99.93
