wcoa21_data_management/01_CRUISE_METADATA/00_OCADS_data/CTD_downcasts/WCOA_2021_CTD_downcasts/dRB2102_CTD_115_01_F.txt
* Sea-Bird SBE 9 Data:
* Software Version Seasave V 7.26.7.107
* Vessel: NOAA Ship Ronald H. Brown
* Cruise: RB2102, West Coast Ocean Acidification (WCOA) 2021
* Dates: 20210622 to 20210723
* Region: NE Pacific, USA West Coast
* Ports: San Diego, CA to Port Angeles, WA to San Diego, CA
* Chief Scientists: R. Feely, NOAA PMEL; D. Greeley, NOAA PMEL; B. Carter, NOAA PMEL / UW CICOES
*END*
[from data line 427]
 430.00	 426.47	 7.2571	34.2483	26.7966	 0.47	 20.55	0.042	  145.60	 35.69
 431.00	 427.47	 7.2434	34.2501	26.8000	 0.46	 19.86	0.042	  145.53	 34.60
 432.00	 428.46	 7.2029	34.2467	26.8030	 0.46	 19.86	0.041	  145.54	 33.54
 433.00	 429.45	 7.1883	34.2456	26.8042	 0.45	 19.53	0.041	  145.53	 32.43
 434.00	 430.44	 7.1771	34.2465	26.8064	 0.45	 19.37	0.041	  145.55	 31.48
 435.00	 431.43	 7.1729	34.2458	26.8064	 0.44	 18.98	0.044	  145.45	 30.38
 436.00	 432.42	 7.1636	34.2447	26.8069	 0.43	 18.57	0.041	  145.41	 29.42
 437.00	 433.41	 7.1619	34.2444	26.8069	 0.43	 18.52	0.041	  145.43	 28.47
 438.00	 434.40	 7.1593	34.2439	26.8069	 0.43	 18.50	0.041	  145.40	 27.40
 439.00	 435.39	 7.1589	34.2439	26.8070	 0.42	 18.40	0.042	  145.37	 26.48
 440.00	 436.38	 7.1512	34.2430	26.8073	 0.42	 18.10	0.041	  145.36	 25.53
 441.00	 437.37	 7.1482	34.2430	26.8077	 0.42	 18.10	0.041	  145.37	 24.45
 442.00	 438.36	 7.1475	34.2430	26.8079	 0.41	 18.04	0.041	  145.36	 23.42
 443.00	 439.35	 7.1450	34.2429	26.8081	 0.41	 17.96	0.041	  145.33	 22.47
 444.00	 440.35	 7.1421	34.2429	26.8086	 0.41	 18.02	0.041	  145.32	 21.47
 445.00	 441.34	 7.1390	34.2432	26.8093	 0.41	 18.02	0.041	  145.27	 20.42
 446.00	 442.33	 7.1390	34.2434	26.8094	 0.41	 18.03	0.041	  145.29	 19.51
 447.00	 443.32	 7.1388	34.2436	26.8096	 0.41	 17.98	0.041	  145.23	 18.44
 448.00	 444.31	 7.1328	34.2432	26.8101	 0.41	 17.81	0.041	  145.16	 17.40
 449.00	 445.30	 7.1101	34.2442	26.8141	 0.40	 17.60	0.041	  145.12	 16.41
 450.00	 446.29	 7.0826	34.2463	26.8195	 0.40	 17.60	0.042	  145.15	 15.43
 451.00	 447.28	 7.0656	34.2478	26.8231	 0.40	 17.52	0.042	  145.08	 14.38
 452.00	 448.27	 7.0414	34.2505	26.8285	 0.41	 17.68	0.041	  145.08	 13.39
 453.00	 449.26	 7.0404	34.2509	26.8290	 0.41	 17.71	0.041	  145.04	 12.45
 454.00	 450.25	 7.0400	34.2512	26.8293	 0.41	 17.69	0.041	  145.02	 11.40
 455.00	 451.24	 7.0388	34.2513	26.8296	 0.40	 17.57	0.041	  144.75	 10.31
