wcoa21_data_management/01_CRUISE_METADATA/00_OCADS_data/CTD_downcasts/WCOA_2021_CTD_downcasts/dRB2102_CTD_045_01_F.txt
* Sea-Bird SBE 9 Data:
* Software Version Seasave V 7.26.7.107
* Vessel: NOAA Ship Ronald H. Brown
* Cruise: RB2102, West Coast Ocean Acidification (WCOA) 2021
* Dates: 20210622 to 20210723
* Region: NE Pacific, USA West Coast
* Ports: San Diego, CA to Port Angeles, WA to San Diego, CA
* Chief Scientists: R. Feely, NOAA PMEL; D. Greeley, NOAA PMEL; B. Carter, NOAA PMEL / UW CICOES
*END*
[from data line 214]
 218.00	 216.12	 7.0123	33.9886	26.6231	 1.91	 83.24	0.041	  186.84	 99.78
 219.00	 217.11	 7.0098	33.9889	26.6237	 1.90	 82.86	0.041	  186.82	 99.78
 220.00	 218.10	 6.9999	33.9917	26.6273	 1.89	 82.33	0.041	  186.83	 99.78
 221.00	 219.10	 6.9980	33.9950	26.6301	 1.88	 81.93	0.041	  186.88	 99.78
 222.00	 220.09	 6.9927	33.9961	26.6317	 1.88	 81.71	0.041	  186.83	 99.78
 223.00	 221.08	 6.9824	33.9967	26.6336	 1.87	 81.52	0.041	  186.89	 99.79
 224.00	 222.07	 6.9768	33.9975	26.6350	 1.87	 81.22	0.041	  186.82	 99.79
 225.00	 223.06	 6.9741	33.9977	26.6356	 1.86	 80.77	0.041	  186.80	 99.80
 226.00	 224.05	 6.9633	33.9978	26.6371	 1.84	 79.93	0.041	  186.82	 99.80
 227.00	 225.04	 6.9360	33.9990	26.6418	 1.82	 78.98	0.041	  186.80	 99.80
 228.00	 226.03	 6.9053	34.0036	26.6496	 1.81	 78.54	0.041	  186.82	 99.80
 229.00	 227.02	 6.9003	34.0058	26.6521	 1.80	 78.18	0.041	  186.82	 99.80
 230.00	 228.01	 6.8959	34.0065	26.6532	 1.79	 77.86	0.041	  186.80	 99.80
 231.00	 229.00	 6.8933	34.0070	26.6539	 1.78	 77.46	0.041	  186.82	 99.80
 232.00	 230.00	 6.8918	34.0070	26.6542	 1.77	 76.97	0.041	  186.85	 99.80
 233.00	 230.99	 6.8875	34.0077	26.6553	 1.76	 76.55	0.041	  186.81	 99.81
 234.00	 231.98	 6.8836	34.0080	26.6561	 1.75	 76.18	0.041	  186.85	 99.80
 235.00	 232.97	 6.8786	34.0088	26.6574	 1.74	 75.77	0.041	  186.82	 99.81
 236.00	 233.96	 6.8747	34.0096	26.6586	 1.74	 75.49	0.041	  186.81	 99.81
 237.00	 234.95	 6.8728	34.0098	26.6590	 1.73	 75.05	0.041	  186.79	 99.81
 238.00	 235.94	 6.8611	34.0102	26.6610	 1.71	 74.20	0.041	  186.79	 99.82
 239.00	 236.93	 6.8447	34.0124	26.6649	 1.68	 73.21	0.041	  186.78	 99.83
 240.00	 237.92	 6.8333	34.0148	26.6683	 1.66	 72.24	0.041	  186.82	 99.83
 241.00	 238.91	 6.8275	34.0155	26.6697	 1.64	 71.45	0.041	  186.79	 99.83
 242.00	 239.90	 6.8142	34.0170	26.6726	 1.63	 70.80	0.042	  186.84	 99.83
 243.00	 240.89	 6.8071	34.0182	26.6745	 1.62	 70.38	0.041	  186.79	 99.83
 244.00	 241.88	 6.8041	34.0184	26.6752	 1.61	 70.11	0.041	  186.75	 99.83
 245.00	 242.88	 6.8037	34.0186	26.6754	 1.61	 70.00	0.041	  186.70	 99.83
 246.00	 243.87	 6.8033	34.0188	26.6756	 1.61	 69.98	0.041	  186.76	 99.83
 247.00	 244.86	 6.8031	34.0189	26.6757	 1.61	 69.83	0.041	  186.79	 99.83
 248.00	 245.85	 6.8006	34.0189	26.6761	 1.60	 69.53	0.041	  186.74	 99.84
 249.00	 246.84	 6.7889	34.0198	26.6783	 1.59	 69.37	0.041	  186.70	 99.84
 250.00	 247.83	 6.7772	34.0207	26.6807	 1.59	 69.25	0.041	  186.72	 99.84
 251.00	 248.82	 6.7685	34.0215	26.6824	 1.59	 68.99	0.041	  186.78	 99.84
 252.00	 249.81	 6.7512	34.0227	26.6857	 1.57	 68.40	0.041	  186.77	 99.84
 253.00	 250.80	 6.7396	34.0241	26.6884	 1.56	 68.03	0.041	  186.69	 99.84
 254.00	 251.79	 6.7387	34.0244	26.6887	 1.56	 67.85	0.041	  186.72	 99.84
 255.00	 252.78	 6.7367	34.0245	26.6891	 1.55	 67.63	0.041	  186.75	 99.85
 256.00	 253.77	 6.7280	34.0249	26.6906	 1.55	 67.37	0.041	  186.73	 99.85
 257.00	 254.76	 6.7257	34.0255	26.6914	 1.55	 67.32	0.042	  186.71	 99.85
 258.00	 255.75	 6.7260	34.0257	26.6915	 1.54	 67.13	0.041	  186.73	 99.85
 259.00	 256.74	 6.7256	34.0258	26.6917	 1.54	 67.04	0.041	  186.73	 99.85
 260.00	 257.74	 6.7246	34.0258	26.6919	 1.54	 67.04	0.041	  186.69	 99.85
 261.00	 258.73	 6.7216	34.0258	26.6922	 1.54	 66.89	0.042	  186.71	 99.85
 262.00	 259.72	 6.7129	34.0261	26.6936	 1.53	 66.68	0.042	  186.69	 99.85
 263.00	 260.71	 6.7041	34.0268	26.6954	 1.53	 66.46	0.041	  186.69	 99.85
 264.00	 261.70	 6.6951	34.0280	26.6976	 1.52	 66.33	0.041	  186.63	 99.85
 265.00	 262.69	 6.6882	34.0286	26.6989	 1.52	 66.29	0.041	  186.61	 99.85
 266.00	 263.68	 6.6816	34.0289	26.7000	 1.52	 66.19	0.041	  186.63	 99.85
 267.00	 264.67	 6.6780	34.0293	26.7009	 1.52	 66.30	0.041	  186.66	 99.85
 268.00	 265.66	 6.6757	34.0288	26.7008	 1.53	 66.42	0.041	  186.68	 99.85
 269.00	 266.65	 6.6583	34.0297	26.7039	 1.53	 66.71	0.041	  186.66	 99.85
 270.00	 267.64	 6.6465	34.0303	26.7059	 1.54	 66.86	0.042	  186.58	 99.85
 271.00	 268.63	 6.6346	34.0308	26.7079	 1.53	 66.35	0.042	  186.63	 99.85
 272.00	 269.62	 6.6230	34.0313	26.7098	 1.52	 66.27	0.041	  186.65	 99.85
 273.00	 270.61	 6.6077	34.0323	26.7127	 1.52	 66.30	0.041	  186.61	 99.85
 274.00	 271.60	 6.5989	34.0330	26.7143	 1.53	 66.59	0.041	  186.58	 99.85
 275.00	 272.60	 6.5885	34.0329	26.7157	 1.54	 66.95	0.041	  186.56	 99.85
 276.00	 273.59	 6.5573	34.0319	26.7190	 1.55	 67.29	0.041	  186.58	 99.85
 277.00	 274.58	 6.5458	34.0330	26.7214	 1.55	 67.54	0.041	  186.59	 99.85
 278.00	 275.57	 6.5388	34.0328	26.7221	 1.55	 67.52	0.041	  186.60	 99.85
 279.00	 276.56	 6.5344	34.0325	26.7226	 1.55	 67.31	0.041	  186.53	 99.85
 280.00	 277.55	 6.5225	34.0334	26.7248	 1.54	 67.12	0.041	  186.52	 99.85
 281.00	 278.54	 6.5053	34.0335	26.7272	 1.54	 66.88	0.041	  186.57	 99.85
 282.00	 279.53	 6.4869	34.0343	26.7302	 1.53	 66.57	0.041	  186.60	 99.85
 283.00	 280.52	 6.4799	34.0351	26.7318	 1.52	 66.22	0.041	  186.57	 99.85
 284.00	 281.51	 6.4741	34.0354	26.7328	 1.52	 66.04	0.041	  186.58	 99.85
 285.00	 282.50	 6.4700	34.0355	26.7334	 1.52	 66.14	0.041	  186.55	 99.85
 286.00	 283.49	 6.4654	34.0359	26.7343	 1.52	 66.07	0.042	  186.47	 99.85
 287.00	 284.48	 6.4617	34.0363	26.7351	 1.51	 65.84	0.041	  186.45	 99.85
 288.00	 285.47	 6.4569	34.0361	26.7356	 1.51	 65.52	0.041	  186.53	 99.85
 289.00	 286.46	 6.4482	34.0363	26.7369	 1.50	 65.27	0.041	  186.56	 99.85
 290.00	 287.45	 6.4304	34.0370	26.7398	 1.50	 65.06	0.041	  186.52	 99.85
 291.00	 288.44	 6.4113	34.0361	26.7416	 1.49	 64.86	0.041	  186.49	 99.85
 292.00	 289.43	 6.3809	34.0385	26.7474	 1.49	 64.63	0.041	  186.50	 99.85
 293.00	 290.43	 6.3675	34.0391	26.7497	 1.48	 64.36	0.041	  186.44	 99.85
 294.00	 291.42	 6.3666	34.0394	26.7501	 1.47	 64.08	0.041	  186.47	 99.85
 295.00	 292.41	 6.3663	34.0396	26.7502	 1.47	 63.73	0.041	  186.54	 99.86
 296.00	 293.40	 6.3584	34.0396	26.7513	 1.46	 63.45	0.042	  186.48	 99.86
 297.00	 294.39	 6.3530	34.0408	26.7529	 1.45	 63.22	0.042	  186.45	 99.86
 298.00	 295.38	 6.3494	34.0414	26.7539	 1.45	 63.10	0.041	  186.45	 99.87
 299.00	 296.37	 6.3480	34.0416	26.7542	 1.45	 62.86	0.041	  186.37	 99.86
 300.00	 297.36	 6.3454	34.0415	26.7545	 1.44	 62.47	0.041	  186.36	 99.87
 301.00	 298.35	 6.3370	34.0428	26.7566	 1.43	 62.22	0.041	  186.39	 99.87
 302.00	 299.34	 6.3137	34.0411	26.7583	 1.43	 62.10	0.041	  186.41	 99.87
 303.00	 300.33	 6.2975	34.0418	26.7610	 1.43	 62.04	0.041	  186.41	 99.87
 304.00	 301.32	 6.2868	34.0423	26.7627	 1.42	 61.98	0.041	  186.38	 99.88
 305.00	 302.31	 6.2750	34.0425	26.7644	 1.42	 61.98	0.042	  186.35	 99.88
 306.00	 303.30	 6.2686	34.0424	26.7652	 1.42	 61.89	0.041	  186.35	 99.88
 307.00	 304.29	 6.2538	34.0414	26.7663	 1.42	 61.76	0.041	  186.37	 99.88
 308.00	 305.28	 6.2470	34.0419	26.7675	 1.42	 61.65	0.042	  186.40	 99.88
 309.00	 306.27	 6.2405	34.0420	26.7685	 1.41	 61.54	0.041	  186.33	 99.88
 310.00	 307.26	 6.2338	34.0419	26.7693	 1.42	 61.55	0.041	  186.33	 99.88
 311.00	 308.25	 6.2313	34.0422	26.7698	 1.41	 61.41	0.041	  186.31	 99.88
 312.00	 309.24	 6.2292	34.0420	26.7700	 1.41	 61.41	0.041	  186.30	 99.88
 313.00	 310.23	 6.2239	34.0412	26.7700	 1.41	 61.45	0.041	  186.33	 99.88
 314.00	 311.22	 6.2197	34.0408	26.7702	 1.41	 61.51	0.041	  186.34	 99.88
 315.00	 312.22	 6.1980	34.0397	26.7722	 1.42	 61.63	0.042	  186.33	 99.88
 316.00	 313.21	 6.1865	34.0388	26.7730	 1.42	 61.57	0.041	  186.32	 99.88
 317.00	 314.20	 6.1821	34.0393	26.7739	 1.41	 61.43	0.041	  186.28	 99.88
 318.00	 315.19	 6.1800	34.0397	26.7745	 1.41	 61.31	0.041	  186.35	 99.88
 319.00	 316.18	 6.1802	34.0404	26.7751	 1.41	 61.23	0.042	  186.30	 99.88
 320.00	 317.17	 6.1822	34.0414	26.7756	 1.40	 61.00	0.041	  186.28	 99.88
 321.00	 318.16	 6.1832	34.0417	26.7757	 1.40	 60.68	0.041	  186.29	 99.88
 322.00	 319.15	 6.1858	34.0431	26.7765	 1.38	 60.08	0.041	  186.31	 99.88
 323.00	 320.14	 6.1769	34.0459	26.7799	 1.36	 59.17	0.041	  186.33	 99.88
 324.00	 321.13	 6.1783	34.0514	26.7841	 1.35	 58.51	0.041	  186.26	 99.88
 325.00	 322.12	 6.1865	34.0538	26.7849	 1.33	 57.94	0.041	  186.32	 99.88
 326.00	 323.11	 6.1881	34.0549	26.7856	 1.32	 57.46	0.041	  186.24	 99.88
 327.00	 324.10	 6.1923	34.0563	26.7862	 1.31	 57.07	0.041	  186.27	 99.88
 328.00	 325.09	 6.1941	34.0578	26.7871	 1.31	 56.81	0.041	  186.26	 99.88
 329.00	 326.08	 6.1984	34.0597	26.7881	 1.30	 56.39	0.041	  186.21	 99.88
 330.00	 327.07	 6.2058	34.0618	26.7888	 1.28	 55.85	0.041	  186.22	 99.88
 331.00	 328.06	 6.2139	34.0645	26.7899	 1.27	 55.36	0.041	  186.28	 99.88
 332.00	 329.05	 6.2165	34.0661	26.7909	 1.27	 55.05	0.041	  186.31	 99.89
 333.00	 330.04	 6.2138	34.0664	26.7915	 1.26	 54.65	0.041	  186.26	 99.89
 334.00	 331.03	 6.2098	34.0669	26.7924	 1.25	 54.39	0.041	  186.24	 99.89
 335.00	 332.02	 6.2038	34.0679	26.7939	 1.24	 53.74	0.041	  186.20	 99.89
 336.00	 333.01	 6.1959	34.0715	26.7978	 1.23	 53.28	0.041	  186.23	 99.90
 337.00	 334.00	 6.1578	34.0694	26.8010	 1.22	 53.19	0.041	  186.30	 99.90
 338.00	 334.99	 6.1436	34.0704	26.8036	 1.22	 52.89	0.041	  186.19	 99.90
 339.00	 335.98	 6.1383	34.0700	26.8039	 1.21	 52.71	0.041	  186.21	 99.90
 340.00	 336.97	 6.1319	34.0713	26.8058	 1.21	 52.63	0.041	  186.22	 99.90
 341.00	 337.96	 6.1259	34.0713	26.8066	 1.21	 52.55	0.041	  186.20	 99.90
 342.00	 338.95	 6.1189	34.0714	26.8076	 1.20	 52.40	0.041	  186.23	 99.90
 343.00	 339.94	 6.1153	34.0703	26.8072	 1.20	 52.23	0.041	  186.21	 99.90
 344.00	 340.93	 6.1001	34.0708	26.8095	 1.20	 52.21	0.041	  186.18	 99.90
 345.00	 341.93	 6.0979	34.0714	26.8102	 1.20	 52.25	0.041	  186.18	 99.90
 346.00	 342.92	 6.0997	34.0714	26.8101	 1.20	 52.23	0.041	  186.18	 99.90
 347.00	 343.91	 6.0995	34.0714	26.8101	 1.20	 52.13	0.041	  186.18	 99.90
 348.00	 344.90	 6.0993	34.0713	26.8100	 1.20	 52.09	0.041	  186.11	 99.90
 349.00	 345.89	 6.0978	34.0714	26.8103	 1.20	 52.05	0.041	  186.13	 99.90
 350.00	 346.88	 6.0931	34.0713	26.8108	 1.19	 51.95	0.042	  186.18	 99.90
 351.00	 347.87	 6.0866	34.0711	26.8115	 1.19	 51.78	0.041	  186.20	 99.90
 352.00	 348.86	 6.0807	34.0713	26.8124	 1.19	 51.65	0.041	  186.12	 99.90
 353.00	 349.85	 6.0766	34.0726	26.8140	 1.18	 51.48	0.041	  186.14	 99.90
 354.00	 350.84	 6.0765	34.0734	26.8146	 1.18	 51.28	0.041	  186.09	 99.90
 355.00	 351.83	 6.0768	34.0741	26.8151	 1.18	 51.18	0.041	  186.10	 99.90
 356.00	 352.82	 6.0763	34.0744	26.8155	 1.18	 51.13	0.042	  186.09	 99.90
 357.00	 353.81	 6.0752	34.0750	26.8161	 1.17	 50.95	0.041	  186.11	 99.90
 358.00	 354.80	 6.0746	34.0754	26.8165	 1.17	 50.69	0.041	  186.09	 99.91
 359.00	 355.79	 6.0747	34.0760	26.8170	 1.16	 50.46	0.041	  186.07	 99.91
 360.00	 356.78	 6.0772	34.0774	26.8178	 1.15	 50.19	0.041	  186.09	 99.91
 361.00	 357.77	 6.0788	34.0783	26.8183	 1.15	 49.99	0.041	  186.09	 99.91
 362.00	 358.76	 6.0792	34.0809	26.8203	 1.15	 49.81	0.041	  186.10	 99.90
 363.00	 359.75	 6.0802	34.0805	26.8199	 1.14	 49.65	0.041	  186.05	 99.91
 364.00	 360.74	 6.0791	34.0807	26.8202	 1.14	 49.43	0.041	  186.07	 99.91
 365.00	 361.73	 6.0788	34.0810	26.8205	 1.14	 49.38	0.042	  186.03	 99.92
 366.00	 362.72	 6.0789	34.0809	26.8204	 1.13	 49.28	0.041	  186.07	 99.92
 367.00	 363.71	 6.0694	34.0810	26.8217	 1.13	 49.13	0.041	  186.05	 99.92
 368.00	 364.70	 6.0596	34.0809	26.8228	 1.13	 48.97	0.041	  186.00	 99.92
 369.00	 365.69	 6.0567	34.0822	26.8243	 1.12	 48.80	0.041	  186.00	 99.92
 370.00	 366.68	 6.0559	34.0833	26.8252	 1.12	 48.60	0.042	  185.96	 99.93
 371.00	 367.67	 6.0524	34.0840	26.8262	 1.11	 48.35	0.042	  185.98	 99.92
 372.00	 368.66	 6.0510	34.0851	26.8273	 1.10	 47.94	0.041	  185.98	 99.92
 373.00	 369.65	 6.0528	34.0863	26.8281	 1.09	 47.55	0.041	  185.99	 99.92
 374.00	 370.64	 6.0476	34.0894	26.8311	 1.09	 47.27	0.041	  185.96	 99.92
 375.00	 371.63	 6.0433	34.0888	26.8312	 1.08	 47.13	0.042	  186.02	 99.93
 376.00	 372.62	 6.0351	34.0900	26.8332	 1.08	 47.00	0.042	  185.90	 99.93
 377.00	 373.61	 6.0309	34.0885	26.8325	 1.08	 46.90	0.041	  185.98	 99.93
 378.00	 374.60	 6.0171	34.0890	26.8347	 1.08	 46.87	0.041	  185.92	 99.93
 379.00	 375.59	 6.0143	34.0893	26.8353	 1.08	 46.92	0.042	  185.96	 99.93
 380.00	 376.58	 6.0101	34.0886	26.8353	 1.08	 47.01	0.042	  185.96	 99.93
 381.00	 377.57	 5.9929	34.0865	26.8358	 1.08	 47.11	0.041	  185.97	 99.93
 382.00	 378.56	 5.9796	34.0872	26.8380	 1.08	 47.08	0.041	  186.00	 99.93
 383.00	 379.55	 5.9738	34.0868	26.8384	 1.08	 47.07	0.041	  185.94	 99.93
 384.00	 380.54	 5.9676	34.0874	26.8397	 1.08	 47.07	0.041	  185.95	 99.93
 385.00	 381.53	 5.9662	34.0873	26.8398	 1.08	 47.03	0.041	  185.92	 99.93
 386.00	 382.52	 5.9599	34.0872	26.8405	 1.08	 46.91	0.041	  185.90	 99.93
 387.00	 383.51	 5.9538	34.0874	26.8414	 1.08	 46.76	0.041	  185.89	 99.93
 388.00	 384.50	 5.9485	34.0879	26.8425	 1.07	 46.63	0.041	  185.90	 99.93
 389.00	 385.49	 5.9431	34.0883	26.8435	 1.07	 46.60	0.041	  185.92	 99.93
 390.00	 386.48	 5.9399	34.0888	26.8443	 1.06	 46.31	0.041	  185.85	 99.93
 391.00	 387.47	 5.9317	34.0904	26.8466	 1.05	 45.84	0.041	  185.86	 99.93
 392.00	 388.46	 5.9289	34.0917	26.8480	 1.05	 45.79	0.041	  185.81	 99.93
 393.00	 389.45	 5.9271	34.0926	26.8490	 1.05	 45.55	0.041	  185.83	 99.93
 394.00	 390.44	 5.9268	34.0929	26.8492	 1.04	 45.21	0.042	  185.89	 99.93
 395.00	 391.43	 5.9242	34.0962	26.8522	 1.03	 44.80	0.041	  185.85	 99.93
 396.00	 392.42	 5.9245	34.0978	26.8534	 1.02	 44.44	0.041	  185.87	 99.93
 397.00	 393.41	 5.9215	34.0982	26.8541	 1.02	 44.27	0.041	  185.89	 99.93
 398.00	 394.40	 5.9121	34.0990	26.8559	 1.01	 44.04	0.041	  185.86	 99.93
 399.00	 395.39	 5.9064	34.1000	26.8575	 1.01	 43.83	0.041	  185.85	 99.93
 400.00	 396.38	 5.9039	34.1006	26.8582	 1.01	 43.77	0.041	  185.79	 99.93
 401.00	 397.37	 5.9010	34.1009	26.8588	 1.00	 43.62	0.041	  185.85	 99.93
 402.00	 398.36	 5.8991	34.1012	26.8593	 1.00	 43.47	0.041	  185.82	 99.93
 403.00	 399.35	 5.8985	34.1012	26.8594	 1.00	 43.37	0.041	  185.83	 99.93
 404.00	 400.34	 5.8953	34.1012	26.8598	 1.00	 43.35	0.042	  185.77	 99.94
 405.00	 401.33	 5.8918	34.1018	26.8607	 1.00	 43.38	0.041	  185.79	 99.93
 406.00	 402.32	 5.8901	34.1017	26.8609	 1.00	 43.33	0.041	  185.85	 99.93
 407.00	 403.31	 5.8886	34.1021	26.8614	 0.99	 43.18	0.041	  185.82	 99.93
 408.00	 404.30	 5.8878	34.1023	26.8617	 0.99	 43.11	0.041	  185.81	 99.94
 409.00	 405.29	 5.8857	34.1023	26.8619	 0.99	 43.05	0.041	  185.75	 99.93
 410.00	 406.28	 5.8820	34.1027	26.8627	 0.99	 43.01	0.041	  185.74	 99.93
 411.00	 407.27	 5.8778	34.1035	26.8639	 0.99	 42.91	0.041	  185.84	 99.93
 412.00	 408.26	 5.8753	34.1035	26.8642	 0.98	 42.61	0.041	  185.82	 99.93
 413.00	 409.25	 5.8714	34.1032	26.8645	 0.98	 42.67	0.041	  185.78	 99.93
 414.00	 410.24	 5.8573	34.1041	26.8670	 0.98	 42.55	0.041	  185.76	 99.93
 415.00	 411.23	 5.8515	34.1044	26.8679	 0.98	 42.41	0.041	  185.71	 99.93
 416.00	 412.22	 5.8435	34.1048	26.8692	 0.97	 42.29	0.041	  185.73	 99.94
 417.00	 413.21	 5.8372	34.1057	26.8707	 0.97	 42.11	0.042	  185.78	 99.94
 418.00	 414.20	 5.8343	34.1059	26.8713	 0.96	 41.84	0.041	  185.81	 99.94
 419.00	 415.19	 5.8261	34.1066	26.8728	 0.96	 41.78	0.041	  185.75	 99.94
 420.00	 416.18	 5.8218	34.1077	26.8742	 0.96	 41.69	0.041	  185.71	 99.94
 421.00	 417.17	 5.8212	34.1079	26.8745	 0.96	 41.58	0.042	  185.76	 99.94
 422.00	 418.16	 5.8221	34.1081	26.8745	 0.95	 41.45	0.041	  185.72	 99.94
 423.00	 419.15	 5.8180	34.1077	26.8747	 0.95	 41.13	0.041	  185.80	 99.94
 424.00	 420.14	 5.8024	34.1092	26.8778	 0.94	 41.00	0.041	  185.71	 99.94
 425.00	 421.13	 5.7928	34.1098	26.8795	 0.94	 40.84	0.041	  185.73	 99.94
 426.00	 422.12	 5.7820	34.1116	26.8823	 0.93	 40.62	0.041	  185.75	 99.94
 427.00	 423.11	 5.7707	34.1113	26.8834	 0.93	 40.42	0.041	  185.73	 99.94
 428.00	 424.10	 5.7544	34.1123	26.8862	 0.92	 40.22	0.041	  185.76	 99.95
 429.00	 425.09	 5.7451	34.1132	26.8881	 0.92	 39.99	0.041	  185.72	 99.95
