wcoa21_data_management/01_CRUISE_METADATA/00_OCADS_data/CTD_downcasts/WCOA_2021_CTD_downcasts/dRB2102_CTD_070_01_F.txt
* Sea-Bird SBE 9 Data:
* Software Version Seasave V 7.26.7.107
* Vessel: NOAA Ship Ronald H. Brown
* Cruise: RB2102, West Coast Ocean Acidification (WCOA) 2021
* Dates: 20210622 to 20210723
* Region: NE Pacific, USA West Coast
* Ports: San Diego, CA to Port Angeles, WA to San Diego, CA
* Chief Scientists: R. Feely, NOAA PMEL; D. Greeley, NOAA PMEL; B. Carter, NOAA PMEL / UW CICOES
*END*
[from data line 1281]
1285.00	1271.23	 3.1000	34.4990	27.4844	 0.72	 31.15	0.040	  152.18	100.00
1286.00	1272.21	 3.0994	34.4990	27.4844	 0.72	 31.24	0.040	  152.15	100.00
1287.00	1273.20	 3.0991	34.4991	27.4845	 0.72	 31.22	0.040	  152.16	100.00
1288.00	1274.19	 3.0991	34.4991	27.4845	 0.72	 31.27	0.041	  152.15	100.00
1289.00	1275.17	 3.0995	34.4990	27.4844	 0.72	 31.24	0.041	  152.17	100.00
1290.00	1276.16	 3.0996	34.4990	27.4844	 0.72	 31.22	0.041	  152.17	100.00
1291.00	1277.15	 3.1000	34.4991	27.4844	 0.72	 31.22	0.041	  152.20	100.00
1292.00	1278.13	 3.1001	34.4990	27.4844	 0.72	 31.20	0.040	  152.16	100.00
1293.00	1279.12	 3.0998	34.4991	27.4845	 0.72	 31.24	0.040	  152.14	100.00
1294.00	1280.10	 3.1000	34.4991	27.4845	 0.72	 31.27	0.042	  152.12	100.00
1295.00	1281.09	 3.1004	34.4991	27.4845	 0.72	 31.29	0.040	  152.11	100.00
1296.00	1282.08	 3.1001	34.4991	27.4845	 0.72	 31.20	0.040	  152.11	100.00
1297.00	1283.06	 3.1011	34.4989	27.4843	 0.72	 31.26	0.041	  152.13	100.00
1298.00	1284.05	 3.1012	34.4989	27.4842	 0.72	 31.27	0.041	  152.11	100.00
1299.00	1285.04	 3.1010	34.4989	27.4843	 0.72	 31.24	0.041	  152.11	100.00
1300.00	1286.02	 3.1003	34.4991	27.4845	 0.72	 31.26	0.041	  152.13	100.00
1301.00	1287.01	 3.0994	34.4992	27.4846	 0.72	 31.29	0.041	  152.14	100.00
1302.00	1287.99	 3.0997	34.4992	27.4846	 0.72	 31.32	0.041	  152.12	100.00
1303.00	1288.98	 3.1000	34.4992	27.4846	 0.72	 31.22	0.041	  152.09	100.00
1304.00	1289.97	 3.1011	34.4990	27.4844	 0.72	 31.25	0.041	  152.05	100.00
1305.00	1290.95	 3.1016	34.4991	27.4844	 0.72	 31.24	0.040	  152.14	100.00
1306.00	1291.94	 3.1019	34.4990	27.4843	 0.72	 31.25	0.041	  152.08	100.00
1307.00	1292.93	 3.1019	34.4990	27.4843	 0.72	 31.34	0.041	  152.11	100.00
1308.00	1293.91	 3.1011	34.4991	27.4845	 0.72	 31.29	0.040	  152.09	100.00
1309.00	1294.90	 3.1006	34.4991	27.4845	 0.72	 31.35	0.040	  152.10	100.00
1310.00	1295.88	 3.0991	34.4993	27.4848	 0.72	 31.33	0.040	  152.06	100.00
1311.00	1296.87	 3.0999	34.4992	27.4847	 0.72	 31.29	0.041	  152.06	100.00
1312.00	1297.86	 3.0997	34.4991	27.4846	 0.72	 31.29	0.042	  152.06	100.00
1313.00	1298.84	 3.1001	34.4993	27.4847	 0.72	 31.28	0.041	  152.06	100.00
1314.00	1299.83	 3.0992	34.4993	27.4849	 0.72	 31.34	0.040	  152.08	100.00
1315.00	1300.81	 3.0991	34.4993	27.4849	 0.72	 31.32	0.041	  152.05	100.00
1316.00	1301.80	 3.0984	34.4995	27.4851	 0.72	 31.33	0.041	  152.05	100.00
1317.00	1302.79	 3.0983	34.4995	27.4851	 0.72	 31.39	0.040	  152.04	100.00
1318.00	1303.77	 3.0988	34.4995	27.4851	 0.72	 31.33	0.041	  152.07	100.00
1319.00	1304.76	 3.1001	34.4992	27.4847	 0.72	 31.33	0.041	  152.00	100.00
1320.00	1305.74	 3.0994	34.4993	27.4849	 0.72	 31.36	0.041	  152.08	100.00
1321.00	1306.73	 3.0991	34.4993	27.4850	 0.72	 31.39	0.041	  152.04	100.00
1322.00	1307.72	 3.0987	34.4995	27.4851	 0.72	 31.40	0.041	  152.02	100.00
1323.00	1308.70	 3.0991	34.4996	27.4851	 0.72	 31.41	0.042	  152.17	100.00
1324.00	1309.69	 3.0991	34.4995	27.4851	 0.72	 31.44	0.041	  152.02	100.00
1325.00	1310.68	 3.0988	34.4995	27.4851	 0.72	 31.44	0.041	  152.11	100.00
1326.00	1311.66	 3.0940	34.5000	27.4860	 0.72	 31.46	0.041	  152.04	100.00
1327.00	1312.65	 3.0931	34.5003	27.4863	 0.72	 31.48	0.041	  152.03	100.00
1328.00	1313.63	 3.0941	34.5003	27.4862	 0.73	 31.58	0.040	  152.06	100.00
1329.00	1314.62	 3.0926	34.5002	27.4863	 0.73	 31.62	0.041	  151.99	100.00
1330.00	1315.61	 3.0920	34.5005	27.4866	 0.73	 31.65	0.041	  152.06	100.00
1331.00	1316.59	 3.0918	34.5004	27.4866	 0.73	 31.74	0.040	  152.03	100.00
1332.00	1317.58	 3.0899	34.5003	27.4866	 0.73	 31.79	0.040	  152.01	100.00
1333.00	1318.56	 3.0827	34.5017	27.4884	 0.73	 31.91	0.040	  152.01	100.00
1334.00	1319.55	 3.0816	34.5018	27.4886	 0.74	 32.02	0.041	  152.08	100.00
1335.00	1320.54	 3.0811	34.5019	27.4888	 0.74	 31.96	0.042	  152.04	100.00
1336.00	1321.52	 3.0800	34.5019	27.4889	 0.74	 31.99	0.040	  152.01	100.00
1337.00	1322.51	 3.0786	34.5024	27.4894	 0.74	 32.08	0.041	  152.04	100.00
1338.00	1323.49	 3.0784	34.5024	27.4894	 0.74	 32.21	0.041	  152.01	100.00
1339.00	1324.48	 3.0742	34.5026	27.4899	 0.75	 32.44	0.041	  152.01	100.00
1340.00	1325.47	 3.0604	34.5053	27.4933	 0.75	 32.74	0.041	  151.96	100.00
1341.00	1326.45	 3.0611	34.5052	27.4932	 0.76	 33.03	0.041	  151.99	100.00
1342.00	1327.44	 3.0584	34.5053	27.4935	 0.76	 33.01	0.040	  152.00	100.00
1343.00	1328.42	 3.0564	34.5059	27.4942	 0.76	 33.06	0.040	  152.01	100.00
1344.00	1329.41	 3.0571	34.5058	27.4941	 0.76	 33.24	0.040	  151.99	100.00
1345.00	1330.40	 3.0564	34.5059	27.4942	 0.76	 33.15	0.040	  151.96	100.00
1346.00	1331.38	 3.0558	34.5059	27.4942	 0.76	 33.24	0.040	  151.98	100.00
1347.00	1332.37	 3.0558	34.5060	27.4944	 0.77	 33.30	0.040	  151.95	100.00
1348.00	1333.35	 3.0555	34.5062	27.4946	 0.77	 33.31	0.040	  151.98	100.00
1349.00	1334.34	 3.0558	34.5061	27.4945	 0.77	 33.36	0.041	  151.96	100.00
1350.00	1335.33	 3.0556	34.5062	27.4946	 0.77	 33.37	0.041	  151.93	100.00
1351.00	1336.31	 3.0552	34.5063	27.4947	 0.77	 33.36	0.041	  151.87	100.00
1352.00	1337.30	 3.0548	34.5064	27.4948	 0.77	 33.43	0.042	  151.96	100.00
1353.00	1338.28	 3.0553	34.5064	27.4948	 0.77	 33.43	0.042	  151.95	100.00
1354.00	1339.27	 3.0517	34.5063	27.4951	 0.77	 33.48	0.041	  151.96	100.00
1355.00	1340.26	 3.0436	34.5071	27.4964	 0.77	 33.62	0.040	  151.92	100.00
1356.00	1341.24	 3.0393	34.5075	27.4971	 0.78	 33.73	0.040	  151.94	100.00
1357.00	1342.23	 3.0377	34.5077	27.4974	 0.78	 33.75	0.040	  151.95	100.00
1358.00	1343.21	 3.0375	34.5077	27.4975	 0.78	 33.79	0.040	  151.91	100.00
1359.00	1344.20	 3.0376	34.5078	27.4976	 0.78	 33.78	0.040	  151.87	100.00
1360.00	1345.19	 3.0383	34.5076	27.4974	 0.78	 33.92	0.040	  151.89	100.00
1361.00	1346.17	 3.0357	34.5076	27.4976	 0.78	 33.89	0.040	  151.93	100.00
1362.00	1347.16	 3.0335	34.5080	27.4981	 0.78	 33.88	0.040	  151.92	100.00
1363.00	1348.14	 3.0320	34.5082	27.4984	 0.78	 33.92	0.040	  151.94	100.00
1364.00	1349.13	 3.0308	34.5081	27.4984	 0.78	 33.94	0.042	  151.91	100.00
1365.00	1350.12	 3.0292	34.5084	27.4988	 0.78	 33.99	0.042	  151.88	100.00
1366.00	1351.10	 3.0253	34.5085	27.4993	 0.79	 34.15	0.041	  151.88	100.00
1367.00	1352.09	 3.0208	34.5084	27.4995	 0.79	 34.46	0.040	  151.94	100.00
1368.00	1353.07	 2.9992	34.5086	27.5017	 0.80	 34.73	0.041	  151.83	100.00
1369.00	1354.06	 2.9761	34.5122	27.5066	 0.80	 34.81	0.041	  151.86	100.00
1370.00	1355.04	 2.9729	34.5125	27.5072	 0.81	 35.00	0.041	  151.91	100.00
1371.00	1356.03	 2.9711	34.5125	27.5073	 0.81	 35.20	0.040	  151.91	100.00
1372.00	1357.02	 2.9671	34.5127	27.5079	 0.81	 35.32	0.040	  151.90	100.00
1373.00	1358.00	 2.9643	34.5133	27.5085	 0.81	 35.39	0.041	  151.89	100.00
1374.00	1358.99	 2.9641	34.5132	27.5085	 0.82	 35.44	0.041	  151.90	100.00
1375.00	1359.97	 2.9616	34.5133	27.5089	 0.81	 35.41	0.040	  151.85	100.00
1376.00	1360.96	 2.9596	34.5136	27.5092	 0.82	 35.47	0.040	  151.90	100.00
1377.00	1361.95	 2.9528	34.5136	27.5099	 0.82	 35.79	0.040	  151.86	100.00
1378.00	1362.93	 2.9355	34.5146	27.5122	 0.83	 35.97	0.041	  151.91	100.00
1379.00	1363.92	 2.9242	34.5156	27.5140	 0.83	 36.07	0.041	  151.91	 79.57
1380.00	1364.90	 2.9104	34.5173	27.5166	 0.84	 36.32	0.040	  151.89	100.11
1381.00	1365.89	 2.9075	34.5171	27.5167	 0.84	 36.37	0.040	  151.90	100.00
1382.00	1366.87	 2.9022	34.5179	27.5178	 0.84	 36.53	0.041	  151.93	100.00
1383.00	1367.86	 2.9016	34.5179	27.5179	 0.85	 36.73	0.040	  151.92	100.00
1384.00	1368.85	 2.8948	34.5183	27.5188	 0.85	 36.79	0.040	  151.87	100.00
1385.00	1369.83	 2.8889	34.5189	27.5198	 0.85	 36.92	0.040	  151.84	100.00
1386.00	1370.82	 2.8859	34.5193	27.5204	 0.85	 36.85	0.040	  151.88	100.00
1387.00	1371.80	 2.8831	34.5194	27.5207	 0.85	 36.88	0.042	  151.87	100.00
1388.00	1372.79	 2.8804	34.5197	27.5212	 0.85	 36.93	0.040	  151.86	100.00
1389.00	1373.78	 2.8807	34.5199	27.5214	 0.85	 37.05	0.041	  151.83	 77.98
1390.00	1374.76	 2.8778	34.5199	27.5216	 0.85	 37.14	0.040	  151.88	 99.23
1391.00	1375.75	 2.8724	34.5205	27.5226	 0.86	 37.21	0.041	  151.85	 86.94
1392.00	1376.73	 2.8682	34.5208	27.5232	 0.86	 37.35	0.040	  151.79	100.55
1393.00	1377.72	 2.8679	34.5211	27.5235	 0.86	 37.35	0.040	  151.89	100.00
1394.00	1378.70	 2.8678	34.5210	27.5234	 0.86	 37.38	0.041	  151.80	100.00
1395.00	1379.69	 2.8672	34.5210	27.5234	 0.86	 37.33	0.041	  151.82	100.00
1396.00	1380.68	 2.8653	34.5212	27.5238	 0.86	 37.37	0.041	  151.83	100.00
1397.00	1381.66	 2.8660	34.5214	27.5239	 0.86	 37.41	0.041	  151.86	100.00
1398.00	1382.65	 2.8649	34.5210	27.5237	 0.86	 37.46	0.041	  151.83	100.00
1399.00	1383.63	 2.8613	34.5217	27.5246	 0.86	 37.48	0.042	  151.85	100.00
1400.00	1384.62	 2.8614	34.5217	27.5245	 0.86	 37.56	0.040	  151.79	 99.46
1401.00	1385.60	 2.8590	34.5218	27.5248	 0.87	 37.61	0.041	  151.78	 98.54
1402.00	1386.59	 2.8564	34.5220	27.5253	 0.87	 37.73	0.041	  151.84	 98.05
1403.00	1387.58	 2.8535	34.5222	27.5257	 0.87	 37.72	0.040	  151.85	 96.89
1404.00	1388.56	 2.8527	34.5225	27.5260	 0.87	 37.78	0.040	  151.85	 95.99
1405.00	1389.55	 2.8525	34.5224	27.5259	 0.87	 37.75	0.040	  151.80	 95.04
1406.00	1390.53	 2.8514	34.5224	27.5260	 0.87	 37.80	0.041	  151.73	 93.83
1407.00	1391.52	 2.8504	34.5226	27.5263	 0.87	 37.87	0.040	  151.71	 92.83
1408.00	1392.50	 2.8500	34.5227	27.5264	 0.87	 37.94	0.040	  151.72	 91.92
1409.00	1393.49	 2.8501	34.5226	27.5264	 0.87	 37.94	0.042	  151.65	 90.88
1410.00	1394.48	 2.8483	34.5226	27.5265	 0.87	 37.92	0.040	  151.60	 89.93
1411.00	1395.46	 2.8460	34.5231	27.5271	 0.87	 37.95	0.041	  151.62	 88.85
1412.00	1396.45	 2.8473	34.5230	27.5269	 0.87	 37.92	0.040	  151.63	 88.20
1413.00	1397.43	 2.8475	34.5230	27.5269	 0.87	 37.94	0.040	  151.62	 87.14
1414.00	1398.42	 2.8420	34.5230	27.5274	 0.88	 38.08	0.040	  151.57	 85.91
1415.00	1399.40	 2.8350	34.5239	27.5288	 0.88	 38.14	0.040	  151.63	 84.71
1416.00	1400.39	 2.8331	34.5240	27.5290	 0.88	 38.21	0.040	  151.55	 83.98
1417.00	1401.38	 2.8330	34.5242	27.5292	 0.88	 38.28	0.040	  151.62	 82.94
1418.00	1402.36	 2.8340	34.5241	27.5290	 0.88	 38.23	0.040	  151.62	 81.88
1419.00	1403.35	 2.8353	34.5240	27.5288	 0.88	 38.19	0.040	  151.65	 81.11
1420.00	1404.33	 2.8356	34.5240	27.5288	 0.88	 38.20	0.040	  151.60	 79.87
1421.00	1405.32	 2.8350	34.5241	27.5289	 0.88	 38.25	0.040	  151.62	 78.86
1422.00	1406.30	 2.8328	34.5241	27.5291	 0.88	 38.34	0.040	  151.58	 77.95
1423.00	1407.29	 2.8296	34.5244	27.5297	 0.88	 38.37	0.042	  151.67	 77.04
1424.00	1408.27	 2.8288	34.5244	27.5298	 0.88	 38.22	0.042	  151.60	 76.08
1425.00	1409.26	 2.8297	34.5246	27.5298	 0.88	 38.34	0.042	  151.66	 75.00
1426.00	1410.25	 2.8276	34.5244	27.5299	 0.88	 38.43	0.041	  151.58	 73.83
1427.00	1411.23	 2.8242	34.5246	27.5303	 0.89	 38.52	0.040	  151.60	 72.86
1428.00	1412.22	 2.8132	34.5259	27.5323	 0.89	 38.79	0.040	  151.63	 71.97
1429.00	1413.20	 2.8087	34.5256	27.5324	 0.90	 39.10	0.041	  151.64	 70.89
1430.00	1414.19	 2.7755	34.5282	27.5374	 0.92	 39.85	0.041	  151.63	 69.92
1431.00	1415.17	 2.7513	34.5296	27.5406	 0.94	 40.73	0.040	  151.57	 69.12
1432.00	1416.16	 2.7160	34.5308	27.5446	 0.95	 41.38	0.040	  151.65	 68.19
1433.00	1417.15	 2.6734	34.5360	27.5524	 0.96	 41.85	0.040	  151.63	 67.11
1434.00	1418.13	 2.6586	34.5385	27.5558	 0.97	 42.22	0.040	  151.61	 66.02
1435.00	1419.12	 2.6524	34.5390	27.5567	 0.99	 42.91	0.041	  151.59	 64.85
1436.00	1420.10	 2.6521	34.5391	27.5568	 1.00	 43.40	0.040	  151.61	 63.93
1437.00	1421.09	 2.6370	34.5407	27.5594	 1.01	 43.87	0.040	  151.59	 63.08
1438.00	1422.07	 2.6271	34.5383	27.5582	 1.02	 44.42	0.040	  151.51	 62.10
1439.00	1423.06	 2.5795	34.5462	27.5686	 1.03	 44.88	0.040	  151.56	 61.18
1440.00	1424.04	 2.5787	34.5460	27.5686	 1.04	 45.11	0.040	  151.45	 60.06
1441.00	1425.03	 2.5804	34.5458	27.5682	 1.04	 45.31	0.041	  151.55	 59.03
1442.00	1426.02	 2.5799	34.5460	27.5685	 1.05	 45.46	0.041	  151.50	 57.95
1443.00	1427.00	 2.5801	34.5462	27.5686	 1.05	 45.65	0.041	  151.53	 57.02
1444.00	1427.99	 2.5802	34.5463	27.5687	 1.05	 45.69	0.040	  151.56	 56.08
1445.00	1428.97	 2.5804	34.5465	27.5688	 1.05	 45.84	0.041	  151.44	 55.17
1446.00	1429.96	 2.5803	34.5464	27.5688	 1.05	 45.67	0.041	  151.42	 54.19
1447.00	1430.94	 2.5805	34.5465	27.5688	 1.05	 45.76	0.040	  151.47	 53.07
1448.00	1431.93	 2.5806	34.5467	27.5690	 1.05	 45.80	0.041	  151.45	 52.01
1449.00	1432.91	 2.5797	34.5469	27.5692	 1.06	 45.88	0.041	  151.44	 51.25
1450.00	1433.90	 2.5810	34.5470	27.5692	 1.05	 45.82	0.041	  151.50	 50.23
1451.00	1434.88	 2.5809	34.5468	27.5690	 1.06	 45.86	0.040	  151.45	 49.29
1452.00	1435.87	 2.5795	34.5469	27.5692	 1.06	 45.96	0.040	  151.43	 48.05
1453.00	1436.86	 2.5793	34.5470	27.5693	 1.06	 45.92	0.040	  151.42	 47.02
1454.00	1437.84	 2.5815	34.5469	27.5691	 1.06	 46.02	0.040	  151.41	 46.17
1455.00	1438.83	 2.5802	34.5469	27.5692	 1.06	 45.99	0.040	  151.38	 45.20
1456.00	1439.81	 2.5804	34.5468	27.5691	 1.06	 46.01	0.041	  151.35	 44.24
1457.00	1440.80	 2.5767	34.5475	27.5700	 1.06	 46.07	0.041	  151.43	 43.15
1458.00	1441.78	 2.5787	34.5470	27.5695	 1.06	 46.02	0.040	  151.39	 42.17
1459.00	1442.77	 2.5791	34.5470	27.5695	 1.06	 46.02	0.041	  151.38	 41.12
1460.00	1443.75	 2.5775	34.5471	27.5697	 1.06	 46.03	0.041	  151.40	 40.04
1461.00	1444.74	 2.5757	34.5471	27.5698	 1.06	 46.12	0.041	  151.37	 39.07
1462.00	1445.73	 2.5698	34.5479	27.5710	 1.06	 46.25	0.041	  151.34	 38.09
1463.00	1446.71	 2.5641	34.5479	27.5714	 1.07	 46.41	0.041	  151.37	 37.14
1464.00	1447.70	 2.5633	34.5487	27.5722	 1.07	 46.47	0.041	  151.35	 36.18
1465.00	1448.68	 2.5633	34.5482	27.5717	 1.07	 46.52	0.040	  151.38	 35.21
1466.00	1449.67	 2.5604	34.5490	27.5726	 1.07	 46.61	0.040	  151.32	 34.28
1467.00	1450.65	 2.5609	34.5479	27.5717	 1.07	 46.61	0.040	  151.35	 33.25
1468.00	1451.64	 2.5588	34.5491	27.5729	 1.07	 46.56	0.040	  151.36	 32.17
1469.00	1452.62	 2.5607	34.5485	27.5723	 1.07	 46.70	0.040	  151.34	 31.08
1470.00	1453.61	 2.5557	34.5486	27.5727	 1.08	 46.79	0.041	  151.33	 30.09
1471.00	1454.59	 2.5472	34.5495	27.5742	 1.08	 46.95	0.041	  151.32	 29.15
1472.00	1455.58	 2.5485	34.5503	27.5747	 1.08	 46.97	0.040	  151.35	 28.15
1473.00	1456.56	 2.5471	34.5490	27.5738	 1.09	 47.16	0.040	  151.33	 27.04
1474.00	1457.55	 2.5295	34.5512	27.5771	 1.09	 47.50	0.040	  151.42	 26.07
1475.00	1458.54	 2.5216	34.5524	27.5787	 1.10	 47.84	0.041	  151.39	 25.17
1476.00	1459.52	 2.5065	34.5519	27.5795	 1.11	 48.13	0.041	  151.33	 24.18
1477.00	1460.51	 2.4970	34.5541	27.5821	 1.11	 48.30	0.041	  151.35	 23.24
1478.00	1461.49	 2.4967	34.5541	27.5821	 1.11	 48.39	0.042	  151.37	 22.22
1479.00	1462.48	 2.4954	34.5541	27.5822	 1.12	 48.59	0.040	  151.37	 21.09
1480.00	1463.46	 2.4946	34.5543	27.5825	 1.12	 48.70	0.040	  151.35	 20.03
1481.00	1464.45	 2.4936	34.5545	27.5827	 1.12	 48.83	0.040	  151.36	 19.03
1482.00	1465.43	 2.4925	34.5547	27.5830	 1.12	 48.86	0.040	  151.38	 18.05
1483.00	1466.42	 2.4935	34.5548	27.5830	 1.12	 48.84	0.041	  151.36	 16.98
1484.00	1467.40	 2.4948	34.5546	27.5827	 1.12	 48.83	0.040	  151.39	 15.98
1485.00	1468.39	 2.4948	34.5546	27.5827	 1.12	 48.75	0.041	  151.40	 14.91
1486.00	1469.37	 2.4955	34.5545	27.5826	 1.12	 48.73	0.040	  151.33	 13.88
1487.00	1470.36	 2.4956	34.5545	27.5826	 1.12	 48.74	0.040	  151.34	 12.91
1488.00	1471.35	 2.4913	34.5547	27.5831	 1.12	 48.87	0.040	  151.35	 11.99
1489.00	1472.33	 2.4870	34.5552	27.5839	 1.13	 48.97	0.040	  151.31	 10.97
1490.00	1473.32	 2.4875	34.5553	27.5839	 1.13	 48.94	0.041	  151.32	  9.84
