wcoa21_data_management/01_CRUISE_METADATA/00_OCADS_data/CTD_downcasts/WCOA_2021_CTD_downcasts/dRB2102_CTD_118_01_F.txt
* Sea-Bird SBE 9 Data:
* Software Version Seasave V 7.26.7.107
* Vessel: NOAA Ship Ronald H. Brown
* Cruise: RB2102, West Coast Ocean Acidification (WCOA) 2021
* Dates: 20210622 to 20210723
* Region: NE Pacific, USA West Coast
* Ports: San Diego, CA to Port Angeles, WA to San Diego, CA
* Chief Scientists: R. Feely, NOAA PMEL; D. Greeley, NOAA PMEL; B. Carter, NOAA PMEL / UW CICOES
*END*
[from data line 214]
 217.00	 215.33	 9.2522	34.0903	26.3692	 1.83	 79.70	0.040	  141.35	 73.50
 218.00	 216.32	 9.2487	34.0915	26.3707	 1.81	 78.96	0.040	  141.40	 72.56
 219.00	 217.32	 9.2404	34.0944	26.3743	 1.81	 78.76	0.040	  141.36	 71.49
 220.00	 218.31	 9.2329	34.0960	26.3768	 1.82	 79.11	0.040	  141.40	 70.40
 221.00	 219.30	 9.2253	34.0973	26.3791	 1.83	 79.65	0.040	  141.41	 69.40
 222.00	 220.29	 9.2216	34.0974	26.3798	 1.84	 80.12	0.040	  141.40	 68.64
 223.00	 221.28	 9.2189	34.0975	26.3802	 1.84	 80.09	0.040	  141.36	 67.42
 224.00	 222.27	 9.2136	34.0972	26.3809	 1.81	 78.92	0.040	  141.35	 66.42
 225.00	 223.27	 9.1986	34.0995	26.3851	 1.79	 77.77	0.040	  141.34	 65.43
 226.00	 224.26	 9.1931	34.1032	26.3890	 1.78	 77.41	0.040	  141.37	 64.64
 227.00	 225.25	 9.1935	34.1038	26.3894	 1.78	 77.31	0.040	  141.29	 63.69
 228.00	 226.24	 9.1926	34.1040	26.3897	 1.78	 77.48	0.040	  141.38	 62.56
 229.00	 227.23	 9.1924	34.1042	26.3899	 1.78	 77.51	0.040	  141.29	 61.46
 230.00	 228.22	 9.1925	34.1041	26.3898	 1.77	 77.08	0.040	  141.37	 60.59
 231.00	 229.22	 9.1922	34.1044	26.3901	 1.76	 76.66	0.040	  141.36	 59.50
 232.00	 230.21	 9.1902	34.1055	26.3913	 1.76	 76.43	0.040	  141.37	 58.54
 233.00	 231.20	 9.1899	34.1058	26.3916	 1.74	 75.87	0.040	  141.30	 57.60
 234.00	 232.19	 9.1902	34.1059	26.3917	 1.73	 75.17	0.040	  141.32	 56.60
 235.00	 233.18	 9.1851	34.1077	26.3939	 1.72	 74.75	0.040	  141.32	 55.54
 236.00	 234.17	 9.1822	34.1088	26.3952	 1.71	 74.27	0.040	  141.36	 54.48
 237.00	 235.17	 9.1776	34.1098	26.3968	 1.69	 73.69	0.040	  141.37	 53.48
 238.00	 236.16	 9.1661	34.1118	26.4002	 1.69	 73.33	0.040	  141.29	 52.54
 239.00	 237.15	 9.1606	34.1132	26.4022	 1.69	 73.43	0.040	  141.37	 51.58
 240.00	 238.14	 9.1583	34.1140	26.4032	 1.68	 73.17	0.040	  141.30	 50.63
 241.00	 239.13	 9.1570	34.1142	26.4036	 1.68	 72.95	0.040	  141.31	 49.48
 242.00	 240.12	 9.1514	34.1159	26.4058	 1.68	 73.02	0.040	  141.32	 48.68
 243.00	 241.12	 9.1476	34.1168	26.4072	 1.68	 73.16	0.040	  141.33	 47.58
 244.00	 242.11	 9.1445	34.1173	26.4081	 1.69	 73.35	0.040	  141.31	 46.62
 245.00	 243.10	 9.1446	34.1173	26.4081	 1.68	 73.14	0.040	  141.29	 45.56
 246.00	 244.09	 9.1454	34.1171	26.4078	 1.67	 72.70	0.040	  141.32	 44.60
 247.00	 245.08	 9.1393	34.1181	26.4096	 1.66	 72.21	0.040	  141.33	 43.63
 248.00	 246.07	 9.1207	34.1214	26.4152	 1.64	 71.37	0.040	  141.27	 42.66
 249.00	 247.07	 9.1047	34.1243	26.4200	 1.62	 70.56	0.040	  141.31	 41.54
 250.00	 248.06	 9.0908	34.1272	26.4245	 1.61	 70.02	0.040	  141.28	 40.63
 251.00	 249.05	 9.0779	34.1305	26.4292	 1.59	 69.35	0.040	  141.28	 39.59
 252.00	 250.04	 9.0724	34.1315	26.4309	 1.59	 69.01	0.040	  141.31	 38.62
 253.00	 251.03	 9.0583	34.1345	26.4355	 1.58	 68.67	0.040	  141.31	 37.62
 254.00	 252.02	 9.0507	34.1358	26.4377	 1.56	 68.07	0.040	  141.24	 36.63
 255.00	 253.02	 9.0419	34.1374	26.4404	 1.55	 67.53	0.040	  141.26	 35.56
 256.00	 254.01	 9.0306	34.1399	26.4441	 1.55	 67.43	0.040	  141.29	 34.56
 257.00	 255.00	 9.0288	34.1404	26.4449	 1.55	 67.29	0.040	  141.24	 33.61
 258.00	 255.99	 9.0277	34.1407	26.4453	 1.54	 66.84	0.040	  141.19	 32.57
 259.00	 256.98	 9.0240	34.1415	26.4465	 1.52	 66.11	0.040	  141.25	 31.59
 260.00	 257.97	 9.0206	34.1422	26.4476	 1.50	 65.22	0.040	  141.16	 30.61
 261.00	 258.97	 9.0080	34.1446	26.4515	 1.49	 64.64	0.040	  141.16	 29.59
 262.00	 259.96	 9.0000	34.1468	26.4545	 1.47	 64.00	0.040	  141.13	 28.56
 263.00	 260.95	 8.9959	34.1481	26.4561	 1.44	 62.84	0.040	  141.19	 27.60
 264.00	 261.94	 8.9903	34.1488	26.4576	 1.43	 62.01	0.040	  141.13	 26.56
 265.00	 262.93	 8.9721	34.1519	26.4629	 1.42	 61.70	0.040	  141.17	 25.53
 266.00	 263.92	 8.9673	34.1531	26.4646	 1.41	 61.27	0.040	  141.08	 24.51
 267.00	 264.92	 8.9643	34.1534	26.4654	 1.40	 61.11	0.040	  141.14	 23.49
 268.00	 265.91	 8.9601	34.1542	26.4667	 1.42	 61.59	0.040	  141.13	 22.41
 269.00	 266.90	 8.9648	34.1544	26.4661	 1.41	 61.26	0.041	  141.08	 21.19
 270.00	 267.89	 8.9534	34.1556	26.4689	 1.38	 59.84	0.040	  141.06	 20.11
 271.00	 268.88	 8.9380	34.1586	26.4737	 1.34	 58.42	0.040	  141.01	 19.08
 272.00	 269.87	 8.9345	34.1594	26.4749	 1.34	 58.09	0.040	  140.95	 18.03
 273.00	 270.86	 8.9342	34.1595	26.4751	 1.34	 58.09	0.040	  140.93	 17.03
 274.00	 271.86	 8.9325	34.1601	26.4758	 1.32	 57.35	0.040	  140.85	 15.97
 275.00	 272.85	 8.9214	34.1627	26.4796	 1.28	 55.52	0.040	  140.85	 14.95
 276.00	 273.84	 8.8874	34.1675	26.4887	 1.19	 51.73	0.040	  140.81	 13.89
 277.00	 274.83	 8.8450	34.1734	26.5000	 1.13	 49.33	0.040	  140.70	 12.88
 278.00	 275.82	 8.8395	34.1740	26.5014	 1.14	 49.51	0.040	  140.64	 11.92
 279.00	 276.81	 8.8363	34.1746	26.5023	 1.14	 49.43	0.040	  140.53	 10.93
 280.00	 277.80	 8.8227	34.1752	26.5050	 1.13	 49.18	0.041	  139.72	  9.87
