wcoa21_data_management/01_CRUISE_METADATA/00_OCADS_data/CTD_downcasts/WCOA_2021_CTD_downcasts/dRB2102_CTD_095_01_F.txt
* Sea-Bird SBE 9 Data:
* Software Version Seasave V 7.26.7.107
* Vessel: NOAA Ship Ronald H. Brown
* Cruise: RB2102, West Coast Ocean Acidification (WCOA) 2021
* Dates: 20210622 to 20210723
* Region: NE Pacific, USA West Coast
* Ports: San Diego, CA to Port Angeles, WA to San Diego, CA
* Chief Scientists: R. Feely, NOAA PMEL; D. Greeley, NOAA PMEL; B. Carter, NOAA PMEL / UW CICOES
*END*
[from data line 2134]
2137.00	2110.63	 1.9495	34.6227	27.6848	 1.87	 81.11	0.040	  166.15	 99.95
2138.00	2111.61	 1.9489	34.6226	27.6847	 1.87	 81.16	0.040	  166.06	 99.95
2139.00	2112.60	 1.9480	34.6227	27.6849	 1.87	 81.44	0.040	  166.12	 99.95
2140.00	2113.58	 1.9477	34.6227	27.6849	 1.88	 81.50	0.040	  166.08	 99.95
2141.00	2114.56	 1.9473	34.6229	27.6852	 1.87	 81.38	0.040	  166.10	 99.95
2142.00	2115.54	 1.9471	34.6229	27.6852	 1.87	 81.45	0.040	  166.12	 99.95
2143.00	2116.53	 1.9469	34.6231	27.6853	 1.87	 81.37	0.040	  166.14	 99.95
2144.00	2117.51	 1.9461	34.6231	27.6854	 1.87	 81.45	0.040	  166.14	 99.95
2145.00	2118.49	 1.9453	34.6232	27.6856	 1.88	 81.51	0.040	  166.08	 99.95
2146.00	2119.47	 1.9441	34.6232	27.6857	 1.88	 81.54	0.040	  166.08	 99.95
2147.00	2120.46	 1.9432	34.6232	27.6858	 1.88	 81.59	0.040	  166.08	 99.95
2148.00	2121.44	 1.9427	34.6236	27.6861	 1.88	 81.69	0.040	  166.06	 99.95
2149.00	2122.42	 1.9426	34.6235	27.6860	 1.88	 81.80	0.040	  166.11	 99.95
2150.00	2123.41	 1.9422	34.6236	27.6861	 1.89	 81.93	0.040	  166.06	 99.95
2151.00	2124.39	 1.9408	34.6236	27.6863	 1.89	 81.99	0.040	  166.10	 99.95
2152.00	2125.37	 1.9395	34.6238	27.6865	 1.89	 82.03	0.040	  166.07	 99.95
2153.00	2126.35	 1.9382	34.6240	27.6868	 1.89	 82.20	0.040	  166.04	 99.95
2154.00	2127.34	 1.9376	34.6242	27.6870	 1.89	 82.29	0.040	  166.05	 99.95
2155.00	2128.32	 1.9370	34.6241	27.6869	 1.89	 82.21	0.040	  166.06	 99.95
2156.00	2129.30	 1.9352	34.6242	27.6872	 1.89	 82.24	0.040	  166.08	 99.95
2157.00	2130.28	 1.9334	34.6242	27.6874	 1.89	 82.26	0.040	  166.06	 99.95
2158.00	2131.27	 1.9334	34.6245	27.6876	 1.89	 82.27	0.040	  166.00	 99.95
2159.00	2132.25	 1.9329	34.6245	27.6876	 1.90	 82.46	0.040	  166.04	 99.95
2160.00	2133.23	 1.9324	34.6246	27.6877	 1.89	 82.32	0.040	  166.06	 99.95
2161.00	2134.21	 1.9320	34.6246	27.6878	 1.90	 82.55	0.040	  166.11	 99.95
2162.00	2135.20	 1.9316	34.6246	27.6878	 1.90	 82.69	0.040	  166.04	 99.95
2163.00	2136.18	 1.9315	34.6247	27.6879	 1.90	 82.66	0.040	  166.08	 99.95
2164.00	2137.16	 1.9312	34.6248	27.6880	 1.90	 82.64	0.040	  166.05	 99.95
2165.00	2138.14	 1.9309	34.6248	27.6880	 1.90	 82.65	0.040	  166.00	 99.95
2166.00	2139.13	 1.9302	34.6249	27.6882	 1.90	 82.75	0.040	  166.02	 99.95
2167.00	2140.11	 1.9294	34.6251	27.6884	 1.91	 82.95	0.040	  166.07	 99.95
2168.00	2141.09	 1.9286	34.6251	27.6885	 1.91	 82.98	0.040	  166.02	 99.95
2169.00	2142.07	 1.9268	34.6252	27.6887	 1.91	 83.09	0.040	  166.04	 99.95
2170.00	2143.06	 1.9265	34.6253	27.6888	 1.91	 82.97	0.040	  166.01	 99.95
2171.00	2144.04	 1.9263	34.6254	27.6890	 1.91	 83.02	0.040	  166.04	 99.95
2172.00	2145.02	 1.9251	34.6255	27.6891	 1.91	 83.09	0.040	  166.02	 99.95
2173.00	2146.01	 1.9246	34.6256	27.6893	 1.91	 83.09	0.040	  166.04	 99.94
2174.00	2146.99	 1.9246	34.6257	27.6893	 1.91	 83.10	0.040	  165.98	 99.94
2175.00	2147.97	 1.9247	34.6257	27.6893	 1.91	 83.22	0.040	  166.03	 99.94
2176.00	2148.95	 1.9247	34.6256	27.6892	 1.92	 83.38	0.040	  166.02	 99.94
2177.00	2149.94	 1.9234	34.6258	27.6895	 1.92	 83.49	0.040	  166.00	 99.94
2178.00	2150.92	 1.9219	34.6260	27.6898	 1.92	 83.44	0.040	  165.99	 99.95
2179.00	2151.90	 1.9217	34.6261	27.6899	 1.92	 83.53	0.040	  166.00	 99.95
2180.00	2152.88	 1.9216	34.6261	27.6899	 1.93	 83.72	0.040	  165.97	 99.95
2181.00	2153.87	 1.9216	34.6261	27.6899	 1.93	 83.81	0.040	  165.99	 99.95
2182.00	2154.85	 1.9202	34.6262	27.6901	 1.93	 83.91	0.040	  166.01	 99.94
2183.00	2155.83	 1.9186	34.6265	27.6904	 1.93	 83.80	0.040	  166.01	 99.95
2184.00	2156.81	 1.9181	34.6265	27.6905	 1.93	 83.86	0.040	  166.02	 99.94
2185.00	2157.80	 1.9175	34.6267	27.6907	 1.93	 83.90	0.040	  165.94	 99.94
2186.00	2158.78	 1.9171	34.6268	27.6908	 1.94	 84.14	0.040	  165.99	 99.94
2187.00	2159.76	 1.9161	34.6267	27.6908	 1.94	 84.31	0.040	  166.00	 99.94
2188.00	2160.74	 1.9156	34.6267	27.6909	 1.93	 84.07	0.040	  165.91	 99.95
2189.00	2161.73	 1.9139	34.6268	27.6911	 1.93	 84.04	0.040	  166.00	 99.95
2190.00	2162.71	 1.9135	34.6267	27.6911	 1.94	 84.15	0.040	  165.98	 99.94
2191.00	2163.69	 1.9136	34.6266	27.6910	 1.94	 84.13	0.040	  165.94	 99.94
2192.00	2164.67	 1.9135	34.6267	27.6910	 1.94	 84.13	0.040	  165.96	 99.94
2193.00	2165.66	 1.9134	34.6268	27.6912	 1.94	 84.11	0.040	  165.97	 99.95
2194.00	2166.64	 1.9133	34.6268	27.6912	 1.94	 84.25	0.040	  165.98	 99.95
2195.00	2167.62	 1.9119	34.6268	27.6913	 1.94	 84.22	0.040	  165.91	 99.94
2196.00	2168.60	 1.9100	34.6269	27.6915	 1.94	 84.25	0.040	  165.93	 99.95
2197.00	2169.59	 1.9089	34.6271	27.6917	 1.94	 84.25	0.040	  165.89	 99.95
2198.00	2170.57	 1.9083	34.6272	27.6919	 1.94	 84.26	0.040	  165.91	 99.94
2199.00	2171.55	 1.9076	34.6272	27.6920	 1.94	 84.32	0.040	  165.83	 99.95
2200.00	2172.53	 1.9072	34.6272	27.6920	 1.94	 84.50	0.040	  165.94	 99.95
2201.00	2173.52	 1.9070	34.6272	27.6920	 1.94	 84.49	0.040	  165.84	 99.94
2202.00	2174.50	 1.9065	34.6272	27.6921	 1.94	 84.36	0.040	  165.92	 99.94
2203.00	2175.48	 1.9057	34.6273	27.6922	 1.94	 84.49	0.040	  165.92	 99.94
2204.00	2176.46	 1.9041	34.6276	27.6926	 1.95	 84.54	0.040	  165.87	 99.94
2205.00	2177.44	 1.9040	34.6275	27.6925	 1.95	 84.66	0.040	  165.90	 99.94
2206.00	2178.43	 1.9036	34.6275	27.6926	 1.95	 84.73	0.040	  165.89	 99.95
2207.00	2179.41	 1.9034	34.6275	27.6926	 1.95	 84.67	0.040	  165.92	 99.94
2208.00	2180.39	 1.9034	34.6275	27.6926	 1.95	 84.67	0.040	  165.87	 99.94
2209.00	2181.37	 1.9030	34.6278	27.6929	 1.95	 84.73	0.040	  165.83	 99.95
2210.00	2182.36	 1.9021	34.6279	27.6930	 1.95	 84.88	0.040	  165.85	 99.94
2211.00	2183.34	 1.9017	34.6279	27.6931	 1.95	 84.90	0.040	  165.85	 99.95
2212.00	2184.32	 1.9010	34.6279	27.6931	 1.95	 84.86	0.040	  165.91	 99.94
2213.00	2185.30	 1.9002	34.6280	27.6933	 1.95	 84.95	0.040	  165.90	 99.94
2214.00	2186.29	 1.8996	34.6281	27.6934	 1.96	 84.97	0.040	  165.90	 99.94
2215.00	2187.27	 1.8995	34.6280	27.6933	 1.96	 85.01	0.040	  165.88	 99.95
2216.00	2188.25	 1.9007	34.6279	27.6931	 1.96	 85.11	0.040	  165.86	 99.94
2217.00	2189.23	 1.8988	34.6281	27.6935	 1.96	 84.98	0.040	  165.82	 99.94
2218.00	2190.22	 1.8986	34.6282	27.6935	 1.95	 84.95	0.040	  165.89	 99.95
2219.00	2191.20	 1.8984	34.6281	27.6935	 1.96	 85.20	0.040	  165.85	 99.95
2220.00	2192.18	 1.8979	34.6281	27.6936	 1.96	 85.08	0.040	  165.84	 99.94
2221.00	2193.16	 1.8969	34.6282	27.6937	 1.96	 85.18	0.040	  165.91	 99.94
2222.00	2194.15	 1.8967	34.6286	27.6940	 1.96	 85.24	0.040	  165.83	 99.94
2223.00	2195.13	 1.8967	34.6286	27.6940	 1.96	 85.25	0.040	  165.84	 99.95
2224.00	2196.11	 1.8961	34.6287	27.6942	 1.96	 85.29	0.040	  165.84	 99.94
2225.00	2197.09	 1.8955	34.6287	27.6942	 1.96	 85.29	0.040	  165.85	 99.95
2226.00	2198.07	 1.8946	34.6288	27.6944	 1.97	 85.43	0.040	  165.85	 99.95
2227.00	2199.06	 1.8956	34.6287	27.6942	 1.97	 85.67	0.040	  165.83	 99.95
2228.00	2200.04	 1.8943	34.6288	27.6944	 1.97	 85.61	0.040	  165.84	 99.94
2229.00	2201.02	 1.8933	34.6289	27.6946	 1.97	 85.63	0.039	  165.80	 99.95
2230.00	2202.00	 1.8931	34.6290	27.6947	 1.97	 85.67	0.039	  165.79	 99.94
2231.00	2202.99	 1.8922	34.6292	27.6950	 1.97	 85.63	0.040	  165.76	 99.94
2232.00	2203.97	 1.8909	34.6295	27.6953	 1.97	 85.74	0.040	  165.80	 99.95
2233.00	2204.95	 1.8907	34.6294	27.6952	 1.97	 85.82	0.040	  165.81	 99.94
2234.00	2205.93	 1.8911	34.6292	27.6950	 1.98	 85.88	0.040	  165.82	 99.94
2235.00	2206.92	 1.8910	34.6294	27.6952	 1.98	 85.96	0.040	  165.80	 99.94
2236.00	2207.90	 1.8900	34.6296	27.6954	 1.97	 85.76	0.040	  165.82	 99.94
2237.00	2208.88	 1.8897	34.6296	27.6955	 1.98	 86.00	0.040	  165.76	 99.94
2238.00	2209.86	 1.8893	34.6295	27.6954	 1.98	 86.18	0.040	  165.79	 99.94
2239.00	2210.84	 1.8893	34.6296	27.6955	 1.98	 85.99	0.040	  165.80	 99.94
2240.00	2211.83	 1.8890	34.6295	27.6954	 1.98	 86.10	0.040	  165.81	 99.94
2241.00	2212.81	 1.8878	34.6297	27.6957	 1.98	 86.07	0.040	  165.75	 99.94
2242.00	2213.79	 1.8861	34.6297	27.6958	 1.98	 86.08	0.040	  165.81	 99.94
2243.00	2214.77	 1.8851	34.6297	27.6959	 1.98	 86.18	0.040	  165.77	 99.94
2244.00	2215.76	 1.8842	34.6299	27.6962	 1.99	 86.28	0.040	  165.77	 99.94
2245.00	2216.74	 1.8833	34.6300	27.6963	 1.99	 86.39	0.040	  165.80	 99.94
2246.00	2217.72	 1.8829	34.6300	27.6964	 1.99	 86.50	0.040	  165.85	 99.94
2247.00	2218.70	 1.8828	34.6301	27.6964	 1.99	 86.66	0.040	  165.77	 99.94
2248.00	2219.68	 1.8826	34.6301	27.6965	 1.99	 86.44	0.040	  165.78	 99.94
2249.00	2220.67	 1.8823	34.6304	27.6968	 1.99	 86.54	0.040	  165.81	 99.94
2250.00	2221.65	 1.8815	34.6304	27.6968	 1.99	 86.68	0.040	  165.72	 99.94
2251.00	2222.63	 1.8815	34.6303	27.6967	 2.00	 86.82	0.040	  165.79	 99.94
2252.00	2223.61	 1.8813	34.6305	27.6969	 2.00	 86.91	0.040	  165.78	 99.94
2253.00	2224.60	 1.8806	34.6307	27.6971	 2.00	 86.83	0.040	  165.79	 99.94
2254.00	2225.58	 1.8790	34.6310	27.6975	 2.00	 86.96	0.040	  165.74	 99.94
2255.00	2226.56	 1.8785	34.6310	27.6975	 2.00	 86.95	0.040	  165.74	 99.94
2256.00	2227.54	 1.8785	34.6311	27.6976	 2.00	 87.07	0.040	  165.75	 99.94
2257.00	2228.52	 1.8782	34.6311	27.6976	 2.01	 87.32	0.040	  165.75	 99.94
2258.00	2229.51	 1.8780	34.6313	27.6978	 2.01	 87.34	0.040	  165.77	 99.93
2259.00	2230.49	 1.8775	34.6311	27.6977	 2.01	 87.32	0.040	  165.74	 99.94
2260.00	2231.47	 1.8767	34.6312	27.6979	 2.01	 87.26	0.040	  165.70	 99.94
2261.00	2232.45	 1.8787	34.6311	27.6976	 2.01	 87.27	0.040	  165.76	 99.94
2262.00	2233.44	 1.8767	34.6314	27.6981	 2.01	 87.28	0.040	  165.79	 99.94
2263.00	2234.42	 1.8761	34.6315	27.6982	 2.01	 87.29	0.040	  165.71	 99.94
2264.00	2235.40	 1.8761	34.6315	27.6982	 2.01	 87.30	0.040	  165.66	 99.94
2265.00	2236.38	 1.8755	34.6315	27.6982	 2.01	 87.32	0.040	  165.70	 99.94
2266.00	2237.36	 1.8751	34.6315	27.6983	 2.01	 87.47	0.040	  165.70	 99.94
2267.00	2238.35	 1.8748	34.6315	27.6983	 2.02	 87.64	0.040	  165.69	 99.94
2268.00	2239.33	 1.8736	34.6316	27.6985	 2.02	 87.71	0.040	  165.63	 99.94
2269.00	2240.31	 1.8735	34.6318	27.6986	 2.02	 87.71	0.040	  165.67	 99.93
2270.00	2241.29	 1.8732	34.6317	27.6986	 2.02	 87.70	0.040	  165.64	 99.94
2271.00	2242.27	 1.8722	34.6320	27.6989	 2.02	 87.80	0.040	  165.68	 99.93
2272.00	2243.26	 1.8718	34.6320	27.6990	 2.02	 87.83	0.040	  165.66	 99.94
2273.00	2244.24	 1.8714	34.6321	27.6991	 2.02	 87.78	0.040	  165.71	 99.94
2274.00	2245.22	 1.8711	34.6322	27.6992	 2.02	 87.87	0.040	  165.72	 99.94
2275.00	2246.20	 1.8706	34.6321	27.6992	 2.02	 87.93	0.040	  165.67	 99.94
2276.00	2247.18	 1.8693	34.6321	27.6992	 2.02	 87.87	0.040	  165.64	 99.94
2277.00	2248.17	 1.8690	34.6320	27.6992	 2.02	 87.89	0.040	  165.61	 99.94
2278.00	2249.15	 1.8691	34.6321	27.6993	 2.02	 87.84	0.040	  165.64	 99.94
2279.00	2250.13	 1.8687	34.6323	27.6995	 2.03	 88.08	0.040	  165.63	 99.94
2280.00	2251.11	 1.8684	34.6323	27.6995	 2.03	 88.11	0.040	  165.63	 99.94
2281.00	2252.10	 1.8663	34.6322	27.6996	 2.03	 88.07	0.040	  165.64	 99.94
2282.00	2253.08	 1.8650	34.6321	27.6996	 2.03	 88.17	0.040	  165.63	 99.94
2283.00	2254.06	 1.8652	34.6326	27.7000	 2.03	 88.23	0.040	  165.60	 99.93
2284.00	2255.04	 1.8644	34.6327	27.7002	 2.03	 88.23	0.040	  165.56	 99.94
2285.00	2256.02	 1.8632	34.6326	27.7001	 2.03	 88.21	0.040	  165.60	 99.94
2286.00	2257.01	 1.8622	34.6326	27.7003	 2.03	 88.26	0.040	  165.57	 99.94
2287.00	2257.99	 1.8620	34.6325	27.7002	 2.03	 88.30	0.040	  165.57	 99.94
2288.00	2258.97	 1.8619	34.6326	27.7003	 2.03	 88.28	0.040	  165.61	 99.94
2289.00	2259.95	 1.8621	34.6326	27.7003	 2.03	 88.27	0.040	  165.61	 99.94
2290.00	2260.93	 1.8619	34.6327	27.7004	 2.03	 88.28	0.040	  165.53	 99.94
2291.00	2261.92	 1.8617	34.6328	27.7005	 2.03	 88.37	0.040	  165.68	 99.94
2292.00	2262.90	 1.8616	34.6329	27.7006	 2.03	 88.43	0.040	  165.58	 99.94
2293.00	2263.88	 1.8597	34.6328	27.7007	 2.04	 88.45	0.040	  165.60	 99.94
2294.00	2264.86	 1.8588	34.6326	27.7006	 2.03	 88.40	0.040	  165.58	 99.94
2295.00	2265.84	 1.8567	34.6327	27.7008	 2.04	 88.44	0.040	  165.58	 99.93
2296.00	2266.83	 1.8562	34.6328	27.7009	 2.03	 88.43	0.040	  165.58	 99.94
2297.00	2267.81	 1.8560	34.6329	27.7010	 2.03	 88.32	0.040	  165.60	 99.94
2298.00	2268.79	 1.8555	34.6329	27.7011	 2.03	 88.42	0.040	  165.60	 99.94
2299.00	2269.77	 1.8552	34.6328	27.7010	 2.03	 88.39	0.040	  165.60	 99.94
2300.00	2270.75	 1.8551	34.6329	27.7011	 2.04	 88.46	0.040	  165.61	 99.94
2301.00	2271.74	 1.8544	34.6326	27.7009	 2.03	 88.40	0.040	  165.61	 99.94
2302.00	2272.72	 1.8523	34.6326	27.7011	 2.03	 88.42	0.040	  165.57	 99.94
2303.00	2273.70	 1.8509	34.6326	27.7012	 2.04	 88.48	0.040	  165.54	 99.94
2304.00	2274.68	 1.8501	34.6327	27.7014	 2.04	 88.52	0.040	  165.58	 99.94
2305.00	2275.66	 1.8517	34.6333	27.7017	 2.04	 88.54	0.040	  165.58	 99.94
2306.00	2276.65	 1.8518	34.6335	27.7019	 2.04	 88.79	0.040	  165.52	 99.94
2307.00	2277.63	 1.8524	34.6336	27.7019	 2.05	 89.14	0.040	  165.57	 99.94
2308.00	2278.61	 1.8534	34.6339	27.7021	 2.05	 89.26	0.040	  165.54	 99.94
2309.00	2279.59	 1.8535	34.6341	27.7023	 2.06	 89.39	0.040	  165.57	 99.94
2310.00	2280.57	 1.8527	34.6341	27.7023	 2.06	 89.41	0.040	  165.52	 99.94
2311.00	2281.56	 1.8517	34.6342	27.7024	 2.06	 89.36	0.040	  165.59	 99.94
2312.00	2282.54	 1.8511	34.6340	27.7024	 2.06	 89.57	0.040	  165.55	 99.94
2313.00	2283.52	 1.8505	34.6341	27.7025	 2.06	 89.60	0.040	  165.53	 99.94
2314.00	2284.50	 1.8489	34.6341	27.7026	 2.06	 89.52	0.040	  165.61	 99.93
2315.00	2285.48	 1.8479	34.6341	27.7027	 2.06	 89.56	0.040	  165.52	 99.94
2316.00	2286.47	 1.8468	34.6341	27.7028	 2.06	 89.45	0.040	  165.59	 99.93
2317.00	2287.45	 1.8450	34.6339	27.7027	 2.06	 89.40	0.040	  165.56	 99.94
2318.00	2288.43	 1.8449	34.6339	27.7028	 2.06	 89.46	0.041	  165.55	 99.94
2319.00	2289.41	 1.8461	34.6345	27.7032	 2.06	 89.67	0.042	  165.53	 99.94
2320.00	2290.39	 1.8470	34.6347	27.7033	 2.07	 89.79	0.040	  165.56	 99.93
2321.00	2291.37	 1.8459	34.6347	27.7034	 2.06	 89.67	0.040	  165.52	 99.94
2322.00	2292.36	 1.8444	34.6347	27.7035	 2.07	 89.92	0.040	  165.53	 99.94
2323.00	2293.34	 1.8442	34.6350	27.7038	 2.07	 90.11	0.040	  165.53	 99.94
2324.00	2294.32	 1.8437	34.6352	27.7040	 2.08	 90.23	0.040	  165.53	 99.94
2325.00	2295.30	 1.8423	34.6352	27.7041	 2.08	 90.54	0.040	  165.51	 99.94
2326.00	2296.28	 1.8426	34.6354	27.7042	 2.08	 90.45	0.040	  165.55	 99.93
2327.00	2297.27	 1.8428	34.6356	27.7043	 2.08	 90.34	0.040	  165.51	 99.93
2328.00	2298.25	 1.8424	34.6357	27.7045	 2.08	 90.41	0.040	  165.47	 99.93
2329.00	2299.23	 1.8420	34.6357	27.7045	 2.09	 90.69	0.040	  165.51	 99.94
2330.00	2300.21	 1.8418	34.6357	27.7045	 2.09	 90.75	0.040	  165.49	 99.93
2331.00	2301.19	 1.8414	34.6356	27.7045	 2.09	 90.79	0.040	  165.51	 99.93
2332.00	2302.18	 1.8410	34.6358	27.7047	 2.09	 90.76	0.040	  165.53	 99.93
2333.00	2303.16	 1.8409	34.6359	27.7048	 2.09	 90.72	0.040	  165.50	 99.93
2334.00	2304.14	 1.8405	34.6358	27.7047	 2.09	 90.81	0.040	  165.52	 99.94
2335.00	2305.12	 1.8396	34.6360	27.7049	 2.09	 90.87	0.040	  165.49	 99.93
2336.00	2306.10	 1.8396	34.6361	27.7051	 2.09	 90.98	0.040	  165.55	 99.93
2337.00	2307.08	 1.8396	34.6363	27.7052	 2.09	 90.97	0.040	  165.49	 99.93
2338.00	2308.07	 1.8403	34.6361	27.7050	 2.10	 91.11	0.040	  165.46	 99.93
2339.00	2309.05	 1.8397	34.6363	27.7052	 2.10	 91.14	0.040	  165.45	 99.93
2340.00	2310.03	 1.8394	34.6365	27.7054	 2.10	 91.16	0.040	  165.47	 99.93
2341.00	2311.01	 1.8398	34.6365	27.7054	 2.10	 91.20	0.040	  165.50	 99.93
2342.00	2311.99	 1.8395	34.6366	27.7055	 2.10	 91.35	0.040	  165.52	 99.93
2343.00	2312.98	 1.8390	34.6368	27.7057	 2.11	 91.59	0.040	  165.46	 99.93
2344.00	2313.96	 1.8384	34.6368	27.7057	 2.11	 91.61	0.040	  165.46	 99.93
2345.00	2314.94	 1.8377	34.6368	27.7058	 2.11	 91.52	0.040	  165.45	 99.93
2346.00	2315.92	 1.8403	34.6364	27.7053	 2.11	 91.58	0.040	  165.52	 99.93
2347.00	2316.90	 1.8380	34.6368	27.7058	 2.11	 91.55	0.040	  165.46	 99.93
2348.00	2317.88	 1.8362	34.6371	27.7062	 2.11	 91.57	0.040	  165.40	 99.93
