wcoa21_data_management/01_CRUISE_METADATA/00_OCADS_data/CTD_downcasts/WCOA_2021_CTD_downcasts/dRB2102_CTD_035_01_F.txt
* Sea-Bird SBE 9 Data:
* Software Version Seasave V 7.26.7.107
* Vessel: NOAA Ship Ronald H. Brown
* Cruise: RB2102, West Coast Ocean Acidification (WCOA) 2021
* Dates: 20210622 to 20210723
* Region: NE Pacific, USA West Coast
* Ports: San Diego, CA to Port Angeles, WA to San Diego, CA
* Chief Scientists: R. Feely, NOAA PMEL; D. Greeley, NOAA PMEL; B. Carter, NOAA PMEL / UW CICOES
*END*
[from data line 214]
 217.00	 215.10	 7.0524	33.9262	26.5684	 2.87	124.83	0.042	  138.70	 99.60
 218.00	 216.09	 7.0503	33.9262	26.5688	 2.87	124.78	0.042	  138.75	 99.60
 219.00	 217.08	 7.0495	33.9262	26.5689	 2.87	124.88	0.041	  138.72	 99.60
 220.00	 218.08	 7.0464	33.9262	26.5693	 2.87	124.88	0.042	  138.77	 99.61
 221.00	 219.07	 7.0434	33.9261	26.5697	 2.87	124.79	0.042	  138.72	 99.61
 222.00	 220.06	 7.0404	33.9264	26.5703	 2.87	124.72	0.041	  138.74	 99.61
 223.00	 221.05	 7.0375	33.9262	26.5706	 2.87	124.67	0.041	  138.78	 99.61
 224.00	 222.04	 7.0343	33.9262	26.5710	 2.87	124.65	0.041	  138.75	 99.61
 225.00	 223.03	 7.0276	33.9261	26.5719	 2.86	124.57	0.041	  138.75	 99.60
 226.00	 224.02	 7.0259	33.9263	26.5723	 2.86	124.46	0.041	  138.78	 99.61
 227.00	 225.01	 7.0211	33.9263	26.5730	 2.86	124.43	0.041	  138.75	 99.61
 228.00	 226.00	 7.0118	33.9264	26.5743	 2.85	124.03	0.042	  138.72	 99.61
 229.00	 226.99	 6.9825	33.9260	26.5780	 2.84	123.47	0.041	  138.75	 99.61
 230.00	 227.98	 6.9672	33.9266	26.5806	 2.82	122.82	0.040	  138.80	 99.61
 231.00	 228.97	 6.9343	33.9256	26.5843	 2.81	122.38	0.041	  138.75	 99.61
 232.00	 229.96	 6.8963	33.9274	26.5908	 2.81	122.03	0.041	  138.83	 99.61
 233.00	 230.95	 6.8763	33.9275	26.5936	 2.79	121.56	0.042	  138.85	 99.61
 234.00	 231.94	 6.8425	33.9275	26.5982	 2.79	121.22	0.041	  138.95	 99.61
 235.00	 232.94	 6.8244	33.9287	26.6016	 2.78	120.95	0.041	  138.84	 99.61
 236.00	 233.93	 6.8236	33.9286	26.6017	 2.77	120.55	0.041	  138.88	 99.62
 237.00	 234.92	 6.8159	33.9282	26.6024	 2.76	120.14	0.041	  138.87	 99.62
 238.00	 235.91	 6.8009	33.9287	26.6048	 2.75	119.77	0.041	  138.84	 99.63
 239.00	 236.90	 6.7910	33.9287	26.6061	 2.74	119.36	0.041	  138.84	 99.63
 240.00	 237.89	 6.7831	33.9291	26.6075	 2.73	118.87	0.041	  138.85	 99.63
 241.00	 238.88	 6.7750	33.9289	26.6085	 2.72	118.48	0.041	  138.84	 99.63
 242.00	 239.87	 6.7588	33.9301	26.6116	 2.72	118.15	0.041	  138.80	 99.63
 243.00	 240.86	 6.7538	33.9302	26.6123	 2.71	117.79	0.041	  138.88	 99.63
 244.00	 241.85	 6.7441	33.9306	26.6140	 2.70	117.49	0.041	  138.85	 99.63
 245.00	 242.84	 6.7337	33.9308	26.6155	 2.69	117.00	0.041	  138.83	 99.63
 246.00	 243.83	 6.7111	33.9322	26.6196	 2.67	116.13	0.041	  138.85	 99.63
 247.00	 244.82	 6.6988	33.9323	26.6214	 2.65	115.10	0.041	  138.95	 99.63
 248.00	 245.81	 6.6798	33.9309	26.6228	 2.63	114.38	0.041	  138.85	 99.63
 249.00	 246.80	 6.6627	33.9311	26.6253	 2.62	113.77	0.041	  138.89	 99.64
 250.00	 247.79	 6.6492	33.9314	26.6273	 2.60	113.31	0.042	  138.99	 99.64
 251.00	 248.79	 6.6344	33.9322	26.6299	 2.60	112.95	0.041	  138.87	 99.65
 252.00	 249.78	 6.6122	33.9332	26.6336	 2.59	112.56	0.041	  138.84	 99.65
 253.00	 250.77	 6.5877	33.9326	26.6364	 2.58	112.17	0.042	  138.94	 99.66
 254.00	 251.76	 6.5470	33.9330	26.6421	 2.57	111.75	0.042	  138.91	 99.66
 255.00	 252.75	 6.5231	33.9338	26.6459	 2.55	110.95	0.042	  138.92	 99.66
 256.00	 253.74	 6.5069	33.9335	26.6478	 2.54	110.29	0.041	  138.91	 99.66
 257.00	 254.73	 6.4960	33.9340	26.6495	 2.53	109.95	0.041	  138.94	 99.66
 258.00	 255.72	 6.4914	33.9341	26.6503	 2.52	109.60	0.043	  138.92	 99.66
 259.00	 256.71	 6.4886	33.9342	26.6507	 2.51	109.20	0.042	  138.96	 99.67
 260.00	 257.70	 6.4808	33.9340	26.6516	 2.50	108.66	0.041	  138.94	 99.67
 261.00	 258.69	 6.4594	33.9339	26.6543	 2.49	108.13	0.041	  138.88	 99.68
 262.00	 259.68	 6.4257	33.9355	26.6599	 2.48	107.74	0.041	  138.96	 99.67
 263.00	 260.67	 6.4169	33.9355	26.6612	 2.47	107.43	0.042	  138.94	 99.68
 264.00	 261.66	 6.3981	33.9359	26.6639	 2.46	107.20	0.042	  138.99	 99.68
 265.00	 262.65	 6.3911	33.9364	26.6652	 2.46	106.92	0.041	  138.97	 99.68
 266.00	 263.64	 6.3881	33.9367	26.6659	 2.45	106.68	0.041	  138.98	 99.68
 267.00	 264.63	 6.3821	33.9371	26.6670	 2.44	106.30	0.041	  138.96	 99.68
 268.00	 265.62	 6.3798	33.9372	26.6673	 2.44	106.12	0.041	  138.99	 99.68
 269.00	 266.62	 6.3778	33.9373	26.6677	 2.44	106.07	0.041	  138.98	 99.68
 270.00	 267.61	 6.3753	33.9377	26.6684	 2.44	105.96	0.041	  139.00	 99.69
 271.00	 268.60	 6.3744	33.9378	26.6686	 2.44	106.03	0.041	  138.95	 99.68
 272.00	 269.59	 6.3730	33.9378	26.6687	 2.44	106.03	0.041	  138.96	 99.68
 273.00	 270.58	 6.3709	33.9377	26.6690	 2.44	105.92	0.041	  138.93	 99.69
 274.00	 271.57	 6.3676	33.9378	26.6694	 2.43	105.87	0.041	  138.97	 99.69
 275.00	 272.56	 6.3638	33.9380	26.6702	 2.43	105.60	0.041	  138.93	 99.69
 276.00	 273.55	 6.3550	33.9381	26.6713	 2.41	104.63	0.041	  138.93	 99.69
 277.00	 274.54	 6.3347	33.9385	26.6743	 2.39	103.98	0.041	  138.99	 99.69
 278.00	 275.53	 6.3168	33.9390	26.6770	 2.38	103.56	0.040	  138.98	 99.69
 279.00	 276.52	 6.2965	33.9395	26.6801	 2.38	103.33	0.041	  138.91	 99.69
 280.00	 277.51	 6.2877	33.9407	26.6821	 2.37	103.05	0.041	  138.98	 99.70
 281.00	 278.50	 6.2877	33.9405	26.6820	 2.36	102.70	0.041	  138.97	 99.71
 282.00	 279.49	 6.2853	33.9405	26.6823	 2.35	102.42	0.041	  138.97	 99.71
 283.00	 280.48	 6.2802	33.9408	26.6832	 2.34	101.76	0.041	  139.00	 99.71
 284.00	 281.47	 6.2686	33.9409	26.6848	 2.32	100.76	0.042	  138.99	 99.71
 285.00	 282.46	 6.2456	33.9422	26.6887	 2.30	100.08	0.041	  139.03	 99.71
 286.00	 283.45	 6.2311	33.9431	26.6914	 2.29	 99.59	0.041	  139.02	 99.71
 287.00	 284.44	 6.2214	33.9430	26.6925	 2.27	 98.85	0.041	  139.00	 99.71
 288.00	 285.43	 6.2044	33.9439	26.6954	 2.25	 98.06	0.041	  139.03	 99.71
 289.00	 286.42	 6.1992	33.9441	26.6962	 2.23	 97.19	0.041	  139.08	 99.72
 290.00	 287.41	 6.1849	33.9445	26.6984	 2.22	 96.49	0.041	  139.00	 99.72
 291.00	 288.40	 6.1678	33.9451	26.7010	 2.20	 95.87	0.041	  139.02	 99.72
 292.00	 289.39	 6.1447	33.9462	26.7048	 2.19	 95.30	0.041	  139.02	 99.73
 293.00	 290.39	 6.1293	33.9465	26.7071	 2.18	 94.84	0.041	  139.04	 99.73
 294.00	 291.38	 6.1274	33.9473	26.7079	 2.17	 94.37	0.041	  139.06	 99.73
 295.00	 292.37	 6.1269	33.9475	26.7082	 2.16	 93.92	0.041	  139.04	 99.73
 296.00	 293.36	 6.1254	33.9478	26.7086	 2.15	 93.36	0.042	  139.07	 99.73
 297.00	 294.35	 6.1207	33.9481	26.7094	 2.13	 92.66	0.041	  139.16	 99.74
 298.00	 295.34	 6.1080	33.9501	26.7126	 2.11	 91.98	0.041	  139.06	 99.75
 299.00	 296.33	 6.1039	33.9505	26.7135	 2.10	 91.46	0.041	  139.11	 99.75
 300.00	 297.32	 6.1017	33.9508	26.7140	 2.09	 91.01	0.041	  139.09	 99.75
 301.00	 298.31	 6.0962	33.9510	26.7149	 2.08	 90.62	0.041	  139.15	 99.76
 302.00	 299.30	 6.0887	33.9517	26.7164	 2.08	 90.32	0.041	  139.11	 99.76
 303.00	 300.29	 6.0846	33.9520	26.7172	 2.07	 90.09	0.041	  139.09	 99.76
 304.00	 301.28	 6.0801	33.9522	26.7178	 2.07	 89.92	0.041	  139.07	 99.76
 305.00	 302.27	 6.0798	33.9524	26.7181	 2.06	 89.73	0.041	  139.13	 99.76
 306.00	 303.26	 6.0782	33.9526	26.7184	 2.06	 89.59	0.041	  139.13	 99.76
 307.00	 304.25	 6.0764	33.9530	26.7190	 2.05	 89.19	0.041	  139.12	 99.76
 308.00	 305.24	 6.0734	33.9533	26.7196	 2.04	 88.79	0.041	  139.13	 99.76
 309.00	 306.23	 6.0737	33.9533	26.7196	 2.03	 88.47	0.041	  139.15	 99.76
 310.00	 307.22	 6.0740	33.9534	26.7196	 2.03	 88.09	0.041	  139.22	 99.76
 311.00	 308.21	 6.0665	33.9530	26.7203	 2.02	 87.84	0.041	  139.20	 99.76
 312.00	 309.20	 6.0516	33.9537	26.7227	 2.01	 87.61	0.041	  139.15	 99.76
 313.00	 310.19	 6.0366	33.9536	26.7246	 2.01	 87.50	0.041	  139.11	 99.77
 314.00	 311.18	 6.0249	33.9544	26.7267	 2.01	 87.45	0.041	  139.23	 99.76
 315.00	 312.17	 6.0131	33.9544	26.7281	 2.01	 87.35	0.041	  139.14	 99.77
 316.00	 313.16	 6.0204	33.9546	26.7274	 2.00	 86.84	0.041	  139.15	 99.77
 317.00	 314.15	 5.9990	33.9536	26.7293	 1.98	 86.11	0.041	  139.13	 99.78
 318.00	 315.14	 5.9757	33.9547	26.7331	 1.96	 85.46	0.041	  139.08	 99.77
 319.00	 316.13	 5.9626	33.9549	26.7349	 1.95	 84.89	0.041	  139.23	 99.78
 320.00	 317.12	 5.9542	33.9565	26.7372	 1.94	 84.52	0.041	  139.14	 99.78
 321.00	 318.11	 5.9516	33.9578	26.7386	 1.93	 84.16	0.041	  139.17	 99.78
 322.00	 319.10	 5.9506	33.9583	26.7391	 1.93	 83.86	0.041	  139.13	 99.78
 323.00	 320.09	 5.9507	33.9583	26.7391	 1.92	 83.63	0.041	  139.17	 99.78
 324.00	 321.08	 5.9501	33.9585	26.7394	 1.92	 83.40	0.041	  139.13	 99.78
 325.00	 322.07	 5.9496	33.9587	26.7396	 1.91	 83.13	0.041	  139.15	 99.78
 326.00	 323.07	 5.9492	33.9592	26.7400	 1.91	 82.88	0.041	  139.16	 99.78
 327.00	 324.06	 5.9484	33.9596	26.7405	 1.90	 82.44	0.041	  139.17	 99.78
 328.00	 325.05	 5.9466	33.9600	26.7410	 1.89	 82.01	0.041	  139.15	 99.78
 329.00	 326.04	 5.9441	33.9601	26.7414	 1.88	 81.70	0.041	  139.18	 99.79
 330.00	 327.03	 5.9393	33.9603	26.7422	 1.87	 81.46	0.042	  139.19	 99.79
 331.00	 328.02	 5.9317	33.9608	26.7435	 1.87	 81.29	0.042	  139.10	 99.79
 332.00	 329.01	 5.9238	33.9615	26.7451	 1.87	 81.13	0.041	  139.18	 99.79
 333.00	 330.00	 5.9197	33.9617	26.7458	 1.86	 80.86	0.041	  139.19	 99.79
 334.00	 330.99	 5.9108	33.9618	26.7469	 1.85	 80.45	0.041	  139.21	 99.79
 335.00	 331.98	 5.8875	33.9618	26.7498	 1.84	 80.03	0.041	  139.21	 99.80
 336.00	 332.97	 5.8710	33.9606	26.7509	 1.83	 79.59	0.041	  139.19	 99.79
 337.00	 333.96	 5.8384	33.9614	26.7556	 1.83	 79.39	0.041	  139.24	 99.80
 338.00	 334.95	 5.8231	33.9623	26.7582	 1.82	 79.31	0.041	  139.17	 99.80
 339.00	 335.94	 5.8177	33.9618	26.7585	 1.82	 79.22	0.041	  139.26	 99.80
 340.00	 336.93	 5.8141	33.9619	26.7590	 1.82	 79.21	0.041	  139.21	 99.80
 341.00	 337.92	 5.8106	33.9615	26.7591	 1.82	 79.18	0.041	  139.24	 99.80
 342.00	 338.91	 5.7932	33.9609	26.7608	 1.82	 79.05	0.041	  139.24	 99.80
 343.00	 339.90	 5.7899	33.9616	26.7618	 1.81	 78.59	0.041	  139.19	 99.80
 344.00	 340.89	 5.7899	33.9620	26.7621	 1.80	 78.15	0.041	  139.26	 99.80
 345.00	 341.88	 5.7890	33.9626	26.7627	 1.79	 77.78	0.041	  139.24	 99.80
 346.00	 342.87	 5.7850	33.9638	26.7642	 1.78	 77.50	0.041	  139.20	 99.80
 347.00	 343.86	 5.7767	33.9643	26.7656	 1.78	 77.34	0.041	  139.24	 99.80
 348.00	 344.85	 5.7612	33.9637	26.7670	 1.77	 77.12	0.041	  139.22	 99.80
 349.00	 345.84	 5.7479	33.9642	26.7691	 1.77	 76.99	0.041	  139.23	 99.80
 350.00	 346.83	 5.7312	33.9637	26.7707	 1.76	 76.73	0.041	  139.25	 99.80
 351.00	 347.82	 5.7202	33.9634	26.7718	 1.76	 76.34	0.041	  139.20	 99.81
 352.00	 348.81	 5.6965	33.9626	26.7741	 1.75	 75.94	0.041	  139.27	 99.81
 353.00	 349.80	 5.6807	33.9636	26.7768	 1.74	 75.63	0.042	  139.18	 99.82
 354.00	 350.79	 5.6529	33.9634	26.7800	 1.74	 75.51	0.041	  139.18	 99.82
 355.00	 351.78	 5.6274	33.9641	26.7836	 1.73	 75.32	0.041	  139.25	 99.81
 356.00	 352.77	 5.6114	33.9643	26.7858	 1.72	 75.00	0.041	  139.26	 99.81
 357.00	 353.76	 5.5965	33.9644	26.7876	 1.72	 74.81	0.041	  139.27	 99.82
 358.00	 354.75	 5.5927	33.9647	26.7883	 1.72	 74.71	0.041	  139.26	 99.83
 359.00	 355.74	 5.5903	33.9648	26.7887	 1.72	 74.63	0.041	  139.27	 99.82
 360.00	 356.73	 5.5884	33.9649	26.7890	 1.71	 74.57	0.041	  139.26	 99.83
 361.00	 357.72	 5.5870	33.9651	26.7894	 1.71	 74.51	0.041	  139.26	 99.83
 362.00	 358.71	 5.5863	33.9652	26.7895	 1.71	 74.50	0.041	  139.27	 99.82
 363.00	 359.70	 5.5840	33.9651	26.7898	 1.71	 74.43	0.041	  139.23	 99.83
 364.00	 360.69	 5.5813	33.9655	26.7904	 1.71	 74.23	0.041	  139.25	 99.83
 365.00	 361.68	 5.5770	33.9657	26.7911	 1.70	 74.03	0.041	  139.28	 99.83
 366.00	 362.67	 5.5757	33.9659	26.7914	 1.70	 73.97	0.041	  139.30	 99.83
 367.00	 363.66	 5.5743	33.9660	26.7917	 1.70	 73.91	0.041	  139.19	 99.83
 368.00	 364.65	 5.5711	33.9662	26.7923	 1.70	 73.87	0.041	  139.32	 99.83
 369.00	 365.64	 5.5695	33.9664	26.7926	 1.69	 73.66	0.041	  139.27	 99.83
 370.00	 366.63	 5.5648	33.9665	26.7933	 1.69	 73.59	0.041	  139.30	 99.83
 371.00	 367.62	 5.5570	33.9669	26.7945	 1.69	 73.51	0.041	  139.27	 99.83
 372.00	 368.61	 5.5527	33.9673	26.7954	 1.69	 73.30	0.041	  139.28	 99.83
 373.00	 369.60	 5.5484	33.9674	26.7959	 1.68	 73.10	0.041	  139.27	 99.83
 374.00	 370.59	 5.5431	33.9674	26.7966	 1.68	 72.96	0.041	  139.34	 99.83
 375.00	 371.58	 5.5417	33.9676	26.7970	 1.67	 72.72	0.041	  139.25	 99.83
 376.00	 372.57	 5.5404	33.9674	26.7970	 1.67	 72.52	0.041	  139.30	 99.83
 377.00	 373.56	 5.5320	33.9681	26.7985	 1.66	 72.26	0.041	  139.32	 99.83
 378.00	 374.55	 5.5229	33.9690	26.8003	 1.66	 72.00	0.041	  139.32	 99.83
 379.00	 375.54	 5.5150	33.9694	26.8016	 1.65	 71.82	0.041	  139.33	 99.83
 380.00	 376.53	 5.5086	33.9696	26.8025	 1.65	 71.78	0.041	  139.29	 99.83
 381.00	 377.52	 5.5026	33.9692	26.8030	 1.65	 71.72	0.042	  139.27	 99.83
 382.00	 378.51	 5.4962	33.9691	26.8036	 1.65	 71.65	0.041	  139.25	 99.83
 383.00	 379.50	 5.4943	33.9691	26.8039	 1.65	 71.68	0.041	  139.27	 99.83
 384.00	 380.49	 5.4927	33.9691	26.8041	 1.65	 71.57	0.041	  139.29	 99.83
 385.00	 381.48	 5.4911	33.9691	26.8043	 1.64	 71.33	0.041	  139.29	 99.84
 386.00	 382.47	 5.4881	33.9691	26.8046	 1.64	 71.16	0.041	  139.37	 99.83
 387.00	 383.46	 5.4810	33.9695	26.8058	 1.63	 70.99	0.041	  139.32	 99.83
 388.00	 384.45	 5.4784	33.9702	26.8067	 1.63	 70.83	0.041	  139.25	 99.83
 389.00	 385.44	 5.4687	33.9705	26.8080	 1.62	 70.52	0.041	  139.28	 99.83
 390.00	 386.43	 5.4557	33.9715	26.8104	 1.62	 70.35	0.041	  139.27	 99.83
 391.00	 387.42	 5.4472	33.9722	26.8120	 1.61	 70.10	0.041	  139.33	 99.83
 392.00	 388.41	 5.4439	33.9723	26.8125	 1.60	 69.77	0.042	  139.34	 99.84
 393.00	 389.40	 5.4401	33.9723	26.8129	 1.60	 69.42	0.041	  139.34	 99.84
 394.00	 390.39	 5.4262	33.9731	26.8152	 1.58	 68.92	0.041	  139.31	 99.84
 395.00	 391.38	 5.4097	33.9741	26.8180	 1.57	 68.39	0.041	  139.29	 99.84
 396.00	 392.37	 5.3885	33.9760	26.8220	 1.56	 68.07	0.041	  139.33	 99.84
 397.00	 393.36	 5.3856	33.9765	26.8228	 1.56	 67.77	0.041	  139.34	 99.84
 398.00	 394.35	 5.3853	33.9766	26.8229	 1.55	 67.47	0.041	  139.40	 99.85
 399.00	 395.34	 5.3804	33.9770	26.8238	 1.55	 67.23	0.041	  139.36	 99.85
 400.00	 396.33	 5.3682	33.9778	26.8258	 1.54	 66.93	0.041	  139.41	 99.85
 401.00	 397.32	 5.3632	33.9784	26.8269	 1.53	 66.73	0.041	  139.35	 99.85
 402.00	 398.31	 5.3602	33.9783	26.8272	 1.53	 66.58	0.042	  139.52	 99.85
 403.00	 399.30	 5.3533	33.9785	26.8282	 1.53	 66.43	0.042	  139.41	 99.85
 404.00	 400.29	 5.3463	33.9787	26.8292	 1.52	 66.29	0.041	  139.33	 99.85
 405.00	 401.28	 5.3392	33.9793	26.8305	 1.52	 66.06	0.041	  139.41	 99.85
 406.00	 402.27	 5.3348	33.9795	26.8312	 1.51	 65.88	0.041	  139.38	 99.85
 407.00	 403.26	 5.3264	33.9806	26.8331	 1.51	 65.54	0.041	  139.36	 99.85
 408.00	 404.25	 5.3226	33.9817	26.8344	 1.50	 65.18	0.041	  139.39	 99.85
 409.00	 405.24	 5.3157	33.9818	26.8353	 1.49	 64.87	0.041	  139.40	 99.85
 410.00	 406.23	 5.3059	33.9827	26.8371	 1.49	 64.63	0.041	  139.42	 99.85
 411.00	 407.22	 5.2980	33.9837	26.8388	 1.48	 64.47	0.041	  139.45	 99.85
 412.00	 408.21	 5.2876	33.9849	26.8410	 1.48	 64.30	0.041	  139.36	 99.85
 413.00	 409.20	 5.2832	33.9853	26.8419	 1.47	 63.93	0.041	  139.32	 99.85
 414.00	 410.19	 5.2802	33.9854	26.8424	 1.46	 63.51	0.041	  139.42	 99.86
 415.00	 411.18	 5.2729	33.9858	26.8435	 1.46	 63.29	0.041	  139.37	 99.86
 416.00	 412.17	 5.2668	33.9863	26.8446	 1.45	 63.08	0.042	  139.35	 99.85
 417.00	 413.16	 5.2622	33.9864	26.8453	 1.44	 62.79	0.041	  139.35	 99.86
 418.00	 414.15	 5.2567	33.9871	26.8464	 1.44	 62.64	0.041	  139.36	 99.86
 419.00	 415.13	 5.2420	33.9888	26.8495	 1.44	 62.45	0.041	  139.37	 99.86
 420.00	 416.12	 5.2352	33.9898	26.8511	 1.43	 62.10	0.041	  139.34	 99.86
 421.00	 417.11	 5.2260	33.9910	26.8531	 1.41	 61.46	0.041	  139.37	 99.87
 422.00	 418.10	 5.2113	33.9926	26.8561	 1.40	 60.79	0.041	  139.36	 99.87
 423.00	 419.09	 5.2034	33.9946	26.8586	 1.39	 60.36	0.041	  139.35	 99.87
 424.00	 420.08	 5.1996	33.9954	26.8597	 1.38	 60.15	0.041	  139.34	 99.88
 425.00	 421.07	 5.1972	33.9958	26.8603	 1.38	 59.93	0.042	  139.37	 99.88
 426.00	 422.06	 5.1940	33.9963	26.8611	 1.37	 59.72	0.042	  139.47	 99.88
 427.00	 423.05	 5.1914	33.9967	26.8617	 1.37	 59.49	0.041	  139.39	 99.88
 428.00	 424.04	 5.1855	33.9976	26.8631	 1.36	 59.12	0.041	  139.37	 99.88
