wcoa21_data_management/01_CRUISE_METADATA/00_OCADS_data/CTD_downcasts/WCOA_2021_CTD_downcasts/dRB2102_CTD_126_02_F.txt
* Sea-Bird SBE 9 Data:
* Software Version Seasave V 7.26.7.107
* Vessel: NOAA Ship Ronald H. Brown
* Cruise: RB2102, West Coast Ocean Acidification (WCOA) 2021
* Dates: 20210622 to 20210723
* Region: NE Pacific, USA West Coast
* Ports: San Diego, CA to Port Angeles, WA to San Diego, CA
* Chief Scientists: R. Feely, NOAA PMEL; D. Greeley, NOAA PMEL; B. Carter, NOAA PMEL / UW CICOES
*END*
[from data line 427]
 430.00	 426.51	 8.0139	34.2606	26.6976	 0.82	 35.85	0.042	  129.75	 99.89
 431.00	 427.50	 7.9987	34.2604	26.6997	 0.82	 35.85	0.040	  129.71	 99.90
 432.00	 428.49	 7.9909	34.2604	26.7008	 0.82	 35.69	0.041	  129.79	 99.90
 433.00	 429.48	 7.9769	34.2604	26.7029	 0.82	 35.51	0.040	  129.80	 99.90
 434.00	 430.47	 7.9595	34.2602	26.7053	 0.82	 35.54	0.041	  129.82	 99.90
 435.00	 431.46	 7.9499	34.2598	26.7065	 0.82	 35.60	0.042	  129.83	 99.90
 436.00	 432.45	 7.9457	34.2596	26.7069	 0.82	 35.58	0.042	  129.82	 99.90
 437.00	 433.45	 7.9443	34.2596	26.7072	 0.82	 35.48	0.042	  129.78	 99.90
 438.00	 434.44	 7.9447	34.2597	26.7071	 0.82	 35.46	0.041	  129.82	 99.90
 439.00	 435.43	 7.9441	34.2598	26.7074	 0.82	 35.57	0.040	  129.79	 99.90
 440.00	 436.42	 7.9418	34.2598	26.7077	 0.82	 35.48	0.041	  129.79	 99.90
 441.00	 437.41	 7.9427	34.2602	26.7079	 0.81	 35.27	0.042	  129.73	 99.90
 442.00	 438.40	 7.9441	34.2608	26.7082	 0.81	 35.18	0.041	  129.76	 99.90
 443.00	 439.39	 7.9456	34.2614	26.7085	 0.81	 35.07	0.041	  129.75	 99.90
 444.00	 440.38	 7.9473	34.2618	26.7085	 0.80	 34.96	0.040	  129.79	 99.90
 445.00	 441.37	 7.9489	34.2624	26.7088	 0.80	 34.80	0.041	  129.74	 99.90
 446.00	 442.36	 7.9451	34.2618	26.7089	 0.79	 34.32	0.040	  129.74	 99.90
 447.00	 443.35	 7.9187	34.2603	26.7116	 0.78	 33.81	0.041	  129.75	 99.90
 448.00	 444.34	 7.8704	34.2615	26.7196	 0.78	 33.80	0.041	  129.81	 99.90
 449.00	 445.34	 7.8367	34.2600	26.7234	 0.78	 34.05	0.042	  129.82	 99.90
 450.00	 446.33	 7.8179	34.2589	26.7253	 0.78	 33.97	0.041	  129.83	 99.90
 451.00	 447.32	 7.8128	34.2587	26.7259	 0.77	 33.48	0.040	  129.84	 99.90
 452.00	 448.31	 7.8044	34.2580	26.7266	 0.76	 32.90	0.040	  129.76	 99.90
 453.00	 449.30	 7.7870	34.2602	26.7308	 0.75	 32.55	0.041	  129.80	 99.90
 454.00	 450.29	 7.7812	34.2623	26.7333	 0.74	 32.23	0.042	  129.76	 99.90
 455.00	 451.28	 7.7778	34.2637	26.7350	 0.74	 32.01	0.041	  129.76	 99.90
 456.00	 452.27	 7.7750	34.2645	26.7360	 0.73	 31.85	0.040	  129.73	 99.90
 457.00	 453.26	 7.7719	34.2653	26.7371	 0.73	 31.79	0.040	  129.79	 99.90
 458.00	 454.25	 7.7683	34.2660	26.7382	 0.73	 31.80	0.040	  129.79	 99.90
 459.00	 455.24	 7.7682	34.2661	26.7383	 0.73	 31.81	0.040	  129.81	 99.90
 460.00	 456.23	 7.7686	34.2662	26.7383	 0.73	 31.82	0.041	  129.81	 99.90
 461.00	 457.22	 7.7676	34.2665	26.7387	 0.73	 31.86	0.041	  129.73	 99.91
 462.00	 458.21	 7.7666	34.2666	26.7389	 0.73	 31.82	0.042	  129.75	 99.91
 463.00	 459.21	 7.7656	34.2665	26.7391	 0.73	 31.75	0.041	  129.68	 99.91
 464.00	 460.20	 7.7652	34.2668	26.7394	 0.73	 31.73	0.040	  129.72	 99.91
 465.00	 461.19	 7.7655	34.2668	26.7393	 0.73	 31.74	0.040	  129.73	 99.91
 466.00	 462.18	 7.7658	34.2670	26.7395	 0.73	 31.74	0.040	  129.74	 99.91
 467.00	 463.17	 7.7657	34.2672	26.7396	 0.73	 31.69	0.040	  129.77	 99.90
 468.00	 464.16	 7.7648	34.2670	26.7396	 0.73	 31.69	0.040	  129.74	 99.91
 469.00	 465.15	 7.7647	34.2672	26.7398	 0.73	 31.66	0.040	  129.74	 99.91
 470.00	 466.14	 7.7633	34.2669	26.7398	 0.73	 31.66	0.040	  129.75	 99.91
 471.00	 467.13	 7.7630	34.2668	26.7398	 0.73	 31.76	0.040	  129.69	 99.92
 472.00	 468.12	 7.7632	34.2669	26.7398	 0.73	 31.80	0.040	  129.74	 99.91
 473.00	 469.11	 7.7629	34.2668	26.7398	 0.73	 31.76	0.040	  129.74	 99.91
 474.00	 470.10	 7.7613	34.2667	26.7400	 0.73	 31.61	0.040	  129.70	 99.91
 475.00	 471.09	 7.7604	34.2668	26.7402	 0.73	 31.61	0.041	  129.71	 99.91
 476.00	 472.08	 7.7612	34.2668	26.7401	 0.73	 31.65	0.041	  129.73	 99.90
 477.00	 473.07	 7.7604	34.2667	26.7402	 0.72	 31.53	0.041	  129.70	 99.91
 478.00	 474.07	 7.7582	34.2668	26.7406	 0.72	 31.36	0.041	  129.66	 99.91
 479.00	 475.06	 7.7535	34.2664	26.7410	 0.72	 31.32	0.040	  129.68	 99.91
 480.00	 476.05	 7.7484	34.2669	26.7421	 0.72	 31.17	0.041	  129.67	 99.92
 481.00	 477.04	 7.7424	34.2678	26.7437	 0.71	 30.99	0.041	  129.68	 99.91
 482.00	 478.03	 7.7405	34.2688	26.7448	 0.71	 31.01	0.040	  129.69	 99.91
 483.00	 479.02	 7.7392	34.2686	26.7448	 0.71	 30.92	0.040	  129.64	 99.91
 484.00	 480.01	 7.7382	34.2685	26.7449	 0.71	 30.73	0.040	  129.69	 99.91
 485.00	 481.00	 7.7350	34.2695	26.7462	 0.70	 30.55	0.040	  129.66	 99.92
 486.00	 481.99	 7.7340	34.2699	26.7466	 0.70	 30.53	0.040	  129.67	 99.92
 487.00	 482.98	 7.7319	34.2701	26.7472	 0.70	 30.55	0.041	  129.71	 99.92
 488.00	 483.97	 7.7289	34.2701	26.7476	 0.70	 30.52	0.040	  129.66	 99.91
 489.00	 484.96	 7.7259	34.2700	26.7479	 0.70	 30.44	0.040	  129.64	 99.92
 490.00	 485.95	 7.7204	34.2695	26.7484	 0.70	 30.36	0.040	  129.63	 99.92
 491.00	 486.94	 7.7025	34.2681	26.7499	 0.70	 30.27	0.041	  129.66	 99.92
 492.00	 487.93	 7.6881	34.2683	26.7521	 0.69	 30.03	0.042	  129.66	 99.92
 493.00	 488.92	 7.6750	34.2684	26.7541	 0.69	 29.88	0.042	  129.64	 99.92
 494.00	 489.91	 7.6631	34.2682	26.7557	 0.69	 30.06	0.042	  129.63	 99.92
 495.00	 490.91	 7.6581	34.2691	26.7571	 0.69	 29.97	0.041	  129.65	 99.92
 496.00	 491.90	 7.6646	34.2692	26.7562	 0.68	 29.78	0.040	  129.63	 99.93
 497.00	 492.89	 7.6360	34.2647	26.7568	 0.68	 29.69	0.041	  129.67	 99.92
 498.00	 493.88	 7.5795	34.2640	26.7644	 0.68	 29.63	0.042	  129.67	 99.92
 499.00	 494.87	 7.5352	34.2626	26.7697	 0.68	 29.60	0.041	  129.66	 99.93
 500.00	 495.86	 7.5279	34.2629	26.7710	 0.68	 29.47	0.040	  129.66	 99.93
 501.00	 496.85	 7.5247	34.2629	26.7714	 0.68	 29.42	0.041	  129.64	 99.93
 502.00	 497.84	 7.5195	34.2629	26.7722	 0.67	 29.30	0.041	  129.64	 99.93
 503.00	 498.83	 7.5208	34.2632	26.7723	 0.67	 29.20	0.040	  129.63	 99.93
 504.00	 499.82	 7.5149	34.2639	26.7737	 0.67	 29.05	0.040	  129.69	 99.93
 505.00	 500.81	 7.5068	34.2647	26.7755	 0.67	 29.01	0.040	  129.67	 99.93
 506.00	 501.80	 7.5058	34.2651	26.7759	 0.66	 28.92	0.041	  129.72	 99.93
 507.00	 502.79	 7.5044	34.2654	26.7763	 0.66	 28.70	0.041	  129.64	 99.93
 508.00	 503.78	 7.5049	34.2657	26.7765	 0.66	 28.71	0.042	  129.63	 99.93
 509.00	 504.77	 7.5039	34.2660	26.7769	 0.66	 28.70	0.041	  129.67	 99.93
 510.00	 505.76	 7.5009	34.2666	26.7778	 0.65	 28.49	0.040	  129.63	 99.93
 511.00	 506.75	 7.4961	34.2669	26.7787	 0.65	 28.21	0.040	  129.62	 99.93
 512.00	 507.74	 7.4874	34.2669	26.7800	 0.65	 28.33	0.041	  129.69	 99.93
 513.00	 508.73	 7.4787	34.2668	26.7812	 0.65	 28.42	0.041	  129.67	 99.93
 514.00	 509.72	 7.4696	34.2661	26.7819	 0.66	 28.50	0.041	  129.67	 99.93
 515.00	 510.72	 7.4643	34.2657	26.7824	 0.66	 28.50	0.042	  129.65	 99.93
 516.00	 511.71	 7.4606	34.2653	26.7827	 0.65	 28.44	0.042	  129.64	 99.93
 517.00	 512.70	 7.4587	34.2653	26.7829	 0.65	 28.38	0.041	  129.67	 99.93
 518.00	 513.69	 7.4581	34.2653	26.7830	 0.65	 28.47	0.041	  129.61	 99.93
 519.00	 514.68	 7.4565	34.2652	26.7832	 0.65	 28.40	0.041	  129.60	 99.41
 520.00	 515.67	 7.4561	34.2653	26.7833	 0.65	 28.35	0.041	  129.72	 98.25
 521.00	 516.66	 7.4543	34.2650	26.7833	 0.65	 28.41	0.041	  129.62	 98.48
 522.00	 517.65	 7.4515	34.2649	26.7837	 0.65	 28.47	0.040	  129.65	 96.22
 523.00	 518.64	 7.4487	34.2643	26.7836	 0.65	 28.36	0.041	  129.61	 95.22
 524.00	 519.63	 7.4446	34.2640	26.7840	 0.65	 28.34	0.041	  129.60	 94.22
 525.00	 520.62	 7.4426	34.2643	26.7845	 0.65	 28.34	0.041	  129.61	 93.20
 526.00	 521.61	 7.4427	34.2645	26.7847	 0.65	 28.24	0.042	  129.50	 92.14
 527.00	 522.60	 7.4413	34.2647	26.7851	 0.65	 28.17	0.042	  129.54	 91.17
 528.00	 523.59	 7.4395	34.2649	26.7855	 0.65	 28.17	0.041	  129.51	 90.18
 529.00	 524.58	 7.4385	34.2651	26.7858	 0.65	 28.15	0.040	  129.46	 89.13
 530.00	 525.57	 7.4386	34.2652	26.7859	 0.65	 28.23	0.042	  129.43	 88.12
 531.00	 526.56	 7.4335	34.2651	26.7865	 0.65	 28.13	0.041	  129.50	 87.14
 532.00	 527.55	 7.4286	34.2648	26.7870	 0.64	 27.77	0.041	  129.43	 86.17
 533.00	 528.54	 7.4185	34.2632	26.7872	 0.63	 27.47	0.042	  129.35	 85.20
 534.00	 529.53	 7.3831	34.2650	26.7936	 0.63	 27.29	0.042	  129.39	 84.18
 535.00	 530.52	 7.3758	34.2663	26.7957	 0.62	 26.93	0.041	  129.40	 83.20
 536.00	 531.51	 7.3742	34.2671	26.7965	 0.61	 26.53	0.041	  129.40	 82.14
 537.00	 532.50	 7.3668	34.2670	26.7975	 0.60	 26.07	0.042	  129.39	 81.21
 538.00	 533.49	 7.3318	34.2691	26.8041	 0.60	 25.89	0.041	  129.45	 80.21
 539.00	 534.48	 7.3120	34.2699	26.8075	 0.59	 25.78	0.040	  129.43	 79.15
 540.00	 535.48	 7.3022	34.2706	26.8094	 0.59	 25.80	0.040	  129.44	 78.17
 541.00	 536.47	 7.2968	34.2708	26.8104	 0.59	 25.70	0.040	  129.43	 77.12
 542.00	 537.46	 7.2911	34.2714	26.8117	 0.59	 25.54	0.041	  129.43	 76.21
 543.00	 538.45	 7.2874	34.2713	26.8121	 0.59	 25.47	0.041	  129.49	 75.17
 544.00	 539.44	 7.2835	34.2715	26.8128	 0.59	 25.46	0.040	  129.46	 74.22
 545.00	 540.43	 7.2797	34.2717	26.8135	 0.58	 25.44	0.040	  129.43	 73.30
 546.00	 541.42	 7.2775	34.2720	26.8141	 0.58	 25.42	0.042	  129.51	 72.25
 547.00	 542.41	 7.2770	34.2720	26.8142	 0.58	 25.23	0.042	  129.44	 71.19
 548.00	 543.40	 7.2738	34.2727	26.8152	 0.58	 25.20	0.041	  129.43	 70.17
 549.00	 544.39	 7.2730	34.2729	26.8155	 0.58	 25.16	0.041	  129.43	 69.14
 550.00	 545.38	 7.2708	34.2735	26.8162	 0.57	 25.01	0.041	  129.42	 68.28
 551.00	 546.37	 7.2691	34.2737	26.8167	 0.57	 24.99	0.041	  129.46	 67.19
 552.00	 547.36	 7.2637	34.2738	26.8175	 0.57	 24.91	0.041	  129.46	 66.16
 553.00	 548.35	 7.2619	34.2741	26.8180	 0.57	 24.96	0.042	  129.46	 65.15
 554.00	 549.34	 7.2584	34.2742	26.8186	 0.57	 24.90	0.042	  129.43	 64.18
 555.00	 550.33	 7.2536	34.2746	26.8196	 0.57	 24.73	0.042	  129.45	 63.23
 556.00	 551.32	 7.2530	34.2749	26.8199	 0.57	 24.72	0.041	  129.41	 62.27
 557.00	 552.31	 7.2526	34.2750	26.8201	 0.56	 24.18	0.040	  129.42	 61.34
 558.00	 553.30	 7.2496	34.2750	26.8205	 0.52	 22.62	0.040	  129.36	 60.33
 559.00	 554.29	 7.2288	34.2752	26.8235	 0.48	 20.72	0.040	  129.40	 59.27
 560.00	 555.28	 7.1187	34.2850	26.8465	 0.43	 18.59	0.040	  129.39	 58.23
 561.00	 556.27	 7.0309	34.2942	26.8659	 0.37	 16.15	0.041	  129.41	 57.18
 562.00	 557.26	 6.9162	34.3042	26.8894	 0.33	 14.30	0.041	  129.41	 56.24
 563.00	 558.25	 6.7955	34.3135	26.9131	 0.30	 13.19	0.042	  129.47	 55.21
 564.00	 559.24	 6.7209	34.3158	26.9248	 0.28	 12.34	0.041	  129.46	 54.24
 565.00	 560.23	 6.5685	34.3228	26.9506	 0.28	 11.98	0.040	  129.52	 53.23
 566.00	 561.22	 6.5141	34.3270	26.9611	 0.27	 11.87	0.041	  129.49	 52.23
 567.00	 562.21	 6.4988	34.3276	26.9636	 0.27	 11.79	0.041	  129.49	 51.23
 568.00	 563.20	 6.4734	34.3289	26.9679	 0.27	 11.65	0.040	  129.50	 50.23
 569.00	 564.19	 6.4373	34.3296	26.9732	 0.27	 11.54	0.040	  129.49	 49.24
 570.00	 565.18	 6.4069	34.3311	26.9784	 0.26	 11.52	0.042	  129.52	 48.32
 571.00	 566.17	 6.3939	34.3321	26.9809	 0.26	 11.50	0.042	  129.52	 47.29
 572.00	 567.16	 6.3713	34.3324	26.9841	 0.26	 11.45	0.040	  129.45	 46.35
 573.00	 568.15	 6.3583	34.3342	26.9872	 0.26	 11.52	0.040	  129.51	 45.27
 574.00	 569.14	 6.3563	34.3348	26.9879	 0.27	 11.59	0.041	  129.48	 44.27
 575.00	 570.13	 6.3512	34.3351	26.9889	 0.27	 11.58	0.041	  129.45	 43.22
 576.00	 571.12	 6.3462	34.3356	26.9899	 0.27	 11.59	0.041	  129.42	 42.21
 577.00	 572.11	 6.3370	34.3361	26.9915	 0.26	 11.46	0.042	  129.44	 41.22
 578.00	 573.10	 6.3296	34.3363	26.9927	 0.26	 11.44	0.041	  129.44	 40.25
 579.00	 574.09	 6.3089	34.3369	26.9958	 0.26	 11.38	0.041	  129.49	 39.22
 580.00	 575.08	 6.2951	34.3376	26.9982	 0.26	 11.18	0.041	  129.45	 38.22
 581.00	 576.07	 6.2851	34.3381	26.9998	 0.26	 11.30	0.041	  129.47	 37.21
 582.00	 577.07	 6.2685	34.3387	27.0024	 0.26	 11.31	0.041	  129.47	 36.20
 583.00	 578.06	 6.2562	34.3389	27.0042	 0.26	 11.12	0.041	  129.45	 35.17
 584.00	 579.05	 6.2368	34.3395	27.0072	 0.25	 11.04	0.041	  129.45	 34.18
 585.00	 580.04	 6.2258	34.3401	27.0090	 0.25	 10.98	0.042	  129.48	 33.22
 586.00	 581.03	 6.2129	34.3407	27.0112	 0.25	 10.84	0.042	  129.45	 32.27
 587.00	 582.02	 6.2052	34.3411	27.0125	 0.25	 10.87	0.042	  129.40	 31.30
 588.00	 583.01	 6.2009	34.3415	27.0134	 0.25	 10.93	0.040	  129.45	 30.31
 589.00	 584.00	 6.1966	34.3417	27.0141	 0.25	 10.95	0.040	  129.42	 29.28
 590.00	 584.99	 6.1919	34.3418	27.0148	 0.25	 10.75	0.041	  129.47	 28.24
 591.00	 585.98	 6.1849	34.3423	27.0161	 0.24	 10.64	0.041	  129.46	 27.15
 592.00	 586.97	 6.1773	34.3425	27.0172	 0.25	 10.67	0.041	  129.43	 26.12
 593.00	 587.96	 6.1643	34.3429	27.0192	 0.24	 10.53	0.042	  129.46	 25.12
 594.00	 588.95	 6.1535	34.3435	27.0211	 0.24	 10.59	0.042	  129.42	 24.17
 595.00	 589.94	 6.1481	34.3439	27.0221	 0.24	 10.64	0.042	  129.44	 23.21
 596.00	 590.93	 6.1444	34.3441	27.0228	 0.24	 10.59	0.042	  129.43	 22.22
 597.00	 591.92	 6.1395	34.3442	27.0235	 0.24	 10.55	0.042	  129.46	 21.20
 598.00	 592.91	 6.1314	34.3446	27.0248	 0.24	 10.51	0.041	  129.43	 20.15
 599.00	 593.90	 6.1254	34.3450	27.0259	 0.24	 10.39	0.042	  129.41	 19.03
 600.00	 594.89	 6.1197	34.3453	27.0269	 0.24	 10.37	0.042	  129.47	 17.94
 601.00	 595.88	 6.1196	34.3455	27.0270	 0.24	 10.31	0.042	  129.41	 16.91
 602.00	 596.87	 6.1183	34.3454	27.0271	 0.24	 10.33	0.041	  129.43	 15.89
 603.00	 597.86	 6.1201	34.3451	27.0267	 0.24	 10.28	0.041	  129.14	 14.80
