wcoa21_data_management/01_CRUISE_METADATA/00_OCADS_data/CTD_downcasts/WCOA_2021_CTD_downcasts/dRB2102_CTD_112_01_F.txt
* Sea-Bird SBE 9 Data:
* Software Version Seasave V 7.26.7.107
* Vessel: NOAA Ship Ronald H. Brown
* Cruise: RB2102, West Coast Ocean Acidification (WCOA) 2021
* Dates: 20210622 to 20210723
* Region: NE Pacific, USA West Coast
* Ports: San Diego, CA to Port Angeles, WA to San Diego, CA
* Chief Scientists: R. Feely, NOAA PMEL; D. Greeley, NOAA PMEL; B. Carter, NOAA PMEL / UW CICOES
*END*
   4.00	   3.97	15.5487	33.5961	24.7693	 6.66	290.42	0.223	  143.27	 99.86
   5.00	   4.96	15.5803	33.5971	24.7631	 6.69	291.63	0.228	  143.01	 99.86
   6.00	   5.96	15.5790	33.5973	24.7636	 6.68	291.20	0.232	  143.06	 99.87
   7.00	   6.95	15.5781	33.5973	24.7638	 6.69	291.74	0.248	  143.05	 99.87
   8.00	   7.94	15.5748	33.5975	24.7647	 6.72	292.82	0.247	  142.97	 99.87
   9.00	   8.94	15.5765	33.5973	24.7641	 6.68	291.31	0.244	  142.99	 99.87
  10.00	   9.93	15.5664	33.5970	24.7662	 6.64	289.24	0.245	  142.96	 99.88
  11.00	  10.92	15.5380	33.5961	24.7719	 6.65	289.93	0.243	  142.94	 99.88
  12.00	  11.91	15.5253	33.5963	24.7749	 6.62	288.43	0.243	  142.95	 99.86
  13.00	  12.91	15.4995	33.5952	24.7798	 6.44	280.54	0.242	  142.85	 99.85
  14.00	  13.90	15.4361	33.5910	24.7906	 6.10	265.68	0.244	  142.92	 99.85
  15.00	  14.89	15.1883	33.5816	24.8380	 5.70	248.52	0.240	  143.05	 99.85
  16.00	  15.88	14.7472	33.5660	24.9217	 5.34	232.56	0.226	  143.24	 99.82
  17.00	  16.88	13.6612	33.5396	25.1289	 5.17	225.45	0.165	  143.68	 99.73
  18.00	  17.87	13.0550	33.5380	25.2499	 5.05	219.95	0.087	  143.95	 99.56
  19.00	  18.86	12.9729	33.5375	25.2659	 4.95	215.83	0.082	  143.96	 99.45
  20.00	  19.86	12.8733	33.5418	25.2889	 4.87	212.21	0.080	  144.02	 99.40
  21.00	  20.85	12.7311	33.5469	25.3208	 4.74	206.61	0.077	  144.18	 99.36
  22.00	  21.84	12.5113	33.5556	25.3703	 4.58	199.61	0.073	  144.27	 99.33
  23.00	  22.83	12.3283	33.5622	25.4107	 4.44	193.17	0.070	  144.37	 99.32
  24.00	  23.83	12.1264	33.5701	25.4553	 4.31	187.73	0.066	  144.53	 99.32
  25.00	  24.82	11.8824	33.5831	25.5114	 4.22	183.97	0.063	  144.59	 99.31
  26.00	  25.81	11.6571	33.5951	25.5627	 4.16	181.22	0.060	  144.66	 99.31
  27.00	  26.81	11.5871	33.6001	25.5795	 4.11	178.83	0.059	  144.76	 99.32
  28.00	  27.80	11.5525	33.6037	25.5887	 4.06	176.78	0.059	  144.80	 99.32
  29.00	  28.79	11.4926	33.6060	25.6015	 4.01	174.77	0.059	  144.77	 99.32
  30.00	  29.78	11.3769	33.6143	25.6291	 3.97	172.98	0.057	  144.84	 99.34
  31.00	  30.78	11.3013	33.6205	25.6478	 3.92	170.74	0.056	  144.92	 99.34
  32.00	  31.77	11.2622	33.6250	25.6583	 3.88	169.15	0.055	  144.95	 99.34
  33.00	  32.76	11.2406	33.6277	25.6644	 3.85	167.82	0.054	  145.02	 99.35
  34.00	  33.75	11.1732	33.6367	25.6836	 3.82	166.47	0.053	  145.04	 99.36
  35.00	  34.75	11.1451	33.6441	25.6945	 3.75	163.22	0.052	  145.09	 99.37
  36.00	  35.74	11.0682	33.6578	25.7190	 3.68	160.34	0.052	  145.08	 90.79
  37.00	  36.73	10.9382	33.6704	25.7520	 3.66	159.37	0.051	  145.12	 98.97
  38.00	  37.72	10.8776	33.6835	25.7730	 3.64	158.33	0.050	  145.15	 99.39
  39.00	  38.72	10.8886	33.6919	25.7776	 3.62	157.48	0.049	  145.18	 99.40
  40.00	  39.71	10.8618	33.6980	25.7871	 3.58	156.02	0.049	  145.19	 99.41
  41.00	  40.70	10.8207	33.7081	25.8023	 3.54	154.21	0.049	  145.26	 99.41
  42.00	  41.70	10.7482	33.7108	25.8172	 3.51	152.73	0.048	  145.22	 99.41
  43.00	  42.69	10.6729	33.7212	25.8386	 3.47	150.95	0.047	  145.25	 99.42
  44.00	  43.68	10.5626	33.7365	25.8697	 3.43	149.36	0.047	  145.28	 99.44
  45.00	  44.67	10.5344	33.7402	25.8776	 3.43	149.28	0.046	  145.26	 99.44
  46.00	  45.67	10.5274	33.7409	25.8794	 3.42	148.79	0.045	  145.28	 99.44
  47.00	  46.66	10.4987	33.7453	25.8878	 3.41	148.33	0.046	  145.29	 99.45
  48.00	  47.65	10.4800	33.7493	25.8942	 3.39	147.69	0.045	  145.31	 99.46
  49.00	  48.64	10.4659	33.7519	25.8987	 3.37	146.86	0.045	  145.25	 99.46
  50.00	  49.64	10.4485	33.7542	25.9035	 3.36	146.41	0.045	  145.28	 99.46
  51.00	  50.63	10.4312	33.7574	25.9090	 3.35	145.62	0.045	  145.30	 99.46
  52.00	  51.62	10.3846	33.7671	25.9247	 3.31	144.03	0.045	  145.29	 99.46
  53.00	  52.61	10.3384	33.7767	25.9402	 3.28	142.95	0.044	  145.31	 99.46
  54.00	  53.61	10.3194	33.7811	25.9468	 3.27	142.39	0.044	  145.29	 99.47
  55.00	  54.60	10.3007	33.7844	25.9527	 3.26	142.10	0.044	  145.28	 99.49
  56.00	  55.59	10.2641	33.7926	25.9653	 3.25	141.44	0.043	  145.22	 99.49
  57.00	  56.58	10.2521	33.7966	25.9706	 3.24	140.82	0.044	  145.29	 99.49
  58.00	  57.58	10.2433	33.8007	25.9753	 3.22	140.34	0.043	  145.24	 99.49
  59.00	  58.57	10.2365	33.8055	25.9802	 3.20	139.17	0.043	  145.19	 99.49
  60.00	  59.56	10.2147	33.8106	25.9879	 3.18	138.36	0.043	  145.24	 99.50
  61.00	  60.55	10.1780	33.8152	25.9978	 3.18	138.42	0.043	  145.25	 99.50
  62.00	  61.55	10.1656	33.8168	26.0012	 3.17	137.91	0.043	  145.17	 99.50
  63.00	  62.54	10.1482	33.8197	26.0065	 3.16	137.38	0.043	  145.19	 99.51
  64.00	  63.53	10.1335	33.8225	26.0111	 3.14	136.48	0.042	  145.13	 99.51
  65.00	  64.52	10.1084	33.8291	26.0206	 3.11	135.25	0.043	  145.10	 99.51
  66.00	  65.52	10.0893	33.8371	26.0301	 3.09	134.47	0.042	  145.09	 99.51
  67.00	  66.51	10.0779	33.8406	26.0348	 3.07	133.67	0.043	  145.09	 99.52
  68.00	  67.50	10.0723	33.8450	26.0392	 3.06	133.03	0.042	  145.09	 99.53
  69.00	  68.50	10.0650	33.8461	26.0413	 3.05	132.92	0.043	  145.05	 99.54
  70.00	  69.49	10.0458	33.8481	26.0461	 3.05	132.65	0.042	  145.03	 99.54
  71.00	  70.48	10.0355	33.8509	26.0500	 3.04	132.10	0.042	  145.06	 99.54
  72.00	  71.47	10.0194	33.8548	26.0559	 3.01	131.07	0.042	  145.01	 99.54
  73.00	  72.47	 9.9896	33.8623	26.0667	 2.97	129.44	0.042	  144.99	 99.54
  74.00	  73.46	 9.9803	33.8679	26.0727	 2.93	127.46	0.042	  145.02	 99.54
  75.00	  74.45	 9.9786	33.8728	26.0768	 2.92	127.08	0.042	  144.98	 99.54
  76.00	  75.44	 9.9783	33.8741	26.0779	 2.90	126.35	0.042	  144.97	 99.56
  77.00	  76.44	 9.9773	33.8765	26.0800	 2.87	125.09	0.042	  145.00	 99.56
  78.00	  77.43	 9.9647	33.8806	26.0853	 2.86	124.30	0.042	  144.98	 99.56
  79.00	  78.42	 9.9577	33.8841	26.0892	 2.85	123.96	0.041	  144.93	 99.56
  80.00	  79.41	 9.9468	33.8866	26.0930	 2.85	123.86	0.041	  144.91	 99.56
  81.00	  80.40	 9.9389	33.8891	26.0964	 2.83	123.31	0.040	  144.89	 99.57
  82.00	  81.40	 9.9356	33.8903	26.0979	 2.82	122.64	0.040	  144.87	 99.58
  83.00	  82.39	 9.9264	33.8935	26.1020	 2.80	121.78	0.040	  144.86	 99.58
  84.00	  83.38	 9.9156	33.8975	26.1068	 2.79	121.33	0.040	  144.80	 99.58
  85.00	  84.37	 9.9060	33.8999	26.1104	 2.77	120.72	0.041	  144.81	 99.58
  86.00	  85.37	 9.8914	33.9039	26.1160	 2.76	120.33	0.041	  144.86	 99.58
  87.00	  86.36	 9.8762	33.9077	26.1215	 2.74	119.39	0.041	  144.79	 99.58
  88.00	  87.35	 9.8612	33.9136	26.1286	 2.71	118.08	0.040	  144.76	 99.59
  89.00	  88.34	 9.8498	33.9173	26.1334	 2.72	118.44	0.041	  144.79	 99.59
  90.00	  89.34	 9.8445	33.9185	26.1353	 2.72	118.45	0.041	  144.74	 99.60
  91.00	  90.33	 9.8401	33.9192	26.1366	 2.71	118.12	0.041	  144.72	 99.61
  92.00	  91.32	 9.8363	33.9200	26.1379	 2.70	117.55	0.040	  144.69	 99.61
  93.00	  92.31	 9.8310	33.9214	26.1399	 2.69	117.23	0.040	  144.73	 99.61
  94.00	  93.31	 9.8244	33.9231	26.1423	 2.68	116.81	0.040	  144.68	 99.60
  95.00	  94.30	 9.8060	33.9282	26.1494	 2.68	116.46	0.040	  144.71	 99.61
  96.00	  95.29	 9.7908	33.9323	26.1552	 2.67	116.10	0.040	  144.61	 99.61
  97.00	  96.28	 9.7849	33.9339	26.1574	 2.66	115.95	0.040	  144.56	 99.61
  98.00	  97.28	 9.7795	33.9352	26.1594	 2.66	115.74	0.040	  144.59	 99.61
  99.00	  98.27	 9.7746	33.9365	26.1612	 2.66	115.75	0.040	  144.58	 99.61
 100.00	  99.26	 9.7712	33.9372	26.1623	 2.66	115.59	0.040	  144.53	 99.62
 101.00	 100.25	 9.7672	33.9381	26.1637	 2.65	115.33	0.040	  144.52	 99.62
 102.00	 101.25	 9.7526	33.9411	26.1685	 2.65	115.19	0.040	  144.54	 99.62
 103.00	 102.24	 9.7290	33.9444	26.1751	 2.64	114.72	0.040	  144.55	 99.62
 104.00	 103.23	 9.7016	33.9509	26.1846	 2.62	114.15	0.040	  144.54	 99.62
 105.00	 104.22	 9.6951	33.9535	26.1878	 2.61	113.60	0.040	  144.47	 99.62
 106.00	 105.21	 9.6736	33.9557	26.1931	 2.59	112.75	0.040	  144.46	 99.63
 107.00	 106.21	 9.6553	33.9612	26.2004	 2.57	111.90	0.040	  144.52	 99.63
 108.00	 107.20	 9.6424	33.9651	26.2056	 2.56	111.38	0.040	  144.45	 99.63
 109.00	 108.19	 9.6302	33.9692	26.2109	 2.56	111.49	0.040	  144.49	 99.63
 110.00	 109.18	 9.6256	33.9690	26.2115	 2.56	111.23	0.040	  144.37	 99.63
 111.00	 110.18	 9.6237	33.9719	26.2141	 2.54	110.66	0.041	  144.38	 99.63
 112.00	 111.17	 9.6210	33.9728	26.2152	 2.54	110.60	0.040	  144.39	 99.63
 113.00	 112.16	 9.6198	33.9735	26.2160	 2.54	110.56	0.040	  144.42	 99.63
 114.00	 113.15	 9.6180	33.9741	26.2168	 2.54	110.45	0.040	  144.32	 99.64
 115.00	 114.15	 9.6156	33.9746	26.2176	 2.54	110.53	0.040	  144.31	 99.63
 116.00	 115.14	 9.6120	33.9755	26.2189	 2.54	110.49	0.041	  144.29	 99.64
 117.00	 116.13	 9.6089	33.9761	26.2199	 2.53	110.26	0.041	  144.27	 99.63
 118.00	 117.12	 9.6060	33.9770	26.2211	 2.53	109.92	0.040	  144.28	 99.64
 119.00	 118.11	 9.6057	33.9772	26.2213	 2.52	109.68	0.040	  144.26	 99.64
 120.00	 119.11	 9.6035	33.9780	26.2223	 2.51	109.41	0.040	  144.23	 99.64
 121.00	 120.10	 9.5986	33.9793	26.2242	 2.51	109.17	0.040	  144.25	 99.65
 122.00	 121.09	 9.5946	33.9804	26.2257	 2.51	109.42	0.040	  144.25	 99.65
 123.00	 122.08	 9.5907	33.9809	26.2268	 2.52	109.66	0.040	  144.20	 99.65
 124.00	 123.08	 9.5829	33.9811	26.2283	 2.52	109.69	0.040	  144.20	 99.65
 125.00	 124.07	 9.5702	33.9818	26.2309	 2.53	109.97	0.040	  144.14	 99.65
 126.00	 125.06	 9.5617	33.9822	26.2326	 2.53	109.96	0.040	  144.16	 99.65
 127.00	 126.05	 9.5583	33.9825	26.2334	 2.52	109.70	0.040	  144.17	 99.65
 128.00	 127.05	 9.5546	33.9840	26.2352	 2.51	109.26	0.040	  144.14	 99.65
 129.00	 128.04	 9.5496	33.9847	26.2366	 2.50	108.93	0.040	  144.08	 99.65
 130.00	 129.03	 9.5459	33.9863	26.2385	 2.48	107.92	0.040	  144.10	 99.65
 131.00	 130.02	 9.5468	33.9897	26.2410	 2.45	106.61	0.041	  144.05	 99.66
 132.00	 131.01	 9.5261	33.9953	26.2488	 2.45	106.76	0.040	  144.11	 99.65
 133.00	 132.01	 9.4556	34.0003	26.2643	 2.46	107.18	0.040	  144.14	 99.66
 134.00	 133.00	 9.4228	34.0032	26.2719	 2.46	107.05	0.041	  144.07	 99.66
 135.00	 133.99	 9.4062	34.0050	26.2760	 2.46	107.14	0.040	  144.08	 99.66
 136.00	 134.98	 9.3785	34.0064	26.2816	 2.47	107.35	0.040	  144.07	 99.66
 137.00	 135.97	 9.3480	34.0100	26.2894	 2.46	107.01	0.040	  144.06	 99.66
 138.00	 136.97	 9.3392	34.0114	26.2920	 2.44	105.98	0.040	  144.11	 99.66
 139.00	 137.96	 9.3208	34.0142	26.2971	 2.43	105.79	0.040	  144.04	 99.66
 140.00	 138.95	 9.3077	34.0173	26.3017	 2.43	105.69	0.040	  144.07	 99.66
 141.00	 139.94	 9.2975	34.0199	26.3055	 2.42	105.33	0.040	  144.02	 99.66
 142.00	 140.94	 9.2911	34.0229	26.3088	 2.41	104.98	0.040	  144.03	 99.66
 143.00	 141.93	 9.2859	34.0254	26.3116	 2.41	104.96	0.040	  144.02	 99.67
 144.00	 142.92	 9.2832	34.0267	26.3131	 2.41	104.85	0.040	  144.01	 99.67
 145.00	 143.91	 9.2795	34.0284	26.3151	 2.41	104.83	0.040	  143.94	 99.67
 146.00	 144.90	 9.2777	34.0292	26.3160	 2.41	104.66	0.041	  143.89	 99.67
 147.00	 145.90	 9.2751	34.0303	26.3173	 2.40	104.39	0.040	  143.92	 99.68
 148.00	 146.89	 9.2724	34.0317	26.3188	 2.40	104.33	0.040	  143.93	 99.67
 149.00	 147.88	 9.2701	34.0332	26.3204	 2.39	104.16	0.040	  143.94	 99.67
 150.00	 148.87	 9.2695	34.0337	26.3209	 2.39	103.82	0.040	  143.90	 99.68
 151.00	 149.87	 9.2692	34.0340	26.3212	 2.39	103.83	0.040	  143.84	 99.68
 152.00	 150.86	 9.2691	34.0342	26.3214	 2.38	103.74	0.040	  143.86	 99.68
 153.00	 151.85	 9.2690	34.0343	26.3215	 2.38	103.55	0.040	  143.89	 99.68
 154.00	 152.84	 9.2686	34.0344	26.3217	 2.37	103.33	0.040	  143.82	 99.68
 155.00	 153.83	 9.2665	34.0349	26.3224	 2.38	103.42	0.040	  143.84	 99.68
 156.00	 154.83	 9.2631	34.0356	26.3235	 2.38	103.51	0.040	  143.82	 99.68
 157.00	 155.82	 9.2602	34.0360	26.3244	 2.38	103.45	0.040	  143.82	 99.68
 158.00	 156.81	 9.2574	34.0366	26.3252	 2.37	103.17	0.040	  143.82	 99.68
 159.00	 157.80	 9.2561	34.0365	26.3255	 2.36	102.79	0.040	  143.81	 99.68
 160.00	 158.79	 9.2509	34.0366	26.3264	 2.35	102.12	0.040	  143.78	 99.68
 161.00	 159.79	 9.2261	34.0390	26.3322	 2.34	101.70	0.040	  143.75	 99.68
 162.00	 160.78	 9.2045	34.0419	26.3380	 2.34	101.92	0.040	  143.77	 99.68
 163.00	 161.77	 9.1924	34.0430	26.3408	 2.34	101.72	0.040	  143.78	 99.68
 164.00	 162.76	 9.1742	34.0444	26.3448	 2.32	100.91	0.040	  143.73	 99.68
 165.00	 163.75	 9.1603	34.0453	26.3478	 2.29	 99.76	0.040	  143.74	 99.68
 166.00	 164.75	 9.1330	34.0498	26.3557	 2.29	 99.58	0.040	  143.75	 99.68
 167.00	 165.74	 9.1135	34.0549	26.3628	 2.28	 99.38	0.040	  143.76	 99.68
 168.00	 166.73	 9.1072	34.0579	26.3662	 2.28	 99.13	0.040	  143.77	 99.69
 169.00	 167.72	 9.1029	34.0623	26.3704	 2.25	 98.08	0.040	  143.76	 99.70
 170.00	 168.71	 9.0958	34.0674	26.3755	 2.24	 97.29	0.040	  143.74	 99.70
 171.00	 169.71	 9.0919	34.0690	26.3774	 2.23	 97.07	0.039	  143.79	 99.70
 172.00	 170.70	 9.0905	34.0700	26.3784	 2.22	 96.58	0.039	  143.76	 99.70
 173.00	 171.69	 9.0890	34.0709	26.3793	 2.20	 95.67	0.040	  143.76	 99.71
 174.00	 172.68	 9.0844	34.0725	26.3814	 2.16	 94.07	0.040	  143.73	 99.71
 175.00	 173.67	 9.0764	34.0745	26.3842	 2.12	 92.41	0.040	  143.74	 99.71
 176.00	 174.67	 9.0717	34.0755	26.3858	 2.11	 91.81	0.040	  143.75	 99.71
 177.00	 175.66	 9.0693	34.0762	26.3868	 2.10	 91.52	0.040	  143.77	 99.71
 178.00	 176.65	 9.0678	34.0769	26.3875	 2.09	 90.82	0.040	  143.76	 99.72
 179.00	 177.64	 9.0653	34.0778	26.3887	 2.00	 86.86	0.040	  143.67	 99.73
 180.00	 178.63	 9.0727	34.0844	26.3927	 1.79	 77.73	0.040	  143.71	 99.73
 181.00	 179.63	 9.0785	34.0904	26.3964	 1.70	 73.76	0.040	  143.74	 99.73
 182.00	 180.62	 9.1067	34.1033	26.4020	 1.67	 72.87	0.040	  143.78	 99.73
 183.00	 181.61	 9.1254	34.1093	26.4038	 1.70	 73.79	0.040	  143.84	 99.73
 184.00	 182.60	 9.1339	34.1117	26.4043	 1.70	 73.95	0.040	  143.83	 99.75
 185.00	 183.59	 9.1367	34.1129	26.4048	 1.67	 72.54	0.040	  143.79	 99.78
 186.00	 184.59	 9.1389	34.1137	26.4051	 1.67	 72.68	0.040	  143.78	 99.78
 187.00	 185.58	 9.1391	34.1146	26.4058	 1.67	 72.53	0.040	  143.86	 99.79
 188.00	 186.57	 9.1317	34.1161	26.4082	 1.67	 72.50	0.040	  143.80	 99.79
 189.00	 187.56	 9.1249	34.1173	26.4103	 1.66	 72.44	0.040	  143.86	 99.79
 190.00	 188.55	 9.1191	34.1174	26.4112	 1.66	 72.41	0.041	  143.82	 99.80
 191.00	 189.55	 9.1068	34.1180	26.4138	 1.66	 72.10	0.040	  143.78	 99.80
 192.00	 190.54	 9.0992	34.1191	26.4158	 1.63	 71.04	0.040	  143.80	 99.80
 193.00	 191.53	 9.0934	34.1208	26.4181	 1.62	 70.31	0.040	  143.83	 99.80
 194.00	 192.52	 9.0680	34.1262	26.4263	 1.62	 70.31	0.040	  143.82	 99.80
 195.00	 193.51	 9.0469	34.1295	26.4323	 1.62	 70.61	0.040	  143.85	 99.80
 196.00	 194.51	 9.0332	34.1322	26.4366	 1.62	 70.50	0.040	  143.83	 99.80
 197.00	 195.50	 9.0240	34.1337	26.4393	 1.61	 70.10	0.040	  143.79	 99.80
 198.00	 196.49	 9.0187	34.1350	26.4412	 1.61	 70.04	0.040	  143.79	 99.80
 199.00	 197.48	 9.0121	34.1364	26.4433	 1.61	 69.87	0.040	  143.79	 99.80
 200.00	 198.47	 9.0078	34.1377	26.4450	 1.60	 69.75	0.040	  143.74	 99.80
 201.00	 199.47	 9.0012	34.1399	26.4478	 1.60	 69.53	0.040	  143.77	 99.81
 202.00	 200.46	 8.9979	34.1409	26.4492	 1.59	 69.26	0.040	  143.75	 99.80
 203.00	 201.45	 8.9956	34.1415	26.4500	 1.59	 69.09	0.040	  143.76	 99.80
 204.00	 202.44	 8.9928	34.1421	26.4509	 1.58	 68.63	0.040	  143.77	 99.81
 205.00	 203.43	 8.9887	34.1430	26.4523	 1.56	 68.06	0.040	  143.83	 99.80
 206.00	 204.42	 8.9838	34.1443	26.4542	 1.55	 67.65	0.040	  143.78	 99.80
 207.00	 205.42	 8.9662	34.1478	26.4597	 1.55	 67.57	0.041	  143.75	 99.81
 208.00	 206.41	 8.9536	34.1512	26.4644	 1.55	 67.46	0.041	  143.78	 99.81
 209.00	 207.40	 8.9440	34.1535	26.4677	 1.53	 66.75	0.040	  143.72	 99.82
 210.00	 208.39	 8.9285	34.1568	26.4727	 1.51	 65.56	0.040	  143.76	 99.82
 211.00	 209.38	 8.9216	34.1577	26.4745	 1.48	 64.42	0.040	  143.80	 99.82
 212.00	 210.38	 8.9079	34.1594	26.4780	 1.46	 63.58	0.040	  143.73	 99.82
 213.00	 211.37	 8.8913	34.1625	26.4831	 1.45	 62.98	0.040	  143.83	 99.83
 214.00	 212.36	 8.8803	34.1640	26.4861	 1.44	 62.72	0.040	  143.77	 99.83
 215.00	 213.35	 8.8604	34.1675	26.4919	 1.44	 62.59	0.040	  143.81	 99.83
 216.00	 214.34	 8.8508	34.1701	26.4955	 1.43	 62.07	0.040	  143.76	 99.83
