wcoa21_data_management/01_CRUISE_METADATA/00_OCADS_data/CTD_downcasts/WCOA_2021_CTD_downcasts/dRB2102_CTD_075_01_F.txt
* Sea-Bird SBE 9 Data:
* Software Version Seasave V 7.26.7.107
* Vessel: NOAA Ship Ronald H. Brown
* Cruise: RB2102, West Coast Ocean Acidification (WCOA) 2021
* Dates: 20210622 to 20210723
* Region: NE Pacific, USA West Coast
* Ports: San Diego, CA to Port Angeles, WA to San Diego, CA
* Chief Scientists: R. Feely, NOAA PMEL; D. Greeley, NOAA PMEL; B. Carter, NOAA PMEL / UW CICOES
*END*
   5.00	   4.96	 9.2007	33.9568	26.2693	 3.83	166.65	0.050	  148.74	 56.40
   6.00	   5.95	 9.2007	33.9564	26.2690	 3.60	156.50	0.050	  148.97	101.23
   7.00	   6.95	 9.2145	33.9543	26.2652	 3.52	153.20	0.051	  149.02	 99.48
   8.00	   7.94	 9.2135	33.9536	26.2648	 3.50	152.16	0.050	  148.97	 99.49
   9.00	   8.93	 9.1892	33.9556	26.2703	 3.46	150.76	0.050	  148.94	 99.49
  10.00	   9.92	 9.1985	33.9541	26.2676	 3.47	151.01	0.051	  148.93	 99.49
  11.00	  10.92	 9.2064	33.9525	26.2651	 3.48	151.57	0.051	  148.89	 99.50
  12.00	  11.91	 9.2141	33.9512	26.2629	 3.49	151.68	0.051	  148.83	 99.49
  13.00	  12.90	 9.1949	33.9537	26.2679	 3.47	151.00	0.050	  148.72	 99.49
  14.00	  13.89	 9.2001	33.9525	26.2661	 3.47	150.94	0.051	  148.38	 99.50
  15.00	  14.88	 9.2069	33.9504	26.2635	 3.48	151.30	0.050	  147.70	 99.49
  16.00	  15.88	 9.2046	33.9506	26.2640	 3.46	150.66	0.049	  147.67	 99.50
  17.00	  16.87	 9.2069	33.9503	26.2634	 3.47	151.14	0.049	  147.63	 99.50
  18.00	  17.86	 9.2057	33.9493	26.2629	 3.47	151.18	0.050	  147.65	 99.50
  19.00	  18.85	 9.2038	33.9507	26.2642	 3.47	150.96	0.050	  147.55	 99.50
  20.00	  19.85	 9.2053	33.9505	26.2638	 3.47	151.21	0.050	  147.54	 99.50
  21.00	  20.84	 9.2069	33.9503	26.2635	 3.47	150.85	0.050	  147.53	 99.50
  22.00	  21.83	 9.2007	33.9509	26.2649	 3.46	150.39	0.049	  147.52	 99.50
  23.00	  22.82	 9.1973	33.9511	26.2657	 3.45	149.99	0.049	  147.51	 99.50
  24.00	  23.81	 9.1976	33.9511	26.2656	 3.44	149.69	0.050	  147.50	 99.51
  25.00	  24.81	 9.1617	33.9559	26.2752	 3.40	147.91	0.050	  147.50	 99.51
  26.00	  25.80	 9.1186	33.9604	26.2856	 3.33	144.82	0.050	  147.54	 99.51
  27.00	  26.79	 9.0756	33.9662	26.2970	 3.29	143.21	0.049	  147.50	 99.52
  28.00	  27.78	 9.0638	33.9687	26.3009	 3.26	141.82	0.049	  147.51	 99.54
  29.00	  28.78	 9.0383	33.9710	26.3068	 3.24	140.78	0.048	  147.52	 99.54
  30.00	  29.77	 9.0366	33.9718	26.3077	 3.23	140.54	0.049	  147.54	 99.55
  31.00	  30.76	 9.0378	33.9716	26.3074	 3.23	140.67	0.048	  147.48	 99.55
  32.00	  31.75	 9.0421	33.9712	26.3063	 3.23	140.47	0.049	  147.51	 99.55
  33.00	  32.74	 9.0464	33.9707	26.3053	 3.25	141.27	0.049	  147.48	 98.71
  34.00	  33.74	 9.0505	33.9703	26.3043	 3.25	141.43	0.049	  147.49	 99.57
  35.00	  34.73	 9.0530	33.9700	26.3037	 3.24	141.19	0.049	  147.48	 99.55
  36.00	  35.72	 9.0537	33.9699	26.3036	 3.23	140.62	0.048	  147.49	 99.54
  37.00	  36.71	 9.0543	33.9699	26.3035	 3.22	140.32	0.049	  147.48	 99.55
  38.00	  37.70	 9.0550	33.9699	26.3034	 3.24	140.79	0.049	  147.50	 99.55
  39.00	  38.70	 9.0557	33.9699	26.3033	 3.25	141.23	0.050	  147.43	 99.55
  40.00	  39.69	 9.0568	33.9697	26.3030	 3.24	141.16	0.049	  147.45	 99.55
  41.00	  40.68	 9.0600	33.9693	26.3022	 3.25	141.41	0.049	  147.42	 99.55
  42.00	  41.67	 9.0632	33.9689	26.3014	 3.26	142.03	0.050	  147.32	 99.55
  43.00	  42.67	 9.0653	33.9686	26.3009	 3.26	141.82	0.050	  147.31	 98.16
  44.00	  43.66	 9.0620	33.9689	26.3016	 3.25	141.51	0.050	  147.38	 96.99
  45.00	  44.65	 9.0523	33.9698	26.3039	 3.24	141.13	0.049	  147.36	 99.42
  46.00	  45.64	 9.0550	33.9695	26.3033	 3.24	141.05	0.049	  147.28	 96.33
  47.00	  46.63	 9.0573	33.9697	26.3030	 3.25	141.41	0.049	  147.34	 96.26
  48.00	  47.63	 9.0596	33.9698	26.3027	 3.26	141.96	0.048	  147.34	 99.50
  49.00	  48.62	 9.0633	33.9693	26.3018	 3.26	141.93	0.049	  147.30	 96.31
  50.00	  49.61	 9.0669	33.9688	26.3008	 3.27	142.30	0.049	  147.33	 97.17
  51.00	  50.60	 9.0702	33.9683	26.2999	 3.28	142.55	0.048	  147.29	 97.09
  52.00	  51.59	 9.0728	33.9679	26.2992	 3.28	142.80	0.048	  147.23	 99.57
  53.00	  52.59	 9.0740	33.9677	26.2989	 3.27	142.47	0.048	  147.24	 96.48
  54.00	  53.58	 9.0724	33.9677	26.2992	 3.27	142.35	0.048	  147.23	 96.93
  55.00	  54.57	 9.0726	33.9679	26.2993	 3.26	141.93	0.048	  147.25	 99.40
  56.00	  55.56	 9.0592	33.9680	26.3015	 3.22	139.95	0.050	  147.21	 99.54
  57.00	  56.55	 9.0128	33.9741	26.3137	 3.19	138.67	0.048	  147.29	 99.54
  58.00	  57.55	 8.9879	33.9763	26.3194	 3.17	138.12	0.047	  147.26	 93.12
  59.00	  58.54	 8.9871	33.9763	26.3195	 3.16	137.57	0.048	  147.28	 99.42
  60.00	  59.53	 8.9875	33.9766	26.3198	 3.16	137.51	0.048	  147.28	 98.36
  61.00	  60.52	 8.9870	33.9767	26.3199	 3.17	137.73	0.048	  147.24	 96.60
  62.00	  61.51	 8.9866	33.9767	26.3200	 3.17	137.78	0.048	  147.24	 99.54
  63.00	  62.51	 8.9914	33.9764	26.3190	 3.17	137.76	0.047	  147.27	 99.56
  64.00	  63.50	 8.9961	33.9761	26.3180	 3.16	137.67	0.049	  147.23	 99.56
  65.00	  64.49	 8.9931	33.9764	26.3188	 3.16	137.52	0.048	  147.22	 95.39
  66.00	  65.48	 8.9902	33.9766	26.3194	 3.16	137.44	0.048	  147.26	 99.32
  67.00	  66.47	 8.9855	33.9771	26.3205	 3.15	137.16	0.048	  147.25	 99.56
  68.00	  67.47	 8.9819	33.9774	26.3214	 3.14	136.48	0.046	  147.23	 99.56
  69.00	  68.46	 8.9746	33.9778	26.3228	 3.12	135.61	0.047	  147.22	 99.56
  70.00	  69.45	 8.9571	33.9796	26.3271	 3.11	135.36	0.047	  147.24	 99.56
  71.00	  70.44	 8.9464	33.9808	26.3297	 3.11	135.44	0.047	  147.24	 99.57
  72.00	  71.43	 8.9498	33.9806	26.3291	 3.11	135.37	0.047	  147.28	 99.58
  73.00	  72.43	 8.9505	33.9804	26.3288	 3.11	135.15	0.046	  147.22	 99.58
  74.00	  73.42	 8.9511	33.9802	26.3285	 3.10	134.93	0.047	  147.25	 99.58
  75.00	  74.41	 8.9550	33.9804	26.3281	 3.09	134.30	0.048	  147.24	 99.58
  76.00	  75.40	 8.9161	33.9832	26.3365	 3.05	132.91	0.048	  147.23	 99.58
  77.00	  76.39	 8.8884	33.9860	26.3430	 3.04	132.33	0.046	  147.26	 99.58
  78.00	  77.39	 8.8802	33.9870	26.3451	 3.03	131.87	0.047	  147.28	 99.58
  79.00	  78.38	 8.8840	33.9869	26.3445	 3.02	131.46	0.048	  147.28	 99.58
  80.00	  79.37	 8.8796	33.9873	26.3455	 3.02	131.47	0.046	  147.29	 99.58
  81.00	  80.36	 8.8815	33.9873	26.3452	 3.02	131.59	0.046	  147.28	 99.59
  82.00	  81.35	 8.8834	33.9871	26.3448	 3.03	131.73	0.047	  147.29	 99.59
  83.00	  82.35	 8.8854	33.9870	26.3444	 3.02	131.63	0.046	  147.27	 99.59
  84.00	  83.34	 8.8847	33.9871	26.3446	 3.02	131.58	0.046	  147.24	 99.58
  85.00	  84.33	 8.8836	33.9872	26.3449	 3.02	131.33	0.046	  147.23	 99.59
  86.00	  85.32	 8.8843	33.9871	26.3447	 3.02	131.37	0.046	  147.22	 99.59
  87.00	  86.31	 8.8737	33.9876	26.3468	 3.01	131.13	0.046	  147.26	 99.59
  88.00	  87.31	 8.8698	33.9885	26.3481	 3.01	130.94	0.047	  147.21	 99.59
  89.00	  88.30	 8.8678	33.9886	26.3485	 3.01	130.78	0.046	  147.24	 99.60
  90.00	  89.29	 8.8628	33.9891	26.3497	 3.00	130.57	0.045	  147.19	 99.60
  91.00	  90.28	 8.8625	33.9893	26.3499	 3.00	130.50	0.046	  147.22	 99.60
  92.00	  91.27	 8.8622	33.9891	26.3499	 2.99	130.30	0.047	  147.20	 99.61
  93.00	  92.26	 8.8609	33.9894	26.3503	 2.99	130.10	0.046	  147.21	 99.61
  94.00	  93.26	 8.8608	33.9894	26.3503	 2.99	130.22	0.046	  147.18	 99.61
  95.00	  94.25	 8.8635	33.9891	26.3497	 3.00	130.47	0.046	  147.20	 99.61
  96.00	  95.24	 8.8662	33.9890	26.3492	 3.00	130.73	0.046	  147.19	 99.61
  97.00	  96.23	 8.8689	33.9888	26.3486	 3.00	130.73	0.047	  147.14	 99.61
  98.00	  97.22	 8.8679	33.9889	26.3489	 3.00	130.59	0.046	  147.12	 99.60
  99.00	  98.22	 8.8711	33.9886	26.3481	 3.00	130.52	0.046	  147.16	 99.60
 100.00	  99.21	 8.8740	33.9883	26.3475	 3.00	130.58	0.046	  147.18	 99.60
 101.00	 100.20	 8.8772	33.9878	26.3466	 3.01	130.89	0.046	  147.14	 99.61
 102.00	 101.19	 8.8658	33.9889	26.3493	 3.01	130.90	0.046	  147.18	 99.60
 103.00	 102.18	 8.8684	33.9889	26.3489	 3.01	130.86	0.046	  147.12	 99.60
 104.00	 103.18	 8.8714	33.9886	26.3482	 3.01	130.99	0.047	  147.14	 99.60
 105.00	 104.17	 8.8745	33.9884	26.3475	 3.01	130.99	0.047	  147.12	 99.60
 106.00	 105.16	 8.8697	33.9887	26.3485	 3.00	130.72	0.046	  147.13	 99.61
 107.00	 106.15	 8.8691	33.9891	26.3490	 3.00	130.48	0.046	  147.10	 85.40
 108.00	 107.14	 8.8623	33.9895	26.3504	 2.99	130.30	0.046	  147.12	 99.21
 109.00	 108.13	 8.8600	33.9897	26.3509	 2.99	130.07	0.047	  147.12	 99.61
 110.00	 109.13	 8.8592	33.9898	26.3512	 2.99	130.24	0.046	  147.08	 99.60
 111.00	 110.12	 8.8615	33.9897	26.3507	 3.00	130.55	0.046	  147.05	 99.61
 112.00	 111.11	 8.8638	33.9896	26.3503	 3.00	130.58	0.047	  147.06	 99.61
 113.00	 112.10	 8.8617	33.9896	26.3507	 3.00	130.37	0.047	  147.05	 99.61
 114.00	 113.09	 8.8605	33.9898	26.3510	 3.00	130.39	0.046	  147.04	 99.61
 115.00	 114.08	 8.8633	33.9896	26.3504	 3.00	130.39	0.046	  147.03	 99.60
 116.00	 115.08	 8.8661	33.9893	26.3498	 3.00	130.57	0.047	  147.05	 99.61
 117.00	 116.07	 8.8671	33.9893	26.3496	 3.00	130.70	0.046	  147.06	 99.61
 118.00	 117.06	 8.8699	33.9890	26.3490	 3.00	130.72	0.046	  147.05	 99.61
 119.00	 118.05	 8.8698	33.9890	26.3490	 3.00	130.72	0.046	  147.03	 99.61
 120.00	 119.04	 8.8691	33.9890	26.3492	 3.00	130.71	0.047	  147.03	 99.61
 121.00	 120.04	 8.8711	33.9888	26.3487	 3.00	130.64	0.048	  147.05	 99.61
 122.00	 121.03	 8.8709	33.9889	26.3488	 3.00	130.63	0.046	  147.04	 99.61
 123.00	 122.02	 8.8693	33.9891	26.3492	 3.00	130.68	0.046	  147.00	 99.61
 124.00	 123.01	 8.8689	33.9890	26.3493	 3.01	130.81	0.046	  147.04	 99.61
 125.00	 124.00	 8.8722	33.9888	26.3485	 3.01	131.04	0.047	  147.03	 99.60
 126.00	 124.99	 8.8707	33.9890	26.3490	 3.01	130.89	0.047	  147.02	 99.61
 127.00	 125.99	 8.8670	33.9892	26.3497	 2.99	130.10	0.048	  147.00	 99.61
 128.00	 126.98	 8.8492	33.9906	26.3536	 2.97	129.16	0.046	  147.02	 99.61
 129.00	 127.97	 8.8215	33.9935	26.3603	 2.95	128.45	0.046	  147.03	 99.61
 130.00	 128.96	 8.8247	33.9932	26.3595	 2.94	127.81	0.046	  147.04	 99.61
 131.00	 129.95	 8.8135	33.9943	26.3621	 2.92	127.01	0.046	  147.03	 99.61
 132.00	 130.94	 8.7891	33.9960	26.3674	 2.86	124.41	0.046	  146.98	 99.62
 133.00	 131.94	 8.7552	33.9991	26.3750	 2.79	121.40	0.046	  147.02	 99.62
 134.00	 132.93	 8.7343	33.9998	26.3789	 2.72	118.17	0.046	  147.03	 99.63
 135.00	 133.92	 8.6525	34.0066	26.3969	 2.66	115.69	0.045	  147.10	 99.63
 136.00	 134.91	 8.6032	34.0092	26.4066	 2.54	110.34	0.044	  147.06	 99.66
 137.00	 135.90	 8.5393	34.0157	26.4215	 2.48	107.80	0.044	  147.09	 99.67
 138.00	 136.89	 8.5165	34.0171	26.4262	 2.44	105.97	0.044	  147.08	 99.68
 139.00	 137.89	 8.4850	34.0197	26.4330	 2.38	103.61	0.044	  147.11	 99.71
 140.00	 138.88	 8.4613	34.0222	26.4386	 2.37	102.94	0.044	  147.07	 99.71
 141.00	 139.87	 8.4648	34.0216	26.4377	 2.34	101.99	0.044	  147.12	 99.73
 142.00	 140.86	 8.4572	34.0229	26.4398	 2.34	101.66	0.043	  147.10	 99.73
 143.00	 141.85	 8.4513	34.0234	26.4411	 2.33	101.49	0.043	  147.09	 99.73
 144.00	 142.84	 8.4498	34.0236	26.4416	 2.32	101.06	0.044	  147.10	 99.73
 145.00	 143.84	 8.4476	34.0240	26.4422	 2.32	100.75	0.044	  147.08	 99.73
 146.00	 144.83	 8.4480	34.0241	26.4423	 2.32	100.79	0.044	  147.11	 99.73
 147.00	 145.82	 8.4487	34.0241	26.4422	 2.31	100.67	0.043	  147.12	 99.73
 148.00	 146.81	 8.4482	34.0239	26.4421	 2.30	100.28	0.044	  147.13	 99.74
 149.00	 147.80	 8.4332	34.0253	26.4455	 2.30	 99.92	0.044	  147.12	 99.74
 150.00	 148.79	 8.4308	34.0255	26.4460	 2.29	 99.81	0.043	  147.11	 99.74
 151.00	 149.79	 8.4296	34.0256	26.4464	 2.29	 99.77	0.044	  147.13	 99.74
 152.00	 150.78	 8.4338	34.0253	26.4455	 2.30	 99.97	0.043	  147.11	 99.74
 153.00	 151.77	 8.4377	34.0250	26.4446	 2.30	100.06	0.044	  147.10	 99.75
 154.00	 152.76	 8.4353	34.0251	26.4451	 2.30	100.05	0.043	  147.09	 99.74
 155.00	 153.75	 8.4340	34.0252	26.4454	 2.30	 99.96	0.043	  147.08	 99.74
 156.00	 154.74	 8.4336	34.0252	26.4455	 2.29	 99.63	0.043	  147.08	 99.74
 157.00	 155.74	 8.4336	34.0252	26.4455	 2.29	 99.50	0.043	  147.08	 99.74
 158.00	 156.73	 8.4335	34.0253	26.4456	 2.29	 99.63	0.043	  147.06	 99.75
 159.00	 157.72	 8.4345	34.0252	26.4454	 2.29	 99.60	0.043	  147.09	 99.74
 160.00	 158.71	 8.4336	34.0255	26.4457	 2.29	 99.58	0.044	  147.09	 99.74
 161.00	 159.70	 8.4319	34.0252	26.4458	 2.28	 98.98	0.043	  147.08	 99.74
 162.00	 160.69	 8.4174	34.0265	26.4491	 2.27	 98.78	0.043	  147.06	 99.74
 163.00	 161.68	 8.4082	34.0273	26.4511	 2.26	 98.28	0.043	  147.08	 99.75
 164.00	 162.68	 8.4039	34.0277	26.4521	 2.25	 97.72	0.044	  147.06	 99.76
 165.00	 163.67	 8.4014	34.0280	26.4527	 2.25	 97.79	0.043	  147.06	 99.76
 166.00	 164.66	 8.4007	34.0281	26.4530	 2.24	 97.64	0.043	  147.03	 99.76
 167.00	 165.65	 8.3989	34.0282	26.4533	 2.24	 97.67	0.043	  147.07	 99.76
 168.00	 166.64	 8.3978	34.0282	26.4535	 2.24	 97.32	0.044	  147.07	 99.76
 169.00	 167.63	 8.3946	34.0285	26.4542	 2.24	 97.25	0.043	  147.06	 99.76
 170.00	 168.62	 8.3930	34.0286	26.4545	 2.23	 97.23	0.043	  147.04	 99.76
 171.00	 169.62	 8.3920	34.0288	26.4549	 2.22	 96.80	0.043	  147.03	 99.76
 172.00	 170.61	 8.3723	34.0297	26.4586	 2.18	 94.96	0.044	  147.00	 99.76
 173.00	 171.60	 8.3371	34.0336	26.4670	 2.16	 94.10	0.043	  147.05	 99.76
 174.00	 172.59	 8.3388	34.0332	26.4664	 2.15	 93.66	0.043	  147.05	 99.76
 175.00	 173.58	 8.3251	34.0342	26.4693	 2.14	 93.23	0.043	  147.05	 99.76
 176.00	 174.57	 8.3189	34.0349	26.4708	 2.12	 92.33	0.043	  147.00	 99.78
 177.00	 175.57	 8.3085	34.0357	26.4730	 2.12	 92.10	0.043	  147.07	 99.78
 178.00	 176.56	 8.3074	34.0360	26.4734	 2.11	 92.00	0.043	  147.05	 99.78
 179.00	 177.55	 8.3064	34.0363	26.4738	 2.11	 91.96	0.043	  147.02	 99.78
 180.00	 178.54	 8.3030	34.0365	26.4745	 2.11	 91.75	0.043	  147.00	 99.78
 181.00	 179.53	 8.2997	34.0367	26.4752	 2.09	 90.98	0.043	  147.05	 99.78
 182.00	 180.52	 8.2924	34.0376	26.4771	 2.09	 90.73	0.043	  146.99	 99.78
 183.00	 181.51	 8.2904	34.0379	26.4776	 2.08	 90.50	0.042	  147.00	 99.78
 184.00	 182.51	 8.2886	34.0380	26.4780	 2.08	 90.33	0.043	  146.99	 99.78
 185.00	 183.50	 8.2884	34.0380	26.4780	 2.08	 90.40	0.044	  147.04	 99.78
 186.00	 184.49	 8.2897	34.0382	26.4780	 2.08	 90.52	0.042	  147.01	 99.78
 187.00	 185.48	 8.2929	34.0379	26.4773	 2.08	 90.54	0.042	  147.00	 99.78
 188.00	 186.47	 8.2926	34.0378	26.4772	 2.08	 90.38	0.043	  147.00	 99.78
 189.00	 187.46	 8.2886	34.0382	26.4782	 2.08	 90.31	0.043	  147.03	 99.78
 190.00	 188.45	 8.2900	34.0381	26.4779	 2.07	 90.18	0.042	  147.02	 99.78
 191.00	 189.45	 8.2857	34.0385	26.4789	 2.07	 90.04	0.042	  146.99	 99.78
 192.00	 190.44	 8.2850	34.0385	26.4790	 2.07	 89.87	0.042	  146.98	 99.78
 193.00	 191.43	 8.2832	34.0388	26.4795	 2.06	 89.75	0.042	  146.97	 99.78
 194.00	 192.42	 8.2804	34.0390	26.4801	 2.06	 89.56	0.043	  146.98	 99.78
 195.00	 193.41	 8.2768	34.0393	26.4809	 2.06	 89.52	0.043	  146.97	 99.78
 196.00	 194.40	 8.2764	34.0393	26.4810	 2.06	 89.52	0.043	  146.91	 81.50
 197.00	 195.39	 8.2786	34.0393	26.4807	 2.06	 89.42	0.043	  146.95	 91.74
 198.00	 196.39	 8.2738	34.0394	26.4815	 2.05	 89.25	0.043	  147.00	 99.70
 199.00	 197.38	 8.2718	34.0397	26.4820	 2.05	 89.21	0.043	  146.97	 90.66
 200.00	 198.37	 8.2714	34.0399	26.4822	 2.05	 89.21	0.043	  146.87	 92.71
 201.00	 199.36	 8.2719	34.0398	26.4821	 2.05	 89.09	0.042	  146.95	 99.73
 202.00	 200.35	 8.2705	34.0400	26.4825	 2.05	 89.05	0.042	  146.93	 83.80
 203.00	 201.34	 8.2710	34.0398	26.4823	 2.05	 89.08	0.042	  146.93	100.69
 204.00	 202.33	 8.2706	34.0402	26.4827	 2.05	 89.19	0.042	  146.89	 99.78
 205.00	 203.32	 8.2722	34.0397	26.4820	 2.05	 89.07	0.042	  146.91	 99.78
 206.00	 204.32	 8.2707	34.0400	26.4825	 2.05	 89.09	0.042	  146.90	 99.79
 207.00	 205.31	 8.2719	34.0397	26.4822	 2.05	 89.04	0.042	  146.91	 99.79
 208.00	 206.30	 8.2724	34.0396	26.4820	 2.05	 89.04	0.042	  146.89	 99.78
 209.00	 207.29	 8.2728	34.0395	26.4819	 2.05	 89.17	0.043	  146.90	 99.79
 210.00	 208.28	 8.2732	34.0394	26.4818	 2.05	 89.17	0.043	  146.94	 99.78
 211.00	 209.27	 8.2736	34.0392	26.4816	 2.05	 89.35	0.043	  146.87	 99.37
 212.00	 210.26	 8.2737	34.0393	26.4816	 2.06	 89.50	0.043	  146.83	 98.76
 213.00	 211.26	 8.2746	34.0390	26.4812	 2.06	 89.50	0.043	  146.86	 97.67
 214.00	 212.25	 8.2740	34.0391	26.4815	 2.06	 89.42	0.043	  146.91	 96.79
 215.00	 213.24	 8.2738	34.0392	26.4816	 2.05	 89.40	0.043	  146.84	 96.03
 216.00	 214.23	 8.2741	34.0391	26.4815	 2.06	 89.45	0.042	  146.83	 94.92
 217.00	 215.22	 8.2750	34.0390	26.4813	 2.06	 89.58	0.042	  146.80	 94.05
