wcoa21_data_management/01_CRUISE_METADATA/00_OCADS_data/CTD_downcasts/WCOA_2021_CTD_downcasts/dRB2102_CTD_095_01_F.txt
* Sea-Bird SBE 9 Data:
* Software Version Seasave V 7.26.7.107
* Vessel: NOAA Ship Ronald H. Brown
* Cruise: RB2102, West Coast Ocean Acidification (WCOA) 2021
* Dates: 20210622 to 20210723
* Region: NE Pacific, USA West Coast
* Ports: San Diego, CA to Port Angeles, WA to San Diego, CA
* Chief Scientists: R. Feely, NOAA PMEL; D. Greeley, NOAA PMEL; B. Carter, NOAA PMEL / UW CICOES
*END*
[from data line 3414]
3417.00	3364.85	 1.5570	34.6694	27.7593	 2.84	123.26	0.040	  162.64	 99.92
3418.00	3365.83	 1.5566	34.6694	27.7594	 2.84	123.31	0.040	  162.71	 99.92
3419.00	3366.81	 1.5560	34.6694	27.7594	 2.84	123.27	0.040	  162.66	 99.92
3420.00	3367.79	 1.5561	34.6693	27.7593	 2.84	123.35	0.040	  162.64	 99.93
3421.00	3368.76	 1.5561	34.6692	27.7593	 2.84	123.39	0.039	  162.64	 99.92
3422.00	3369.74	 1.5558	34.6694	27.7595	 2.84	123.32	0.040	  162.62	 99.92
3423.00	3370.72	 1.5554	34.6694	27.7595	 2.84	123.38	0.040	  162.59	 99.93
3424.00	3371.69	 1.5552	34.6695	27.7595	 2.84	123.35	0.040	  162.65	 99.92
3425.00	3372.67	 1.5550	34.6694	27.7596	 2.84	123.44	0.040	  162.61	 99.92
3426.00	3373.65	 1.5547	34.6696	27.7597	 2.84	123.52	0.040	  162.63	 99.92
3427.00	3374.62	 1.5542	34.6696	27.7598	 2.84	123.40	0.039	  162.62	 99.93
3428.00	3375.60	 1.5541	34.6696	27.7598	 2.85	123.65	0.040	  162.63	 99.92
3429.00	3376.58	 1.5539	34.6696	27.7598	 2.85	123.73	0.040	  162.64	 99.92
3430.00	3377.56	 1.5537	34.6696	27.7598	 2.85	123.68	0.040	  162.61	 99.81
3431.00	3378.53	 1.5537	34.6697	27.7599	 2.85	123.71	0.040	  162.68	 99.93
3432.00	3379.51	 1.5536	34.6696	27.7599	 2.85	123.77	0.039	  162.59	 99.93
3433.00	3380.49	 1.5535	34.6697	27.7600	 2.85	123.98	0.040	  162.63	 99.92
3434.00	3381.46	 1.5534	34.6698	27.7600	 2.84	123.59	0.040	  162.63	 99.92
3435.00	3382.44	 1.5530	34.6698	27.7600	 2.85	123.63	0.040	  162.65	 99.92
3436.00	3383.42	 1.5528	34.6697	27.7600	 2.86	124.33	0.040	  162.61	 99.92
3437.00	3384.39	 1.5527	34.6698	27.7601	 2.85	123.98	0.040	  162.63	 99.92
3438.00	3385.37	 1.5532	34.6698	27.7600	 2.85	123.81	0.040	  162.59	 99.92
3439.00	3386.35	 1.5529	34.6698	27.7601	 2.85	123.81	0.039	  162.63	 99.92
3440.00	3387.33	 1.5527	34.6698	27.7601	 2.86	124.12	0.040	  162.63	 99.92
3441.00	3388.30	 1.5527	34.6698	27.7601	 2.85	123.83	0.040	  162.59	 99.92
3442.00	3389.28	 1.5525	34.6698	27.7602	 2.85	123.96	0.039	  162.64	 99.92
3443.00	3390.26	 1.5523	34.6700	27.7603	 2.85	123.80	0.039	  162.62	 99.92
3444.00	3391.23	 1.5520	34.6699	27.7603	 2.85	124.01	0.040	  162.57	 99.93
3445.00	3392.21	 1.5514	34.6700	27.7604	 2.86	124.19	0.040	  162.61	 99.92
3446.00	3393.19	 1.5507	34.6701	27.7605	 2.86	124.17	0.040	  162.61	 99.92
3447.00	3394.16	 1.5508	34.6700	27.7604	 2.86	124.18	0.040	  162.60	 99.92
3448.00	3395.14	 1.5509	34.6699	27.7604	 2.86	124.19	0.040	  162.56	 98.85
3449.00	3396.12	 1.5508	34.6701	27.7605	 2.86	124.17	0.039	  162.59	 99.97
3450.00	3397.09	 1.5507	34.6702	27.7606	 2.86	124.19	0.040	  162.56	 99.92
3451.00	3398.07	 1.5503	34.6703	27.7607	 2.86	124.24	0.040	  162.58	 99.92
3452.00	3399.05	 1.5500	34.6702	27.7607	 2.86	124.23	0.040	  162.57	 99.92
3453.00	3400.02	 1.5493	34.6702	27.7608	 2.86	124.34	0.040	  162.60	 99.92
3454.00	3401.00	 1.5491	34.6703	27.7608	 2.86	124.30	0.040	  162.58	 99.92
3455.00	3401.98	 1.5490	34.6702	27.7608	 2.86	124.32	0.040	  162.55	 99.92
3456.00	3402.96	 1.5489	34.6703	27.7608	 2.86	124.34	0.040	  162.51	 99.92
3457.00	3403.93	 1.5487	34.6703	27.7609	 2.86	124.36	0.040	  162.51	 99.92
3458.00	3404.91	 1.5487	34.6703	27.7609	 2.86	124.38	0.040	  162.57	 99.92
3459.00	3405.89	 1.5486	34.6704	27.7610	 2.86	124.45	0.040	  162.52	 99.93
3460.00	3406.86	 1.5481	34.6704	27.7611	 2.86	124.45	0.040	  162.52	 99.92
3461.00	3407.84	 1.5478	34.6705	27.7612	 2.86	124.36	0.040	  162.49	 99.93
3462.00	3408.82	 1.5477	34.6705	27.7612	 2.87	124.54	0.040	  162.55	 99.93
3463.00	3409.79	 1.5471	34.6705	27.7612	 2.87	124.63	0.039	  162.50	 99.92
3464.00	3410.77	 1.5462	34.6705	27.7613	 2.87	124.55	0.040	  162.50	 99.93
3465.00	3411.75	 1.5480	34.6704	27.7611	 2.87	124.50	0.040	  162.48	 99.93
3466.00	3412.72	 1.5459	34.6708	27.7615	 2.87	124.57	0.040	  162.61	 99.92
3467.00	3413.70	 1.5451	34.6708	27.7616	 2.86	124.48	0.040	  162.52	 99.93
3468.00	3414.68	 1.5448	34.6708	27.7617	 2.87	124.68	0.040	  162.55	 99.92
3469.00	3415.65	 1.5449	34.6708	27.7616	 2.87	124.72	0.039	  162.52	 99.92
3470.00	3416.63	 1.5450	34.6708	27.7616	 2.87	124.73	0.040	  162.49	 99.93
3471.00	3417.61	 1.5450	34.6708	27.7617	 2.87	124.76	0.040	  162.54	 99.92
3472.00	3418.58	 1.5452	34.6707	27.7616	 2.87	124.75	0.040	  162.50	 99.92
3473.00	3419.56	 1.5454	34.6707	27.7615	 2.87	124.81	0.040	  162.47	 99.92
3474.00	3420.54	 1.5454	34.6707	27.7616	 2.87	124.78	0.040	  162.53	 99.92
3475.00	3421.52	 1.5453	34.6708	27.7617	 2.87	124.57	0.040	  162.46	 99.92
3476.00	3422.49	 1.5452	34.6708	27.7616	 2.87	124.77	0.040	  162.52	 99.93
3477.00	3423.47	 1.5450	34.6709	27.7618	 2.88	124.99	0.040	  162.48	 99.93
3478.00	3424.45	 1.5448	34.6710	27.7618	 2.87	124.87	0.040	  162.53	 99.92
3479.00	3425.42	 1.5445	34.6709	27.7618	 2.88	124.93	0.040	  162.54	 99.92
3480.00	3426.40	 1.5448	34.6709	27.7618	 2.88	124.95	0.040	  162.51	 99.93
3481.00	3427.38	 1.5444	34.6710	27.7619	 2.87	124.78	0.040	  162.43	 99.93
3482.00	3428.35	 1.5440	34.6710	27.7620	 2.87	124.93	0.040	  162.47	 99.92
3483.00	3429.33	 1.5438	34.6710	27.7620	 2.88	125.00	0.040	  162.44	 99.93
3484.00	3430.31	 1.5435	34.6711	27.7621	 2.88	125.00	0.040	  162.47	 99.92
3485.00	3431.28	 1.5433	34.6711	27.7621	 2.88	124.96	0.040	  162.59	 99.92
3486.00	3432.26	 1.5432	34.6711	27.7621	 2.88	125.27	0.040	  162.48	 99.93
3487.00	3433.24	 1.5432	34.6711	27.7621	 2.88	125.12	0.040	  162.45	 99.92
3488.00	3434.21	 1.5435	34.6711	27.7621	 2.88	125.01	0.040	  162.44	 99.92
3489.00	3435.19	 1.5432	34.6711	27.7621	 2.88	125.00	0.040	  162.44	 99.92
3490.00	3436.17	 1.5433	34.6711	27.7622	 2.88	125.09	0.040	  162.46	 99.92
3491.00	3437.14	 1.5431	34.6712	27.7622	 2.88	125.18	0.040	  162.47	 99.93
3492.00	3438.12	 1.5428	34.6713	27.7623	 2.88	125.23	0.040	  162.45	 99.93
3493.00	3439.10	 1.5425	34.6712	27.7623	 2.88	125.23	0.040	  162.42	 99.92
3494.00	3440.07	 1.5423	34.6712	27.7623	 2.88	125.32	0.040	  162.45	 99.92
3495.00	3441.05	 1.5423	34.6711	27.7622	 2.89	125.37	0.040	  162.49	 99.92
3496.00	3442.03	 1.5420	34.6713	27.7625	 2.88	125.22	0.040	  162.44	 99.93
3497.00	3443.00	 1.5417	34.6714	27.7625	 2.88	125.29	0.040	  162.47	 99.92
3498.00	3443.98	 1.5413	34.6714	27.7626	 2.89	125.58	0.040	  162.42	 99.92
3499.00	3444.96	 1.5412	34.6715	27.7626	 2.89	125.57	0.040	  162.44	 99.92
3500.00	3445.93	 1.5414	34.6713	27.7625	 2.89	125.47	0.040	  162.41	 99.92
3501.00	3446.91	 1.5414	34.6713	27.7625	 2.88	125.35	0.039	  162.43	 99.92
3502.00	3447.89	 1.5414	34.6714	27.7626	 2.88	125.36	0.040	  162.44	 99.93
3503.00	3448.86	 1.5414	34.6714	27.7626	 2.89	125.49	0.039	  162.47	 99.92
3504.00	3449.84	 1.5412	34.6714	27.7627	 2.89	125.62	0.040	  162.44	 99.92
3505.00	3450.82	 1.5411	34.6715	27.7628	 2.89	125.43	0.040	  162.39	 99.93
3506.00	3451.79	 1.5411	34.6715	27.7627	 2.89	125.44	0.040	  162.49	 99.92
3507.00	3452.77	 1.5412	34.6715	27.7628	 2.89	125.72	0.040	  162.45	 99.92
3508.00	3453.75	 1.5411	34.6715	27.7628	 2.89	125.60	0.040	  162.45	 99.92
3509.00	3454.72	 1.5412	34.6714	27.7627	 2.89	125.49	0.040	  162.40	 99.92
3510.00	3455.70	 1.5411	34.6715	27.7628	 2.89	125.50	0.040	  162.44	 99.92
3511.00	3456.68	 1.5410	34.6715	27.7628	 2.89	125.54	0.040	  162.42	 99.92
3512.00	3457.65	 1.5411	34.6714	27.7627	 2.89	125.62	0.040	  162.44	 99.92
3513.00	3458.63	 1.5411	34.6715	27.7628	 2.89	125.44	0.040	  162.40	 99.93
3514.00	3459.61	 1.5411	34.6716	27.7629	 2.89	125.66	0.040	  162.44	 99.92
3515.00	3460.58	 1.5411	34.6716	27.7629	 2.89	125.53	0.040	  162.40	 99.92
3516.00	3461.56	 1.5412	34.6716	27.7628	 2.89	125.54	0.040	  162.40	 99.93
3517.00	3462.54	 1.5413	34.6715	27.7628	 2.89	125.66	0.040	  162.41	 99.92
3518.00	3463.51	 1.5414	34.6715	27.7628	 2.89	125.55	0.040	  162.39	 99.92
3519.00	3464.49	 1.5414	34.6715	27.7628	 2.89	125.64	0.040	  162.41	 99.92
3520.00	3465.47	 1.5414	34.6716	27.7629	 2.89	125.71	0.040	  162.37	 99.93
3521.00	3466.44	 1.5414	34.6716	27.7629	 2.89	125.67	0.040	  162.45	 99.92
3522.00	3467.42	 1.5416	34.6714	27.7627	 2.89	125.62	0.040	  162.41	 99.92
3523.00	3468.40	 1.5415	34.6714	27.7628	 2.89	125.69	0.040	  162.40	 99.93
3524.00	3469.37	 1.5410	34.6716	27.7630	 2.89	125.71	0.040	  162.40	 99.92
3525.00	3470.35	 1.5408	34.6717	27.7630	 2.89	125.73	0.040	  162.47	 99.92
3526.00	3471.33	 1.5406	34.6717	27.7631	 2.90	125.83	0.040	  162.34	 99.92
3527.00	3472.30	 1.5402	34.6718	27.7632	 2.90	125.80	0.040	  162.42	 99.92
3528.00	3473.28	 1.5401	34.6718	27.7632	 2.89	125.72	0.040	  162.36	 99.92
3529.00	3474.26	 1.5396	34.6718	27.7633	 2.90	125.85	0.040	  162.35	 99.93
3530.00	3475.23	 1.5393	34.6718	27.7633	 2.90	125.91	0.040	  162.40	 99.92
3531.00	3476.21	 1.5394	34.6719	27.7633	 2.90	126.03	0.040	  162.42	 99.93
3532.00	3477.18	 1.5382	34.6720	27.7635	 2.90	125.88	0.040	  162.41	 99.92
3533.00	3478.16	 1.5381	34.6721	27.7636	 2.90	125.90	0.040	  162.39	 99.92
3534.00	3479.14	 1.5381	34.6720	27.7635	 2.91	126.26	0.040	  162.41	 99.93
3535.00	3480.11	 1.5381	34.6721	27.7636	 2.90	126.08	0.040	  162.39	 99.92
3536.00	3481.09	 1.5381	34.6720	27.7636	 2.90	126.23	0.040	  162.37	 99.92
3537.00	3482.07	 1.5382	34.6719	27.7635	 2.90	126.11	0.040	  162.36	 99.93
3538.00	3483.04	 1.5381	34.6720	27.7636	 2.90	126.01	0.040	  162.41	 99.93
3539.00	3484.02	 1.5380	34.6722	27.7638	 2.90	126.04	0.040	  162.38	 99.93
3540.00	3485.00	 1.5380	34.6721	27.7637	 2.90	125.99	0.040	  162.36	 99.93
3541.00	3485.97	 1.5378	34.6720	27.7636	 2.90	126.16	0.040	  162.41	 99.93
3542.00	3486.95	 1.5377	34.6721	27.7637	 2.90	126.20	0.040	  162.33	 99.93
3543.00	3487.93	 1.5377	34.6721	27.7637	 2.90	126.13	0.040	  162.33	 99.93
3544.00	3488.90	 1.5376	34.6721	27.7637	 2.91	126.49	0.039	  162.38	 99.92
3545.00	3489.88	 1.5368	34.6722	27.7638	 2.91	126.34	0.040	  162.40	 99.92
3546.00	3490.86	 1.5362	34.6722	27.7639	 2.91	126.33	0.040	  162.35	 99.93
3547.00	3491.83	 1.5376	34.6721	27.7638	 2.91	126.30	0.040	  162.33	 99.93
3548.00	3492.81	 1.5359	34.6724	27.7641	 2.90	125.84	0.040	  162.33	 99.92
3549.00	3493.79	 1.5356	34.6724	27.7641	 2.91	126.28	0.040	  162.37	 99.93
3550.00	3494.76	 1.5355	34.6724	27.7642	 2.91	126.40	0.039	  162.36	 99.92
3551.00	3495.74	 1.5355	34.6724	27.7641	 2.91	126.36	0.040	  162.37	 99.93
3552.00	3496.71	 1.5354	34.6724	27.7642	 2.91	126.35	0.040	  162.36	 99.92
3553.00	3497.69	 1.5352	34.6725	27.7643	 2.91	126.59	0.040	  162.39	 99.93
3554.00	3498.67	 1.5348	34.6726	27.7644	 2.91	126.63	0.040	  162.35	 99.92
3555.00	3499.64	 1.5355	34.6723	27.7641	 2.91	126.66	0.040	  162.33	 99.92
3556.00	3500.62	 1.5349	34.6724	27.7643	 2.91	126.58	0.040	  162.37	 99.93
3557.00	3501.60	 1.5339	34.6727	27.7645	 2.91	126.66	0.040	  162.36	 99.92
3558.00	3502.57	 1.5338	34.6726	27.7645	 2.92	126.69	0.040	  162.37	 99.92
3559.00	3503.55	 1.5337	34.6727	27.7646	 2.92	126.86	0.040	  162.36	 99.92
3560.00	3504.53	 1.5336	34.6727	27.7646	 2.92	126.85	0.040	  162.38	 99.92
3561.00	3505.50	 1.5337	34.6726	27.7645	 2.92	127.00	0.040	  162.31	 99.93
3562.00	3506.48	 1.5336	34.6727	27.7646	 2.92	126.85	0.040	  162.31	 99.92
3563.00	3507.46	 1.5337	34.6726	27.7645	 2.92	126.87	0.040	  162.39	 99.92
3564.00	3508.43	 1.5337	34.6727	27.7646	 2.92	126.89	0.040	  162.36	 99.92
3565.00	3509.41	 1.5336	34.6727	27.7647	 2.92	126.91	0.040	  162.30	 99.92
3566.00	3510.38	 1.5335	34.6727	27.7647	 2.92	126.93	0.040	  162.32	 99.92
3567.00	3511.36	 1.5334	34.6728	27.7647	 2.92	127.01	0.040	  162.33	 99.93
3568.00	3512.34	 1.5334	34.6728	27.7647	 2.92	127.06	0.040	  162.29	 99.92
3569.00	3513.31	 1.5333	34.6727	27.7647	 2.92	126.96	0.040	  162.33	 99.92
3570.00	3514.29	 1.5325	34.6728	27.7648	 2.92	126.96	0.040	  162.34	 99.92
3571.00	3515.27	 1.5323	34.6728	27.7649	 2.93	127.14	0.040	  162.33	 99.92
3572.00	3516.24	 1.5320	34.6729	27.7649	 2.93	127.15	0.040	  162.32	 99.92
3573.00	3517.22	 1.5322	34.6728	27.7648	 2.92	127.08	0.040	  162.32	 99.93
3574.00	3518.20	 1.5321	34.6729	27.7650	 2.93	127.13	0.039	  162.32	 99.92
3575.00	3519.17	 1.5321	34.6730	27.7650	 2.93	127.15	0.040	  162.34	 99.93
3576.00	3520.15	 1.5323	34.6729	27.7650	 2.93	127.17	0.040	  162.36	 99.92
3577.00	3521.12	 1.5323	34.6730	27.7650	 2.93	127.19	0.040	  162.35	 99.93
3578.00	3522.10	 1.5324	34.6730	27.7651	 2.93	127.21	0.040	  162.33	 99.92
3579.00	3523.08	 1.5324	34.6729	27.7650	 2.93	127.23	0.040	  162.29	 99.93
3580.00	3524.05	 1.5323	34.6731	27.7651	 2.93	127.25	0.039	  162.35	 99.93
3581.00	3525.03	 1.5327	34.6728	27.7649	 2.93	127.27	0.040	  162.29	 99.93
3582.00	3526.01	 1.5325	34.6729	27.7650	 2.93	127.21	0.039	  162.26	 99.92
3583.00	3526.98	 1.5323	34.6730	27.7651	 2.92	127.03	0.040	  162.36	 99.92
3584.00	3527.96	 1.5324	34.6729	27.7650	 2.93	127.24	0.040	  162.31	 64.08
3585.00	3528.94	 1.5323	34.6731	27.7652	 2.93	127.37	0.039	  162.31	100.13
3586.00	3529.91	 1.5318	34.6731	27.7652	 2.93	127.39	0.039	  162.23	 99.92
3587.00	3530.89	 1.5316	34.6732	27.7653	 2.93	127.49	0.040	  162.24	 99.92
3588.00	3531.86	 1.5315	34.6731	27.7653	 2.93	127.41	0.040	  162.26	 99.92
3589.00	3532.84	 1.5317	34.6730	27.7652	 2.93	127.38	0.040	  162.28	 99.93
3590.00	3533.82	 1.5312	34.6733	27.7654	 2.93	127.49	0.040	  162.22	 99.92
3591.00	3534.79	 1.5313	34.6731	27.7653	 2.93	127.47	0.040	  162.26	 99.93
3592.00	3535.77	 1.5314	34.6731	27.7653	 2.93	127.52	0.040	  162.24	 99.93
3593.00	3536.75	 1.5313	34.6731	27.7653	 2.94	127.62	0.040	  162.28	 99.93
3594.00	3537.72	 1.5309	34.6732	27.7654	 2.93	127.53	0.040	  162.25	 99.92
3595.00	3538.70	 1.5308	34.6732	27.7654	 2.93	127.51	0.039	  162.27	 99.92
3596.00	3539.67	 1.5305	34.6733	27.7655	 2.94	127.64	0.040	  162.29	 99.92
3597.00	3540.65	 1.5304	34.6733	27.7656	 2.94	127.77	0.040	  162.28	 99.93
3598.00	3541.63	 1.5304	34.6733	27.7656	 2.94	127.68	0.040	  162.28	 99.92
3599.00	3542.60	 1.5303	34.6735	27.7657	 2.94	127.55	0.039	  162.23	 99.93
3600.00	3543.58	 1.5302	34.6733	27.7656	 2.94	127.66	0.040	  162.26	 99.93
3601.00	3544.56	 1.5301	34.6733	27.7656	 2.94	127.71	0.040	  162.29	 99.92
3602.00	3545.53	 1.5296	34.6735	27.7658	 2.94	127.74	0.040	  162.20	 99.92
3603.00	3546.51	 1.5295	34.6734	27.7657	 2.94	127.78	0.040	  162.25	 99.92
3604.00	3547.48	 1.5293	34.6735	27.7658	 2.94	127.70	0.040	  162.24	 99.92
3605.00	3548.46	 1.5292	34.6735	27.7659	 2.94	127.79	0.039	  162.30	 99.92
3606.00	3549.44	 1.5291	34.6735	27.7659	 2.94	127.78	0.040	  162.32	 99.92
3607.00	3550.41	 1.5289	34.6736	27.7660	 2.94	127.92	0.040	  162.29	 99.92
3608.00	3551.39	 1.5286	34.6736	27.7660	 2.94	127.86	0.040	  162.25	 99.92
3609.00	3552.37	 1.5286	34.6736	27.7660	 2.94	127.88	0.040	  162.27	 99.93
3610.00	3553.34	 1.5291	34.6735	27.7659	 2.94	127.90	0.040	  162.33	 99.92
3611.00	3554.32	 1.5284	34.6736	27.7660	 2.95	128.17	0.040	  162.21	 99.93
3612.00	3555.29	 1.5283	34.6736	27.7661	 2.95	128.03	0.039	  162.27	 99.92
3613.00	3556.27	 1.5282	34.6737	27.7662	 2.94	127.89	0.039	  162.21	 99.93
3614.00	3557.25	 1.5281	34.6737	27.7662	 2.95	128.04	0.040	  162.18	 99.93
3615.00	3558.22	 1.5282	34.6737	27.7662	 2.94	127.96	0.040	  162.20	 99.93
3616.00	3559.20	 1.5283	34.6737	27.7662	 2.95	128.05	0.040	  162.27	 99.92
3617.00	3560.17	 1.5281	34.6737	27.7662	 2.95	127.97	0.040	  162.26	 99.92
3618.00	3561.15	 1.5277	34.6738	27.7663	 2.95	127.99	0.039	  162.27	 99.93
3619.00	3562.13	 1.5275	34.6738	27.7664	 2.95	128.10	0.040	  162.31	 99.92
3620.00	3563.10	 1.5273	34.6739	27.7664	 2.95	128.22	0.040	  162.22	 99.92
3621.00	3564.08	 1.5271	34.6739	27.7665	 2.95	128.09	0.039	  162.22	 99.92
3622.00	3565.06	 1.5271	34.6739	27.7665	 2.95	128.04	0.040	  162.16	 99.93
3623.00	3566.03	 1.5271	34.6740	27.7665	 2.95	128.29	0.040	  162.24	 99.92
3624.00	3567.01	 1.5271	34.6740	27.7666	 2.95	128.31	0.040	  162.23	 99.93
3625.00	3567.98	 1.5270	34.6739	27.7665	 2.95	128.34	0.040	  162.22	 99.92
3626.00	3568.96	 1.5269	34.6740	27.7665	 2.95	128.35	0.040	  162.25	 99.92
3627.00	3569.94	 1.5268	34.6739	27.7665	 2.95	128.25	0.040	  162.22	 99.92
3628.00	3570.91	 1.5268	34.6740	27.7666	 2.95	128.11	0.040	  162.20	 99.92
