wcoa21_data_management/01_CRUISE_METADATA/00_OCADS_data/CTD_downcasts/WCOA_2021_CTD_downcasts/dRB2102_CTD_109_01_F.txt
* Sea-Bird SBE 9 Data:
* Software Version Seasave V 7.26.7.107
* Vessel: NOAA Ship Ronald H. Brown
* Cruise: RB2102, West Coast Ocean Acidification (WCOA) 2021
* Dates: 20210622 to 20210723
* Region: NE Pacific, USA West Coast
* Ports: San Diego, CA to Port Angeles, WA to San Diego, CA
* Chief Scientists: R. Feely, NOAA PMEL; D. Greeley, NOAA PMEL; B. Carter, NOAA PMEL / UW CICOES
*END*
[from data line 1707]
1711.00	1691.93	 2.4587	34.5817	27.6089	 1.37	 59.36	0.040	  146.24	 99.97
1712.00	1692.92	 2.4588	34.5819	27.6091	 1.37	 59.41	0.040	  146.25	 99.98
1713.00	1693.90	 2.4586	34.5819	27.6091	 1.37	 59.60	0.040	  146.26	 99.98
1714.00	1694.89	 2.4593	34.5821	27.6093	 1.37	 59.59	0.040	  146.26	 99.97
1715.00	1695.87	 2.4562	34.5822	27.6096	 1.37	 59.46	0.040	  146.28	 99.97
1716.00	1696.86	 2.4570	34.5827	27.6099	 1.37	 59.74	0.041	  146.25	 99.97
1717.00	1697.84	 2.4577	34.5830	27.6101	 1.38	 59.77	0.041	  146.24	 99.98
1718.00	1698.83	 2.4544	34.5825	27.6100	 1.38	 59.76	0.040	  146.24	 99.97
1719.00	1699.81	 2.4497	34.5822	27.6102	 1.38	 59.87	0.040	  146.28	 99.97
1720.00	1700.80	 2.4483	34.5822	27.6103	 1.38	 59.80	0.040	  146.20	 99.97
1721.00	1701.78	 2.4467	34.5825	27.6107	 1.38	 59.99	0.040	  146.15	 99.98
1722.00	1702.77	 2.4480	34.5832	27.6111	 1.38	 59.79	0.040	  146.23	 99.97
1723.00	1703.75	 2.4488	34.5833	27.6111	 1.38	 60.07	0.040	  146.24	 99.97
1724.00	1704.73	 2.4487	34.5835	27.6113	 1.39	 60.33	0.040	  146.21	 99.97
1725.00	1705.72	 2.4489	34.5836	27.6113	 1.38	 60.06	0.040	  146.20	 99.97
1726.00	1706.70	 2.4483	34.5837	27.6115	 1.38	 60.16	0.040	  146.19	 99.97
1727.00	1707.69	 2.4449	34.5837	27.6118	 1.39	 60.29	0.040	  146.18	 99.97
1728.00	1708.67	 2.4411	34.5838	27.6122	 1.39	 60.28	0.040	  146.19	 99.97
1729.00	1709.66	 2.4392	34.5837	27.6122	 1.39	 60.21	0.040	  146.23	 99.97
1730.00	1710.64	 2.4389	34.5837	27.6123	 1.39	 60.29	0.040	  146.18	 99.97
1731.00	1711.63	 2.4386	34.5838	27.6124	 1.39	 60.34	0.040	  146.17	 99.97
1732.00	1712.61	 2.4372	34.5838	27.6125	 1.39	 60.28	0.040	  146.18	 99.97
1733.00	1713.60	 2.4364	34.5839	27.6127	 1.39	 60.45	0.040	  146.18	 99.97
1734.00	1714.58	 2.4350	34.5845	27.6132	 1.40	 60.75	0.040	  146.19	 99.97
1735.00	1715.57	 2.4305	34.5851	27.6141	 1.40	 60.97	0.040	  146.14	 99.97
1736.00	1716.55	 2.4281	34.5851	27.6144	 1.40	 60.81	0.040	  146.17	 99.97
1737.00	1717.54	 2.4257	34.5853	27.6147	 1.40	 60.91	0.040	  146.24	 99.97
1738.00	1718.52	 2.4215	34.5852	27.6150	 1.40	 60.84	0.040	  146.21	 99.97
1739.00	1719.51	 2.4195	34.5851	27.6151	 1.40	 60.74	0.040	  146.19	 99.97
1740.00	1720.49	 2.4192	34.5849	27.6150	 1.40	 60.81	0.040	  146.15	 99.97
1741.00	1721.48	 2.4180	34.5850	27.6151	 1.40	 60.76	0.040	  146.13	 99.97
1742.00	1722.46	 2.4168	34.5849	27.6151	 1.40	 60.88	0.040	  146.15	 99.97
1743.00	1723.45	 2.4110	34.5848	27.6156	 1.41	 61.31	0.040	  146.16	 99.97
1744.00	1724.43	 2.4085	34.5855	27.6163	 1.41	 61.36	0.040	  146.14	 99.97
1745.00	1725.41	 2.4111	34.5861	27.6165	 1.41	 61.28	0.040	  146.18	 99.97
1746.00	1726.40	 2.4124	34.5863	27.6167	 1.42	 61.63	0.040	  146.16	 99.97
1747.00	1727.38	 2.4136	34.5869	27.6170	 1.42	 61.80	0.040	  146.12	 99.97
1748.00	1728.37	 2.4177	34.5875	27.6172	 1.42	 61.84	0.040	  146.18	 99.97
1749.00	1729.35	 2.4173	34.5876	27.6173	 1.43	 62.06	0.040	  146.14	 99.97
1750.00	1730.34	 2.4180	34.5877	27.6173	 1.43	 62.17	0.040	  146.08	 99.97
1751.00	1731.32	 2.4199	34.5879	27.6173	 1.43	 62.34	0.040	  146.15	 99.96
1752.00	1732.31	 2.4206	34.5882	27.6176	 1.43	 62.35	0.040	  146.08	 99.97
1753.00	1733.29	 2.4176	34.5882	27.6178	 1.44	 62.49	0.040	  146.09	 99.96
1754.00	1734.28	 2.4129	34.5885	27.6185	 1.44	 62.49	0.040	  146.15	 99.96
1755.00	1735.26	 2.4138	34.5890	27.6187	 1.44	 62.56	0.040	  146.18	 99.97
1756.00	1736.25	 2.4141	34.5890	27.6187	 1.45	 62.81	0.040	  146.11	 99.96
1757.00	1737.23	 2.4129	34.5893	27.6191	 1.45	 62.94	0.040	  146.08	 99.96
1758.00	1738.22	 2.4122	34.5893	27.6191	 1.45	 62.80	0.040	  146.14	 99.97
1759.00	1739.20	 2.4113	34.5893	27.6192	 1.45	 62.81	0.040	  146.07	 99.97
1760.00	1740.19	 2.4099	34.5893	27.6193	 1.45	 62.86	0.040	  146.11	 99.96
1761.00	1741.17	 2.4059	34.5886	27.6192	 1.44	 62.50	0.040	  146.13	 99.96
1762.00	1742.15	 2.4025	34.5886	27.6194	 1.44	 62.52	0.040	  146.10	 99.96
1763.00	1743.14	 2.4018	34.5886	27.6194	 1.44	 62.48	0.040	  146.10	 99.96
1764.00	1744.12	 2.4019	34.5887	27.6195	 1.43	 62.31	0.040	  146.06	 99.96
1765.00	1745.11	 2.4027	34.5888	27.6196	 1.44	 62.74	0.040	  146.17	 99.96
1766.00	1746.09	 2.4034	34.5890	27.6197	 1.44	 62.76	0.040	  146.09	 99.97
1767.00	1747.08	 2.4040	34.5891	27.6197	 1.44	 62.72	0.040	  146.11	 99.96
1768.00	1748.06	 2.4046	34.5894	27.6199	 1.45	 62.91	0.041	  146.09	 99.96
1769.00	1749.05	 2.4041	34.5898	27.6203	 1.46	 63.34	0.042	  146.07	 99.96
1770.00	1750.03	 2.4011	34.5903	27.6210	 1.46	 63.52	0.040	  146.08	 99.96
1771.00	1751.02	 2.3990	34.5906	27.6213	 1.47	 63.74	0.040	  146.07	 99.96
1772.00	1752.00	 2.3971	34.5905	27.6214	 1.47	 63.67	0.040	  146.07	 99.96
1773.00	1752.99	 2.3936	34.5906	27.6218	 1.47	 63.82	0.040	  146.07	 99.96
1774.00	1753.97	 2.3927	34.5907	27.6219	 1.47	 63.81	0.040	  146.08	 99.96
1775.00	1754.95	 2.3917	34.5907	27.6220	 1.46	 63.65	0.040	  146.09	 99.96
1776.00	1755.94	 2.3904	34.5908	27.6222	 1.47	 63.71	0.040	  146.11	 99.96
1777.00	1756.92	 2.3886	34.5906	27.6223	 1.46	 63.54	0.040	  146.02	 99.96
1778.00	1757.91	 2.3868	34.5907	27.6225	 1.46	 63.47	0.040	  146.04	 99.96
1779.00	1758.89	 2.3856	34.5906	27.6225	 1.46	 63.57	0.040	  146.10	 99.96
1780.00	1759.88	 2.3851	34.5906	27.6226	 1.46	 63.60	0.040	  146.07	 99.96
1781.00	1760.86	 2.3842	34.5909	27.6229	 1.47	 63.67	0.040	  146.07	 99.96
1782.00	1761.85	 2.3823	34.5911	27.6232	 1.47	 63.80	0.040	  146.06	 99.96
1783.00	1762.83	 2.3814	34.5914	27.6235	 1.47	 63.74	0.040	  146.05	 99.96
1784.00	1763.82	 2.3810	34.5916	27.6237	 1.47	 63.68	0.040	  146.08	 99.96
1785.00	1764.80	 2.3805	34.5915	27.6237	 1.47	 63.90	0.040	  146.05	 99.96
1786.00	1765.78	 2.3794	34.5916	27.6239	 1.47	 64.08	0.040	  146.07	 99.96
1787.00	1766.77	 2.3799	34.5916	27.6238	 1.47	 64.03	0.040	  146.04	 99.96
1788.00	1767.75	 2.3789	34.5919	27.6242	 1.47	 63.99	0.040	  146.00	 99.96
1789.00	1768.74	 2.3785	34.5918	27.6241	 1.47	 64.01	0.040	  146.03	 99.96
1790.00	1769.72	 2.3778	34.5919	27.6242	 1.48	 64.19	0.040	  146.03	 99.96
1791.00	1770.71	 2.3754	34.5919	27.6244	 1.48	 64.17	0.040	  146.05	 99.95
1792.00	1771.69	 2.3732	34.5921	27.6248	 1.47	 64.08	0.040	  146.06	 99.96
1793.00	1772.68	 2.3713	34.5920	27.6248	 1.48	 64.12	0.040	  146.05	 99.96
1794.00	1773.66	 2.3665	34.5915	27.6249	 1.47	 64.03	0.040	  146.03	 99.96
1795.00	1774.64	 2.3654	34.5916	27.6250	 1.47	 64.08	0.040	  146.03	 99.96
1796.00	1775.63	 2.3643	34.5918	27.6253	 1.47	 64.09	0.040	  146.04	 99.96
1797.00	1776.61	 2.3645	34.5920	27.6254	 1.48	 64.17	0.040	  146.03	 99.95
1798.00	1777.60	 2.3651	34.5924	27.6257	 1.49	 64.69	0.040	  146.03	 99.96
1799.00	1778.58	 2.3632	34.5921	27.6257	 1.49	 64.67	0.040	  146.03	 99.96
1800.00	1779.57	 2.3596	34.5926	27.6263	 1.48	 64.26	0.040	  146.04	 99.95
1801.00	1780.55	 2.3568	34.5926	27.6266	 1.48	 64.36	0.040	  146.01	 99.96
1802.00	1781.54	 2.3583	34.5925	27.6264	 1.48	 64.40	0.040	  145.98	 99.96
1803.00	1782.52	 2.3570	34.5927	27.6266	 1.48	 64.46	0.040	  145.96	 99.97
1804.00	1783.51	 2.3573	34.5926	27.6266	 1.48	 64.45	0.040	  145.95	 99.95
1805.00	1784.49	 2.3569	34.5926	27.6266	 1.49	 64.62	0.040	  145.92	 99.96
1806.00	1785.47	 2.3561	34.5926	27.6267	 1.49	 64.61	0.040	  146.00	 99.96
1807.00	1786.46	 2.3541	34.5927	27.6269	 1.49	 64.77	0.040	  146.03	 99.96
1808.00	1787.44	 2.3529	34.5930	27.6272	 1.49	 64.73	0.040	  145.94	 99.97
1809.00	1788.43	 2.3525	34.5930	27.6273	 1.49	 64.62	0.040	  145.95	 99.96
1810.00	1789.41	 2.3521	34.5930	27.6274	 1.49	 64.83	0.040	  145.92	 99.96
1811.00	1790.40	 2.3518	34.5930	27.6274	 1.49	 64.73	0.040	  145.96	 99.96
1812.00	1791.38	 2.3515	34.5931	27.6275	 1.49	 64.75	0.040	  145.95	 99.96
1813.00	1792.36	 2.3508	34.5930	27.6275	 1.49	 64.72	0.040	  145.99	 99.95
1814.00	1793.35	 2.3498	34.5931	27.6276	 1.49	 64.87	0.040	  146.04	 99.95
1815.00	1794.33	 2.3492	34.5932	27.6278	 1.49	 64.90	0.040	  145.96	 99.96
1816.00	1795.32	 2.3481	34.5934	27.6280	 1.50	 65.11	0.040	  145.98	 99.95
1817.00	1796.30	 2.3460	34.5936	27.6284	 1.51	 65.43	0.040	  145.98	 99.96
1818.00	1797.29	 2.3439	34.5939	27.6288	 1.50	 65.19	0.040	  145.93	 99.95
1819.00	1798.27	 2.3433	34.5941	27.6290	 1.50	 65.33	0.040	  145.93	 99.95
1820.00	1799.26	 2.3412	34.5941	27.6292	 1.51	 65.41	0.040	  145.98	 99.95
1821.00	1800.24	 2.3361	34.5941	27.6296	 1.51	 65.50	0.040	  145.95	 99.95
1822.00	1801.22	 2.3345	34.5945	27.6301	 1.51	 65.71	0.040	  146.04	 99.95
1823.00	1802.21	 2.3310	34.5939	27.6299	 1.51	 65.49	0.040	  145.91	 99.95
1824.00	1803.19	 2.3281	34.5942	27.6303	 1.51	 65.44	0.040	  145.95	 99.96
1825.00	1804.18	 2.3246	34.5946	27.6309	 1.51	 65.49	0.040	  145.97	 99.95
1826.00	1805.16	 2.3239	34.5945	27.6309	 1.51	 65.66	0.040	  145.97	 99.95
1827.00	1806.15	 2.3226	34.5945	27.6311	 1.51	 65.78	0.040	  145.95	 99.96
1828.00	1807.13	 2.3188	34.5947	27.6315	 1.51	 65.73	0.040	  145.98	 99.95
1829.00	1808.11	 2.3167	34.5947	27.6317	 1.51	 65.68	0.040	  146.00	 99.96
1830.00	1809.10	 2.3154	34.5947	27.6318	 1.51	 65.81	0.040	  145.93	 99.95
1831.00	1810.08	 2.3136	34.5948	27.6321	 1.52	 65.90	0.040	  146.00	 99.96
1832.00	1811.07	 2.3114	34.5949	27.6323	 1.51	 65.76	0.040	  145.88	 99.96
1833.00	1812.05	 2.3106	34.5955	27.6328	 1.52	 66.05	0.040	  145.95	 99.96
1834.00	1813.04	 2.3100	34.5957	27.6331	 1.53	 66.44	0.040	  145.90	 99.95
1835.00	1814.02	 2.3085	34.5958	27.6333	 1.53	 66.43	0.040	  145.91	 99.96
1836.00	1815.00	 2.3069	34.5959	27.6335	 1.53	 66.57	0.040	  145.91	 99.95
1837.00	1815.99	 2.3065	34.5962	27.6338	 1.53	 66.62	0.040	  145.98	 99.95
1838.00	1816.97	 2.3051	34.5964	27.6341	 1.53	 66.70	0.040	  145.92	 99.95
1839.00	1817.96	 2.3015	34.5963	27.6342	 1.53	 66.62	0.040	  145.96	 99.95
1840.00	1818.94	 2.3000	34.5966	27.6346	 1.53	 66.62	0.040	  145.94	 99.95
1841.00	1819.93	 2.2988	34.5964	27.6345	 1.54	 66.85	0.040	  145.90	 99.95
1842.00	1820.91	 2.2984	34.5965	27.6347	 1.53	 66.55	0.040	  145.85	 99.95
1843.00	1821.89	 2.2982	34.5965	27.6347	 1.53	 66.44	0.040	  145.91	 99.95
1844.00	1822.88	 2.2983	34.5965	27.6347	 1.53	 66.66	0.040	  145.95	 99.95
1845.00	1823.86	 2.2975	34.5966	27.6349	 1.54	 66.76	0.040	  145.97	 99.95
1846.00	1824.85	 2.2946	34.5966	27.6351	 1.53	 66.54	0.040	  145.90	 99.95
1847.00	1825.83	 2.2941	34.5967	27.6352	 1.53	 66.65	0.040	  145.92	 99.95
1848.00	1826.82	 2.2913	34.5961	27.6350	 1.53	 66.32	0.040	  145.83	 99.95
1849.00	1827.80	 2.2866	34.5957	27.6351	 1.52	 66.10	0.040	  145.93	 99.95
1850.00	1828.78	 2.2835	34.5955	27.6351	 1.52	 66.14	0.040	  145.90	 99.96
1851.00	1829.77	 2.2822	34.5954	27.6351	 1.52	 66.15	0.040	  145.92	 99.95
1852.00	1830.75	 2.2819	34.5954	27.6352	 1.52	 66.08	0.040	  145.83	 99.95
1853.00	1831.74	 2.2818	34.5956	27.6354	 1.52	 66.07	0.040	  145.86	 99.95
1854.00	1832.72	 2.2820	34.5956	27.6353	 1.52	 65.91	0.040	  145.87	 99.95
1855.00	1833.71	 2.2818	34.5955	27.6353	 1.52	 65.92	0.040	  145.92	 99.95
1856.00	1834.69	 2.2808	34.5954	27.6354	 1.52	 65.99	0.040	  145.90	 99.95
1857.00	1835.67	 2.2803	34.5955	27.6355	 1.52	 66.06	0.040	  145.89	 99.95
1858.00	1836.66	 2.2793	34.5955	27.6355	 1.52	 66.06	0.040	  145.88	 99.96
1859.00	1837.64	 2.2780	34.5957	27.6358	 1.52	 65.92	0.040	  145.87	 99.95
1860.00	1838.63	 2.2775	34.5959	27.6360	 1.52	 66.26	0.040	  145.86	 99.95
1861.00	1839.61	 2.2762	34.5959	27.6361	 1.53	 66.45	0.040	  145.85	 99.95
1862.00	1840.60	 2.2744	34.5960	27.6364	 1.53	 66.52	0.040	  145.85	 99.96
1863.00	1841.58	 2.2726	34.5960	27.6365	 1.53	 66.54	0.040	  145.82	 99.96
1864.00	1842.56	 2.2712	34.5961	27.6367	 1.53	 66.44	0.040	  145.85	 99.96
1865.00	1843.55	 2.2692	34.5964	27.6371	 1.53	 66.68	0.040	  145.87	 99.96
1866.00	1844.53	 2.2684	34.5965	27.6372	 1.54	 67.14	0.040	  145.85	 99.95
1867.00	1845.52	 2.2679	34.5966	27.6374	 1.54	 67.02	0.040	  145.84	 99.96
1868.00	1846.50	 2.2692	34.5973	27.6378	 1.54	 66.88	0.040	  145.82	 99.96
1869.00	1847.48	 2.2707	34.5981	27.6384	 1.54	 67.12	0.040	  145.81	 99.95
1870.00	1848.47	 2.2677	34.5980	27.6385	 1.55	 67.33	0.040	  145.80	 99.95
1871.00	1849.45	 2.2634	34.5980	27.6389	 1.55	 67.54	0.040	  145.80	 99.96
1872.00	1850.44	 2.2623	34.5980	27.6390	 1.56	 67.60	0.040	  145.80	 99.96
1873.00	1851.42	 2.2613	34.5979	27.6390	 1.55	 67.31	0.040	  145.80	 99.95
1874.00	1852.40	 2.2606	34.5979	27.6390	 1.55	 67.33	0.040	  145.79	 99.95
1875.00	1853.39	 2.2602	34.5981	27.6393	 1.55	 67.43	0.040	  145.80	 99.95
1876.00	1854.37	 2.2573	34.5980	27.6394	 1.57	 68.02	0.040	  145.76	 99.95
1877.00	1855.36	 2.2538	34.5989	27.6404	 1.57	 68.40	0.040	  145.76	 99.95
1878.00	1856.34	 2.2571	34.6003	27.6413	 1.58	 68.68	0.040	  145.79	 99.95
1879.00	1857.33	 2.2603	34.6011	27.6417	 1.60	 69.50	0.040	  145.79	 99.95
1880.00	1858.31	 2.2615	34.6017	27.6421	 1.61	 70.01	0.040	  145.73	 99.95
1881.00	1859.29	 2.2613	34.6017	27.6421	 1.61	 69.99	0.040	  145.80	 99.95
1882.00	1860.28	 2.2613	34.6020	27.6423	 1.60	 69.61	0.040	  145.78	 99.95
1883.00	1861.26	 2.2611	34.6019	27.6423	 1.60	 69.69	0.040	  145.78	 99.95
1884.00	1862.25	 2.2610	34.6018	27.6422	 1.61	 69.78	0.040	  145.77	 99.95
1885.00	1863.23	 2.2606	34.6019	27.6423	 1.60	 69.48	0.040	  145.79	 99.95
1886.00	1864.21	 2.2599	34.6020	27.6425	 1.61	 69.88	0.040	  145.75	 99.95
1887.00	1865.20	 2.2572	34.6021	27.6428	 1.61	 69.87	0.040	  145.77	 99.95
1888.00	1866.18	 2.2556	34.6022	27.6430	 1.60	 69.70	0.040	  145.75	 99.95
1889.00	1867.17	 2.2548	34.6022	27.6431	 1.61	 69.90	0.040	  145.78	 99.95
1890.00	1868.15	 2.2540	34.6024	27.6433	 1.61	 70.11	0.040	  145.78	 99.95
1891.00	1869.13	 2.2540	34.6025	27.6434	 1.61	 69.76	0.040	  145.79	 99.95
1892.00	1870.12	 2.2539	34.6028	27.6436	 1.61	 70.05	0.040	  145.77	 99.95
1893.00	1871.10	 2.2537	34.6028	27.6436	 1.62	 70.21	0.040	  145.77	 99.95
1894.00	1872.09	 2.2527	34.6026	27.6436	 1.62	 70.40	0.040	  145.80	 99.95
1895.00	1873.07	 2.2509	34.6032	27.6442	 1.62	 70.29	0.040	  145.78	 99.95
1896.00	1874.05	 2.2507	34.6033	27.6443	 1.62	 70.41	0.040	  145.77	 99.95
1897.00	1875.04	 2.2477	34.6031	27.6444	 1.62	 70.32	0.040	  145.80	 99.95
1898.00	1876.02	 2.2452	34.6031	27.6446	 1.62	 70.55	0.040	  145.75	 99.95
1899.00	1877.01	 2.2416	34.6034	27.6451	 1.63	 70.95	0.040	  145.81	 99.95
1900.00	1877.99	 2.2413	34.6039	27.6456	 1.64	 71.19	0.040	  145.80	 99.95
1901.00	1878.97	 2.2415	34.6041	27.6457	 1.64	 71.19	0.040	  145.78	 99.95
1902.00	1879.96	 2.2413	34.6043	27.6459	 1.64	 71.14	0.040	  145.79	 99.95
1903.00	1880.94	 2.2404	34.6046	27.6462	 1.64	 71.34	0.040	  145.77	 99.95
1904.00	1881.93	 2.2393	34.6047	27.6464	 1.64	 71.20	0.040	  145.79	 99.95
1905.00	1882.91	 2.2337	34.6045	27.6467	 1.64	 71.20	0.040	  145.78	 99.95
1906.00	1883.89	 2.2287	34.6042	27.6468	 1.63	 70.98	0.040	  145.74	 99.95
1907.00	1884.88	 2.2270	34.6041	27.6469	 1.62	 70.55	0.040	  145.75	 99.95
1908.00	1885.86	 2.2253	34.6038	27.6468	 1.62	 70.27	0.040	  145.78	 99.95
1909.00	1886.85	 2.2179	34.6024	27.6463	 1.62	 70.25	0.040	  145.79	 99.95
1910.00	1887.83	 2.2095	34.6024	27.6469	 1.61	 70.10	0.040	  145.76	 99.95
1911.00	1888.81	 2.2079	34.6026	27.6473	 1.61	 69.97	0.040	  145.78	 99.95
1912.00	1889.80	 2.2078	34.6025	27.6472	 1.61	 69.92	0.040	  145.73	 99.95
1913.00	1890.78	 2.2072	34.6027	27.6474	 1.61	 69.90	0.040	  145.78	 99.95
1914.00	1891.77	 2.2070	34.6026	27.6474	 1.61	 70.13	0.040	  145.74	 99.95
1915.00	1892.75	 2.2061	34.6027	27.6475	 1.61	 69.88	0.040	  145.74	 99.95
1916.00	1893.73	 2.2060	34.6026	27.6474	 1.61	 69.75	0.040	  145.75	 99.95
1917.00	1894.72	 2.2045	34.6026	27.6475	 1.60	 69.74	0.040	  145.76	 99.95
1918.00	1895.70	 2.2018	34.6023	27.6475	 1.60	 69.75	0.040	  145.74	 99.95
1919.00	1896.69	 2.2004	34.6024	27.6477	 1.61	 69.87	0.040	  145.71	 99.95
1920.00	1897.67	 2.1998	34.6033	27.6485	 1.62	 70.55	0.040	  145.73	 99.95
1921.00	1898.65	 2.2013	34.6040	27.6490	 1.64	 71.22	0.040	  145.71	 99.95
1922.00	1899.64	 2.2015	34.6044	27.6493	 1.63	 70.82	0.040	  145.67	 99.95
1923.00	1900.62	 2.1988	34.6044	27.6495	 1.64	 71.11	0.040	  145.69	 99.95
