wcoa21_data_management/01_CRUISE_METADATA/00_OCADS_data/CTD_downcasts/WCOA_2021_CTD_downcasts/dRB2102_CTD_133_01_F.txt
* Sea-Bird SBE 9 Data:
* Software Version Seasave V 7.26.7.107
* Vessel: NOAA Ship Ronald H. Brown
* Cruise: RB2102, West Coast Ocean Acidification (WCOA) 2021
* Dates: 20210622 to 20210723
* Region: NE Pacific, USA West Coast
* Ports: San Diego, CA to Port Angeles, WA to San Diego, CA
* Chief Scientists: R. Feely, NOAA PMEL; D. Greeley, NOAA PMEL; B. Carter, NOAA PMEL / UW CICOES
*END*
[from data line 2987]
2989.00	2947.32	 1.6554	34.6666	27.7473	 2.65	115.30	0.039	     NaN	 99.93
2990.00	2948.30	 1.6554	34.6666	27.7472	 2.66	115.46	0.039	     NaN	 99.94
2991.00	2949.28	 1.6548	34.6664	27.7472	 2.66	115.48	0.039	     NaN	 99.94
2992.00	2950.26	 1.6544	34.6667	27.7474	 2.66	115.54	0.039	     NaN	 99.94
2993.00	2951.24	 1.6543	34.6667	27.7474	 2.66	115.58	0.039	     NaN	 99.94
2994.00	2952.22	 1.6542	34.6667	27.7474	 2.66	115.45	0.039	     NaN	 99.94
2995.00	2953.19	 1.6538	34.6668	27.7476	 2.65	115.14	0.039	     NaN	 99.94
2996.00	2954.17	 1.6534	34.6667	27.7475	 2.66	115.47	0.039	     NaN	 99.94
2997.00	2955.15	 1.6528	34.6668	27.7476	 2.67	115.85	0.039	     NaN	 99.94
2998.00	2956.13	 1.6526	34.6668	27.7476	 2.66	115.68	0.039	     NaN	 99.94
2999.00	2957.11	 1.6526	34.6667	27.7476	 2.66	115.67	0.039	     NaN	 99.94
3000.00	2958.09	 1.6524	34.6668	27.7477	 2.67	115.87	0.039	     NaN	 99.93
3001.00	2959.07	 1.6523	34.6668	27.7477	 2.66	115.65	0.038	     NaN	 99.94
3002.00	2960.05	 1.6523	34.6668	27.7477	 2.66	115.46	0.039	     NaN	 99.93
3003.00	2961.03	 1.6524	34.6668	27.7477	 2.66	115.75	0.039	     NaN	 99.93
3004.00	2962.01	 1.6523	34.6668	27.7477	 2.67	115.83	0.039	     NaN	 99.94
3005.00	2962.99	 1.6524	34.6668	27.7477	 2.66	115.58	0.039	     NaN	 99.94
3006.00	2963.97	 1.6524	34.6668	27.7478	 2.66	115.72	0.039	     NaN	 99.94
3007.00	2964.95	 1.6523	34.6668	27.7477	 2.67	115.81	0.039	     NaN	 99.94
3008.00	2965.92	 1.6523	34.6667	27.7477	 2.67	115.83	0.039	     NaN	 99.94
3009.00	2966.90	 1.6519	34.6668	27.7478	 2.67	115.91	0.039	     NaN	 99.94
3010.00	2967.88	 1.6512	34.6669	27.7479	 2.67	115.85	0.039	     NaN	 99.93
3011.00	2968.86	 1.6507	34.6670	27.7480	 2.66	115.54	0.038	     NaN	 99.93
3012.00	2969.84	 1.6504	34.6671	27.7481	 2.66	115.59	0.039	     NaN	 99.94
3013.00	2970.82	 1.6503	34.6670	27.7481	 2.67	115.95	0.039	     NaN	 99.93
3014.00	2971.80	 1.6502	34.6671	27.7481	 2.67	115.95	0.039	     NaN	 99.94
3015.00	2972.78	 1.6500	34.6670	27.7481	 2.67	115.91	0.039	     NaN	 99.93
3016.00	2973.76	 1.6497	34.6671	27.7482	 2.67	115.90	0.039	     NaN	 99.93
3017.00	2974.74	 1.6496	34.6669	27.7481	 2.67	115.99	0.039	     NaN	 99.94
3018.00	2975.72	 1.6490	34.6671	27.7483	 2.67	115.91	0.039	     NaN	 99.94
3019.00	2976.70	 1.6487	34.6672	27.7484	 2.66	115.79	0.039	     NaN	 99.94
3020.00	2977.67	 1.6486	34.6672	27.7484	 2.67	115.95	0.039	     NaN	 99.93
3021.00	2978.65	 1.6486	34.6671	27.7483	 2.67	116.10	0.039	     NaN	 99.93
3022.00	2979.63	 1.6482	34.6672	27.7484	 2.67	116.11	0.038	     NaN	 99.94
3023.00	2980.61	 1.6476	34.6672	27.7485	 2.67	116.06	0.039	     NaN	 99.93
3024.00	2981.59	 1.6472	34.6671	27.7484	 2.67	115.99	0.039	     NaN	 99.94
3025.00	2982.57	 1.6470	34.6671	27.7485	 2.67	116.12	0.039	     NaN	 99.93
3026.00	2983.55	 1.6469	34.6672	27.7486	 2.67	116.18	0.039	     NaN	 99.94
3027.00	2984.53	 1.6467	34.6672	27.7486	 2.67	116.13	0.038	     NaN	 99.94
3028.00	2985.51	 1.6461	34.6673	27.7487	 2.67	116.22	0.038	     NaN	 99.94
3029.00	2986.49	 1.6456	34.6674	27.7488	 2.68	116.33	0.039	     NaN	 99.93
3030.00	2987.47	 1.6450	34.6675	27.7489	 2.68	116.31	0.039	     NaN	 99.94
3031.00	2988.44	 1.6442	34.6675	27.7490	 2.68	116.33	0.039	     NaN	 99.93
3032.00	2989.42	 1.6439	34.6675	27.7490	 2.68	116.44	0.039	     NaN	 99.93
3033.00	2990.40	 1.6438	34.6675	27.7491	 2.68	116.41	0.039	     NaN	 99.93
3034.00	2991.38	 1.6435	34.6676	27.7492	 2.68	116.50	0.038	     NaN	 99.94
3035.00	2992.36	 1.6433	34.6676	27.7492	 2.69	116.70	0.039	     NaN	 99.93
3036.00	2993.34	 1.6432	34.6676	27.7492	 2.69	116.67	0.039	     NaN	 99.93
3037.00	2994.32	 1.6432	34.6675	27.7492	 2.68	116.44	0.039	     NaN	 99.94
3038.00	2995.30	 1.6431	34.6676	27.7492	 2.68	116.35	0.039	     NaN	 99.93
3039.00	2996.28	 1.6431	34.6676	27.7492	 2.68	116.57	0.039	     NaN	 99.94
3040.00	2997.26	 1.6430	34.6675	27.7492	 2.68	116.49	0.039	     NaN	 99.93
3041.00	2998.23	 1.6430	34.6676	27.7493	 2.68	116.43	0.038	     NaN	 99.93
3042.00	2999.21	 1.6430	34.6676	27.7493	 2.68	116.56	0.039	     NaN	 99.93
3043.00	3000.19	 1.6425	34.6676	27.7493	 2.69	116.71	0.038	     NaN	 99.94
3044.00	3001.17	 1.6414	34.6676	27.7494	 2.68	116.64	0.039	     NaN	 99.93
3045.00	3002.15	 1.6410	34.6678	27.7496	 2.68	116.36	0.039	     NaN	 99.94
3046.00	3003.13	 1.6406	34.6678	27.7496	 2.69	116.98	0.039	     NaN	 99.93
3047.00	3004.11	 1.6396	34.6680	27.7499	 2.70	117.28	0.039	     NaN	 99.93
3048.00	3005.09	 1.6391	34.6680	27.7499	 2.69	117.04	0.039	     NaN	 99.93
3049.00	3006.07	 1.6389	34.6680	27.7499	 2.68	116.59	0.038	     NaN	 99.93
3050.00	3007.05	 1.6390	34.6679	27.7498	 2.69	117.01	0.038	     NaN	 99.93
3051.00	3008.03	 1.6391	34.6678	27.7498	 2.69	116.90	0.039	     NaN	 99.93
3052.00	3009.00	 1.6390	34.6679	27.7498	 2.69	116.93	0.039	     NaN	 99.93
3053.00	3009.98	 1.6390	34.6679	27.7498	 2.70	117.20	0.039	     NaN	 99.93
3054.00	3010.96	 1.6390	34.6681	27.7500	 2.68	116.48	0.039	     NaN	 99.94
3055.00	3011.94	 1.6390	34.6680	27.7500	 2.69	117.08	0.039	     NaN	 99.94
3056.00	3012.92	 1.6388	34.6679	27.7499	 2.70	117.21	0.039	     NaN	 99.94
3057.00	3013.90	 1.6387	34.6679	27.7499	 2.69	116.97	0.039	     NaN	 99.93
3058.00	3014.88	 1.6383	34.6679	27.7500	 2.70	117.12	0.039	     NaN	 99.94
3059.00	3015.86	 1.6378	34.6682	27.7502	 2.69	116.96	0.039	     NaN	 99.93
3060.00	3016.84	 1.6375	34.6682	27.7502	 2.69	117.08	0.039	     NaN	 99.94
3061.00	3017.81	 1.6375	34.6680	27.7501	 2.70	117.19	0.039	     NaN	 99.94
3062.00	3018.79	 1.6373	34.6681	27.7502	 2.70	117.15	0.039	     NaN	 99.94
3063.00	3019.77	 1.6371	34.6681	27.7502	 2.70	117.30	0.039	     NaN	 99.93
3064.00	3020.75	 1.6367	34.6682	27.7503	 2.70	117.30	0.039	     NaN	 99.94
3065.00	3021.73	 1.6363	34.6681	27.7503	 2.69	117.09	0.039	     NaN	 99.93
3066.00	3022.71	 1.6357	34.6682	27.7504	 2.70	117.22	0.039	     NaN	 99.93
3067.00	3023.69	 1.6356	34.6683	27.7505	 2.70	117.30	0.039	     NaN	 99.94
3068.00	3024.67	 1.6355	34.6683	27.7505	 2.71	117.58	0.039	     NaN	 99.94
3069.00	3025.65	 1.6355	34.6682	27.7505	 2.70	117.13	0.039	     NaN	 99.93
3070.00	3026.62	 1.6354	34.6684	27.7507	 2.69	116.89	0.039	     NaN	 99.94
3071.00	3027.60	 1.6353	34.6683	27.7505	 2.70	117.33	0.039	     NaN	 99.93
3072.00	3028.58	 1.6352	34.6682	27.7505	 2.70	117.44	0.039	     NaN	 99.94
3073.00	3029.56	 1.6351	34.6681	27.7505	 2.70	117.34	0.039	     NaN	 99.93
3074.00	3030.54	 1.6349	34.6683	27.7506	 2.70	117.30	0.039	     NaN	 99.93
3075.00	3031.52	 1.6350	34.6683	27.7506	 2.69	117.04	0.039	     NaN	 99.94
3076.00	3032.50	 1.6347	34.6684	27.7507	 2.70	117.31	0.039	     NaN	 99.93
3077.00	3033.48	 1.6345	34.6685	27.7509	 2.71	117.85	0.039	     NaN	 99.94
3078.00	3034.46	 1.6343	34.6685	27.7508	 2.70	117.36	0.039	     NaN	 99.94
3079.00	3035.43	 1.6343	34.6684	27.7508	 2.70	117.39	0.039	     NaN	 99.93
3080.00	3036.41	 1.6342	34.6684	27.7508	 2.71	117.66	0.039	     NaN	 99.93
3081.00	3037.39	 1.6340	34.6684	27.7508	 2.70	117.51	0.039	     NaN	 99.94
3082.00	3038.37	 1.6336	34.6684	27.7509	 2.71	117.64	0.039	     NaN	 99.93
3083.00	3039.35	 1.6336	34.6683	27.7508	 2.71	117.66	0.039	     NaN	 99.93
3084.00	3040.33	 1.6333	34.6683	27.7508	 2.70	117.51	0.039	     NaN	 99.94
3085.00	3041.31	 1.6325	34.6685	27.7511	 2.70	117.51	0.039	     NaN	 99.93
3086.00	3042.29	 1.6314	34.6687	27.7513	 2.72	118.04	0.039	     NaN	 99.94
3087.00	3043.27	 1.6314	34.6686	27.7512	 2.72	118.27	0.039	     NaN	 99.94
3088.00	3044.24	 1.6315	34.6685	27.7511	 2.70	117.53	0.039	     NaN	 99.94
3089.00	3045.22	 1.6316	34.6684	27.7511	 2.71	117.78	0.039	     NaN	 99.94
3090.00	3046.20	 1.6316	34.6685	27.7511	 2.71	117.96	0.039	     NaN	 99.94
3091.00	3047.18	 1.6317	34.6684	27.7510	 2.71	117.67	0.038	     NaN	 99.93
3092.00	3048.16	 1.6317	34.6686	27.7512	 2.71	117.75	0.039	     NaN	 99.94
3093.00	3049.14	 1.6318	34.6685	27.7512	 2.71	117.74	0.038	     NaN	 99.94
3094.00	3050.12	 1.6319	34.6686	27.7512	 2.71	117.67	0.039	     NaN	 99.94
3095.00	3051.10	 1.6320	34.6685	27.7512	 2.70	117.54	0.039	     NaN	 99.93
3096.00	3052.07	 1.6321	34.6686	27.7512	 2.71	117.71	0.039	     NaN	 99.93
3097.00	3053.05	 1.6322	34.6685	27.7511	 2.71	117.69	0.039	     NaN	 99.93
3098.00	3054.03	 1.6323	34.6685	27.7511	 2.71	117.60	0.039	     NaN	 99.93
3099.00	3055.01	 1.6323	34.6685	27.7512	 2.71	117.82	0.039	     NaN	 99.94
3100.00	3055.99	 1.6323	34.6686	27.7513	 2.71	117.71	0.039	     NaN	 99.94
3101.00	3056.97	 1.6323	34.6686	27.7512	 2.70	117.52	0.039	     NaN	 99.94
3102.00	3057.95	 1.6315	34.6688	27.7514	 2.71	117.91	0.039	     NaN	 99.93
3103.00	3058.93	 1.6311	34.6687	27.7514	 2.71	117.73	0.039	     NaN	 99.94
3104.00	3059.91	 1.6308	34.6687	27.7515	 2.71	117.87	0.039	     NaN	 99.94
3105.00	3060.88	 1.6306	34.6687	27.7514	 2.72	118.01	0.039	     NaN	 99.94
3106.00	3061.86	 1.6305	34.6687	27.7515	 2.71	117.97	0.039	     NaN	 99.94
3107.00	3062.84	 1.6304	34.6687	27.7515	 2.72	118.05	0.039	     NaN	 99.94
3108.00	3063.82	 1.6303	34.6686	27.7514	 2.72	117.99	0.039	     NaN	 99.93
3109.00	3064.80	 1.6300	34.6688	27.7516	 2.71	117.86	0.039	     NaN	 99.94
3110.00	3065.78	 1.6298	34.6688	27.7517	 2.71	117.59	0.039	     NaN	 99.94
3111.00	3066.76	 1.6292	34.6690	27.7519	 2.72	118.34	0.039	     NaN	 99.94
3112.00	3067.73	 1.6288	34.6690	27.7519	 2.74	119.05	0.039	     NaN	 99.94
3113.00	3068.71	 1.6285	34.6691	27.7520	 2.72	118.17	0.039	     NaN	 99.94
3114.00	3069.69	 1.6284	34.6689	27.7518	 2.72	118.05	0.039	     NaN	 99.94
3115.00	3070.67	 1.6282	34.6688	27.7518	 2.72	118.22	0.039	     NaN	 99.94
3116.00	3071.65	 1.6278	34.6689	27.7519	 2.72	118.08	0.038	     NaN	 99.94
3117.00	3072.63	 1.6268	34.6690	27.7521	 2.72	118.16	0.039	     NaN	 99.94
3118.00	3073.61	 1.6267	34.6689	27.7520	 2.72	118.33	0.039	     NaN	 99.94
3119.00	3074.59	 1.6264	34.6690	27.7521	 2.72	118.14	0.039	     NaN	 99.94
3120.00	3075.56	 1.6260	34.6690	27.7521	 2.72	118.35	0.039	     NaN	 99.94
3121.00	3076.54	 1.6250	34.6690	27.7522	 2.73	118.41	0.039	     NaN	 99.94
3122.00	3077.52	 1.6249	34.6692	27.7523	 2.73	118.52	0.038	     NaN	 99.94
3123.00	3078.50	 1.6248	34.6692	27.7524	 2.73	118.53	0.039	     NaN	 99.93
3124.00	3079.48	 1.6247	34.6693	27.7525	 2.72	118.30	0.039	     NaN	 99.94
3125.00	3080.46	 1.6247	34.6691	27.7524	 2.73	118.55	0.038	     NaN	 99.94
3126.00	3081.44	 1.6246	34.6694	27.7526	 2.73	118.67	0.038	     NaN	 99.94
3127.00	3082.42	 1.6233	34.6694	27.7527	 2.73	118.54	0.039	     NaN	 99.94
3128.00	3083.39	 1.6220	34.6693	27.7527	 2.73	118.71	0.038	     NaN	 99.93
3129.00	3084.37	 1.6219	34.6694	27.7528	 2.74	118.85	0.039	     NaN	 99.94
3130.00	3085.35	 1.6221	34.6692	27.7526	 2.73	118.65	0.039	     NaN	 99.93
3131.00	3086.33	 1.6220	34.6694	27.7528	 2.73	118.62	0.038	     NaN	 99.93
3132.00	3087.31	 1.6219	34.6695	27.7529	 2.73	118.80	0.039	     NaN	 99.94
3133.00	3088.29	 1.6218	34.6695	27.7529	 2.73	118.59	0.039	     NaN	 99.93
3134.00	3089.27	 1.6214	34.6696	27.7530	 2.73	118.81	0.038	     NaN	 99.94
3135.00	3090.24	 1.6214	34.6696	27.7530	 2.75	119.32	0.038	     NaN	 99.93
3136.00	3091.22	 1.6212	34.6695	27.7530	 2.73	118.74	0.039	     NaN	 99.94
3137.00	3092.20	 1.6211	34.6694	27.7529	 2.73	118.81	0.039	     NaN	 99.93
3138.00	3093.18	 1.6211	34.6695	27.7530	 2.73	118.81	0.039	     NaN	 99.93
3139.00	3094.16	 1.6206	34.6696	27.7531	 2.73	118.82	0.039	     NaN	 99.93
3140.00	3095.14	 1.6203	34.6696	27.7531	 2.74	119.12	0.038	     NaN	 99.93
3141.00	3096.12	 1.6192	34.6698	27.7534	 2.74	118.91	0.039	     NaN	 99.93
3142.00	3097.09	 1.6182	34.6698	27.7535	 2.73	118.83	0.039	     NaN	 99.93
3143.00	3098.07	 1.6181	34.6697	27.7534	 2.74	118.92	0.039	     NaN	 99.93
3144.00	3099.05	 1.6180	34.6697	27.7534	 2.74	119.25	0.039	     NaN	 99.94
3145.00	3100.03	 1.6181	34.6697	27.7535	 2.74	119.20	0.039	     NaN	 99.93
3146.00	3101.01	 1.6180	34.6697	27.7535	 2.74	119.06	0.039	     NaN	 99.94
3147.00	3101.99	 1.6177	34.6697	27.7535	 2.74	119.05	0.038	     NaN	 99.93
3148.00	3102.97	 1.6177	34.6697	27.7535	 2.74	119.01	0.039	     NaN	 99.93
3149.00	3103.94	 1.6173	34.6699	27.7536	 2.74	119.18	0.039	     NaN	 99.93
3150.00	3104.92	 1.6173	34.6699	27.7537	 2.74	119.23	0.039	     NaN	 99.93
3151.00	3105.90	 1.6167	34.6700	27.7538	 2.75	119.54	0.038	     NaN	 99.94
3152.00	3106.88	 1.6167	34.6700	27.7538	 2.74	119.25	0.039	     NaN	 99.93
3153.00	3107.86	 1.6167	34.6700	27.7538	 2.75	119.33	0.039	     NaN	 99.93
3154.00	3108.84	 1.6168	34.6699	27.7537	 2.75	119.38	0.039	     NaN	 99.94
3155.00	3109.82	 1.6171	34.6697	27.7536	 2.74	119.13	0.039	     NaN	 99.93
3156.00	3110.79	 1.6170	34.6699	27.7537	 2.74	119.10	0.039	     NaN	 99.93
3157.00	3111.77	 1.6168	34.6701	27.7539	 2.74	119.11	0.039	     NaN	 99.94
3158.00	3112.75	 1.6167	34.6700	27.7539	 2.75	119.62	0.039	     NaN	 99.93
3159.00	3113.73	 1.6166	34.6700	27.7539	 2.75	119.47	0.039	     NaN	 99.93
3160.00	3114.71	 1.6166	34.6701	27.7539	 2.74	119.09	0.039	     NaN	 99.93
3161.00	3115.69	 1.6164	34.6700	27.7539	 2.75	119.33	0.039	     NaN	 99.93
3162.00	3116.67	 1.6159	34.6700	27.7539	 2.75	119.28	0.039	     NaN	 99.93
3163.00	3117.64	 1.6156	34.6700	27.7539	 2.75	119.34	0.039	     NaN	 99.94
3164.00	3118.62	 1.6150	34.6701	27.7541	 2.75	119.50	0.039	     NaN	 99.93
3165.00	3119.60	 1.6145	34.6703	27.7543	 2.75	119.43	0.039	     NaN	 99.94
3166.00	3120.58	 1.6145	34.6701	27.7542	 2.75	119.58	0.039	     NaN	 99.93
3167.00	3121.56	 1.6144	34.6703	27.7543	 2.75	119.52	0.039	     NaN	 99.94
3168.00	3122.54	 1.6144	34.6703	27.7543	 2.74	119.16	0.039	     NaN	 99.93
3169.00	3123.51	 1.6144	34.6703	27.7543	 2.76	119.90	0.039	     NaN	 99.94
3170.00	3124.49	 1.6144	34.6703	27.7543	 2.75	119.69	0.039	     NaN	 99.93
3171.00	3125.47	 1.6145	34.6701	27.7542	 2.75	119.38	0.039	     NaN	 99.93
3172.00	3126.45	 1.6145	34.6702	27.7543	 2.75	119.51	0.039	     NaN	 99.93
3173.00	3127.43	 1.6141	34.6704	27.7545	 2.75	119.44	0.038	     NaN	 99.94
3174.00	3128.41	 1.6132	34.6704	27.7545	 2.76	119.81	0.038	     NaN	 99.94
3175.00	3129.39	 1.6130	34.6703	27.7545	 2.76	119.74	0.038	     NaN	 99.94
3176.00	3130.36	 1.6124	34.6704	27.7546	 2.75	119.66	0.039	     NaN	 99.94
3177.00	3131.34	 1.6121	34.6704	27.7546	 2.75	119.68	0.038	     NaN	 99.94
3178.00	3132.32	 1.6113	34.6704	27.7547	 2.76	119.88	0.039	     NaN	 99.94
3179.00	3133.30	 1.6106	34.6705	27.7548	 2.76	119.87	0.038	     NaN	 99.94
3180.00	3134.28	 1.6105	34.6704	27.7548	 2.75	119.69	0.039	     NaN	 99.94
3181.00	3135.26	 1.6105	34.6705	27.7548	 2.76	119.90	0.039	     NaN	 99.93
3182.00	3136.23	 1.6103	34.6704	27.7548	 2.76	120.01	0.039	     NaN	 99.94
3183.00	3137.21	 1.6103	34.6705	27.7548	 2.76	120.07	0.039	     NaN	 99.94
3184.00	3138.19	 1.6104	34.6705	27.7548	 2.76	119.85	0.039	     NaN	 99.94
3185.00	3139.17	 1.6104	34.6705	27.7549	 2.76	119.85	0.039	     NaN	 99.93
3186.00	3140.15	 1.6101	34.6705	27.7549	 2.76	120.07	0.039	     NaN	 99.93
3187.00	3141.13	 1.6100	34.6705	27.7549	 2.77	120.15	0.039	     NaN	 99.93
3188.00	3142.10	 1.6100	34.6705	27.7549	 2.76	120.09	0.038	     NaN	 99.94
3189.00	3143.08	 1.6095	34.6705	27.7550	 2.76	120.07	0.039	     NaN	 99.93
3190.00	3144.06	 1.6091	34.6705	27.7550	 2.75	119.71	0.039	     NaN	 99.93
3191.00	3145.04	 1.6087	34.6706	27.7551	 2.76	119.99	0.039	     NaN	 99.94
3192.00	3146.02	 1.6088	34.6705	27.7551	 2.77	120.27	0.039	     NaN	 99.94
3193.00	3147.00	 1.6088	34.6706	27.7551	 2.77	120.22	0.039	     NaN	 99.94
3194.00	3147.97	 1.6086	34.6705	27.7551	 2.77	120.39	0.039	     NaN	 99.93
3195.00	3148.95	 1.6081	34.6705	27.7551	 2.76	120.13	0.039	     NaN	 99.94
3196.00	3149.93	 1.6074	34.6706	27.7553	 2.76	120.03	0.039	     NaN	 99.94
3197.00	3150.91	 1.6075	34.6706	27.7553	 2.77	120.19	0.039	     NaN	 99.94
3198.00	3151.89	 1.6075	34.6706	27.7553	 2.77	120.24	0.039	     NaN	 99.94
3199.00	3152.87	 1.6074	34.6707	27.7554	 2.76	120.08	0.039	     NaN	 99.93
3200.00	3153.85	 1.6074	34.6706	27.7553	 2.76	120.04	0.039	     NaN	 99.93
3201.00	3154.82	 1.6076	34.6706	27.7553	 2.77	120.29	0.039	     NaN	 99.94
