wcoa21_data_management/01_CRUISE_METADATA/00_OCADS_data/CTD_downcasts/WCOA_2021_CTD_downcasts/dRB2102_CTD_024_01_F.txt
* Sea-Bird SBE 9 Data:
* Software Version Seasave V 7.26.7.107
* Vessel: NOAA Ship Ronald H. Brown
* Cruise: RB2102, West Coast Ocean Acidification (WCOA) 2021
* Dates: 20210622 to 20210723
* Region: NE Pacific, USA West Coast
* Ports: San Diego, CA to Port Angeles, WA to San Diego, CA
* Chief Scientists: R. Feely, NOAA PMEL; D. Greeley, NOAA PMEL; B. Carter, NOAA PMEL / UW CICOES
*END*
[from data line 214]
 217.00	 215.07	 6.9180	33.9549	26.6094	 1.74	 75.73	0.042	  141.97	 99.80
 218.00	 216.06	 6.9155	33.9551	26.6099	 1.74	 75.75	0.042	  141.86	 99.80
 219.00	 217.05	 6.9138	33.9557	26.6106	 1.74	 75.78	0.041	  141.90	 99.79
 220.00	 218.04	 6.9070	33.9563	26.6120	 1.74	 75.70	0.041	  141.90	 99.80
 221.00	 219.03	 6.9009	33.9570	26.6134	 1.73	 75.41	0.041	  141.92	 99.80
 222.00	 220.03	 6.8890	33.9575	26.6154	 1.73	 75.46	0.041	  141.98	 99.80
 223.00	 221.02	 6.8745	33.9598	26.6192	 1.74	 75.56	0.041	  141.92	 99.79
 224.00	 222.01	 6.8621	33.9619	26.6225	 1.75	 75.99	0.041	  141.88	 99.80
 225.00	 223.00	 6.8485	33.9636	26.6258	 1.76	 76.41	0.041	  141.88	 99.80
 226.00	 223.99	 6.8359	33.9651	26.6287	 1.76	 76.67	0.041	  141.89	 99.80
 227.00	 224.98	 6.8259	33.9663	26.6310	 1.77	 76.89	0.042	  141.88	 99.79
 228.00	 225.97	 6.8156	33.9676	26.6334	 1.77	 77.08	0.041	  141.89	 99.80
 229.00	 226.96	 6.8121	33.9681	26.6342	 1.77	 77.02	0.041	  141.93	 99.79
 230.00	 227.95	 6.7914	33.9687	26.6375	 1.77	 76.83	0.041	  141.89	 99.79
 231.00	 228.94	 6.7794	33.9702	26.6403	 1.77	 76.87	0.041	  141.88	 99.79
 232.00	 229.93	 6.7727	33.9709	26.6418	 1.77	 76.90	0.041	  141.86	 99.79
 233.00	 230.92	 6.7556	33.9719	26.6448	 1.77	 76.84	0.041	  141.89	 99.79
 234.00	 231.91	 6.7491	33.9720	26.6458	 1.76	 76.64	0.041	  141.89	 99.79
 235.00	 232.90	 6.7364	33.9719	26.6475	 1.76	 76.38	0.042	  141.87	 99.79
 236.00	 233.89	 6.7294	33.9725	26.6489	 1.76	 76.50	0.042	  141.88	 99.79
 237.00	 234.88	 6.7242	33.9735	26.6504	 1.78	 77.22	0.041	  141.89	 99.79
 238.00	 235.87	 6.7148	33.9751	26.6529	 1.78	 77.57	0.041	  141.86	 99.80
 239.00	 236.86	 6.6864	33.9776	26.6586	 1.79	 77.90	0.041	  141.82	 99.80
 240.00	 237.85	 6.6706	33.9787	26.6616	 1.79	 78.05	0.041	  141.84	 99.79
 241.00	 238.85	 6.6658	33.9783	26.6620	 1.80	 78.27	0.041	  141.80	 99.79
 242.00	 239.84	 6.6453	33.9787	26.6650	 1.80	 78.39	0.041	  141.88	 99.79
 243.00	 240.83	 6.6294	33.9799	26.6681	 1.80	 78.40	0.041	  141.84	 99.79
 244.00	 241.82	 6.6252	33.9807	26.6692	 1.80	 78.26	0.041	  141.82	 99.79
 245.00	 242.81	 6.6199	33.9811	26.6703	 1.80	 78.25	0.041	  141.83	 99.79
 246.00	 243.80	 6.6156	33.9812	26.6710	 1.80	 78.27	0.041	  141.88	 99.79
 247.00	 244.79	 6.6038	33.9813	26.6726	 1.80	 78.32	0.041	  141.81	 99.79
 248.00	 245.78	 6.5853	33.9823	26.6758	 1.81	 78.62	0.041	  141.87	 99.78
 249.00	 246.77	 6.5750	33.9816	26.6767	 1.81	 78.88	0.042	  141.82	 99.78
 250.00	 247.76	 6.5668	33.9820	26.6781	 1.81	 78.94	0.042	  141.81	 99.79
 251.00	 248.75	 6.5609	33.9819	26.6788	 1.81	 78.81	0.041	  141.84	 99.79
 252.00	 249.74	 6.5521	33.9827	26.6806	 1.81	 78.57	0.041	  141.77	 99.79
 253.00	 250.73	 6.5432	33.9832	26.6822	 1.80	 78.24	0.041	  141.85	 99.79
 254.00	 251.72	 6.5230	33.9842	26.6856	 1.79	 77.76	0.041	  141.81	 99.78
 255.00	 252.71	 6.5088	33.9849	26.6880	 1.78	 77.52	0.041	  141.83	 99.79
 256.00	 253.70	 6.5023	33.9853	26.6893	 1.78	 77.33	0.041	  141.78	 99.79
 257.00	 254.69	 6.4930	33.9856	26.6907	 1.77	 77.12	0.041	  141.85	 99.79
 258.00	 255.68	 6.4845	33.9858	26.6919	 1.77	 77.03	0.041	  141.81	 99.79
 259.00	 256.67	 6.4782	33.9862	26.6931	 1.77	 76.92	0.041	  141.88	 99.80
 260.00	 257.66	 6.4713	33.9860	26.6939	 1.77	 76.83	0.041	  141.80	 99.80
 261.00	 258.65	 6.4611	33.9868	26.6958	 1.76	 76.67	0.041	  141.79	 99.80
 262.00	 259.64	 6.4565	33.9862	26.6960	 1.75	 76.33	0.041	  141.78	 99.80
 263.00	 260.63	 6.4279	33.9873	26.7006	 1.75	 76.16	0.041	  141.85	 99.80
 264.00	 261.63	 6.4142	33.9878	26.7028	 1.75	 76.04	0.040	  141.83	 99.80
 265.00	 262.62	 6.4051	33.9889	26.7048	 1.75	 75.93	0.041	  141.83	 99.80
 266.00	 263.61	 6.4001	33.9890	26.7056	 1.74	 75.64	0.042	  141.78	 99.80
 267.00	 264.60	 6.3909	33.9897	26.7074	 1.73	 75.31	0.041	  141.81	 99.80
 268.00	 265.59	 6.3704	33.9914	26.7114	 1.72	 75.03	0.042	  141.82	 99.80
 269.00	 266.58	 6.3642	33.9916	26.7123	 1.72	 74.66	0.041	  141.82	 99.80
 270.00	 267.57	 6.3633	33.9917	26.7125	 1.71	 74.53	0.041	  141.81	 83.32
 271.00	 268.56	 6.3642	33.9916	26.7124	 1.71	 74.37	0.041	  141.77	 99.64
 272.00	 269.55	 6.3626	33.9923	26.7131	 1.71	 74.19	0.041	  141.77	 99.80
 273.00	 270.54	 6.3603	33.9924	26.7135	 1.70	 74.13	0.041	  141.79	 99.81
 274.00	 271.53	 6.3570	33.9937	26.7150	 1.70	 73.93	0.041	  141.76	 99.80
 275.00	 272.52	 6.3470	33.9942	26.7167	 1.70	 73.77	0.041	  141.78	 99.80
 276.00	 273.51	 6.3360	33.9946	26.7184	 1.69	 73.56	0.041	  141.73	 99.81
 277.00	 274.50	 6.3238	33.9949	26.7202	 1.68	 73.28	0.041	  141.75	 99.80
 278.00	 275.49	 6.3189	33.9951	26.7210	 1.68	 73.16	0.041	  141.74	 99.80
 279.00	 276.48	 6.3159	33.9952	26.7215	 1.68	 73.00	0.041	  141.74	 99.81
 280.00	 277.47	 6.3124	33.9955	26.7222	 1.67	 72.83	0.041	  141.71	 99.81
 281.00	 278.46	 6.3081	33.9959	26.7231	 1.67	 72.60	0.041	  141.73	 99.81
 282.00	 279.45	 6.2963	33.9964	26.7251	 1.66	 72.28	0.041	  141.77	 99.80
 283.00	 280.44	 6.2770	33.9968	26.7278	 1.66	 72.04	0.041	  141.73	 99.82
 284.00	 281.43	 6.2652	33.9966	26.7292	 1.65	 71.84	0.041	  141.73	 99.82
 285.00	 282.42	 6.2561	33.9966	26.7304	 1.65	 71.66	0.041	  141.73	 99.82
 286.00	 283.41	 6.2480	33.9971	26.7318	 1.65	 71.56	0.041	  141.75	 99.82
 287.00	 284.40	 6.2466	33.9972	26.7321	 1.64	 71.41	0.041	  141.66	 99.82
 288.00	 285.39	 6.2440	33.9975	26.7326	 1.64	 71.20	0.041	  141.74	 99.82
 289.00	 286.38	 6.2418	33.9976	26.7330	 1.63	 70.91	0.041	  141.68	 99.83
 290.00	 287.37	 6.2375	33.9974	26.7334	 1.63	 70.84	0.041	  141.72	 99.83
 291.00	 288.36	 6.2272	33.9984	26.7355	 1.62	 70.67	0.041	  141.64	 99.82
 292.00	 289.35	 6.2252	33.9984	26.7358	 1.62	 70.32	0.041	  141.72	 99.83
 293.00	 290.34	 6.2124	33.9986	26.7376	 1.61	 70.11	0.041	  141.68	 99.83
 294.00	 291.33	 6.2023	33.9999	26.7399	 1.61	 69.93	0.041	  141.68	 99.83
 295.00	 292.32	 6.1937	34.0000	26.7411	 1.60	 69.61	0.041	  141.71	 99.83
 296.00	 293.31	 6.1883	34.0009	26.7425	 1.60	 69.46	0.041	  141.67	 99.83
 297.00	 294.30	 6.1848	34.0014	26.7434	 1.59	 69.20	0.041	  141.67	 99.83
 298.00	 295.30	 6.1772	34.0017	26.7446	 1.58	 68.89	0.041	  141.67	 99.83
 299.00	 296.29	 6.1697	34.0020	26.7458	 1.58	 68.71	0.041	  141.65	 99.83
 300.00	 297.28	 6.1674	34.0029	26.7468	 1.58	 68.57	0.041	  141.66	 99.83
 301.00	 298.27	 6.1655	34.0034	26.7475	 1.57	 68.48	0.041	  141.64	 99.83
 302.00	 299.26	 6.1649	34.0035	26.7476	 1.57	 68.41	0.041	  141.67	 99.83
 303.00	 300.25	 6.1632	34.0034	26.7478	 1.57	 68.29	0.041	  141.73	 99.83
 304.00	 301.24	 6.1593	34.0039	26.7487	 1.57	 68.16	0.042	  141.70	 99.83
 305.00	 302.23	 6.1528	34.0049	26.7503	 1.56	 68.01	0.041	  141.65	 99.83
 306.00	 303.22	 6.1458	34.0052	26.7515	 1.56	 67.82	0.041	  141.62	 99.83
 307.00	 304.21	 6.1435	34.0053	26.7518	 1.55	 67.54	0.041	  141.65	 99.83
 308.00	 305.20	 6.1372	34.0057	26.7530	 1.55	 67.22	0.041	  141.68	 99.83
 309.00	 306.19	 6.1167	34.0063	26.7560	 1.54	 66.86	0.041	  141.73	 99.83
 310.00	 307.18	 6.1022	34.0074	26.7588	 1.53	 66.66	0.041	  141.68	 99.83
 311.00	 308.17	 6.0972	34.0082	26.7600	 1.53	 66.35	0.041	  141.66	 99.83
 312.00	 309.16	 6.0945	34.0084	26.7605	 1.52	 66.20	0.041	  141.66	 99.84
 313.00	 310.15	 6.0913	34.0083	26.7609	 1.52	 66.02	0.041	  141.66	 99.84
 314.00	 311.14	 6.0885	34.0088	26.7616	 1.52	 65.95	0.041	  141.69	 99.84
 315.00	 312.13	 6.0880	34.0091	26.7620	 1.51	 65.82	0.041	  141.65	 99.84
 316.00	 313.12	 6.0866	34.0096	26.7626	 1.51	 65.58	0.041	  141.69	 99.84
 317.00	 314.11	 6.0828	34.0104	26.7636	 1.50	 65.45	0.041	  141.64	 99.84
 318.00	 315.10	 6.0760	34.0097	26.7640	 1.50	 65.40	0.041	  141.65	 99.85
 319.00	 316.09	 6.0653	34.0095	26.7651	 1.50	 65.34	0.041	  141.68	 99.84
 320.00	 317.08	 6.0596	34.0092	26.7656	 1.50	 65.28	0.041	  141.67	 99.84
 321.00	 318.07	 6.0543	34.0089	26.7661	 1.50	 65.09	0.041	  141.67	 99.84
 322.00	 319.06	 6.0339	34.0079	26.7679	 1.50	 65.05	0.041	  141.63	 99.84
 323.00	 320.05	 6.0253	34.0089	26.7697	 1.49	 64.84	0.041	  141.64	 99.85
 324.00	 321.04	 6.0219	34.0103	26.7713	 1.48	 64.33	0.041	  141.65	 99.85
 325.00	 322.03	 6.0205	34.0130	26.7736	 1.47	 63.93	0.041	  141.65	 99.85
 326.00	 323.02	 6.0117	34.0132	26.7749	 1.46	 63.57	0.041	  141.60	 99.85
 327.00	 324.01	 5.9959	34.0129	26.7767	 1.46	 63.37	0.041	  141.64	 99.85
 328.00	 325.00	 5.9853	34.0136	26.7786	 1.45	 63.03	0.041	  141.64	 99.85
 329.00	 325.99	 5.9779	34.0149	26.7805	 1.44	 62.82	0.041	  141.67	 99.85
 330.00	 326.98	 5.9730	34.0152	26.7814	 1.44	 62.62	0.041	  141.62	 99.85
 331.00	 327.97	 5.9699	34.0154	26.7819	 1.43	 62.38	0.041	  141.65	 99.85
 332.00	 328.96	 5.9652	34.0157	26.7827	 1.43	 62.09	0.041	  141.65	 99.85
 333.00	 329.95	 5.9533	34.0178	26.7859	 1.42	 61.74	0.041	  141.61	 99.85
 334.00	 330.94	 5.9462	34.0193	26.7880	 1.41	 61.34	0.041	  141.65	 99.85
 335.00	 331.93	 5.9440	34.0197	26.7886	 1.40	 60.90	0.041	  141.65	 99.85
 336.00	 332.92	 5.9367	34.0203	26.7900	 1.40	 60.72	0.041	  141.59	 99.85
 337.00	 333.91	 5.9329	34.0206	26.7907	 1.39	 60.61	0.041	  141.63	 99.85
 338.00	 334.90	 5.9230	34.0205	26.7919	 1.39	 60.40	0.041	  141.66	 99.85
 339.00	 335.89	 5.9155	34.0211	26.7933	 1.39	 60.31	0.041	  141.61	 99.86
 340.00	 336.88	 5.9144	34.0212	26.7935	 1.38	 60.07	0.041	  141.64	 99.86
 341.00	 337.87	 5.9136	34.0213	26.7937	 1.38	 60.11	0.041	  141.63	 99.86
 342.00	 338.86	 5.9096	34.0212	26.7941	 1.38	 60.02	0.041	  141.64	 99.86
 343.00	 339.85	 5.9067	34.0213	26.7946	 1.38	 59.91	0.041	  141.58	 99.86
 344.00	 340.84	 5.8966	34.0203	26.7951	 1.37	 59.80	0.041	  141.66	 99.86
 345.00	 341.83	 5.8713	34.0209	26.7987	 1.37	 59.63	0.041	  141.62	 99.86
 346.00	 342.82	 5.8631	34.0207	26.7995	 1.37	 59.48	0.041	  141.62	 99.87
 347.00	 343.81	 5.8546	34.0211	26.8009	 1.36	 59.34	0.041	  141.64	 99.87
 348.00	 344.80	 5.8511	34.0217	26.8018	 1.36	 59.32	0.041	  141.60	 99.86
 349.00	 345.79	 5.8526	34.0215	26.8015	 1.36	 59.22	0.042	  141.66	 99.87
 350.00	 346.78	 5.8513	34.0216	26.8018	 1.36	 59.22	0.041	  141.67	 99.87
 351.00	 347.77	 5.8512	34.0216	26.8018	 1.36	 59.14	0.041	  141.65	 99.87
 352.00	 348.76	 5.8521	34.0217	26.8017	 1.36	 58.98	0.041	  141.64	 99.87
 353.00	 349.75	 5.8461	34.0218	26.8025	 1.36	 58.94	0.041	  141.64	 99.87
 354.00	 350.74	 5.8442	34.0223	26.8032	 1.35	 58.86	0.041	  141.57	 99.87
 355.00	 351.73	 5.8434	34.0223	26.8033	 1.35	 58.77	0.041	  141.59	 99.87
 356.00	 352.72	 5.8411	34.0225	26.8038	 1.35	 58.65	0.041	  141.64	 99.87
 357.00	 353.71	 5.8369	34.0228	26.8045	 1.34	 58.38	0.041	  141.64	 99.87
 358.00	 354.70	 5.8170	34.0228	26.8070	 1.34	 58.11	0.041	  141.61	 99.88
 359.00	 355.69	 5.7998	34.0228	26.8091	 1.33	 57.82	0.041	  141.63	 99.87
 360.00	 356.68	 5.7640	34.0253	26.8155	 1.32	 57.53	0.041	  141.61	 99.88
 361.00	 357.67	 5.7527	34.0248	26.8165	 1.32	 57.30	0.041	  141.63	 99.88
 362.00	 358.66	 5.7449	34.0247	26.8174	 1.31	 56.88	0.041	  141.55	 99.88
 363.00	 359.65	 5.7415	34.0251	26.8181	 1.30	 56.43	0.041	  141.60	 99.88
 364.00	 360.64	 5.7323	34.0285	26.8219	 1.29	 56.01	0.042	  141.58	 99.88
 365.00	 361.63	 5.7244	34.0299	26.8240	 1.28	 55.77	0.041	  141.60	 99.88
 366.00	 362.62	 5.7105	34.0295	26.8254	 1.28	 55.54	0.041	  141.54	 99.88
 367.00	 363.61	 5.6928	34.0297	26.8278	 1.28	 55.48	0.041	  141.59	 99.88
 368.00	 364.60	 5.6814	34.0280	26.8278	 1.27	 55.42	0.041	  141.61	 99.88
 369.00	 365.59	 5.6640	34.0273	26.8294	 1.27	 55.25	0.041	  141.55	 99.88
 370.00	 366.58	 5.6576	34.0284	26.8311	 1.27	 55.09	0.041	  141.58	 99.88
 371.00	 367.57	 5.6497	34.0286	26.8322	 1.26	 54.86	0.041	  141.62	 99.88
 372.00	 368.56	 5.6386	34.0284	26.8333	 1.26	 54.75	0.041	  141.60	 99.88
 373.00	 369.55	 5.6296	34.0284	26.8345	 1.26	 54.69	0.041	  141.61	 99.88
 374.00	 370.54	 5.6217	34.0285	26.8355	 1.25	 54.56	0.041	  141.65	 99.88
 375.00	 371.53	 5.6142	34.0286	26.8365	 1.25	 54.38	0.041	  141.62	 99.88
 376.00	 372.52	 5.6033	34.0271	26.8366	 1.25	 54.20	0.041	  141.54	 99.88
 377.00	 373.51	 5.5727	34.0276	26.8407	 1.24	 54.14	0.041	  141.58	 99.88
 378.00	 374.50	 5.5600	34.0286	26.8431	 1.24	 53.97	0.041	  141.65	 99.88
 379.00	 375.49	 5.5481	34.0291	26.8449	 1.24	 53.73	0.041	  141.59	 99.88
 380.00	 376.48	 5.5362	34.0294	26.8465	 1.23	 53.45	0.041	  141.63	 99.88
 381.00	 377.47	 5.5280	34.0300	26.8480	 1.22	 53.14	0.041	  141.60	 99.89
 382.00	 378.46	 5.5159	34.0300	26.8495	 1.22	 53.04	0.041	  141.61	 99.89
 383.00	 379.45	 5.5109	34.0307	26.8507	 1.22	 52.86	0.041	  141.59	 99.89
 384.00	 380.44	 5.5087	34.0310	26.8512	 1.21	 52.76	0.041	  141.58	 99.89
 385.00	 381.43	 5.5061	34.0313	26.8517	 1.21	 52.63	0.041	  141.58	 99.89
 386.00	 382.42	 5.5039	34.0313	26.8520	 1.21	 52.56	0.041	  141.60	 99.89
 387.00	 383.40	 5.4993	34.0306	26.8520	 1.20	 52.37	0.041	  141.54	 99.89
 388.00	 384.39	 5.4874	34.0312	26.8539	 1.20	 52.29	0.041	  141.58	 99.89
 389.00	 385.38	 5.4839	34.0324	26.8553	 1.20	 52.23	0.041	  141.58	 99.89
 390.00	 386.37	 5.4790	34.0325	26.8560	 1.20	 52.14	0.041	  141.60	 99.90
 391.00	 387.36	 5.4730	34.0325	26.8566	 1.19	 51.95	0.041	  141.52	 99.89
 392.00	 388.35	 5.4635	34.0326	26.8579	 1.19	 51.81	0.041	  141.58	 99.90
 393.00	 389.34	 5.4622	34.0329	26.8583	 1.19	 51.66	0.041	  141.49	 99.90
 394.00	 390.33	 5.4593	34.0331	26.8588	 1.19	 51.55	0.042	  141.59	 99.90
 395.00	 391.32	 5.4545	34.0329	26.8592	 1.18	 51.45	0.041	  141.53	 99.90
 396.00	 392.31	 5.4493	34.0328	26.8597	 1.18	 51.48	0.041	  141.51	 99.90
 397.00	 393.30	 5.4451	34.0330	26.8604	 1.18	 51.44	0.041	  141.56	 99.90
 398.00	 394.29	 5.4434	34.0330	26.8606	 1.18	 51.42	0.041	  141.52	 99.90
 399.00	 395.28	 5.4441	34.0331	26.8607	 1.18	 51.42	0.041	  141.62	 99.90
 400.00	 396.27	 5.4440	34.0333	26.8609	 1.18	 51.35	0.042	  141.50	 99.90
 401.00	 397.26	 5.4411	34.0332	26.8611	 1.18	 51.39	0.041	  141.55	 99.90
 402.00	 398.25	 5.4374	34.0330	26.8614	 1.18	 51.36	0.041	  141.55	 99.90
 403.00	 399.24	 5.4347	34.0328	26.8616	 1.18	 51.37	0.041	  141.53	 99.90
 404.00	 400.23	 5.4304	34.0328	26.8621	 1.18	 51.36	0.041	  141.62	 99.90
 405.00	 401.22	 5.4259	34.0327	26.8626	 1.18	 51.19	0.041	  141.55	 99.90
 406.00	 402.21	 5.4192	34.0335	26.8640	 1.17	 51.05	0.041	  141.58	 99.90
 407.00	 403.20	 5.4163	34.0342	26.8649	 1.17	 50.85	0.041	  141.53	 99.90
 408.00	 404.19	 5.4162	34.0347	26.8653	 1.16	 50.59	0.041	  141.49	 99.90
 409.00	 405.18	 5.4126	34.0354	26.8663	 1.16	 50.36	0.041	  141.55	 99.90
 410.00	 406.17	 5.4061	34.0381	26.8692	 1.15	 50.11	0.041	  141.53	 99.90
 411.00	 407.16	 5.4076	34.0389	26.8697	 1.14	 49.77	0.041	  141.55	 99.90
 412.00	 408.15	 5.4169	34.0427	26.8716	 1.13	 49.00	0.041	  141.51	 99.90
 413.00	 409.14	 5.4524	34.0523	26.8750	 1.10	 47.81	0.041	  141.49	 99.90
 414.00	 410.13	 5.5016	34.0643	26.8787	 1.07	 46.49	0.042	  141.50	 99.90
 415.00	 411.12	 5.5330	34.0714	26.8805	 1.05	 45.69	0.041	  141.49	 99.90
 416.00	 412.11	 5.5466	34.0738	26.8808	 1.04	 45.19	0.040	  141.53	 99.90
 417.00	 413.10	 5.5495	34.0758	26.8821	 1.03	 44.73	0.041	  141.47	 99.91
 418.00	 414.09	 5.5551	34.0768	26.8822	 1.02	 44.36	0.041	  141.49	 99.91
 419.00	 415.08	 5.5611	34.0786	26.8829	 1.01	 44.12	0.041	  141.43	 99.91
 420.00	 416.07	 5.5625	34.0788	26.8829	 1.00	 43.67	0.041	  141.50	 99.92
 421.00	 417.05	 5.5620	34.0801	26.8840	 1.00	 43.41	0.041	  141.47	 99.93
 422.00	 418.04	 5.5617	34.0814	26.8851	 0.99	 43.01	0.041	  141.47	 99.92
 423.00	 419.03	 5.5591	34.0832	26.8868	 0.98	 42.56	0.041	  141.42	 99.93
 424.00	 420.02	 5.5624	34.0878	26.8901	 0.96	 41.88	0.041	  141.43	 99.93
 425.00	 421.01	 5.5566	34.0922	26.8942	 0.95	 41.30	0.041	  141.49	 99.93
 426.00	 422.00	 5.5494	34.0946	26.8970	 0.94	 40.85	0.042	  141.47	 99.93
 427.00	 422.99	 5.5433	34.0950	26.8981	 0.93	 40.58	0.041	  141.48	 99.93
 428.00	 423.98	 5.5360	34.0952	26.8991	 0.93	 40.32	0.041	  141.42	 99.93
