wcoa21_data_management/01_CRUISE_METADATA/00_OCADS_data/CTD_downcasts/WCOA_2021_CTD_downcasts/dRB2102_CTD_128_01_F.txt
* Sea-Bird SBE 9 Data:
* Software Version Seasave V 7.26.7.107
* Vessel: NOAA Ship Ronald H. Brown
* Cruise: RB2102, West Coast Ocean Acidification (WCOA) 2021
* Dates: 20210622 to 20210723
* Region: NE Pacific, USA West Coast
* Ports: San Diego, CA to Port Angeles, WA to San Diego, CA
* Chief Scientists: R. Feely, NOAA PMEL; D. Greeley, NOAA PMEL; B. Carter, NOAA PMEL / UW CICOES
*END*
[from data line 214]
 218.00	 216.35	 8.7001	34.0560	26.4296	 2.38	103.50	0.040	  162.65	 99.66
 219.00	 217.34	 8.6803	34.0566	26.4332	 2.38	103.47	0.040	  162.70	 99.66
 220.00	 218.33	 8.6520	34.0574	26.4382	 2.39	103.85	0.040	  162.68	 99.66
 221.00	 219.32	 8.6387	34.0579	26.4407	 2.38	103.53	0.039	  162.66	 99.66
 222.00	 220.31	 8.6316	34.0576	26.4415	 2.37	102.92	0.040	  162.63	 99.66
 223.00	 221.30	 8.6253	34.0583	26.4431	 2.35	102.07	0.040	  162.63	 99.66
 224.00	 222.30	 8.6173	34.0607	26.4462	 2.31	100.64	0.040	  162.66	 99.66
 225.00	 223.29	 8.6131	34.0637	26.4492	 2.28	 99.34	0.040	  162.65	 99.66
 226.00	 224.28	 8.6104	34.0677	26.4529	 2.27	 98.61	0.040	  162.62	 99.67
 227.00	 225.27	 8.6030	34.0707	26.4563	 2.26	 98.13	0.041	  162.61	 99.67
 228.00	 226.26	 8.5920	34.0718	26.4589	 2.24	 97.55	0.040	  162.62	 99.68
 229.00	 227.26	 8.5829	34.0722	26.4606	 2.23	 97.02	0.040	  162.59	 99.68
 230.00	 228.25	 8.5684	34.0744	26.4646	 2.23	 96.99	0.040	  162.62	 99.68
 231.00	 229.24	 8.5399	34.0737	26.4684	 2.22	 96.71	0.041	  162.57	 99.68
 232.00	 230.23	 8.5130	34.0727	26.4718	 2.21	 96.32	0.040	  162.62	 99.68
 233.00	 231.22	 8.5022	34.0740	26.4745	 2.20	 95.65	0.040	  162.57	 99.68
 234.00	 232.22	 8.4943	34.0760	26.4773	 2.18	 94.76	0.040	  162.60	 99.68
 235.00	 233.21	 8.4923	34.0790	26.4799	 2.16	 94.07	0.040	  162.62	 99.69
 236.00	 234.20	 8.4925	34.0816	26.4820	 2.16	 93.81	0.040	  162.62	 99.69
 237.00	 235.19	 8.4755	34.0795	26.4829	 2.15	 93.46	0.040	  162.57	 99.71
 238.00	 236.18	 8.4420	34.0797	26.4883	 2.14	 93.05	0.040	  162.60	 99.71
 239.00	 237.17	 8.4318	34.0815	26.4912	 2.13	 92.55	0.040	  162.58	 99.71
 240.00	 238.17	 8.4294	34.0817	26.4918	 2.12	 92.25	0.040	  162.58	 99.71
 241.00	 239.16	 8.4233	34.0821	26.4931	 2.11	 91.93	0.040	  162.59	 99.71
 242.00	 240.15	 8.4082	34.0826	26.4957	 2.11	 91.72	0.040	  162.61	 99.71
 243.00	 241.14	 8.3957	34.0826	26.4977	 2.11	 91.83	0.040	  162.59	 99.71
 244.00	 242.13	 8.3860	34.0826	26.4991	 2.12	 92.17	0.041	  162.59	 99.71
 245.00	 243.12	 8.3729	34.0815	26.5003	 2.13	 92.53	0.040	  162.51	 99.71
 246.00	 244.12	 8.3409	34.0791	26.5033	 2.13	 92.88	0.040	  162.60	 99.72
 247.00	 245.11	 8.3180	34.0771	26.5051	 2.13	 92.69	0.040	  162.55	 99.72
 248.00	 246.10	 8.2862	34.0751	26.5084	 2.12	 92.30	0.040	  162.55	 99.72
 249.00	 247.09	 8.2602	34.0743	26.5117	 2.11	 91.61	0.040	  162.49	 99.72
 250.00	 248.08	 8.2536	34.0769	26.5148	 2.10	 91.15	0.040	  162.48	 99.71
 251.00	 249.08	 8.2619	34.0792	26.5154	 2.09	 91.07	0.040	  162.44	 99.72
 252.00	 250.07	 8.2628	34.0796	26.5155	 2.09	 90.94	0.040	  162.48	 99.72
 253.00	 251.06	 8.2631	34.0798	26.5157	 2.09	 90.90	0.040	  162.48	 99.72
 254.00	 252.05	 8.2581	34.0792	26.5159	 2.10	 91.33	0.040	  162.45	 99.72
 255.00	 253.04	 8.2488	34.0786	26.5169	 2.12	 92.19	0.040	  162.42	 99.72
 256.00	 254.03	 8.2302	34.0757	26.5174	 2.14	 93.00	0.040	  162.42	 99.72
 257.00	 255.03	 8.2027	34.0730	26.5195	 2.14	 93.30	0.040	  162.41	 99.73
 258.00	 256.02	 8.1903	34.0718	26.5204	 2.14	 93.16	0.040	  162.40	 99.73
 259.00	 257.01	 8.1681	34.0696	26.5220	 2.14	 92.93	0.040	  162.44	 99.72
 260.00	 258.00	 8.1567	34.0695	26.5236	 2.13	 92.56	0.040	  162.38	 99.72
 261.00	 258.99	 8.1404	34.0690	26.5257	 2.11	 91.76	0.040	  162.40	 99.72
 262.00	 259.98	 8.1320	34.0690	26.5270	 2.09	 91.08	0.040	  162.37	 99.72
 263.00	 260.98	 8.1114	34.0698	26.5307	 2.08	 90.33	0.040	  162.38	 99.72
 264.00	 261.97	 8.0972	34.0713	26.5340	 2.05	 89.08	0.040	  162.38	 99.72
 265.00	 262.96	 8.0857	34.0723	26.5365	 2.01	 87.52	0.040	  162.38	 99.72
 266.00	 263.95	 8.0596	34.0736	26.5414	 1.98	 86.29	0.041	  162.39	 99.72
 267.00	 264.94	 8.0303	34.0775	26.5488	 1.98	 86.20	0.040	  162.39	 99.73
 268.00	 265.93	 8.0030	34.0792	26.5542	 1.99	 86.67	0.040	  162.38	 99.73
 269.00	 266.93	 7.9893	34.0781	26.5553	 2.00	 86.94	0.040	  162.41	 99.73
 270.00	 267.92	 7.9757	34.0771	26.5566	 2.00	 86.99	0.040	  162.41	 99.73
 271.00	 268.91	 7.9720	34.0768	26.5569	 2.00	 86.99	0.040	  162.38	 99.73
 272.00	 269.90	 7.9681	34.0764	26.5572	 2.00	 86.87	0.040	  162.38	 99.73
 273.00	 270.89	 7.9666	34.0764	26.5575	 1.99	 86.79	0.040	  162.40	 99.73
 274.00	 271.88	 7.9665	34.0766	26.5576	 1.99	 86.62	0.040	  162.31	 99.74
 275.00	 272.88	 7.9667	34.0768	26.5578	 1.99	 86.52	0.040	  162.34	 99.74
 276.00	 273.87	 7.9676	34.0775	26.5582	 1.99	 86.57	0.040	  162.33	 99.74
 277.00	 274.86	 7.9651	34.0771	26.5582	 1.99	 86.63	0.040	  162.27	 99.74
 278.00	 275.85	 7.9545	34.0756	26.5587	 2.00	 86.80	0.040	  162.31	 99.74
 279.00	 276.84	 7.9370	34.0751	26.5608	 1.99	 86.67	0.040	  162.32	 99.74
 280.00	 277.83	 7.9170	34.0740	26.5629	 1.97	 85.90	0.040	  162.27	 99.75
 281.00	 278.82	 7.9080	34.0762	26.5660	 1.95	 84.90	0.040	  162.29	 99.75
 282.00	 279.82	 7.9066	34.0781	26.5677	 1.94	 84.29	0.040	  162.32	 99.74
 283.00	 280.81	 7.9096	34.0810	26.5696	 1.94	 84.25	0.040	  162.29	 99.74
 284.00	 281.80	 7.9035	34.0801	26.5698	 1.95	 84.65	0.040	  162.20	 99.75
 285.00	 282.79	 7.8868	34.0774	26.5701	 1.94	 84.24	0.040	  162.24	 99.75
 286.00	 283.78	 7.8857	34.0785	26.5712	 1.90	 82.65	0.040	  162.23	 99.75
 287.00	 284.77	 7.8846	34.0803	26.5727	 1.89	 82.10	0.040	  162.19	 99.76
 288.00	 285.77	 7.8953	34.0864	26.5760	 1.91	 82.95	0.040	  162.24	 99.76
 289.00	 286.76	 7.8868	34.0848	26.5760	 1.91	 83.19	0.040	  162.17	 99.76
 290.00	 287.75	 7.8414	34.0790	26.5780	 1.89	 82.25	0.040	  162.22	 99.76
 291.00	 288.74	 7.8305	34.0825	26.5824	 1.87	 81.22	0.040	  162.25	 99.76
 292.00	 289.73	 7.8376	34.0851	26.5835	 1.87	 81.28	0.040	  162.21	 99.76
 293.00	 290.72	 7.8189	34.0844	26.5856	 1.87	 81.49	0.040	  162.25	 99.76
 294.00	 291.71	 7.7832	34.0790	26.5866	 1.86	 81.02	0.040	  162.16	 99.76
 295.00	 292.71	 7.7467	34.0794	26.5922	 1.84	 80.11	0.040	  162.25	 99.76
 296.00	 293.70	 7.7333	34.0807	26.5952	 1.82	 79.14	0.040	  162.22	 99.76
 297.00	 294.69	 7.7305	34.0838	26.5980	 1.80	 78.11	0.040	  162.23	 99.76
 298.00	 295.68	 7.7361	34.0875	26.6001	 1.77	 76.90	0.040	  162.26	 99.76
 299.00	 296.67	 7.7474	34.0914	26.6016	 1.72	 74.72	0.040	  162.15	 99.76
 300.00	 297.66	 7.7636	34.0957	26.6026	 1.64	 71.51	0.040	  162.20	 99.77
 301.00	 298.66	 7.7993	34.1087	26.6077	 1.59	 69.18	0.040	  162.23	 99.78
 302.00	 299.65	 7.8422	34.1198	26.6102	 1.57	 68.23	0.040	  162.22	 99.78
 303.00	 300.64	 7.8548	34.1233	26.6112	 1.55	 67.45	0.040	  162.16	 99.78
 304.00	 301.63	 7.8580	34.1260	26.6128	 1.52	 65.92	0.040	  162.16	 99.78
 305.00	 302.62	 7.8504	34.1301	26.6172	 1.48	 64.39	0.040	  162.19	 99.79
 306.00	 303.61	 7.8662	34.1387	26.6216	 1.46	 63.57	0.040	  162.24	 99.79
 307.00	 304.60	 7.8649	34.1426	26.6249	 1.44	 62.70	0.040	  162.22	 99.80
 308.00	 305.60	 7.8650	34.1429	26.6251	 1.40	 61.10	0.040	  162.22	 99.80
 309.00	 306.59	 7.8595	34.1475	26.6295	 1.39	 60.25	0.040	  162.26	 99.80
 310.00	 307.58	 7.8812	34.1551	26.6324	 1.39	 60.32	0.040	  162.22	 99.81
 311.00	 308.57	 7.8467	34.1537	26.6363	 1.40	 60.77	0.040	  162.17	 99.82
 312.00	 309.56	 7.8352	34.1520	26.6367	 1.40	 60.99	0.041	  162.24	 99.83
 313.00	 310.55	 7.8202	34.1501	26.6374	 1.41	 61.33	0.041	  162.27	 99.83
 314.00	 311.54	 7.8113	34.1487	26.6376	 1.42	 61.76	0.040	  162.25	 99.83
 315.00	 312.54	 7.8012	34.1476	26.6382	 1.41	 61.46	0.040	  162.22	 99.83
 316.00	 313.53	 7.7938	34.1466	26.6385	 1.40	 60.69	0.040	  162.16	 99.83
 317.00	 314.52	 7.7992	34.1504	26.6407	 1.37	 59.60	0.040	  162.16	 99.83
 318.00	 315.51	 7.8062	34.1526	26.6415	 1.32	 57.48	0.040	  162.15	 99.83
 319.00	 316.50	 7.8278	34.1609	26.6448	 1.25	 54.49	0.040	  162.18	 99.83
 320.00	 317.49	 7.8681	34.1732	26.6486	 1.19	 51.90	0.040	  162.20	 99.83
 321.00	 318.48	 7.8877	34.1837	26.6541	 1.15	 50.07	0.040	  162.15	 99.83
 322.00	 319.48	 7.8974	34.1879	26.6560	 1.11	 48.37	0.041	  162.17	 99.83
 323.00	 320.47	 7.9006	34.1938	26.6601	 1.09	 47.45	0.041	  162.18	 99.84
 324.00	 321.46	 7.8939	34.2015	26.6672	 1.08	 47.10	0.040	  162.23	 99.84
 325.00	 322.45	 7.8879	34.2029	26.6691	 1.08	 47.19	0.041	  162.24	 99.85
 326.00	 323.44	 7.8818	34.2032	26.6703	 1.09	 47.53	0.042	  162.23	 99.85
 327.00	 324.43	 7.8801	34.2031	26.6705	 1.09	 47.52	0.041	  162.22	 99.86
 328.00	 325.42	 7.8786	34.2029	26.6706	 1.08	 47.17	0.041	  162.25	 99.86
 329.00	 326.42	 7.8803	34.2037	26.6710	 1.08	 47.15	0.041	  162.18	 99.87
 330.00	 327.41	 7.8820	34.2043	26.6712	 1.10	 47.88	0.041	  162.15	 99.87
 331.00	 328.40	 7.8430	34.1979	26.6719	 1.14	 49.70	0.040	  162.18	 99.88
 332.00	 329.39	 7.7901	34.1925	26.6754	 1.19	 51.95	0.040	  162.18	 99.88
 333.00	 330.38	 7.6684	34.1729	26.6776	 1.23	 53.65	0.040	  162.28	 99.88
 334.00	 331.37	 7.5934	34.1649	26.6821	 1.25	 54.22	0.040	  162.19	 99.88
 335.00	 332.36	 7.5653	34.1598	26.6821	 1.24	 53.84	0.040	  162.22	 99.87
 336.00	 333.35	 7.5572	34.1596	26.6831	 1.23	 53.63	0.040	  162.22	 99.87
 337.00	 334.35	 7.5506	34.1581	26.6830	 1.23	 53.65	0.040	  162.23	 99.86
 338.00	 335.34	 7.5417	34.1572	26.6835	 1.23	 53.40	0.040	  162.23	 99.85
 339.00	 336.33	 7.5274	34.1548	26.6837	 1.22	 52.86	0.040	  162.20	 99.85
 340.00	 337.32	 7.5100	34.1547	26.6861	 1.19	 51.97	0.040	  162.16	 99.85
 341.00	 338.31	 7.5067	34.1574	26.6887	 1.17	 51.07	0.040	  162.23	 99.85
 342.00	 339.30	 7.5035	34.1614	26.6923	 1.16	 50.34	0.040	  162.20	 99.85
 343.00	 340.29	 7.5021	34.1634	26.6941	 1.13	 49.13	0.040	  162.18	 99.85
 344.00	 341.29	 7.5137	34.1717	26.6990	 1.11	 48.33	0.040	  162.20	 99.85
 345.00	 342.28	 7.5185	34.1749	26.7009	 1.11	 48.36	0.040	  162.17	 99.85
 346.00	 343.27	 7.5118	34.1734	26.7006	 1.11	 48.24	0.040	  162.15	 99.85
 347.00	 344.26	 7.4741	34.1698	26.7031	 1.09	 47.54	0.040	  162.13	 99.86
 348.00	 345.25	 7.4552	34.1736	26.7088	 1.07	 46.52	0.040	  162.17	 99.86
 349.00	 346.24	 7.4561	34.1779	26.7121	 1.04	 45.44	0.040	  162.16	 99.87
 350.00	 347.23	 7.4534	34.1820	26.7158	 1.03	 44.72	0.040	  162.15	 99.88
 351.00	 348.22	 7.4516	34.1840	26.7175	 1.02	 44.20	0.041	  162.15	 99.88
 352.00	 349.22	 7.4490	34.1863	26.7198	 1.01	 43.76	0.040	  162.19	 99.88
 353.00	 350.21	 7.4472	34.1889	26.7221	 1.00	 43.42	0.040	  162.15	 99.88
 354.00	 351.20	 7.4322	34.1902	26.7253	 0.99	 42.95	0.040	  162.15	 99.88
 355.00	 352.19	 7.4223	34.1905	26.7269	 0.97	 42.24	0.040	  162.15	 99.88
 356.00	 353.18	 7.4103	34.1931	26.7307	 0.95	 41.24	0.040	  162.13	 99.88
 357.00	 354.17	 7.4018	34.1962	26.7343	 0.92	 40.18	0.041	  162.10	 99.88
 358.00	 355.16	 7.4011	34.2028	26.7396	 0.91	 39.69	0.042	  162.16	 99.88
 359.00	 356.15	 7.3962	34.2052	26.7422	 0.91	 39.65	0.041	  162.22	 99.88
 360.00	 357.15	 7.3948	34.2058	26.7429	 0.91	 39.54	0.040	  162.16	 99.89
 361.00	 358.14	 7.3937	34.2058	26.7431	 0.91	 39.42	0.041	  162.11	 99.89
 362.00	 359.13	 7.3881	34.2066	26.7445	 0.90	 39.12	0.041	  162.07	 99.90
 363.00	 360.12	 7.3796	34.2070	26.7460	 0.89	 38.80	0.040	  162.15	 99.90
 364.00	 361.11	 7.3721	34.2080	26.7479	 0.89	 38.77	0.040	  162.10	 99.90
 365.00	 362.10	 7.3688	34.2088	26.7490	 0.89	 38.69	0.040	  162.15	 99.90
 366.00	 363.09	 7.3677	34.2092	26.7495	 0.88	 38.47	0.040	  162.18	 99.90
 367.00	 364.08	 7.3678	34.2102	26.7503	 0.88	 38.46	0.040	  162.11	 99.90
 368.00	 365.07	 7.3681	34.2103	26.7503	 0.88	 38.45	0.040	  162.13	 99.90
 369.00	 366.07	 7.3683	34.2106	26.7505	 0.88	 38.37	0.040	  162.07	 99.90
 370.00	 367.06	 7.3688	34.2107	26.7505	 0.88	 38.22	0.041	  162.13	 99.90
 371.00	 368.05	 7.3700	34.2111	26.7507	 0.86	 37.33	0.041	  162.09	 99.90
 372.00	 369.04	 7.3703	34.2127	26.7520	 0.84	 36.42	0.040	  162.14	 99.90
 373.00	 370.03	 7.3633	34.2182	26.7573	 0.83	 36.04	0.041	  162.07	 99.90
 374.00	 371.02	 7.3544	34.2187	26.7590	 0.83	 36.00	0.041	  162.12	 99.90
 375.00	 372.01	 7.3456	34.2194	26.7607	 0.83	 36.05	0.040	  162.08	 99.90
 376.00	 373.00	 7.3412	34.2197	26.7616	 0.83	 35.98	0.040	  162.09	 99.90
 377.00	 374.00	 7.3414	34.2204	26.7621	 0.83	 36.06	0.042	  162.08	 99.90
 378.00	 374.99	 7.3353	34.2198	26.7626	 0.83	 36.25	0.040	  162.08	 99.90
 379.00	 375.98	 7.3183	34.2176	26.7632	 0.84	 36.65	0.040	  162.07	 99.91
 380.00	 376.97	 7.2906	34.2147	26.7648	 0.85	 36.83	0.040	  162.14	 99.90
 381.00	 377.96	 7.2335	34.2075	26.7672	 0.84	 36.44	0.041	  162.10	 99.91
 382.00	 378.95	 7.2186	34.2120	26.7728	 0.82	 35.85	0.040	  162.08	 99.90
 383.00	 379.94	 7.2256	34.2129	26.7725	 0.81	 35.24	0.040	  162.13	 99.90
 384.00	 380.93	 7.2186	34.2148	26.7750	 0.80	 34.87	0.041	  162.00	 99.90
 385.00	 381.92	 7.2257	34.2174	26.7761	 0.80	 34.62	0.041	  162.07	 99.91
 386.00	 382.92	 7.2128	34.2172	26.7777	 0.79	 34.51	0.040	  162.06	 99.90
 387.00	 383.91	 7.1994	34.2168	26.7793	 0.79	 34.36	0.040	  162.06	 99.90
 388.00	 384.90	 7.1872	34.2169	26.7811	 0.79	 34.18	0.040	  162.08	 99.91
 389.00	 385.89	 7.1837	34.2177	26.7822	 0.78	 34.10	0.040	  162.10	 99.91
 390.00	 386.88	 7.1796	34.2178	26.7829	 0.78	 34.11	0.042	  162.04	 99.91
 391.00	 387.87	 7.1756	34.2181	26.7836	 0.78	 33.85	0.040	  162.06	 99.91
 392.00	 388.86	 7.1694	34.2175	26.7840	 0.76	 33.14	0.042	  162.05	 99.91
 393.00	 389.85	 7.1511	34.2180	26.7870	 0.74	 32.08	0.041	  162.10	 99.92
 394.00	 390.84	 7.1525	34.2248	26.7922	 0.72	 31.39	0.040	  162.06	 99.92
 395.00	 391.83	 7.1719	34.2312	26.7945	 0.72	 31.11	0.040	  162.05	 99.92
 396.00	 392.83	 7.1755	34.2322	26.7948	 0.72	 31.11	0.041	  162.03	 99.93
 397.00	 393.82	 7.1742	34.2327	26.7955	 0.71	 30.86	0.041	  162.02	 99.92
 398.00	 394.81	 7.1711	34.2324	26.7956	 0.69	 30.08	0.041	  162.04	 99.93
 399.00	 395.80	 7.1863	34.2380	26.7980	 0.67	 28.95	0.041	  161.96	 99.93
 400.00	 396.79	 7.2052	34.2433	26.7995	 0.65	 28.20	0.040	  161.95	 99.93
 401.00	 397.78	 7.2451	34.2530	26.8017	 0.65	 28.30	0.041	  161.96	 99.93
 402.00	 398.77	 7.2509	34.2535	26.8012	 0.66	 28.81	0.041	  161.91	 99.93
 403.00	 399.76	 7.1915	34.2467	26.8041	 0.68	 29.38	0.040	  161.97	 99.93
 404.00	 400.75	 7.1436	34.2424	26.8074	 0.68	 29.54	0.040	  162.02	 99.93
 405.00	 401.74	 7.1312	34.2412	26.8082	 0.67	 29.20	0.040	  161.98	 99.93
 406.00	 402.74	 7.1319	34.2438	26.8102	 0.66	 28.52	0.040	  161.99	 99.93
 407.00	 403.73	 7.1300	34.2444	26.8109	 0.63	 27.56	0.040	  161.95	 99.93
 408.00	 404.72	 7.1308	34.2451	26.8114	 0.61	 26.43	0.040	  161.93	 99.93
 409.00	 405.71	 7.1716	34.2578	26.8157	 0.59	 25.78	0.040	  161.98	 99.93
 410.00	 406.70	 7.1814	34.2613	26.8171	 0.59	 25.46	0.040	  161.95	 99.93
 411.00	 407.69	 7.1828	34.2639	26.8190	 0.59	 25.51	0.040	  161.95	 99.93
 412.00	 408.68	 7.1843	34.2649	26.8196	 0.59	 25.66	0.040	  161.95	 99.93
 413.00	 409.67	 7.1817	34.2645	26.8197	 0.59	 25.74	0.040	  161.94	 99.93
 414.00	 410.66	 7.1818	34.2644	26.8196	 0.59	 25.87	0.040	  161.93	 99.94
 415.00	 411.65	 7.1797	34.2640	26.8196	 0.59	 25.82	0.041	  161.93	 99.94
 416.00	 412.65	 7.1789	34.2640	26.8197	 0.59	 25.86	0.042	  161.97	 99.94
 417.00	 413.64	 7.1737	34.2625	26.8193	 0.59	 25.87	0.040	  161.91	 99.94
 418.00	 414.63	 7.1489	34.2622	26.8225	 0.59	 25.69	0.040	  161.94	 99.94
 419.00	 415.62	 7.1398	34.2623	26.8238	 0.59	 25.64	0.040	  161.99	 99.94
 420.00	 416.61	 7.1357	34.2630	26.8250	 0.58	 25.42	0.040	  161.90	 99.94
 421.00	 417.60	 7.1361	34.2631	26.8250	 0.57	 24.90	0.041	  161.94	 99.94
 422.00	 418.59	 7.1404	34.2650	26.8259	 0.56	 24.35	0.042	  161.88	 99.94
 423.00	 419.58	 7.1600	34.2716	26.8284	 0.55	 23.91	0.041	  161.90	 99.94
 424.00	 420.57	 7.1631	34.2732	26.8292	 0.54	 23.45	0.040	  161.88	 99.94
 425.00	 421.56	 7.1575	34.2759	26.8322	 0.53	 23.27	0.040	  161.86	 99.94
 426.00	 422.55	 7.1494	34.2769	26.8341	 0.53	 23.25	0.040	  161.94	 99.95
 427.00	 423.55	 7.1450	34.2773	26.8350	 0.53	 23.19	0.042	  161.90	 99.94
 428.00	 424.54	 7.1445	34.2774	26.8352	 0.53	 23.18	0.040	  161.90	 99.95
 429.00	 425.53	 7.1444	34.2776	26.8354	 0.53	 23.03	0.040	  161.90	 99.95
