wcoa21_data_management/01_CRUISE_METADATA/00_OCADS_data/CTD_downcasts/WCOA_2021_CTD_downcasts/dRB2102_CTD_060_01_F.txt
* Sea-Bird SBE 9 Data:
* Software Version Seasave V 7.26.7.107
* Vessel: NOAA Ship Ronald H. Brown
* Cruise: RB2102, West Coast Ocean Acidification (WCOA) 2021
* Dates: 20210622 to 20210723
* Region: NE Pacific, USA West Coast
* Ports: San Diego, CA to Port Angeles, WA to San Diego, CA
* Chief Scientists: R. Feely, NOAA PMEL; D. Greeley, NOAA PMEL; B. Carter, NOAA PMEL / UW CICOES
*END*
[from data line 1707]
1710.00	1689.71	 2.2604	34.5615	27.6088	 1.17	 50.67	0.040	  138.33	100.00
1711.00	1690.69	 2.2564	34.5619	27.6095	 1.17	 50.79	0.040	  138.25	100.00
1712.00	1691.68	 2.2554	34.5619	27.6096	 1.17	 50.78	0.040	  138.30	100.00
1713.00	1692.66	 2.2547	34.5622	27.6099	 1.17	 50.84	0.040	  138.31	100.00
1714.00	1693.65	 2.2542	34.5622	27.6099	 1.17	 50.89	0.040	  138.32	100.00
1715.00	1694.63	 2.2520	34.5624	27.6102	 1.17	 50.95	0.040	  138.23	100.00
1716.00	1695.62	 2.2511	34.5625	27.6104	 1.17	 50.86	0.040	  138.30	100.00
1717.00	1696.60	 2.2491	34.5627	27.6107	 1.17	 50.94	0.040	  138.30	100.00
1718.00	1697.58	 2.2487	34.5627	27.6108	 1.17	 51.04	0.040	  138.28	100.00
1719.00	1698.57	 2.2487	34.5628	27.6108	 1.17	 51.03	0.040	  138.30	100.00
1720.00	1699.55	 2.2486	34.5627	27.6108	 1.18	 51.20	0.040	  138.27	100.00
1721.00	1700.54	 2.2470	34.5626	27.6108	 1.18	 51.08	0.040	  138.29	100.00
1722.00	1701.52	 2.2428	34.5629	27.6114	 1.18	 51.24	0.040	  138.27	100.00
1723.00	1702.50	 2.2389	34.5635	27.6122	 1.18	 51.33	0.040	  138.25	100.00
1724.00	1703.49	 2.2365	34.5637	27.6126	 1.18	 51.35	0.040	  138.21	100.00
1725.00	1704.47	 2.2352	34.5638	27.6128	 1.18	 51.50	0.040	  138.24	100.00
1726.00	1705.46	 2.2336	34.5640	27.6130	 1.19	 51.70	0.040	  138.27	100.00
1727.00	1706.44	 2.2317	34.5643	27.6135	 1.19	 51.64	0.040	  138.28	100.00
1728.00	1707.42	 2.2310	34.5643	27.6135	 1.19	 51.68	0.042	  138.24	100.00
1729.00	1708.41	 2.2297	34.5643	27.6136	 1.19	 51.83	0.041	  138.28	100.00
1730.00	1709.39	 2.2268	34.5647	27.6141	 1.19	 51.88	0.040	  138.28	100.00
1731.00	1710.38	 2.2224	34.5652	27.6149	 1.20	 51.99	0.040	  138.24	100.00
1732.00	1711.36	 2.2214	34.5652	27.6150	 1.20	 52.03	0.040	  138.27	100.00
1733.00	1712.34	 2.2199	34.5654	27.6153	 1.20	 52.16	0.040	  138.26	 99.99
1734.00	1713.33	 2.2187	34.5654	27.6154	 1.20	 52.22	0.040	  138.31	100.00
1735.00	1714.31	 2.2184	34.5655	27.6155	 1.20	 52.22	0.040	  138.23	100.00
1736.00	1715.30	 2.2158	34.5659	27.6161	 1.20	 52.31	0.040	  138.26	 99.99
1737.00	1716.28	 2.2127	34.5663	27.6167	 1.21	 52.47	0.040	  138.21	 99.99
1738.00	1717.26	 2.2119	34.5664	27.6168	 1.21	 52.57	0.040	  138.25	100.00
1739.00	1718.25	 2.2116	34.5664	27.6168	 1.21	 52.56	0.040	  138.28	 99.99
1740.00	1719.23	 2.2087	34.5667	27.6173	 1.21	 52.63	0.040	  138.22	100.00
1741.00	1720.22	 2.2072	34.5668	27.6175	 1.21	 52.74	0.040	  138.19	100.00
1742.00	1721.20	 2.2053	34.5673	27.6180	 1.22	 52.87	0.040	  138.20	100.00
1743.00	1722.18	 2.2041	34.5674	27.6183	 1.22	 52.99	0.040	  138.20	 99.99
1744.00	1723.17	 2.2014	34.5678	27.6188	 1.22	 53.12	0.040	  138.21	 99.99
1745.00	1724.15	 2.1999	34.5680	27.6191	 1.23	 53.26	0.040	  138.21	 99.99
1746.00	1725.14	 2.1995	34.5679	27.6190	 1.23	 53.38	0.040	  138.19	100.00
1747.00	1726.12	 2.1982	34.5681	27.6193	 1.23	 53.42	0.040	  138.19	100.00
1748.00	1727.10	 2.1978	34.5683	27.6195	 1.23	 53.43	0.040	  138.17	 99.99
1749.00	1728.09	 2.1961	34.5684	27.6197	 1.23	 53.44	0.040	  138.21	 99.99
1750.00	1729.07	 2.1958	34.5684	27.6197	 1.23	 53.43	0.040	  138.22	 99.99
1751.00	1730.06	 2.1955	34.5684	27.6197	 1.23	 53.49	0.040	  138.17	 99.99
1752.00	1731.04	 2.1946	34.5684	27.6199	 1.23	 53.49	0.040	  138.17	 99.99
1753.00	1732.02	 2.1940	34.5685	27.6200	 1.23	 53.57	0.040	  138.18	 99.99
1754.00	1733.01	 2.1931	34.5685	27.6201	 1.23	 53.63	0.040	  138.17	100.00
1755.00	1733.99	 2.1921	34.5687	27.6203	 1.23	 53.66	0.040	  138.24	 99.99
1756.00	1734.98	 2.1910	34.5690	27.6206	 1.23	 53.62	0.040	  138.16	 99.99
1757.00	1735.96	 2.1906	34.5689	27.6206	 1.23	 53.60	0.040	  138.16	 99.99
1758.00	1736.94	 2.1901	34.5691	27.6208	 1.24	 53.78	0.040	  138.15	 99.99
1759.00	1737.93	 2.1887	34.5692	27.6210	 1.24	 53.96	0.040	  138.23	 99.99
1760.00	1738.91	 2.1848	34.5696	27.6216	 1.24	 53.99	0.040	  138.17	 99.99
1761.00	1739.90	 2.1805	34.5703	27.6226	 1.25	 54.24	0.040	  138.20	 99.99
1762.00	1740.88	 2.1771	34.5708	27.6232	 1.25	 54.41	0.040	  138.13	 99.99
1763.00	1741.86	 2.1764	34.5711	27.6235	 1.26	 54.59	0.040	  138.13	 99.99
1764.00	1742.85	 2.1754	34.5712	27.6237	 1.26	 54.68	0.040	  138.16	 99.99
1765.00	1743.83	 2.1741	34.5715	27.6240	 1.26	 54.78	0.040	  138.15	 99.99
1766.00	1744.82	 2.1727	34.5716	27.6242	 1.26	 54.93	0.040	  138.15	 99.99
1767.00	1745.80	 2.1713	34.5717	27.6244	 1.27	 54.99	0.041	  138.13	 99.99
1768.00	1746.78	 2.1696	34.5718	27.6247	 1.27	 55.06	0.041	  138.17	 99.99
1769.00	1747.77	 2.1685	34.5719	27.6248	 1.27	 55.23	0.040	  138.10	 99.99
1770.00	1748.75	 2.1658	34.5724	27.6254	 1.27	 55.30	0.040	  138.15	 99.99
1771.00	1749.74	 2.1648	34.5723	27.6255	 1.27	 55.20	0.040	  138.09	 99.99
1772.00	1750.72	 2.1629	34.5726	27.6258	 1.27	 55.30	0.040	  138.12	 99.99
1773.00	1751.70	 2.1595	34.5727	27.6262	 1.28	 55.42	0.040	  138.19	 99.99
1774.00	1752.69	 2.1555	34.5733	27.6270	 1.28	 55.50	0.040	  138.12	 99.99
1775.00	1753.67	 2.1554	34.5732	27.6269	 1.28	 55.62	0.040	  138.16	 99.99
1776.00	1754.65	 2.1554	34.5733	27.6270	 1.28	 55.78	0.040	  138.09	 99.99
1777.00	1755.64	 2.1554	34.5732	27.6269	 1.28	 55.81	0.040	  138.14	 99.99
1778.00	1756.62	 2.1547	34.5733	27.6271	 1.28	 55.77	0.040	  138.12	 99.99
1779.00	1757.61	 2.1531	34.5736	27.6274	 1.28	 55.83	0.040	  138.08	 99.99
1780.00	1758.59	 2.1507	34.5739	27.6279	 1.29	 55.96	0.040	  138.14	 99.99
1781.00	1759.57	 2.1485	34.5740	27.6281	 1.29	 56.14	0.040	  138.14	 99.99
1782.00	1760.56	 2.1468	34.5742	27.6285	 1.29	 56.11	0.040	  138.02	 99.99
1783.00	1761.54	 2.1459	34.5744	27.6287	 1.29	 56.11	0.040	  138.08	 99.99
1784.00	1762.53	 2.1455	34.5744	27.6287	 1.29	 56.27	0.040	  138.10	 99.99
1785.00	1763.51	 2.1449	34.5745	27.6289	 1.30	 56.32	0.040	  138.10	 99.99
1786.00	1764.49	 2.1437	34.5747	27.6291	 1.30	 56.34	0.040	  138.11	 99.99
1787.00	1765.48	 2.1433	34.5746	27.6290	 1.30	 56.35	0.040	  138.14	 99.99
1788.00	1766.46	 2.1423	34.5747	27.6292	 1.30	 56.36	0.040	  138.06	 99.99
1789.00	1767.44	 2.1421	34.5746	27.6292	 1.30	 56.35	0.040	  138.06	 99.99
1790.00	1768.43	 2.1411	34.5747	27.6293	 1.30	 56.41	0.040	  138.04	 99.98
1791.00	1769.41	 2.1342	34.5757	27.6306	 1.30	 56.61	0.040	  138.07	 99.98
1792.00	1770.40	 2.1342	34.5757	27.6307	 1.30	 56.69	0.040	  138.05	 99.99
1793.00	1771.38	 2.1339	34.5759	27.6308	 1.30	 56.70	0.040	  138.02	 99.98
1794.00	1772.36	 2.1343	34.5757	27.6307	 1.31	 56.76	0.040	  137.99	 99.99
1795.00	1773.35	 2.1338	34.5757	27.6308	 1.31	 56.90	0.040	  138.06	 99.98
1796.00	1774.33	 2.1297	34.5764	27.6316	 1.31	 56.95	0.040	  138.08	 99.98
1797.00	1775.31	 2.1268	34.5768	27.6322	 1.31	 57.08	0.041	  138.07	 99.99
1798.00	1776.30	 2.1263	34.5768	27.6323	 1.32	 57.24	0.041	  138.04	 99.98
1799.00	1777.28	 2.1257	34.5769	27.6324	 1.32	 57.33	0.040	  138.05	 99.98
1800.00	1778.27	 2.1242	34.5771	27.6326	 1.32	 57.34	0.040	  138.06	 99.98
1801.00	1779.25	 2.1230	34.5772	27.6328	 1.32	 57.48	0.040	  138.09	 99.98
1802.00	1780.23	 2.1207	34.5774	27.6332	 1.32	 57.54	0.040	  138.05	 99.98
1803.00	1781.22	 2.1168	34.5779	27.6339	 1.32	 57.56	0.040	  138.05	 99.98
1804.00	1782.20	 2.1164	34.5780	27.6340	 1.33	 57.72	0.040	  138.03	 99.98
1805.00	1783.18	 2.1148	34.5783	27.6344	 1.33	 57.84	0.040	  138.04	 99.98
1806.00	1784.17	 2.1130	34.5785	27.6346	 1.33	 57.99	0.040	  138.02	 99.98
1807.00	1785.15	 2.1118	34.5787	27.6350	 1.34	 58.10	0.040	  138.04	 99.99
1808.00	1786.14	 2.1112	34.5788	27.6350	 1.34	 58.21	0.040	  138.08	 99.98
1809.00	1787.12	 2.1080	34.5790	27.6355	 1.35	 58.47	0.040	  138.08	 99.98
1810.00	1788.10	 2.1048	34.5794	27.6361	 1.35	 58.48	0.040	  138.01	 99.98
1811.00	1789.09	 2.1032	34.5799	27.6366	 1.35	 58.57	0.040	  138.08	 99.98
1812.00	1790.07	 2.1020	34.5799	27.6367	 1.35	 58.65	0.040	  138.01	 99.98
1813.00	1791.05	 2.1004	34.5800	27.6369	 1.35	 58.80	0.040	  138.00	 99.98
1814.00	1792.04	 2.0980	34.5803	27.6373	 1.36	 58.95	0.040	  137.96	 99.98
1815.00	1793.02	 2.0969	34.5805	27.6376	 1.36	 59.01	0.040	  138.02	 99.98
1816.00	1794.00	 2.0957	34.5808	27.6379	 1.36	 59.10	0.040	  138.00	 99.98
1817.00	1794.99	 2.0945	34.5808	27.6380	 1.36	 59.10	0.040	  138.00	 99.98
1818.00	1795.97	 2.0917	34.5810	27.6385	 1.36	 59.19	0.040	  137.99	 99.98
1819.00	1796.96	 2.0905	34.5812	27.6386	 1.36	 59.22	0.040	  138.01	 99.98
1820.00	1797.94	 2.0897	34.5812	27.6388	 1.37	 59.33	0.040	  137.97	 99.98
1821.00	1798.92	 2.0897	34.5813	27.6388	 1.37	 59.44	0.040	  137.97	 99.98
1822.00	1799.91	 2.0887	34.5814	27.6390	 1.37	 59.46	0.040	  137.98	 99.98
1823.00	1800.89	 2.0881	34.5815	27.6392	 1.37	 59.47	0.040	  137.94	 99.98
1824.00	1801.87	 2.0875	34.5816	27.6392	 1.37	 59.48	0.040	  137.93	 99.98
1825.00	1802.86	 2.0871	34.5818	27.6394	 1.37	 59.54	0.040	  137.94	 99.98
1826.00	1803.84	 2.0867	34.5818	27.6395	 1.37	 59.54	0.040	  137.95	 99.98
1827.00	1804.82	 2.0861	34.5819	27.6396	 1.37	 59.59	0.040	  137.98	 99.98
1828.00	1805.81	 2.0857	34.5819	27.6396	 1.37	 59.71	0.040	  137.96	 99.98
1829.00	1806.79	 2.0837	34.5820	27.6399	 1.37	 59.75	0.040	  137.98	 99.98
1830.00	1807.78	 2.0816	34.5821	27.6402	 1.38	 59.79	0.040	  137.97	 99.98
1831.00	1808.76	 2.0788	34.5825	27.6407	 1.38	 59.79	0.040	  137.98	 99.98
1832.00	1809.74	 2.0778	34.5827	27.6410	 1.38	 59.84	0.040	  137.96	 99.98
1833.00	1810.73	 2.0753	34.5829	27.6413	 1.38	 59.99	0.040	  138.00	 99.98
1834.00	1811.71	 2.0752	34.5830	27.6414	 1.38	 60.16	0.040	  137.96	 99.98
1835.00	1812.69	 2.0723	34.5834	27.6420	 1.38	 60.19	0.040	  137.97	 99.98
1836.00	1813.68	 2.0729	34.5833	27.6418	 1.39	 60.29	0.040	  137.98	 99.98
1837.00	1814.66	 2.0730	34.5833	27.6418	 1.39	 60.30	0.040	  137.95	 99.98
1838.00	1815.64	 2.0723	34.5835	27.6420	 1.39	 60.27	0.040	  137.94	 99.98
1839.00	1816.63	 2.0723	34.5835	27.6420	 1.39	 60.40	0.040	  137.96	 99.98
1840.00	1817.61	 2.0707	34.5837	27.6423	 1.39	 60.45	0.041	  137.93	 99.98
1841.00	1818.60	 2.0691	34.5839	27.6426	 1.40	 60.66	0.040	  137.95	 99.98
1842.00	1819.58	 2.0670	34.5842	27.6430	 1.40	 60.69	0.040	  137.99	 99.98
1843.00	1820.56	 2.0659	34.5843	27.6432	 1.40	 60.78	0.040	  137.97	 99.98
1844.00	1821.55	 2.0657	34.5844	27.6433	 1.40	 60.69	0.040	  137.98	 99.98
1845.00	1822.53	 2.0657	34.5843	27.6432	 1.39	 60.57	0.040	  137.95	 99.98
1846.00	1823.51	 2.0653	34.5842	27.6432	 1.40	 60.69	0.040	  137.96	 99.98
1847.00	1824.50	 2.0650	34.5843	27.6433	 1.40	 60.77	0.040	  137.94	 99.98
1848.00	1825.48	 2.0650	34.5842	27.6432	 1.40	 60.82	0.040	  137.98	 99.98
1849.00	1826.46	 2.0647	34.5845	27.6435	 1.40	 60.92	0.040	  137.89	 99.98
1850.00	1827.45	 2.0644	34.5845	27.6435	 1.40	 60.85	0.040	  137.94	 99.98
1851.00	1828.43	 2.0631	34.5845	27.6437	 1.40	 60.84	0.040	  137.92	 99.98
1852.00	1829.41	 2.0613	34.5847	27.6439	 1.40	 60.92	0.040	  137.96	 99.98
1853.00	1830.40	 2.0609	34.5848	27.6440	 1.40	 60.93	0.040	  137.95	 99.98
1854.00	1831.38	 2.0609	34.5847	27.6440	 1.40	 60.95	0.040	  137.92	 99.98
1855.00	1832.36	 2.0604	34.5849	27.6442	 1.40	 61.02	0.040	  137.93	 99.98
1856.00	1833.35	 2.0589	34.5850	27.6444	 1.41	 61.15	0.040	  137.93	 99.98
1857.00	1834.33	 2.0574	34.5853	27.6448	 1.41	 61.25	0.041	  137.91	 99.98
1858.00	1835.31	 2.0567	34.5855	27.6450	 1.41	 61.22	0.041	  137.87	 99.98
1859.00	1836.30	 2.0562	34.5855	27.6450	 1.41	 61.38	0.040	  137.86	 99.98
1860.00	1837.28	 2.0553	34.5858	27.6453	 1.41	 61.42	0.040	  137.92	 99.98
1861.00	1838.27	 2.0549	34.5860	27.6455	 1.41	 61.48	0.040	  137.95	 99.98
1862.00	1839.25	 2.0548	34.5858	27.6454	 1.42	 61.57	0.040	  137.90	 99.98
1863.00	1840.23	 2.0545	34.5859	27.6455	 1.42	 61.54	0.041	  137.87	 99.98
1864.00	1841.22	 2.0542	34.5859	27.6455	 1.42	 61.55	0.041	  137.90	 99.98
1865.00	1842.20	 2.0539	34.5861	27.6457	 1.42	 61.59	0.040	  137.93	 99.98
1866.00	1843.18	 2.0515	34.5861	27.6459	 1.42	 61.69	0.040	  137.87	 99.98
1867.00	1844.17	 2.0502	34.5863	27.6462	 1.42	 61.81	0.040	  137.90	 99.98
1868.00	1845.15	 2.0473	34.5866	27.6467	 1.42	 61.79	0.040	  137.89	 99.98
1869.00	1846.13	 2.0457	34.5868	27.6469	 1.42	 61.92	0.040	  137.85	 74.55
1870.00	1847.12	 2.0457	34.5868	27.6470	 1.43	 62.02	0.040	  137.90	 99.22
1871.00	1848.10	 2.0449	34.5870	27.6472	 1.43	 62.11	0.040	  137.90	 99.98
1872.00	1849.08	 2.0445	34.5871	27.6473	 1.43	 62.12	0.040	  137.86	 99.98
1873.00	1850.07	 2.0438	34.5869	27.6472	 1.43	 62.29	0.040	  137.86	 99.98
1874.00	1851.05	 2.0381	34.5880	27.6485	 1.44	 62.42	0.040	  137.80	 99.98
1875.00	1852.03	 2.0364	34.5882	27.6488	 1.44	 62.56	0.040	  137.84	 99.98
1876.00	1853.02	 2.0343	34.5883	27.6491	 1.44	 62.67	0.040	  137.75	 99.98
1877.00	1854.00	 2.0325	34.5886	27.6494	 1.44	 62.72	0.040	  137.82	 99.98
1878.00	1854.98	 2.0313	34.5885	27.6495	 1.44	 62.76	0.040	  137.74	 99.98
1879.00	1855.97	 2.0301	34.5886	27.6496	 1.44	 62.76	0.040	  137.85	 99.98
1880.00	1856.95	 2.0289	34.5888	27.6499	 1.44	 62.74	0.040	  137.77	 99.98
1881.00	1857.93	 2.0285	34.5887	27.6498	 1.45	 62.80	0.040	  137.76	 99.98
1882.00	1858.92	 2.0281	34.5888	27.6500	 1.45	 62.93	0.040	  137.76	 99.98
1883.00	1859.90	 2.0266	34.5889	27.6502	 1.45	 63.07	0.040	  137.77	 99.98
1884.00	1860.88	 2.0248	34.5890	27.6504	 1.45	 63.12	0.040	  137.81	 99.98
1885.00	1861.87	 2.0232	34.5894	27.6509	 1.45	 63.10	0.040	  137.78	 99.98
1886.00	1862.85	 2.0228	34.5893	27.6508	 1.46	 63.28	0.040	  137.79	 99.98
1887.00	1863.83	 2.0227	34.5894	27.6509	 1.46	 63.25	0.040	  137.82	 99.98
1888.00	1864.82	 2.0226	34.5895	27.6510	 1.45	 63.21	0.040	  137.76	 99.98
1889.00	1865.80	 2.0226	34.5895	27.6510	 1.46	 63.25	0.040	  137.78	 99.98
1890.00	1866.78	 2.0225	34.5897	27.6511	 1.46	 63.30	0.040	  137.74	 99.98
1891.00	1867.77	 2.0225	34.5895	27.6510	 1.46	 63.28	0.040	  137.75	 99.98
1892.00	1868.75	 2.0222	34.5897	27.6512	 1.46	 63.30	0.040	  137.78	 99.98
1893.00	1869.73	 2.0215	34.5897	27.6513	 1.46	 63.33	0.040	  137.78	 99.98
1894.00	1870.72	 2.0210	34.5898	27.6514	 1.46	 63.36	0.040	  137.75	 99.98
1895.00	1871.70	 2.0207	34.5899	27.6515	 1.46	 63.39	0.040	  137.73	 99.98
1896.00	1872.68	 2.0205	34.5900	27.6516	 1.46	 63.34	0.040	  137.78	 99.98
1897.00	1873.67	 2.0204	34.5899	27.6515	 1.46	 63.39	0.040	  137.84	 99.98
1898.00	1874.65	 2.0200	34.5899	27.6516	 1.46	 63.47	0.040	  137.76	 99.98
1899.00	1875.63	 2.0194	34.5901	27.6518	 1.46	 63.44	0.040	  137.82	 99.98
1900.00	1876.62	 2.0184	34.5902	27.6520	 1.46	 63.48	0.040	  137.81	 99.98
1901.00	1877.60	 2.0170	34.5903	27.6522	 1.46	 63.56	0.040	  137.78	 99.98
1902.00	1878.58	 2.0166	34.5904	27.6523	 1.46	 63.59	0.040	  137.81	 99.98
1903.00	1879.57	 2.0155	34.5905	27.6525	 1.47	 63.67	0.040	  137.72	 99.98
1904.00	1880.55	 2.0148	34.5906	27.6526	 1.47	 63.83	0.040	  137.76	 99.98
1905.00	1881.53	 2.0129	34.5910	27.6531	 1.47	 64.01	0.040	  137.74	 99.98
1906.00	1882.52	 2.0084	34.5915	27.6538	 1.47	 64.03	0.040	  137.74	 99.98
1907.00	1883.50	 2.0062	34.5919	27.6543	 1.48	 64.20	0.040	  137.72	 99.98
1908.00	1884.48	 2.0060	34.5919	27.6543	 1.48	 64.35	0.040	  137.80	 99.98
1909.00	1885.47	 2.0060	34.5919	27.6543	 1.48	 64.40	0.040	  137.75	 99.98
1910.00	1886.45	 2.0059	34.5919	27.6543	 1.48	 64.38	0.040	  137.73	 99.98
1911.00	1887.43	 2.0058	34.5919	27.6543	 1.48	 64.46	0.040	  137.69	 99.98
1912.00	1888.42	 2.0056	34.5918	27.6543	 1.48	 64.43	0.040	  137.69	 99.98
1913.00	1889.40	 2.0054	34.5920	27.6544	 1.48	 64.43	0.040	  137.72	 99.98
1914.00	1890.38	 2.0052	34.5920	27.6545	 1.49	 64.56	0.040	  137.76	 99.98
1915.00	1891.37	 2.0049	34.5921	27.6546	 1.48	 64.52	0.040	  137.71	 99.98
1916.00	1892.35	 2.0041	34.5921	27.6547	 1.48	 64.48	0.040	  137.73	 99.98
1917.00	1893.33	 2.0033	34.5923	27.6549	 1.48	 64.47	0.040	  137.71	 99.98
1918.00	1894.32	 2.0031	34.5922	27.6549	 1.48	 64.53	0.041	  137.75	 99.98
1919.00	1895.30	 2.0026	34.5923	27.6550	 1.49	 64.64	0.041	  137.71	 99.98
1920.00	1896.28	 2.0023	34.5925	27.6551	 1.49	 64.61	0.040	  137.72	 99.98
1921.00	1897.26	 2.0022	34.5926	27.6552	 1.49	 64.64	0.040	  137.72	 99.98
1922.00	1898.25	 2.0017	34.5927	27.6554	 1.49	 64.76	0.040	  137.68	 99.98
