wcoa21_data_management/01_CRUISE_METADATA/00_OCADS_data/CTD_downcasts/WCOA_2021_CTD_downcasts/dRB2102_CTD_069_01_F.txt
* Sea-Bird SBE 9 Data:
* Software Version Seasave V 7.26.7.107
* Vessel: NOAA Ship Ronald H. Brown
* Cruise: RB2102, West Coast Ocean Acidification (WCOA) 2021
* Dates: 20210622 to 20210723
* Region: NE Pacific, USA West Coast
* Ports: San Diego, CA to Port Angeles, WA to San Diego, CA
* Chief Scientists: R. Feely, NOAA PMEL; D. Greeley, NOAA PMEL; B. Carter, NOAA PMEL / UW CICOES
*END*
   3.00	   2.98	13.3550	32.6953	24.5377	 6.13	267.09	0.052	  176.21	 -0.06
   4.00	   3.97	13.3547	32.6953	24.5378	 6.12	266.91	0.052	  176.10	  3.48
   5.00	   4.96	13.3538	32.6957	24.5382	 6.12	266.80	0.053	  175.87	  3.06
   6.00	   5.95	13.3552	32.6954	24.5378	 6.13	267.04	0.059	  175.86	  1.68
   7.00	   6.95	13.3559	32.6954	24.5377	 6.14	267.72	0.054	  175.87	  1.18
   8.00	   7.94	13.3561	32.6953	24.5376	 6.13	267.38	0.056	  175.82	  1.18
   9.00	   8.93	13.3557	32.6954	24.5377	 6.16	268.30	0.059	  175.82	  1.01
  10.00	   9.92	13.3559	32.6953	24.5376	 6.15	268.18	0.056	  175.73	 80.14
  11.00	  10.92	13.3558	32.6954	24.5378	 6.15	268.16	0.053	  175.68	101.05
  12.00	  11.91	13.3554	32.6953	24.5378	 6.17	268.99	0.055	  175.65	 99.63
  13.00	  12.90	13.3578	32.6951	24.5372	 6.16	268.35	0.056	  175.60	 99.63
  14.00	  13.89	13.3551	32.6953	24.5379	 6.16	268.70	0.061	  175.61	 99.63
  15.00	  14.88	13.3570	32.6953	24.5376	 6.17	268.89	0.063	  175.57	 99.63
  16.00	  15.88	13.3518	32.6951	24.5385	 6.17	269.07	0.062	  175.58	 96.45
  17.00	  16.87	13.3476	32.6953	24.5395	 6.17	269.08	0.059	  175.53	 99.58
  18.00	  17.86	13.3457	32.6954	24.5400	 6.18	269.25	0.064	  175.50	 99.63
  19.00	  18.85	13.3476	32.6951	24.5394	 6.18	269.21	0.061	  175.49	 99.63
  20.00	  19.85	13.3493	32.6950	24.5390	 6.17	268.98	0.059	  175.46	 99.63
  21.00	  20.84	13.3476	32.6950	24.5394	 6.16	268.51	0.062	  175.44	 99.63
  22.00	  21.83	13.3460	32.6952	24.5399	 6.15	268.19	0.062	  175.38	 99.63
  23.00	  22.82	13.3025	32.6965	24.5496	 6.18	269.30	0.060	  175.37	 99.63
  24.00	  23.82	13.1786	32.7056	24.5813	 6.21	270.64	0.061	  175.39	 99.63
  25.00	  24.81	13.1012	32.7107	24.6006	 6.21	270.82	0.062	  175.36	 99.63
  26.00	  25.80	13.0461	32.7142	24.6142	 6.21	270.53	0.066	  175.36	 99.63
  27.00	  26.79	12.7573	32.7389	24.6898	 6.28	273.63	0.065	  175.46	 99.63
  28.00	  27.78	12.4047	32.7806	24.7900	 6.31	275.04	0.070	  175.59	 99.63
  29.00	  28.78	12.1059	32.8023	24.8635	 6.31	275.13	0.075	  175.60	 99.64
  30.00	  29.77	11.9189	32.8106	24.9049	 6.32	275.45	0.074	  175.59	 99.64
  31.00	  30.76	11.7204	32.8466	24.9696	 6.31	275.08	0.077	  175.64	 99.63
  32.00	  31.75	11.6465	32.8745	25.0049	 6.27	273.16	0.079	  175.67	 99.63
  33.00	  32.74	11.6683	32.9236	25.0390	 6.21	270.58	0.078	  175.67	 99.62
  34.00	  33.74	11.6903	32.9742	25.0743	 6.21	270.43	0.075	  175.68	 99.61
  35.00	  34.73	11.6757	32.9909	25.0900	 6.21	270.39	0.079	  175.72	 99.59
  36.00	  35.72	11.6452	33.0012	25.1036	 6.19	269.48	0.081	  175.69	 99.58
  37.00	  36.71	11.5822	33.0059	25.1189	 6.18	269.08	0.083	  175.59	 94.07
  38.00	  37.71	11.5215	33.0115	25.1343	 6.16	268.14	0.090	  175.70	 99.75
  39.00	  38.70	11.5065	33.0117	25.1373	 6.15	267.98	0.082	  175.64	 96.48
  40.00	  39.69	11.4787	33.0098	25.1409	 6.14	267.37	0.082	  175.69	 99.00
  41.00	  40.68	11.3885	33.0051	25.1536	 6.12	266.67	0.080	  175.72	 99.55
  42.00	  41.67	11.2474	33.0026	25.1771	 6.07	264.50	0.082	  175.71	 99.56
  43.00	  42.67	11.1471	32.9984	25.1919	 6.05	263.61	0.081	  175.70	 99.55
  44.00	  43.66	11.0960	32.9987	25.2012	 6.01	261.65	0.080	  175.71	 90.01
  45.00	  44.65	11.0701	33.0047	25.2105	 5.99	260.75	0.086	  175.71	 91.59
  46.00	  45.64	11.0138	33.0022	25.2186	 5.97	259.99	0.092	  175.75	 99.10
  47.00	  46.63	10.9696	33.0056	25.2291	 5.95	259.00	0.103	  175.73	 93.14
  48.00	  47.63	10.9566	33.0254	25.2468	 5.98	260.56	0.098	  175.77	 94.26
  49.00	  48.62	11.0203	33.0743	25.2736	 5.98	260.39	0.103	  175.76	 99.40
  50.00	  49.61	11.0510	33.0876	25.2786	 5.97	260.18	0.094	  175.70	 99.24
  51.00	  50.60	11.0511	33.0980	25.2867	 5.99	261.05	0.078	  175.71	 99.51
  52.00	  51.60	11.0653	33.1138	25.2964	 6.00	261.52	0.070	  175.63	 99.49
  53.00	  52.59	11.0845	33.1297	25.3054	 5.99	260.98	0.069	  175.58	 99.49
  54.00	  53.58	11.0840	33.1517	25.3226	 5.97	260.24	0.066	  175.62	 99.50
  55.00	  54.57	11.0603	33.1515	25.3267	 5.98	260.30	0.060	  175.56	 95.24
  56.00	  55.56	11.0385	33.1477	25.3277	 5.98	260.37	0.059	  175.53	 96.50
  57.00	  56.56	11.0178	33.1448	25.3291	 5.97	260.16	0.062	  175.56	 99.46
  58.00	  57.55	11.0270	33.1493	25.3310	 5.98	260.56	0.063	  175.53	 99.49
  59.00	  58.54	11.0388	33.1552	25.3335	 5.98	260.66	0.065	  175.48	 99.49
  60.00	  59.53	11.0668	33.1753	25.3442	 5.98	260.36	0.061	  175.43	 99.49
  61.00	  60.52	11.0774	33.1886	25.3527	 5.97	260.05	0.060	  175.42	 99.49
  62.00	  61.52	11.0528	33.1853	25.3545	 5.97	260.11	0.058	  175.42	 99.49
  63.00	  62.51	11.0216	33.1823	25.3577	 5.97	260.10	0.058	  175.46	 99.49
  64.00	  63.50	11.0393	33.1879	25.3589	 5.95	259.13	0.056	  175.39	 99.49
  65.00	  64.49	11.0060	33.1864	25.3637	 5.92	257.75	0.056	  175.34	 99.49
  66.00	  65.48	10.9423	33.1816	25.3713	 5.91	257.36	0.056	  175.45	 99.49
  67.00	  66.48	10.9230	33.1891	25.3806	 5.91	257.59	0.056	  175.40	 99.48
  68.00	  67.47	10.9245	33.1961	25.3858	 5.91	257.57	0.056	  175.38	 99.48
  69.00	  68.46	10.9318	33.2188	25.4022	 5.93	258.12	0.058	  175.33	 99.46
  70.00	  69.45	11.0106	33.2685	25.4269	 5.95	259.21	0.061	  175.34	 99.46
  71.00	  70.44	11.0517	33.3007	25.4447	 5.92	257.66	0.059	  175.30	 99.46
  72.00	  71.44	11.0251	33.3259	25.4691	 5.86	255.19	0.059	  175.30	 99.47
  73.00	  72.43	10.9023	33.3416	25.5032	 5.84	254.52	0.060	  175.31	 99.48
  74.00	  73.42	10.8667	33.3452	25.5122	 5.81	252.91	0.058	  175.33	 99.48
  75.00	  74.41	10.8204	33.3427	25.5184	 5.76	250.93	0.058	  175.30	 99.46
  76.00	  75.40	10.7691	33.3357	25.5220	 5.73	249.46	0.058	  175.32	 99.45
  77.00	  76.40	10.6938	33.3250	25.5269	 5.69	247.81	0.058	  175.35	 99.45
  78.00	  77.39	10.6280	33.3174	25.5325	 5.64	245.40	0.060	  175.35	 99.43
  79.00	  78.38	10.5454	33.3188	25.5479	 5.58	242.90	0.060	  175.36	 99.41
  80.00	  79.37	10.5506	33.3349	25.5596	 5.54	241.38	0.063	  175.37	 99.40
  81.00	  80.36	10.5589	33.3461	25.5669	 5.54	241.35	0.064	  175.35	 99.39
  82.00	  81.36	10.5627	33.3606	25.5775	 5.53	240.98	0.067	  175.37	 99.39
  83.00	  82.35	10.5770	33.3859	25.5948	 5.52	240.17	0.066	  175.37	 99.37
  84.00	  83.34	10.5607	33.4141	25.6197	 5.49	239.21	0.066	  175.37	 99.37
  85.00	  84.33	10.5014	33.4448	25.6539	 5.45	237.09	0.066	  175.39	 99.37
  86.00	  85.32	10.4207	33.4501	25.6719	 5.35	232.85	0.053	  175.48	 99.37
  87.00	  86.32	10.2736	33.4350	25.6854	 5.24	228.36	0.047	  175.46	 99.37
  88.00	  87.31	10.0960	33.4196	25.7035	 5.19	225.97	0.045	  175.53	 99.35
  89.00	  88.30	10.0027	33.4110	25.7125	 5.16	224.70	0.046	  175.57	 99.34
  90.00	  89.29	 9.9614	33.4282	25.7329	 5.13	223.22	0.047	  175.59	 99.33
  91.00	  90.28	 9.9356	33.4467	25.7517	 5.10	222.14	0.047	  175.61	 99.32
  92.00	  91.28	 9.9362	33.4499	25.7541	 5.08	221.17	0.046	  175.58	 99.32
  93.00	  92.27	 9.9369	33.4527	25.7561	 5.06	220.28	0.046	  175.57	 99.32
  94.00	  93.26	 9.9310	33.4579	25.7612	 5.05	219.71	0.045	  175.57	 99.32
  95.00	  94.25	 9.9168	33.4626	25.7673	 5.04	219.39	0.045	  175.55	 99.31
  96.00	  95.24	 9.9112	33.4645	25.7697	 5.03	218.83	0.044	  175.58	 99.32
  97.00	  96.24	 9.9017	33.4664	25.7728	 5.02	218.57	0.044	  175.53	 99.31
  98.00	  97.23	 9.8888	33.4693	25.7772	 5.01	218.27	0.045	  175.54	 99.31
  99.00	  98.22	 9.8624	33.4882	25.7964	 4.99	217.37	0.045	  175.60	 99.31
 100.00	  99.21	 9.8551	33.5087	25.8137	 4.97	216.50	0.045	  175.56	 99.31
 101.00	 100.20	 9.8567	33.5220	25.8238	 4.95	215.52	0.044	  175.58	 99.31
 102.00	 101.19	 9.8515	33.5297	25.8307	 4.91	213.70	0.044	  175.54	 99.30
 103.00	 102.19	 9.8264	33.5508	25.8514	 4.85	211.35	0.044	  175.61	 99.30
 104.00	 103.18	 9.7635	33.5808	25.8853	 4.81	209.54	0.044	  175.61	 99.30
 105.00	 104.17	 9.7227	33.5919	25.9007	 4.78	207.88	0.042	  175.70	 99.30
 106.00	 105.16	 9.7049	33.5939	25.9052	 4.75	206.61	0.042	  175.63	 99.31
 107.00	 106.15	 9.6811	33.5969	25.9115	 4.73	205.83	0.043	  175.68	 99.31
 108.00	 107.15	 9.6693	33.6062	25.9207	 4.71	204.94	0.043	  175.67	 99.32
 109.00	 108.14	 9.6689	33.6282	25.9380	 4.69	204.13	0.043	  175.65	 99.32
 110.00	 109.13	 9.6713	33.6402	25.9470	 4.67	203.32	0.042	  175.66	 99.32
 111.00	 110.12	 9.6599	33.6536	25.9593	 4.65	202.53	0.042	  175.63	 99.32
 112.00	 111.11	 9.6654	33.6810	25.9799	 4.58	199.51	0.042	  175.64	 99.32
 113.00	 112.10	 9.6942	33.7189	26.0047	 4.45	193.52	0.041	  175.63	 99.32
 114.00	 113.10	 9.6192	33.7186	26.0169	 4.29	186.85	0.040	  175.75	 99.32
 115.00	 114.09	 9.5037	33.7048	26.0251	 4.16	181.00	0.040	  175.77	 99.32
 116.00	 115.08	 9.4162	33.7050	26.0395	 4.09	177.94	0.041	  175.79	 99.33
 117.00	 116.07	 9.4054	33.7104	26.0454	 4.04	175.76	0.040	  175.77	 99.34
 118.00	 117.06	 9.3927	33.7154	26.0515	 4.00	174.12	0.040	  175.81	 99.37
 119.00	 118.06	 9.3846	33.7270	26.0618	 3.99	173.64	0.040	  175.80	 99.38
 120.00	 119.05	 9.3792	33.7409	26.0736	 4.00	174.21	0.040	  175.83	 99.39
 121.00	 120.04	 9.3924	33.7508	26.0792	 4.03	175.29	0.040	  175.81	 99.39
 122.00	 121.03	 9.4040	33.7560	26.0814	 4.07	177.27	0.040	  175.82	 99.39
 123.00	 122.02	 9.4216	33.7621	26.0833	 4.15	180.84	0.040	  175.83	 99.39
 124.00	 123.01	 9.4577	33.7754	26.0879	 4.21	183.25	0.040	  175.80	 99.39
 125.00	 124.01	 9.4987	33.7886	26.0915	 4.25	184.84	0.041	  175.75	 99.39
 126.00	 125.00	 9.5234	33.8004	26.0968	 4.26	185.47	0.042	  175.80	 99.37
 127.00	 125.99	 9.5128	33.8120	26.1076	 4.21	183.32	0.041	  175.83	 99.37
 128.00	 126.98	 9.4920	33.8217	26.1186	 4.15	180.68	0.040	  175.75	 99.37
 129.00	 127.97	 9.4416	33.8301	26.1334	 4.10	178.27	0.040	  175.78	 99.37
 130.00	 128.96	 9.3533	33.8374	26.1535	 4.03	175.23	0.040	  175.79	 99.37
 131.00	 129.96	 9.3113	33.8451	26.1662	 3.93	171.15	0.040	  175.85	 99.38
 132.00	 130.95	 9.2754	33.8518	26.1774	 3.83	166.75	0.040	  175.77	 99.39
 133.00	 131.94	 9.2286	33.8605	26.1917	 3.76	163.67	0.040	  175.82	 99.39
 134.00	 132.93	 9.1964	33.8625	26.1984	 3.71	161.53	0.040	  175.91	 99.39
 135.00	 133.92	 9.1449	33.8615	26.2059	 3.66	159.47	0.040	  175.85	 99.40
 136.00	 134.91	 9.1238	33.8613	26.2091	 3.61	157.17	0.040	  175.92	 99.41
 137.00	 135.91	 9.0775	33.8632	26.2179	 3.54	154.25	0.040	  175.83	 99.43
 138.00	 136.90	 9.0441	33.8635	26.2235	 3.48	151.47	0.040	  175.88	 99.45
 139.00	 137.89	 9.0335	33.8657	26.2270	 3.45	149.97	0.040	  175.88	 99.47
 140.00	 138.88	 9.0289	33.8677	26.2293	 3.44	149.73	0.040	  175.88	 99.49
 141.00	 139.87	 9.0252	33.8695	26.2313	 3.43	149.37	0.040	  175.89	 99.49
 142.00	 140.86	 9.0210	33.8708	26.2330	 3.42	149.00	0.040	  175.88	 99.49
 143.00	 141.86	 9.0174	33.8722	26.2347	 3.41	148.60	0.040	  175.87	 99.50
 144.00	 142.85	 9.0151	33.8742	26.2367	 3.41	148.32	0.040	  175.85	 99.51
 145.00	 143.84	 9.0165	33.8775	26.2390	 3.42	148.67	0.040	  175.85	 99.51
 146.00	 144.83	 9.0237	33.8846	26.2434	 3.42	148.83	0.040	  175.88	 99.51
 147.00	 145.82	 9.0363	33.9024	26.2554	 3.41	148.35	0.040	  175.90	 99.51
 148.00	 146.81	 9.0373	33.9081	26.2597	 3.38	147.03	0.040	  175.91	 99.51
 149.00	 147.81	 9.0293	33.9090	26.2617	 3.33	144.77	0.040	  175.86	 99.51
 150.00	 148.80	 9.0059	33.9082	26.2648	 3.26	142.08	0.040	  175.89	 99.51
 151.00	 149.79	 8.9743	33.9104	26.2715	 3.20	139.37	0.040	  175.87	 99.51
 152.00	 150.78	 8.9642	33.9130	26.2751	 3.17	137.90	0.040	  175.90	 99.51
 153.00	 151.77	 8.9641	33.9134	26.2755	 3.15	136.91	0.040	  175.87	 99.54
 154.00	 152.76	 8.9624	33.9165	26.2782	 3.11	135.24	0.040	  175.89	 99.54
 155.00	 153.76	 8.9570	33.9280	26.2881	 3.08	134.11	0.040	  175.92	 99.56
 156.00	 154.75	 8.9532	33.9331	26.2927	 3.07	133.45	0.040	  175.86	 99.56
 157.00	 155.74	 8.9493	33.9335	26.2937	 3.05	132.64	0.040	  175.90	 99.56
 158.00	 156.73	 8.9343	33.9343	26.2967	 3.02	131.45	0.040	  175.92	 99.57
 159.00	 157.72	 8.9142	33.9355	26.3008	 2.99	130.01	0.040	  175.80	 99.58
 160.00	 158.71	 8.8877	33.9368	26.3060	 2.96	128.96	0.041	  175.91	 99.57
 161.00	 159.71	 8.8633	33.9395	26.3120	 2.94	127.94	0.040	  175.82	 99.58
 162.00	 160.70	 8.8359	33.9388	26.3157	 2.92	127.24	0.040	  175.91	 99.58
 163.00	 161.69	 8.7856	33.9323	26.3185	 2.91	126.60	0.040	  175.88	 99.58
 164.00	 162.68	 8.7125	33.9255	26.3245	 2.89	125.72	0.040	  175.86	 99.59
 165.00	 163.67	 8.6896	33.9293	26.3311	 2.85	124.11	0.040	  175.83	 99.60
 166.00	 164.66	 8.6849	33.9380	26.3386	 2.79	121.37	0.040	  175.87	 99.61
 167.00	 165.66	 8.6927	33.9443	26.3424	 2.74	119.38	0.040	  175.78	 99.61
 168.00	 166.65	 8.7052	33.9513	26.3459	 2.70	117.59	0.040	  175.82	 99.61
 169.00	 167.64	 8.7226	33.9633	26.3527	 2.67	115.96	0.040	  175.83	 99.63
 170.00	 168.63	 8.7239	33.9727	26.3599	 2.64	114.73	0.040	  175.82	 99.63
 171.00	 169.62	 8.7012	33.9740	26.3644	 2.62	113.90	0.040	  175.80	 99.64
 172.00	 170.61	 8.6514	33.9713	26.3700	 2.60	113.14	0.040	  175.84	 99.65
 173.00	 171.60	 8.6354	33.9757	26.3760	 2.60	113.05	0.040	  175.82	 99.66
 174.00	 172.60	 8.6028	33.9727	26.3787	 2.60	113.26	0.040	  175.81	 99.66
 175.00	 173.59	 8.5779	33.9720	26.3819	 2.60	113.25	0.040	  175.92	 99.66
 176.00	 174.58	 8.5671	33.9720	26.3836	 2.60	113.15	0.040	  175.82	 99.66
 177.00	 175.57	 8.5534	33.9722	26.3859	 2.60	113.33	0.040	  175.87	 99.66
 178.00	 176.56	 8.5180	33.9721	26.3913	 2.63	114.40	0.040	  175.80	 99.67
 179.00	 177.55	 8.4726	33.9698	26.3964	 2.66	115.80	0.040	  175.81	 99.67
 180.00	 178.54	 8.4259	33.9649	26.3997	 2.70	117.32	0.040	  175.81	 99.66
 181.00	 179.54	 8.3811	33.9616	26.4039	 2.69	117.15	0.041	  175.83	 99.66
 182.00	 180.53	 8.3782	33.9663	26.4081	 2.67	116.12	0.040	  175.76	 99.66
 183.00	 181.52	 8.3767	33.9697	26.4110	 2.61	113.74	0.040	  175.82	 99.66
 184.00	 182.51	 8.3963	33.9783	26.4148	 2.55	110.91	0.040	  175.85	 99.66
 185.00	 183.50	 8.4220	33.9883	26.4187	 2.52	109.83	0.040	  175.80	 99.66
 186.00	 184.49	 8.4213	33.9891	26.4195	 2.55	110.81	0.040	  175.78	 99.66
 187.00	 185.49	 8.3887	33.9847	26.4211	 2.60	113.03	0.040	  175.79	 99.66
 188.00	 186.48	 8.2978	33.9720	26.4248	 2.70	117.28	0.040	  175.79	 99.68
 189.00	 187.47	 8.2509	33.9653	26.4266	 2.78	121.01	0.040	  175.72	 99.68
 190.00	 188.46	 8.2345	33.9621	26.4266	 2.79	121.47	0.040	  175.67	 99.67
 191.00	 189.45	 8.2165	33.9617	26.4290	 2.79	121.51	0.040	  175.67	 99.66
 192.00	 190.44	 8.2088	33.9636	26.4317	 2.78	120.99	0.040	  175.70	 99.66
 193.00	 191.43	 8.1850	33.9659	26.4371	 2.76	119.95	0.040	  175.72	 99.64
 194.00	 192.43	 8.1808	33.9708	26.4416	 2.73	118.75	0.041	  175.60	 99.63
 195.00	 193.42	 8.1612	33.9705	26.4442	 2.73	118.96	0.041	  175.67	 99.63
 196.00	 194.41	 8.1499	33.9703	26.4458	 2.74	119.03	0.041	  175.65	 99.64
 197.00	 195.40	 8.1460	33.9713	26.4472	 2.73	118.67	0.040	  175.66	 99.64
 198.00	 196.39	 8.1459	33.9777	26.4522	 2.72	118.29	0.040	  175.63	 99.65
 199.00	 197.38	 8.1378	33.9803	26.4555	 2.72	118.15	0.040	  175.67	 99.65
 200.00	 198.37	 8.1208	33.9812	26.4588	 2.72	118.21	0.040	  175.62	 99.66
 201.00	 199.36	 8.1127	33.9830	26.4614	 2.71	117.93	0.040	  175.60	 99.66
 202.00	 200.36	 8.1085	33.9843	26.4630	 2.71	117.84	0.040	  175.65	 99.66
 203.00	 201.35	 8.0981	33.9840	26.4644	 2.72	118.22	0.040	  175.61	 99.66
 204.00	 202.34	 8.0765	33.9821	26.4661	 2.75	119.61	0.040	  175.59	 99.66
 205.00	 203.33	 8.0477	33.9789	26.4679	 2.80	121.72	0.040	  175.58	 99.66
 206.00	 204.32	 8.0113	33.9757	26.4707	 2.82	122.76	0.040	  175.60	 99.66
 207.00	 205.31	 7.9959	33.9754	26.4728	 2.82	122.81	0.040	  175.49	 99.66
 208.00	 206.30	 7.9855	33.9750	26.4740	 2.81	122.46	0.040	  175.53	 99.64
 209.00	 207.30	 7.9868	33.9782	26.4764	 2.80	121.85	0.040	  175.55	 99.64
 210.00	 208.29	 7.9868	33.9806	26.4783	 2.79	121.53	0.040	  175.52	 99.63
 211.00	 209.28	 7.9767	33.9824	26.4812	 2.79	121.50	0.040	  175.52	 99.63
 212.00	 210.27	 7.9690	33.9817	26.4818	 2.80	121.82	0.040	  175.49	 99.63
 213.00	 211.26	 7.9455	33.9813	26.4850	 2.81	122.42	0.040	  175.53	 99.63
 214.00	 212.25	 7.9260	33.9819	26.4883	 2.81	122.22	0.040	  175.47	 99.63
 215.00	 213.24	 7.9130	33.9825	26.4907	 2.76	120.15	0.040	  175.45	 99.64
