wcoa21_data_management/01_CRUISE_METADATA/00_OCADS_data/CTD_downcasts/WCOA_2021_CTD_downcasts/dRB2102_CTD_002_01_F.txt
* Sea-Bird SBE 9 Data:
* Software Version Seasave V 7.26.7.107
* Vessel: NOAA Ship Ronald H. Brown
* Cruise: RB2102, West Coast Ocean Acidification (WCOA) 2021
* Dates: 20210622 to 20210723
* Region: NE Pacific, USA West Coast
* Ports: San Diego, CA to Port Angeles, WA to San Diego, CA
* Chief Scientists: R. Feely, NOAA PMEL; D. Greeley, NOAA PMEL; B. Carter, NOAA PMEL / UW CICOES
*END*
[from data line 214]
 216.00	 214.00	 5.7976	33.8648	26.6830	 2.19	 95.13	0.042	  497.56	 66.30
 217.00	 214.99	 5.7788	33.8665	26.6866	 2.16	 94.13	0.041	  497.55	 66.30
 218.00	 215.98	 5.7548	33.8711	26.6932	 2.15	 93.41	0.041	  497.56	 66.30
 219.00	 216.97	 5.7483	33.8714	26.6943	 2.13	 92.56	0.041	  497.58	 66.30
 220.00	 217.96	 5.7405	33.8723	26.6959	 2.10	 91.53	0.042	  497.58	 66.30
 221.00	 218.95	 5.6911	33.8826	26.7101	 2.09	 90.70	0.042	  497.65	 66.30
 222.00	 219.94	 5.6770	33.8860	26.7145	 2.07	 89.98	0.042	  497.70	 66.30
 223.00	 220.93	 5.6697	33.8885	26.7174	 2.06	 89.46	0.043	  497.78	 66.30
 224.00	 221.93	 5.6694	33.8886	26.7175	 2.05	 89.03	0.042	  497.79	 66.30
 225.00	 222.92	 5.6715	33.8884	26.7171	 2.04	 88.69	0.041	  497.80	 66.30
 226.00	 223.91	 5.6707	33.8888	26.7175	 2.03	 88.48	0.042	  497.81	 66.30
 227.00	 224.90	 5.6706	33.8890	26.7177	 2.03	 88.33	0.042	  497.81	 66.30
 228.00	 225.89	 5.6707	33.8893	26.7179	 2.03	 88.18	0.042	  497.88	 66.30
 229.00	 226.88	 5.6701	33.8895	26.7182	 2.03	 88.14	0.041	  497.83	 66.30
 230.00	 227.87	 5.6696	33.8895	26.7183	 2.02	 88.05	0.042	  497.81	 66.29
 231.00	 228.86	 5.6679	33.8900	26.7188	 2.02	 87.94	0.042	  497.82	 66.30
 232.00	 229.85	 5.6682	33.8900	26.7188	 2.02	 87.83	0.041	  497.85	 66.30
 233.00	 230.84	 5.6707	33.8906	26.7190	 2.02	 87.67	0.041	  497.84	 66.30
 234.00	 231.83	 5.6703	33.8910	26.7194	 2.01	 87.58	0.042	  497.92	 66.29
 235.00	 232.82	 5.6685	33.8921	26.7205	 2.01	 87.48	0.042	  497.87	 66.30
 236.00	 233.81	 5.6666	33.8924	26.7209	 2.01	 87.46	0.042	  497.89	 66.29
 237.00	 234.80	 5.6672	33.8924	26.7209	 2.01	 87.34	0.041	  497.91	 66.29
 238.00	 235.79	 5.6673	33.8924	26.7209	 2.00	 87.14	0.043	  497.92	 66.29
 239.00	 236.78	 5.6585	33.8949	26.7240	 2.00	 86.95	0.041	  497.94	 66.30
 240.00	 237.77	 5.6514	33.8966	26.7262	 1.99	 86.70	0.041	  497.87	 66.29
 241.00	 238.76	 5.6455	33.8979	26.7280	 1.99	 86.37	0.041	  497.92	 66.29
 242.00	 239.75	 5.6384	33.8997	26.7302	 1.98	 86.20	0.041	  497.96	 66.29
 243.00	 240.74	 5.6409	33.8993	26.7296	 1.98	 86.04	0.041	  498.00	 66.29
 244.00	 241.73	 5.6434	33.8989	26.7290	 1.98	 86.01	0.041	  497.99	 66.29
 245.00	 242.72	 5.6397	33.8994	26.7299	 1.98	 85.94	0.041	  497.99	 66.29
 246.00	 243.71	 5.6397	33.8995	26.7300	 1.97	 85.84	0.041	  498.01	 66.29
 247.00	 244.70	 5.6414	33.8996	26.7298	 1.97	 85.74	0.041	  498.04	 66.30
 248.00	 245.69	 5.6406	33.8997	26.7300	 1.97	 85.62	0.041	  498.01	 66.29
 249.00	 246.68	 5.6339	33.9001	26.7312	 1.97	 85.49	0.041	  498.03	 66.29
 250.00	 247.67	 5.6310	33.9003	26.7317	 1.96	 85.32	0.041	  498.05	 66.29
 251.00	 248.66	 5.6302	33.9004	26.7318	 1.96	 85.21	0.041	  498.03	 66.29
 252.00	 249.65	 5.6285	33.9004	26.7320	 1.96	 85.11	0.041	  498.02	 66.29
 253.00	 250.64	 5.6268	33.9005	26.7324	 1.95	 84.80	0.041	  498.02	 66.29
 254.00	 251.63	 5.6153	33.9011	26.7342	 1.94	 84.42	0.041	  498.05	 66.29
 255.00	 252.62	 5.5924	33.9047	26.7398	 1.93	 84.04	0.041	  498.05	 66.29
 256.00	 253.61	 5.5902	33.9054	26.7407	 1.92	 83.73	0.041	  498.04	 66.29
 257.00	 254.60	 5.5870	33.9060	26.7415	 1.92	 83.47	0.041	  498.05	 66.29
 258.00	 255.59	 5.5830	33.9064	26.7424	 1.91	 83.22	0.041	  498.05	 66.29
 259.00	 256.58	 5.5784	33.9070	26.7434	 1.91	 83.01	0.042	  498.05	 66.29
 260.00	 257.57	 5.5708	33.9074	26.7446	 1.91	 82.86	0.042	  498.06	 66.29
 261.00	 258.56	 5.5678	33.9084	26.7458	 1.90	 82.61	0.041	  498.06	 66.29
 262.00	 259.55	 5.5667	33.9093	26.7466	 1.89	 82.33	0.041	  498.09	 66.29
 263.00	 260.54	 5.5626	33.9101	26.7478	 1.89	 82.07	0.041	  498.07	 66.29
 264.00	 261.53	 5.5595	33.9108	26.7487	 1.88	 81.88	0.041	  498.11	 66.29
 265.00	 262.52	 5.5577	33.9111	26.7492	 1.88	 81.71	0.041	  498.10	 66.29
 266.00	 263.51	 5.5555	33.9111	26.7494	 1.87	 81.51	0.042	  498.12	 66.29
 267.00	 264.50	 5.5485	33.9114	26.7505	 1.87	 81.29	0.042	  498.16	 66.29
 268.00	 265.49	 5.5430	33.9123	26.7519	 1.87	 81.17	0.042	  498.18	 66.29
 269.00	 266.48	 5.5426	33.9123	26.7520	 1.86	 81.03	0.042	  498.16	 66.29
 270.00	 267.47	 5.5416	33.9127	26.7524	 1.86	 80.94	0.042	  498.23	 66.28
 271.00	 268.46	 5.5407	33.9128	26.7526	 1.86	 80.90	0.042	  498.18	 66.29
 272.00	 269.45	 5.5402	33.9130	26.7529	 1.86	 80.78	0.041	  498.24	 66.28
 273.00	 270.44	 5.5385	33.9134	26.7534	 1.85	 80.58	0.041	  498.25	 66.28
 274.00	 271.43	 5.5335	33.9156	26.7557	 1.85	 80.40	0.041	  498.25	 66.28
 275.00	 272.42	 5.5307	33.9167	26.7569	 1.84	 80.21	0.041	  498.21	 66.28
 276.00	 273.41	 5.5276	33.9178	26.7582	 1.84	 80.00	0.041	  498.23	 66.29
 277.00	 274.40	 5.5262	33.9186	26.7590	 1.84	 79.85	0.041	  498.20	 66.28
 278.00	 275.39	 5.5223	33.9196	26.7603	 1.83	 79.69	0.041	  498.26	 66.28
 279.00	 276.38	 5.5204	33.9200	26.7609	 1.83	 79.41	0.041	  498.28	 66.28
 280.00	 277.37	 5.5172	33.9207	26.7618	 1.82	 79.22	0.041	  498.28	 66.29
 281.00	 278.36	 5.5169	33.9208	26.7620	 1.82	 79.17	0.041	  498.29	 66.29
 282.00	 279.35	 5.5124	33.9211	26.7627	 1.82	 79.08	0.041	  498.29	 66.28
 283.00	 280.34	 5.5107	33.9215	26.7632	 1.82	 79.00	0.041	  498.29	 66.28
 284.00	 281.33	 5.5104	33.9215	26.7633	 1.81	 78.90	0.041	  498.29	 66.28
 285.00	 282.32	 5.5074	33.9221	26.7641	 1.81	 78.69	0.041	  498.29	 66.28
 286.00	 283.31	 5.5045	33.9228	26.7650	 1.80	 78.47	0.041	  498.28	 66.28
 287.00	 284.30	 5.4985	33.9260	26.7682	 1.80	 78.28	0.041	  498.29	 66.28
 288.00	 285.29	 5.4978	33.9261	26.7685	 1.80	 78.10	0.041	  498.28	 66.28
 289.00	 286.28	 5.4978	33.9263	26.7686	 1.79	 77.98	0.041	  498.29	 66.28
 290.00	 287.27	 5.4977	33.9265	26.7688	 1.79	 77.87	0.041	  498.29	 66.28
 291.00	 288.26	 5.4971	33.9267	26.7690	 1.79	 77.68	0.041	  498.29	 66.27
 292.00	 289.25	 5.4890	33.9259	26.7694	 1.78	 77.49	0.041	  498.30	 66.27
 293.00	 290.24	 5.4881	33.9260	26.7695	 1.78	 77.41	0.042	  498.29	 66.28
 294.00	 291.23	 5.4851	33.9261	26.7701	 1.78	 77.27	0.041	  498.29	 66.28
 295.00	 292.22	 5.4844	33.9263	26.7703	 1.77	 77.11	0.041	  498.29	 66.27
 296.00	 293.21	 5.4838	33.9264	26.7705	 1.77	 77.13	0.042	  498.30	 66.28
 297.00	 294.20	 5.4832	33.9269	26.7709	 1.77	 77.10	0.042	  498.30	 66.28
 298.00	 295.19	 5.4832	33.9276	26.7715	 1.77	 77.06	0.041	  498.32	 66.27
 299.00	 296.18	 5.4829	33.9285	26.7723	 1.77	 77.04	0.041	  498.30	 66.27
 300.00	 297.17	 5.4848	33.9298	26.7731	 1.77	 76.92	0.041	  498.29	 66.28
 301.00	 298.16	 5.4851	33.9306	26.7737	 1.77	 76.82	0.041	  498.30	 66.28
 302.00	 299.15	 5.4852	33.9318	26.7746	 1.76	 76.73	0.041	  498.32	 66.27
 303.00	 300.14	 5.4858	33.9321	26.7748	 1.76	 76.65	0.041	  498.29	 66.27
 304.00	 301.13	 5.4860	33.9321	26.7747	 1.76	 76.50	0.041	  498.30	 66.27
 305.00	 302.12	 5.4859	33.9326	26.7752	 1.76	 76.37	0.041	  498.32	 66.27
 306.00	 303.11	 5.4799	33.9346	26.7775	 1.75	 76.23	0.042	  498.29	 66.27
 307.00	 304.10	 5.4767	33.9350	26.7782	 1.75	 76.06	0.042	  498.30	 66.27
 308.00	 305.08	 5.4732	33.9364	26.7797	 1.74	 75.80	0.041	  498.30	 66.27
 309.00	 306.07	 5.4591	33.9400	26.7843	 1.73	 75.44	0.041	  498.30	 66.27
 310.00	 307.06	 5.4504	33.9417	26.7867	 1.73	 75.10	0.041	  498.31	 66.28
 311.00	 308.05	 5.4460	33.9422	26.7876	 1.72	 74.79	0.042	  498.33	 66.27
 312.00	 309.04	 5.4360	33.9437	26.7900	 1.71	 74.49	0.042	  498.40	 66.27
 313.00	 310.03	 5.4300	33.9455	26.7921	 1.71	 74.16	0.041	  498.32	 66.27
 314.00	 311.02	 5.4277	33.9462	26.7930	 1.70	 73.92	0.041	  498.43	 66.27
 315.00	 312.01	 5.4246	33.9468	26.7938	 1.70	 73.80	0.042	  498.38	 66.28
 316.00	 313.00	 5.4252	33.9466	26.7936	 1.69	 73.66	0.041	  498.45	 66.28
 317.00	 313.99	 5.4234	33.9469	26.7940	 1.69	 73.44	0.042	  498.46	 66.27
 318.00	 314.98	 5.4158	33.9470	26.7950	 1.68	 73.23	0.041	  498.47	 66.27
 319.00	 315.97	 5.4107	33.9465	26.7953	 1.68	 73.05	0.042	  498.52	 66.27
 320.00	 316.96	 5.4077	33.9461	26.7953	 1.68	 72.96	0.041	  498.51	 66.27
 321.00	 317.95	 5.4075	33.9462	26.7954	 1.67	 72.79	0.041	  498.51	 66.27
 322.00	 318.94	 5.4016	33.9474	26.7971	 1.67	 72.64	0.041	  498.50	 66.27
 323.00	 319.93	 5.3956	33.9489	26.7990	 1.67	 72.48	0.042	  498.53	 66.27
 324.00	 320.92	 5.3926	33.9498	26.8001	 1.66	 72.34	0.041	  498.51	 66.27
 325.00	 321.91	 5.3912	33.9503	26.8006	 1.66	 72.19	0.042	  498.51	 66.27
 326.00	 322.90	 5.3894	33.9506	26.8011	 1.66	 72.00	0.041	  498.53	 66.27
 327.00	 323.89	 5.3887	33.9509	26.8014	 1.65	 71.87	0.041	  498.53	 66.26
 328.00	 324.88	 5.3872	33.9512	26.8019	 1.65	 71.76	0.041	  498.53	 66.27
 329.00	 325.87	 5.3852	33.9518	26.8026	 1.65	 71.71	0.041	  498.53	 66.27
 330.00	 326.86	 5.3845	33.9517	26.8026	 1.65	 71.66	0.042	  498.53	 66.26
 331.00	 327.85	 5.3830	33.9521	26.8031	 1.65	 71.61	0.042	  498.53	 66.26
 332.00	 328.84	 5.3823	33.9522	26.8032	 1.64	 71.50	0.041	  498.53	 66.27
 333.00	 329.83	 5.3821	33.9523	26.8034	 1.64	 71.40	0.041	  498.53	 66.27
 334.00	 330.82	 5.3821	33.9523	26.8034	 1.64	 71.36	0.042	  498.54	 66.27
 335.00	 331.81	 5.3821	33.9525	26.8036	 1.64	 71.30	0.041	  498.54	 66.26
 336.00	 332.80	 5.3822	33.9525	26.8035	 1.64	 71.31	0.041	  498.53	 66.27
 337.00	 333.79	 5.3825	33.9526	26.8036	 1.64	 71.19	0.041	  498.52	 66.27
 338.00	 334.78	 5.3827	33.9532	26.8040	 1.64	 71.19	0.041	  498.53	 66.27
 339.00	 335.77	 5.3831	33.9532	26.8040	 1.64	 71.18	0.041	  498.53	 66.27
 340.00	 336.76	 5.3826	33.9533	26.8041	 1.63	 71.09	0.041	  498.53	 66.26
 341.00	 337.75	 5.3804	33.9538	26.8049	 1.63	 70.96	0.041	  498.54	 66.26
 342.00	 338.74	 5.3772	33.9546	26.8059	 1.63	 70.93	0.042	  498.53	 66.26
 343.00	 339.73	 5.3768	33.9548	26.8061	 1.63	 70.86	0.041	  498.54	 66.26
 344.00	 340.71	 5.3757	33.9548	26.8062	 1.63	 70.72	0.041	  498.55	 66.27
 345.00	 341.70	 5.3698	33.9562	26.8080	 1.62	 70.56	0.041	  498.52	 66.27
 346.00	 342.69	 5.3671	33.9570	26.8090	 1.62	 70.47	0.041	  498.53	 66.26
 347.00	 343.68	 5.3623	33.9595	26.8115	 1.62	 70.32	0.041	  498.53	 66.26
 348.00	 344.67	 5.3611	33.9602	26.8122	 1.61	 70.21	0.041	  498.54	 66.26
 349.00	 345.66	 5.3607	33.9606	26.8126	 1.61	 70.03	0.041	  498.54	 66.26
 350.00	 346.65	 5.3609	33.9613	26.8131	 1.61	 69.89	0.041	  498.53	 66.26
 351.00	 347.64	 5.3585	33.9615	26.8136	 1.60	 69.80	0.041	  498.55	 66.26
 352.00	 348.63	 5.3557	33.9620	26.8144	 1.60	 69.67	0.041	  498.56	 66.26
 353.00	 349.62	 5.3534	33.9627	26.8152	 1.60	 69.56	0.041	  498.53	 66.26
 354.00	 350.61	 5.3528	33.9627	26.8152	 1.60	 69.43	0.041	  498.57	 66.26
 355.00	 351.60	 5.3486	33.9631	26.8161	 1.59	 69.24	0.041	  498.58	 66.26
 356.00	 352.59	 5.3333	33.9655	26.8198	 1.58	 68.93	0.041	  498.56	 66.26
 357.00	 353.58	 5.3197	33.9680	26.8233	 1.58	 68.62	0.041	  498.56	 66.26
 358.00	 354.57	 5.3133	33.9692	26.8251	 1.57	 68.23	0.041	  498.59	 66.26
 359.00	 355.56	 5.3051	33.9701	26.8267	 1.56	 67.88	0.041	  498.56	 66.27
 360.00	 356.55	 5.2950	33.9713	26.8289	 1.55	 67.60	0.041	  498.59	 66.26
 361.00	 357.54	 5.2910	33.9717	26.8297	 1.55	 67.37	0.041	  498.65	 66.26
 362.00	 358.53	 5.2866	33.9724	26.8308	 1.55	 67.20	0.041	  498.70	 66.26
 363.00	 359.52	 5.2847	33.9730	26.8315	 1.54	 67.04	0.041	  498.68	 66.26
 364.00	 360.51	 5.2834	33.9735	26.8320	 1.54	 66.87	0.041	  498.71	 66.26
 365.00	 361.50	 5.2817	33.9739	26.8325	 1.53	 66.73	0.041	  498.75	 66.25
 366.00	 362.49	 5.2765	33.9751	26.8342	 1.52	 66.10	0.041	  498.72	 66.26
 367.00	 363.47	 5.2495	33.9807	26.8417	 1.50	 65.35	0.041	  498.76	 66.26
 368.00	 364.46	 5.2457	33.9815	26.8428	 1.50	 65.04	0.041	  498.78	 66.26
 369.00	 365.45	 5.2420	33.9817	26.8434	 1.49	 64.82	0.041	  498.77	 66.26
 370.00	 366.44	 5.2396	33.9822	26.8441	 1.48	 64.57	0.041	  498.77	 66.26
 371.00	 367.43	 5.2360	33.9828	26.8450	 1.48	 64.33	0.041	  498.78	 66.26
 372.00	 368.42	 5.2322	33.9838	26.8462	 1.47	 64.07	0.041	  498.78	 66.26
 373.00	 369.41	 5.2295	33.9845	26.8471	 1.47	 63.74	0.042	  498.78	 66.26
 374.00	 370.40	 5.2252	33.9859	26.8487	 1.46	 63.56	0.041	  498.78	 66.26
 375.00	 371.39	 5.2256	33.9856	26.8485	 1.46	 63.38	0.041	  498.79	 66.26
 376.00	 372.38	 5.2251	33.9859	26.8487	 1.45	 63.26	0.041	  498.79	 66.26
 377.00	 373.37	 5.2237	33.9866	26.8495	 1.45	 63.17	0.041	  498.81	 66.25
 378.00	 374.36	 5.2229	33.9868	26.8498	 1.45	 63.07	0.041	  498.78	 66.26
 379.00	 375.35	 5.2230	33.9869	26.8498	 1.45	 63.04	0.042	  498.84	 66.26
 380.00	 376.34	 5.2225	33.9871	26.8501	 1.45	 62.92	0.041	  498.81	 66.25
 381.00	 377.33	 5.2209	33.9873	26.8504	 1.45	 62.87	0.041	  498.82	 66.26
 382.00	 378.32	 5.2202	33.9875	26.8507	 1.44	 62.82	0.041	  498.82	 66.25
 383.00	 379.31	 5.2197	33.9875	26.8507	 1.44	 62.68	0.041	  498.81	 66.25
 384.00	 380.30	 5.2195	33.9875	26.8507	 1.44	 62.62	0.041	  498.87	 66.25
 385.00	 381.29	 5.2180	33.9878	26.8511	 1.44	 62.62	0.041	  498.85	 66.25
 386.00	 382.27	 5.2166	33.9878	26.8514	 1.44	 62.51	0.041	  498.80	 66.26
 387.00	 383.26	 5.2128	33.9882	26.8521	 1.43	 62.38	0.041	  498.88	 66.25
 388.00	 384.25	 5.2046	33.9889	26.8536	 1.43	 62.25	0.042	  498.85	 66.25
 389.00	 385.24	 5.2023	33.9888	26.8538	 1.43	 62.19	0.041	  498.86	 66.25
 390.00	 386.23	 5.1968	33.9893	26.8548	 1.43	 62.15	0.041	  498.86	 66.25
 391.00	 387.22	 5.1958	33.9897	26.8553	 1.43	 62.03	0.041	  498.89	 66.25
 392.00	 388.21	 5.1962	33.9892	26.8549	 1.43	 61.99	0.041	  498.89	 66.25
 393.00	 389.20	 5.1912	33.9897	26.8558	 1.42	 61.85	0.042	  498.84	 66.25
 394.00	 390.19	 5.1880	33.9899	26.8564	 1.42	 61.78	0.041	  498.89	 66.25
 395.00	 391.18	 5.1868	33.9902	26.8568	 1.42	 61.61	0.041	  498.89	 66.25
 396.00	 392.17	 5.1817	33.9909	26.8579	 1.41	 61.46	0.041	  498.92	 66.25
 397.00	 393.16	 5.1789	33.9910	26.8583	 1.41	 61.28	0.041	  498.90	 66.25
 398.00	 394.15	 5.1702	33.9923	26.8604	 1.41	 61.15	0.041	  498.94	 66.25
 399.00	 395.14	 5.1687	33.9927	26.8609	 1.40	 61.04	0.042	  498.95	 66.25
 400.00	 396.13	 5.1681	33.9930	26.8612	 1.40	 60.86	0.041	  498.94	 66.25
 401.00	 397.12	 5.1675	33.9930	26.8613	 1.40	 60.82	0.041	  498.93	 66.25
 402.00	 398.11	 5.1670	33.9932	26.8615	 1.40	 60.78	0.041	  498.94	 66.25
 403.00	 399.09	 5.1668	33.9933	26.8616	 1.39	 60.65	0.041	  498.92	 66.25
 404.00	 400.08	 5.1663	33.9933	26.8617	 1.39	 60.58	0.041	  499.00	 66.25
 405.00	 401.07	 5.1655	33.9935	26.8620	 1.39	 60.56	0.041	  498.99	 66.25
 406.00	 402.06	 5.1640	33.9940	26.8625	 1.39	 60.48	0.041	  498.97	 66.25
 407.00	 403.05	 5.1612	33.9942	26.8630	 1.39	 60.38	0.041	  498.98	 66.25
 408.00	 404.04	 5.1589	33.9948	26.8638	 1.38	 60.22	0.041	  498.97	 66.25
 409.00	 405.03	 5.1535	33.9954	26.8649	 1.38	 60.09	0.041	  499.00	 66.25
 410.00	 406.02	 5.1480	33.9966	26.8665	 1.38	 59.92	0.041	  499.00	 66.25
 411.00	 407.01	 5.1472	33.9966	26.8665	 1.37	 59.71	0.041	  498.97	 66.25
 412.00	 408.00	 5.1437	33.9973	26.8675	 1.37	 59.58	0.041	  498.99	 66.25
 413.00	 408.99	 5.1414	33.9978	26.8682	 1.37	 59.42	0.041	  499.01	 66.25
 414.00	 409.98	 5.1406	33.9980	26.8685	 1.36	 59.27	0.041	  498.98	 66.25
 415.00	 410.97	 5.1392	33.9982	26.8688	 1.36	 59.11	0.041	  499.01	 66.24
 416.00	 411.96	 5.1318	33.9997	26.8708	 1.36	 58.96	0.041	  499.02	 66.24
 417.00	 412.94	 5.1233	34.0013	26.8731	 1.35	 58.77	0.041	  499.00	 66.25
 418.00	 413.93	 5.1213	34.0017	26.8736	 1.35	 58.66	0.041	  498.99	 66.24
 419.00	 414.92	 5.1162	34.0025	26.8749	 1.34	 58.41	0.042	  499.02	 66.25
 420.00	 415.91	 5.1116	34.0032	26.8760	 1.34	 58.24	0.042	  499.02	 66.24
 421.00	 416.90	 5.1053	34.0046	26.8778	 1.33	 58.06	0.041	  499.01	 66.24
 422.00	 417.89	 5.0993	34.0060	26.8796	 1.33	 57.85	0.041	  499.02	 66.24
 423.00	 418.88	 5.0970	34.0066	26.8804	 1.32	 57.33	0.041	  499.02	 66.24
 424.00	 419.87	 5.0830	34.0096	26.8844	 1.31	 57.03	0.041	  499.02	 66.24
 425.00	 420.86	 5.0785	34.0104	26.8855	 1.30	 56.69	0.040	  499.02	 66.25
 426.00	 421.85	 5.0699	34.0125	26.8882	 1.30	 56.53	0.041	  499.02	 66.25
 427.00	 422.84	 5.0690	34.0127	26.8885	 1.29	 56.30	0.041	  499.02	 66.25
