wcoa21_data_management/01_CRUISE_METADATA/00_OCADS_data/CTD_downcasts/WCOA_2021_CTD_downcasts/dRB2102_CTD_097_01_F.txt
* Sea-Bird SBE 9 Data:
* Software Version Seasave V 7.26.7.107
* Vessel: NOAA Ship Ronald H. Brown
* Cruise: RB2102, West Coast Ocean Acidification (WCOA) 2021
* Dates: 20210622 to 20210723
* Region: NE Pacific, USA West Coast
* Ports: San Diego, CA to Port Angeles, WA to San Diego, CA
* Chief Scientists: R. Feely, NOAA PMEL; D. Greeley, NOAA PMEL; B. Carter, NOAA PMEL / UW CICOES
*END*
[from data line 214]
 217.00	 215.29	 8.0445	34.1063	26.5686	 1.54	 67.14	0.040	  152.01	 99.83
 218.00	 216.28	 8.0232	34.1054	26.5710	 1.55	 67.35	0.041	  152.01	 99.84
 219.00	 217.28	 8.0139	34.1064	26.5732	 1.55	 67.46	0.041	  152.02	 99.84
 220.00	 218.27	 7.9798	34.1013	26.5742	 1.53	 66.71	0.040	  152.03	 99.84
 221.00	 219.26	 7.9858	34.1055	26.5767	 1.51	 65.62	0.040	  151.98	 99.84
 222.00	 220.25	 7.9987	34.1108	26.5790	 1.49	 64.61	0.040	  152.08	 99.84
 223.00	 221.24	 8.0030	34.1118	26.5791	 1.47	 63.87	0.040	  151.99	 99.84
 224.00	 222.23	 8.0043	34.1126	26.5796	 1.45	 63.26	0.040	  151.92	 99.84
 225.00	 223.23	 8.0114	34.1152	26.5806	 1.45	 62.89	0.040	  151.98	 99.84
 226.00	 224.22	 8.0183	34.1168	26.5808	 1.41	 61.34	0.040	  151.93	 99.85
 227.00	 225.21	 7.9873	34.1142	26.5834	 1.37	 59.71	0.040	  151.94	 99.85
 228.00	 226.20	 7.9911	34.1267	26.5927	 1.37	 59.60	0.040	  151.97	 99.85
 229.00	 227.19	 8.0002	34.1302	26.5941	 1.38	 60.21	0.041	  151.96	 99.85
 230.00	 228.18	 7.9495	34.1256	26.5979	 1.40	 60.73	0.041	  152.01	 99.85
 231.00	 229.17	 7.9190	34.1244	26.6015	 1.39	 60.50	0.040	  152.01	 99.85
 232.00	 230.17	 7.9160	34.1247	26.6022	 1.37	 59.61	0.040	  152.04	 99.85
 233.00	 231.16	 7.9052	34.1270	26.6056	 1.35	 58.85	0.040	  152.01	 99.85
 234.00	 232.15	 7.9046	34.1313	26.6091	 1.34	 58.22	0.040	  152.01	 99.85
 235.00	 233.14	 7.9088	34.1332	26.6100	 1.34	 58.19	0.040	  152.05	 99.86
 236.00	 234.13	 7.9124	34.1346	26.6105	 1.35	 58.72	0.040	  152.06	 99.86
 237.00	 235.12	 7.9049	34.1340	26.6112	 1.36	 59.34	0.040	  152.01	 99.87
 238.00	 236.12	 7.8882	34.1296	26.6102	 1.37	 59.73	0.040	  152.06	 99.87
 239.00	 237.11	 7.8638	34.1269	26.6117	 1.38	 60.10	0.040	  152.03	 99.87
 240.00	 238.10	 7.8544	34.1260	26.6124	 1.38	 60.18	0.040	  152.02	 99.87
 241.00	 239.09	 7.8502	34.1255	26.6126	 1.38	 59.99	0.040	  152.03	 99.87
 242.00	 240.08	 7.8308	34.1221	26.6128	 1.39	 60.36	0.040	  152.02	 99.87
 243.00	 241.07	 7.8278	34.1218	26.6130	 1.41	 61.40	0.040	  152.06	 99.87
 244.00	 242.06	 7.7554	34.1098	26.6141	 1.46	 63.30	0.040	  152.05	 99.86
 245.00	 243.06	 7.7292	34.1088	26.6172	 1.46	 63.56	0.040	  152.05	 99.87
 246.00	 244.05	 7.7200	34.1066	26.6167	 1.44	 62.68	0.040	  152.03	 99.87
 247.00	 245.04	 7.6788	34.1014	26.6187	 1.43	 62.18	0.040	  152.05	 99.87
 248.00	 246.03	 7.6510	34.1037	26.6244	 1.42	 61.90	0.040	  152.06	 99.87
 249.00	 247.02	 7.6501	34.1053	26.6258	 1.42	 61.60	0.040	  152.12	 99.86
 250.00	 248.01	 7.6519	34.1057	26.6259	 1.41	 61.32	0.040	  152.01	 99.86
 251.00	 249.00	 7.6539	34.1068	26.6266	 1.40	 61.00	0.040	  152.00	 99.85
 252.00	 250.00	 7.6570	34.1089	26.6277	 1.39	 60.60	0.040	  152.04	 99.85
 253.00	 250.99	 7.6204	34.1056	26.6305	 1.39	 60.57	0.040	  152.09	 99.86
 254.00	 251.98	 7.5954	34.1082	26.6361	 1.40	 60.96	0.040	  151.99	 99.86
 255.00	 252.97	 7.5885	34.1071	26.6362	 1.40	 60.79	0.041	  152.01	 99.86
 256.00	 253.96	 7.5719	34.1059	26.6376	 1.39	 60.42	0.042	  152.01	 99.86
 257.00	 254.95	 7.5600	34.1046	26.6384	 1.38	 60.18	0.041	  152.00	 99.86
 258.00	 255.94	 7.5560	34.1060	26.6400	 1.37	 59.76	0.040	  152.01	 99.86
 259.00	 256.94	 7.5587	34.1079	26.6412	 1.37	 59.38	0.040	  151.99	 99.86
 260.00	 257.93	 7.5528	34.1085	26.6425	 1.36	 59.10	0.040	  152.00	 99.86
 261.00	 258.92	 7.5510	34.1092	26.6433	 1.35	 58.81	0.040	  152.08	 99.86
 262.00	 259.91	 7.5526	34.1100	26.6438	 1.34	 58.37	0.040	  152.00	 99.87
 263.00	 260.90	 7.5378	34.1083	26.6446	 1.31	 57.09	0.040	  152.01	 99.87
 264.00	 261.89	 7.5150	34.1127	26.6512	 1.28	 55.48	0.040	  152.05	 99.88
 265.00	 262.88	 7.5211	34.1189	26.6553	 1.26	 54.61	0.040	  152.04	 99.87
 266.00	 263.88	 7.5243	34.1199	26.6556	 1.24	 53.97	0.040	  152.02	 99.87
 267.00	 264.87	 7.5398	34.1252	26.6576	 1.23	 53.60	0.040	  151.96	 99.88
 268.00	 265.86	 7.5530	34.1285	26.6583	 1.23	 53.37	0.040	  152.01	 99.88
 269.00	 266.85	 7.5623	34.1313	26.6592	 1.22	 53.20	0.041	  151.98	 99.88
 270.00	 267.84	 7.5641	34.1326	26.6600	 1.22	 52.94	0.040	  152.01	 99.88
 271.00	 268.83	 7.5657	34.1343	26.6611	 1.21	 52.69	0.040	  151.92	 99.88
 272.00	 269.82	 7.5678	34.1352	26.6616	 1.22	 52.86	0.040	  151.98	 99.88
 273.00	 270.82	 7.5627	34.1356	26.6626	 1.23	 53.51	0.040	  151.98	 99.88
 274.00	 271.81	 7.5248	34.1300	26.6636	 1.24	 54.12	0.040	  152.00	 99.88
 275.00	 272.80	 7.4857	34.1254	26.6656	 1.25	 54.26	0.041	  151.98	 99.89
 276.00	 273.79	 7.4392	34.1225	26.6699	 1.24	 54.09	0.040	  151.98	 99.89
 277.00	 274.78	 7.4433	34.1238	26.6704	 1.24	 53.73	0.040	  151.98	 99.89
 278.00	 275.77	 7.4510	34.1263	26.6713	 1.23	 53.48	0.040	  151.95	 99.89
 279.00	 276.76	 7.4464	34.1249	26.6708	 1.22	 53.19	0.040	  151.98	 99.89
 280.00	 277.75	 7.4407	34.1252	26.6719	 1.22	 52.98	0.040	  152.01	 99.89
 281.00	 278.75	 7.4467	34.1274	26.6727	 1.21	 52.66	0.040	  152.00	 99.89
 282.00	 279.74	 7.4419	34.1285	26.6743	 1.20	 52.29	0.040	  151.93	 99.89
 283.00	 280.73	 7.4374	34.1297	26.6759	 1.19	 51.97	0.040	  151.95	 99.89
 284.00	 281.72	 7.4238	34.1294	26.6776	 1.19	 51.57	0.040	  151.94	 99.89
 285.00	 282.71	 7.4195	34.1319	26.6802	 1.18	 51.13	0.040	  152.00	 99.89
 286.00	 283.70	 7.4218	34.1348	26.6822	 1.17	 50.94	0.040	  151.86	 99.90
 287.00	 284.69	 7.4228	34.1356	26.6827	 1.17	 51.03	0.040	  151.99	 99.89
 288.00	 285.68	 7.4181	34.1362	26.6838	 1.17	 51.07	0.040	  151.98	 99.89
 289.00	 286.68	 7.3998	34.1343	26.6849	 1.17	 51.04	0.040	  151.98	 99.90
 290.00	 287.67	 7.3650	34.1333	26.6890	 1.17	 50.99	0.040	  151.95	 99.90
 291.00	 288.66	 7.3545	34.1332	26.6905	 1.16	 50.51	0.040	  151.98	 99.90
 292.00	 289.65	 7.3400	34.1348	26.6938	 1.15	 49.97	0.040	  151.94	 99.90
 293.00	 290.64	 7.3450	34.1376	26.6953	 1.14	 49.38	0.040	  151.99	 99.90
 294.00	 291.63	 7.3448	34.1386	26.6961	 1.12	 48.82	0.040	  152.01	 99.90
 295.00	 292.62	 7.3566	34.1435	26.6983	 1.13	 49.06	0.040	  151.99	 99.90
 296.00	 293.61	 7.3463	34.1402	26.6972	 1.13	 49.24	0.040	  151.95	 99.90
 297.00	 294.61	 7.3209	34.1380	26.6991	 1.13	 49.12	0.041	  151.94	 99.90
 298.00	 295.60	 7.3149	34.1379	26.6999	 1.13	 49.17	0.040	  151.98	 99.90
 299.00	 296.59	 7.3114	34.1381	26.7005	 1.13	 49.32	0.040	  151.99	 99.90
 300.00	 297.58	 7.3030	34.1366	26.7005	 1.12	 48.53	0.040	  151.96	 99.90
 301.00	 298.57	 7.2915	34.1352	26.7010	 1.08	 46.79	0.040	  152.02	 99.90
 302.00	 299.56	 7.3408	34.1516	26.7070	 1.05	 45.52	0.040	  151.96	 99.90
 303.00	 300.55	 7.3573	34.1554	26.7077	 1.04	 45.38	0.040	  151.96	 99.90
 304.00	 301.54	 7.3577	34.1560	26.7082	 1.03	 44.97	0.040	  151.91	 99.90
 305.00	 302.54	 7.3583	34.1561	26.7082	 1.02	 44.22	0.040	  151.92	 99.90
 306.00	 303.53	 7.3533	34.1558	26.7086	 1.01	 43.72	0.040	  151.81	 99.91
 307.00	 304.52	 7.3793	34.1666	26.7135	 0.99	 43.14	0.040	  151.84	 99.91
 308.00	 305.51	 7.3894	34.1680	26.7132	 0.98	 42.57	0.040	  151.90	 99.91
 309.00	 306.50	 7.3938	34.1716	26.7154	 0.95	 41.51	0.040	  151.91	 99.91
 310.00	 307.49	 7.4077	34.1783	26.7187	 0.93	 40.41	0.040	  151.94	 99.92
 311.00	 308.48	 7.4097	34.1832	26.7223	 0.93	 40.43	0.040	  151.89	 99.93
 312.00	 309.47	 7.4040	34.1831	26.7230	 0.93	 40.64	0.041	  151.89	 99.92
 313.00	 310.47	 7.3797	34.1812	26.7250	 0.94	 40.84	0.040	  151.93	 99.93
 314.00	 311.46	 7.3620	34.1804	26.7269	 0.94	 41.07	0.040	  151.90	 99.93
 315.00	 312.45	 7.3525	34.1799	26.7279	 0.95	 41.25	0.040	  151.87	 99.93
 316.00	 313.44	 7.3495	34.1797	26.7282	 0.95	 41.25	0.040	  151.89	 99.93
 317.00	 314.43	 7.3405	34.1778	26.7279	 0.95	 41.15	0.040	  151.87	 99.93
 318.00	 315.42	 7.3306	34.1762	26.7280	 0.93	 40.59	0.040	  151.90	 99.93
 319.00	 316.41	 7.3379	34.1800	26.7300	 0.92	 40.05	0.040	  151.86	 99.93
 320.00	 317.40	 7.3466	34.1830	26.7312	 0.92	 39.99	0.040	  151.91	 99.93
 321.00	 318.39	 7.3325	34.1815	26.7320	 0.92	 39.84	0.040	  151.93	 99.93
 322.00	 319.39	 7.3321	34.1824	26.7327	 0.90	 39.02	0.040	  151.97	 99.93
 323.00	 320.38	 7.3136	34.1786	26.7324	 0.87	 37.92	0.040	  151.94	 99.93
 324.00	 321.37	 7.2719	34.1814	26.7405	 0.86	 37.53	0.040	  151.87	 99.93
 325.00	 322.36	 7.2951	34.1914	26.7451	 0.86	 37.49	0.041	  151.90	 99.93
 326.00	 323.35	 7.3002	34.1922	26.7451	 0.86	 37.33	0.041	  151.94	 99.93
 327.00	 324.34	 7.3008	34.1926	26.7453	 0.86	 37.33	0.040	  151.91	 99.93
 328.00	 325.33	 7.2992	34.1927	26.7456	 0.86	 37.36	0.040	  151.88	 99.93
 329.00	 326.32	 7.2924	34.1920	26.7460	 0.86	 37.58	0.040	  151.95	 99.94
 330.00	 327.31	 7.2752	34.1904	26.7472	 0.86	 37.62	0.040	  151.91	 99.94
 331.00	 328.31	 7.2552	34.1888	26.7487	 0.87	 37.86	0.040	  151.94	 99.94
 332.00	 329.30	 7.2463	34.1885	26.7497	 0.87	 37.93	0.041	  151.89	 99.94
 333.00	 330.29	 7.2416	34.1879	26.7499	 0.87	 37.85	0.041	  151.90	 99.94
 334.00	 331.28	 7.2358	34.1873	26.7503	 0.87	 38.02	0.040	  151.93	 99.94
 335.00	 332.27	 7.2264	34.1856	26.7503	 0.88	 38.19	0.040	  151.89	 99.94
 336.00	 333.26	 7.2168	34.1853	26.7514	 0.87	 38.06	0.040	  151.86	 99.94
 337.00	 334.25	 7.2109	34.1848	26.7518	 0.87	 38.05	0.040	  151.91	 99.94
 338.00	 335.24	 7.1980	34.1839	26.7529	 0.87	 37.90	0.040	  151.94	 99.94
 339.00	 336.23	 7.1913	34.1836	26.7536	 0.86	 37.27	0.041	  151.88	 99.94
 340.00	 337.22	 7.1869	34.1847	26.7551	 0.82	 35.84	0.042	  151.92	 99.94
 341.00	 338.22	 7.1698	34.1854	26.7581	 0.79	 34.19	0.042	  151.86	 99.94
 342.00	 339.21	 7.2123	34.1995	26.7632	 0.76	 33.16	0.041	  151.89	 99.94
 343.00	 340.20	 7.2395	34.2065	26.7650	 0.75	 32.55	0.040	  151.89	 99.94
 344.00	 341.19	 7.2695	34.2124	26.7655	 0.74	 32.04	0.040	  151.86	 99.94
 345.00	 342.18	 7.2845	34.2166	26.7667	 0.73	 31.86	0.040	  151.87	 99.94
 346.00	 343.17	 7.2950	34.2205	26.7683	 0.74	 32.14	0.040	  151.87	 99.95
 347.00	 344.16	 7.2866	34.2201	26.7692	 0.74	 32.32	0.041	  151.88	 99.95
 348.00	 345.15	 7.2650	34.2179	26.7704	 0.74	 32.18	0.042	  151.91	 99.95
 349.00	 346.14	 7.2670	34.2199	26.7718	 0.74	 32.05	0.040	  151.93	 99.95
 350.00	 347.13	 7.2694	34.2204	26.7719	 0.73	 31.78	0.041	  151.90	 99.95
 351.00	 348.13	 7.2696	34.2205	26.7719	 0.72	 31.40	0.041	  151.81	 99.95
 352.00	 349.12	 7.2691	34.2224	26.7735	 0.71	 30.82	0.041	  151.84	 99.95
 353.00	 350.11	 7.2711	34.2254	26.7756	 0.69	 30.01	0.041	  151.82	 99.95
 354.00	 351.10	 7.2764	34.2293	26.7779	 0.67	 29.32	0.040	  151.87	 99.95
 355.00	 352.09	 7.2813	34.2342	26.7811	 0.67	 29.11	0.040	  151.88	 99.95
 356.00	 353.08	 7.2806	34.2362	26.7828	 0.67	 29.16	0.040	  151.84	 99.95
 357.00	 354.07	 7.2761	34.2364	26.7836	 0.67	 29.13	0.040	  151.90	 99.95
 358.00	 355.06	 7.2722	34.2363	26.7841	 0.67	 28.95	0.040	  151.87	 99.96
 359.00	 356.05	 7.2690	34.2371	26.7851	 0.66	 28.75	0.040	  151.89	 99.96
 360.00	 357.04	 7.2616	34.2374	26.7865	 0.66	 28.52	0.040	  151.91	 99.96
 361.00	 358.04	 7.2481	34.2379	26.7887	 0.65	 28.25	0.040	  151.76	 99.97
 362.00	 359.03	 7.2391	34.2394	26.7912	 0.64	 27.93	0.040	  151.92	 99.96
 363.00	 360.02	 7.2388	34.2410	26.7925	 0.64	 27.74	0.040	  151.80	 99.97
 364.00	 361.01	 7.2420	34.2423	26.7931	 0.64	 27.76	0.040	  151.86	 99.97
 365.00	 362.00	 7.2448	34.2431	26.7934	 0.63	 27.56	0.040	  151.80	 99.97
 366.00	 362.99	 7.2482	34.2449	26.7943	 0.63	 27.22	0.040	  151.84	 99.97
 367.00	 363.98	 7.2498	34.2467	26.7956	 0.62	 26.94	0.040	  151.79	 99.97
 368.00	 364.97	 7.2502	34.2484	26.7968	 0.62	 27.03	0.040	  151.84	 99.98
 369.00	 365.96	 7.2464	34.2486	26.7975	 0.63	 27.22	0.040	  151.83	 99.97
 370.00	 366.95	 7.2414	34.2484	26.7981	 0.62	 26.93	0.040	  151.85	 99.97
 371.00	 367.94	 7.2394	34.2483	26.7983	 0.62	 26.98	0.040	  151.77	 99.98
 372.00	 368.93	 7.2350	34.2476	26.7983	 0.62	 27.18	0.040	  151.78	 99.98
 373.00	 369.93	 7.2310	34.2476	26.7989	 0.62	 27.05	0.040	  151.80	 99.98
 374.00	 370.92	 7.2255	34.2472	26.7994	 0.62	 26.87	0.040	  151.86	 99.98
 375.00	 371.91	 7.2235	34.2476	26.8000	 0.62	 26.81	0.040	  151.81	 99.98
 376.00	 372.90	 7.2223	34.2483	26.8007	 0.61	 26.71	0.040	  151.75	 99.98
 377.00	 373.89	 7.2200	34.2487	26.8014	 0.61	 26.66	0.040	  151.81	 99.98
 378.00	 374.88	 7.2176	34.2490	26.8020	 0.62	 26.78	0.040	  151.72	 99.98
 379.00	 375.87	 7.2147	34.2492	26.8026	 0.61	 26.60	0.040	  151.73	 99.98
 380.00	 376.86	 7.2132	34.2492	26.8028	 0.61	 26.45	0.040	  151.76	 99.98
 381.00	 377.85	 7.2089	34.2496	26.8037	 0.61	 26.66	0.040	  151.68	 99.98
 382.00	 378.84	 7.2064	34.2498	26.8042	 0.61	 26.59	0.040	  151.69	 99.98
 383.00	 379.83	 7.2020	34.2499	26.8050	 0.61	 26.40	0.040	  151.76	 99.98
 384.00	 380.82	 7.1975	34.2500	26.8057	 0.60	 26.26	0.040	  151.74	 99.98
 385.00	 381.82	 7.1919	34.2502	26.8066	 0.60	 26.21	0.040	  151.75	 99.98
 386.00	 382.81	 7.1861	34.2505	26.8076	 0.60	 26.03	0.040	  151.71	 99.98
 387.00	 383.80	 7.1767	34.2513	26.8096	 0.60	 25.91	0.040	  151.73	 99.98
 388.00	 384.79	 7.1630	34.2518	26.8119	 0.59	 25.66	0.040	  151.74	 99.98
 389.00	 385.78	 7.1501	34.2525	26.8143	 0.59	 25.50	0.041	  151.65	 99.98
 390.00	 386.77	 7.1377	34.2527	26.8162	 0.58	 25.37	0.041	  151.74	 99.98
 391.00	 387.76	 7.1274	34.2532	26.8180	 0.58	 25.36	0.040	  151.68	 99.98
 392.00	 388.75	 7.1180	34.2534	26.8195	 0.58	 25.29	0.040	  151.73	 99.98
 393.00	 389.74	 7.1120	34.2536	26.8205	 0.58	 25.26	0.040	  151.68	 99.98
 394.00	 390.73	 7.1095	34.2536	26.8208	 0.58	 25.16	0.040	  151.66	 99.98
 395.00	 391.72	 7.1076	34.2538	26.8212	 0.57	 24.94	0.040	  151.68	 99.98
 396.00	 392.71	 7.1041	34.2539	26.8218	 0.58	 25.15	0.040	  151.69	 99.98
 397.00	 393.71	 7.1014	34.2540	26.8223	 0.58	 25.06	0.040	  151.70	 99.98
 398.00	 394.70	 7.0988	34.2541	26.8228	 0.57	 24.98	0.041	  151.67	 99.98
 399.00	 395.69	 7.0937	34.2543	26.8236	 0.57	 24.91	0.042	  151.83	 99.98
 400.00	 396.68	 7.0888	34.2542	26.8242	 0.57	 24.81	0.041	  151.80	 99.98
 401.00	 397.67	 7.0835	34.2545	26.8252	 0.57	 24.58	0.040	  151.86	 99.98
 402.00	 398.66	 7.0579	34.2537	26.8281	 0.56	 24.33	0.040	  151.85	 99.98
 403.00	 399.65	 7.0386	34.2552	26.8320	 0.56	 24.36	0.040	  151.64	 99.98
 404.00	 400.64	 7.0284	34.2553	26.8335	 0.56	 24.48	0.040	  151.66	 99.98
 405.00	 401.63	 7.0216	34.2557	26.8347	 0.56	 24.21	0.040	  151.70	 99.98
 406.00	 402.62	 7.0148	34.2557	26.8357	 0.55	 24.03	0.040	  151.84	 99.98
 407.00	 403.61	 7.0101	34.2561	26.8366	 0.55	 24.00	0.040	  151.62	 99.98
 408.00	 404.60	 7.0050	34.2560	26.8373	 0.55	 24.01	0.040	  151.77	 99.98
 409.00	 405.59	 7.0021	34.2564	26.8380	 0.55	 23.92	0.040	  151.75	 99.98
 410.00	 406.58	 6.9999	34.2563	26.8383	 0.55	 23.74	0.041	  151.76	 99.98
 411.00	 407.58	 6.9965	34.2565	26.8389	 0.55	 23.87	0.041	  151.76	 99.98
 412.00	 408.57	 6.9928	34.2567	26.8396	 0.55	 23.87	0.040	  151.73	 99.98
 413.00	 409.56	 6.9899	34.2569	26.8401	 0.55	 23.81	0.040	  151.73	 99.98
 414.00	 410.55	 6.9883	34.2570	26.8404	 0.55	 23.73	0.041	  151.75	 99.98
 415.00	 411.54	 6.9849	34.2570	26.8409	 0.54	 23.62	0.042	  151.74	 99.98
 416.00	 412.53	 6.9805	34.2571	26.8416	 0.55	 23.76	0.040	  151.70	 99.98
 417.00	 413.52	 6.9772	34.2572	26.8421	 0.54	 23.56	0.040	  151.71	 99.98
 418.00	 414.51	 6.9700	34.2571	26.8431	 0.54	 23.44	0.041	  151.70	 99.98
 419.00	 415.50	 6.9644	34.2577	26.8443	 0.54	 23.46	0.042	  151.69	 99.98
 420.00	 416.49	 6.9636	34.2578	26.8445	 0.54	 23.53	0.042	  151.68	 99.98
 421.00	 417.48	 6.9626	34.2577	26.8445	 0.54	 23.46	0.041	  151.64	 99.98
 422.00	 418.47	 6.9556	34.2576	26.8455	 0.53	 23.25	0.040	  151.60	 99.98
 423.00	 419.46	 6.9507	34.2580	26.8464	 0.53	 23.15	0.041	  151.68	 99.98
 424.00	 420.45	 6.9445	34.2580	26.8473	 0.53	 23.12	0.040	  151.68	 99.98
 425.00	 421.44	 6.9360	34.2582	26.8486	 0.53	 23.13	0.041	  151.68	 99.98
 426.00	 422.44	 6.9325	34.2584	26.8493	 0.53	 22.94	0.041	  151.64	 99.98
 427.00	 423.43	 6.9303	34.2584	26.8496	 0.53	 22.89	0.040	  151.63	 99.98
 428.00	 424.42	 6.9213	34.2583	26.8507	 0.52	 22.70	0.040	  151.62	 99.98
