wcoa21_data_management/01_CRUISE_METADATA/00_OCADS_data/CTD_downcasts/WCOA_2021_CTD_downcasts/dRB2102_CTD_007_01_F.txt
* Sea-Bird SBE 9 Data:
* Software Version Seasave V 7.26.7.107
* Vessel: NOAA Ship Ronald H. Brown
* Cruise: RB2102, West Coast Ocean Acidification (WCOA) 2021
* Dates: 20210622 to 20210723
* Region: NE Pacific, USA West Coast
* Ports: San Diego, CA to Port Angeles, WA to San Diego, CA
* Chief Scientists: R. Feely, NOAA PMEL; D. Greeley, NOAA PMEL; B. Carter, NOAA PMEL / UW CICOES
*END*
[from data line 1067]
1070.00	1058.28	 3.5398	34.4089	27.3698	 0.36	 15.77	0.041	  125.14	100.00
1071.00	1059.26	 3.5386	34.4089	27.3699	 0.36	 15.74	0.042	  125.12	100.00
1072.00	1060.25	 3.5370	34.4092	27.3703	 0.36	 15.82	0.041	  125.13	100.00
1073.00	1061.24	 3.5349	34.4092	27.3705	 0.37	 15.89	0.040	  125.13	100.00
1074.00	1062.22	 3.5317	34.4098	27.3713	 0.36	 15.83	0.041	  125.15	100.00
1075.00	1063.21	 3.5309	34.4099	27.3714	 0.36	 15.80	0.042	  125.09	100.00
1076.00	1064.20	 3.5316	34.4099	27.3714	 0.37	 15.89	0.041	  125.10	100.00
1077.00	1065.18	 3.5326	34.4096	27.3711	 0.37	 15.89	0.040	  125.07	100.00
1078.00	1066.17	 3.5292	34.4101	27.3718	 0.37	 15.88	0.040	  125.06	100.00
1079.00	1067.16	 3.5277	34.4104	27.3722	 0.37	 15.91	0.041	  125.10	100.00
1080.00	1068.14	 3.5267	34.4107	27.3725	 0.37	 15.91	0.042	  125.09	100.00
1081.00	1069.13	 3.5233	34.4111	27.3732	 0.37	 15.92	0.041	  125.02	100.00
1082.00	1070.12	 3.5215	34.4113	27.3735	 0.37	 15.93	0.040	  125.11	100.00
1083.00	1071.10	 3.5212	34.4113	27.3735	 0.37	 15.99	0.040	  125.08	100.00
1084.00	1072.09	 3.5199	34.4114	27.3738	 0.37	 15.97	0.041	  125.09	100.00
1085.00	1073.08	 3.5171	34.4118	27.3744	 0.37	 16.06	0.040	  125.08	100.00
1086.00	1074.06	 3.5140	34.4123	27.3751	 0.37	 16.06	0.040	  125.13	100.00
1087.00	1075.05	 3.5134	34.4122	27.3751	 0.37	 16.07	0.042	  125.06	100.00
1088.00	1076.03	 3.5119	34.4125	27.3755	 0.37	 16.11	0.042	  125.05	100.00
1089.00	1077.02	 3.5091	34.4130	27.3761	 0.37	 16.15	0.041	  125.09	100.00
1090.00	1078.01	 3.5056	34.4137	27.3771	 0.37	 16.17	0.040	  125.04	100.00
1091.00	1078.99	 3.5039	34.4143	27.3776	 0.37	 16.16	0.040	  125.10	100.00
1092.00	1079.98	 3.5025	34.4145	27.3780	 0.37	 16.16	0.040	  125.12	100.00
1093.00	1080.97	 3.5004	34.4146	27.3783	 0.37	 16.17	0.040	  125.10	100.00
1094.00	1081.95	 3.4997	34.4147	27.3784	 0.37	 16.17	0.041	  125.05	100.00
1095.00	1082.94	 3.4984	34.4150	27.3788	 0.37	 16.17	0.042	  125.06	100.00
1096.00	1083.93	 3.4929	34.4159	27.3800	 0.37	 16.18	0.041	  125.06	100.00
1097.00	1084.91	 3.4902	34.4160	27.3804	 0.37	 16.22	0.042	  125.05	100.00
1098.00	1085.90	 3.4845	34.4170	27.3817	 0.38	 16.31	0.041	  125.14	100.00
1099.00	1086.88	 3.4835	34.4172	27.3820	 0.38	 16.44	0.040	  125.05	100.00
1100.00	1087.87	 3.4821	34.4174	27.3823	 0.38	 16.41	0.040	  125.05	100.00
1101.00	1088.86	 3.4792	34.4178	27.3829	 0.38	 16.39	0.040	  125.04	100.00
1102.00	1089.84	 3.4811	34.4176	27.3826	 0.38	 16.40	0.040	  125.06	100.00
1103.00	1090.83	 3.4815	34.4175	27.3825	 0.38	 16.44	0.040	  125.07	100.00
1104.00	1091.82	 3.4759	34.4183	27.3837	 0.38	 16.45	0.040	  125.03	100.00
1105.00	1092.80	 3.4727	34.4189	27.3844	 0.38	 16.43	0.040	  125.01	100.00
1106.00	1093.79	 3.4717	34.4190	27.3846	 0.38	 16.48	0.040	  125.01	100.00
1107.00	1094.78	 3.4693	34.4194	27.3851	 0.38	 16.52	0.040	  125.09	100.00
1108.00	1095.76	 3.4645	34.4202	27.3863	 0.38	 16.57	0.041	  125.08	100.00
1109.00	1096.75	 3.4606	34.4207	27.3871	 0.38	 16.58	0.042	  125.07	100.00
1110.00	1097.73	 3.4591	34.4209	27.3874	 0.38	 16.67	0.042	  125.05	100.00
1111.00	1098.72	 3.4584	34.4211	27.3876	 0.38	 16.69	0.042	  125.03	100.00
1112.00	1099.71	 3.4574	34.4212	27.3877	 0.38	 16.69	0.041	  125.04	100.00
1113.00	1100.69	 3.4554	34.4213	27.3880	 0.38	 16.69	0.041	  125.02	100.00
1114.00	1101.68	 3.4534	34.4214	27.3883	 0.38	 16.72	0.040	  125.04	100.00
1115.00	1102.67	 3.4528	34.4216	27.3885	 0.38	 16.71	0.040	  125.04	100.00
1116.00	1103.65	 3.4527	34.4215	27.3885	 0.38	 16.73	0.040	  125.03	100.00
1117.00	1104.64	 3.4506	34.4217	27.3889	 0.39	 16.74	0.040	  125.08	100.00
1118.00	1105.63	 3.4457	34.4221	27.3896	 0.38	 16.71	0.040	  124.96	100.00
1119.00	1106.61	 3.4455	34.4220	27.3896	 0.39	 16.75	0.040	  124.98	100.00
1120.00	1107.60	 3.4450	34.4220	27.3897	 0.39	 16.80	0.040	  125.04	100.00
1121.00	1108.58	 3.4427	34.4224	27.3902	 0.39	 16.79	0.041	  125.02	100.00
1122.00	1109.57	 3.4403	34.4233	27.3911	 0.39	 16.90	0.041	  125.03	100.00
1123.00	1110.56	 3.4387	34.4236	27.3915	 0.39	 16.95	0.040	  125.05	100.00
1124.00	1111.54	 3.4353	34.4240	27.3922	 0.39	 16.93	0.040	  125.02	100.00
1125.00	1112.53	 3.4337	34.4242	27.3925	 0.39	 16.97	0.040	  125.01	100.00
1126.00	1113.52	 3.4330	34.4242	27.3926	 0.39	 16.97	0.040	  125.03	100.00
1127.00	1114.50	 3.4309	34.4244	27.3930	 0.39	 17.01	0.040	  124.97	100.00
1128.00	1115.49	 3.4280	34.4247	27.3935	 0.39	 16.98	0.040	  125.03	100.00
1129.00	1116.47	 3.4263	34.4249	27.3938	 0.39	 17.02	0.040	  125.02	100.00
1130.00	1117.46	 3.4244	34.4255	27.3944	 0.39	 17.07	0.040	  125.01	100.00
1131.00	1118.45	 3.4237	34.4258	27.3948	 0.39	 17.16	0.040	  125.05	100.00
1132.00	1119.43	 3.4212	34.4262	27.3954	 0.40	 17.20	0.040	  125.00	100.00
1133.00	1120.42	 3.4176	34.4269	27.3963	 0.40	 17.23	0.040	  125.05	100.00
1134.00	1121.41	 3.4116	34.4274	27.3972	 0.40	 17.24	0.040	  125.04	100.00
1135.00	1122.39	 3.4076	34.4278	27.3980	 0.40	 17.25	0.040	  125.01	100.00
1136.00	1123.38	 3.4032	34.4282	27.3987	 0.40	 17.29	0.040	  125.02	100.00
1137.00	1124.36	 3.4009	34.4288	27.3993	 0.40	 17.33	0.040	  124.99	100.00
1138.00	1125.35	 3.3988	34.4289	27.3997	 0.40	 17.43	0.040	  124.98	100.00
1139.00	1126.34	 3.3964	34.4293	27.4002	 0.40	 17.49	0.041	  125.00	100.00
1140.00	1127.32	 3.3934	34.4296	27.4008	 0.40	 17.48	0.042	  124.95	100.00
1141.00	1128.31	 3.3905	34.4299	27.4013	 0.40	 17.50	0.042	  125.00	100.00
1142.00	1129.30	 3.3870	34.4303	27.4019	 0.40	 17.50	0.041	  124.99	100.00
1143.00	1130.28	 3.3858	34.4305	27.4022	 0.40	 17.52	0.040	  124.96	100.00
1144.00	1131.27	 3.3828	34.4306	27.4026	 0.40	 17.55	0.040	  124.95	100.00
1145.00	1132.25	 3.3811	34.4307	27.4028	 0.41	 17.64	0.040	  124.99	100.00
1146.00	1133.24	 3.3810	34.4307	27.4029	 0.41	 17.65	0.040	  124.97	100.00
1147.00	1134.23	 3.3806	34.4306	27.4028	 0.41	 17.66	0.040	  124.99	100.00
1148.00	1135.21	 3.3792	34.4306	27.4029	 0.41	 17.68	0.040	  124.94	100.00
1149.00	1136.20	 3.3727	34.4312	27.4041	 0.41	 17.72	0.041	  125.01	100.00
1150.00	1137.18	 3.3721	34.4311	27.4040	 0.41	 17.77	0.041	  124.97	100.00
1151.00	1138.17	 3.3716	34.4312	27.4042	 0.41	 17.78	0.042	  124.93	100.00
1152.00	1139.16	 3.3720	34.4320	27.4048	 0.41	 17.77	0.042	  124.91	100.00
1153.00	1140.14	 3.3722	34.4331	27.4056	 0.41	 17.78	0.042	  125.03	100.00
1154.00	1141.13	 3.3707	34.4334	27.4060	 0.41	 17.78	0.041	  124.99	100.00
1155.00	1142.12	 3.3692	34.4334	27.4062	 0.41	 17.78	0.040	  125.02	100.00
1156.00	1143.10	 3.3663	34.4334	27.4064	 0.41	 17.84	0.041	  124.94	100.00
1157.00	1144.09	 3.3653	34.4339	27.4069	 0.41	 17.94	0.041	  124.93	100.00
1158.00	1145.07	 3.3667	34.4337	27.4066	 0.41	 18.03	0.042	  124.97	100.00
1159.00	1146.06	 3.3577	34.4350	27.4086	 0.41	 18.03	0.040	  124.95	100.00
1160.00	1147.05	 3.3498	34.4357	27.4099	 0.42	 18.09	0.041	  124.96	100.00
1161.00	1148.03	 3.3447	34.4364	27.4109	 0.42	 18.13	0.041	  124.95	100.00
1162.00	1149.02	 3.3427	34.4365	27.4112	 0.42	 18.17	0.041	  124.94	100.00
1163.00	1150.00	 3.3413	34.4366	27.4114	 0.42	 18.23	0.041	  124.93	100.00
1164.00	1150.99	 3.3411	34.4366	27.4114	 0.42	 18.20	0.041	  124.93	100.00
1165.00	1151.98	 3.3391	34.4369	27.4118	 0.42	 18.27	0.041	  124.92	100.00
1166.00	1152.96	 3.3374	34.4374	27.4124	 0.42	 18.28	0.041	  124.99	100.00
1167.00	1153.95	 3.3335	34.4379	27.4132	 0.42	 18.29	0.041	  124.97	100.00
1168.00	1154.93	 3.3294	34.4381	27.4137	 0.42	 18.29	0.042	  124.97	100.00
1169.00	1155.92	 3.3288	34.4379	27.4136	 0.42	 18.28	0.042	  124.98	100.00
1170.00	1156.91	 3.3285	34.4379	27.4137	 0.42	 18.28	0.041	  125.01	100.00
1171.00	1157.89	 3.3288	34.4381	27.4139	 0.42	 18.34	0.040	  125.00	100.00
1172.00	1158.88	 3.3260	34.4386	27.4145	 0.42	 18.34	0.040	  124.96	100.00
1173.00	1159.87	 3.3249	34.4392	27.4151	 0.42	 18.33	0.040	  125.01	100.00
1174.00	1160.85	 3.3236	34.4393	27.4153	 0.42	 18.34	0.040	  125.05	100.00
1175.00	1161.84	 3.3199	34.4396	27.4159	 0.42	 18.36	0.041	  124.97	100.00
1176.00	1162.82	 3.3203	34.4392	27.4155	 0.42	 18.37	0.041	  124.95	100.00
1177.00	1163.81	 3.3072	34.4393	27.4168	 0.42	 18.31	0.042	  125.01	100.00
1178.00	1164.80	 3.3054	34.4394	27.4171	 0.42	 18.33	0.042	  124.89	100.00
1179.00	1165.78	 3.3045	34.4394	27.4172	 0.42	 18.35	0.042	  124.94	100.00
1180.00	1166.77	 3.3038	34.4394	27.4172	 0.42	 18.32	0.042	  124.98	100.00
1181.00	1167.75	 3.3032	34.4394	27.4173	 0.42	 18.34	0.042	  124.94	100.00
1182.00	1168.74	 3.3024	34.4396	27.4176	 0.42	 18.34	0.041	  124.93	100.00
1183.00	1169.73	 3.2970	34.4402	27.4185	 0.42	 18.35	0.042	  124.88	100.00
1184.00	1170.71	 3.2926	34.4407	27.4193	 0.42	 18.35	0.041	  125.04	100.00
1185.00	1171.70	 3.2908	34.4406	27.4194	 0.42	 18.36	0.040	  124.97	100.00
1186.00	1172.68	 3.2865	34.4410	27.4202	 0.42	 18.36	0.040	  124.98	100.00
1187.00	1173.67	 3.2841	34.4409	27.4204	 0.42	 18.36	0.040	  124.93	100.00
1188.00	1174.66	 3.2818	34.4409	27.4206	 0.42	 18.34	0.040	  124.96	100.00
1189.00	1175.64	 3.2754	34.4410	27.4212	 0.42	 18.37	0.040	  124.87	100.00
1190.00	1176.63	 3.2714	34.4420	27.4224	 0.42	 18.39	0.041	  124.92	100.00
1191.00	1177.61	 3.2684	34.4426	27.4232	 0.42	 18.38	0.041	  125.01	100.00
1192.00	1178.60	 3.2681	34.4427	27.4233	 0.42	 18.38	0.040	  124.93	100.00
1193.00	1179.59	 3.2686	34.4428	27.4233	 0.42	 18.39	0.040	  124.99	100.00
1194.00	1180.57	 3.2653	34.4431	27.4239	 0.42	 18.39	0.041	  124.94	100.00
1195.00	1181.56	 3.2624	34.4434	27.4244	 0.42	 18.40	0.041	  124.97	100.00
1196.00	1182.54	 3.2598	34.4436	27.4248	 0.42	 18.41	0.040	  124.94	100.00
1197.00	1183.53	 3.2560	34.4445	27.4259	 0.43	 18.49	0.041	  125.00	100.00
1198.00	1184.51	 3.2548	34.4450	27.4264	 0.43	 18.65	0.042	  124.94	100.00
1199.00	1185.50	 3.2545	34.4453	27.4267	 0.43	 18.70	0.041	  124.92	100.00
1200.00	1186.49	 3.2541	34.4453	27.4267	 0.43	 18.66	0.040	  124.98	100.00
1201.00	1187.47	 3.2541	34.4454	27.4268	 0.43	 18.69	0.040	  124.93	100.00
1202.00	1188.46	 3.2548	34.4455	27.4268	 0.43	 18.74	0.040	  124.93	100.00
1203.00	1189.44	 3.2536	34.4457	27.4271	 0.44	 18.92	0.040	  125.00	100.00
1204.00	1190.43	 3.2535	34.4462	27.4275	 0.44	 18.95	0.040	  124.91	100.00
1205.00	1191.42	 3.2528	34.4464	27.4278	 0.44	 18.93	0.040	  124.92	100.00
1206.00	1192.40	 3.2507	34.4468	27.4283	 0.44	 19.00	0.042	  124.93	100.00
1207.00	1193.39	 3.2495	34.4470	27.4286	 0.44	 19.08	0.041	  124.96	100.00
1208.00	1194.37	 3.2468	34.4474	27.4291	 0.44	 19.15	0.041	  124.96	100.00
1209.00	1195.36	 3.2315	34.4482	27.4312	 0.44	 19.18	0.040	  124.92	100.00
1210.00	1196.35	 3.2195	34.4489	27.4329	 0.44	 19.16	0.040	  124.95	100.00
1211.00	1197.33	 3.2165	34.4491	27.4333	 0.44	 19.14	0.040	  124.97	100.00
1212.00	1198.32	 3.2155	34.4491	27.4334	 0.44	 19.16	0.040	  124.95	100.00
1213.00	1199.30	 3.2106	34.4491	27.4339	 0.44	 19.13	0.041	  124.89	100.00
1214.00	1200.29	 3.2016	34.4495	27.4350	 0.44	 19.12	0.041	  124.96	100.00
1215.00	1201.27	 3.1950	34.4500	27.4360	 0.44	 19.17	0.040	  124.92	100.00
1216.00	1202.26	 3.1935	34.4501	27.4362	 0.44	 19.19	0.040	  124.91	100.00
1217.00	1203.25	 3.1916	34.4503	27.4366	 0.44	 19.21	0.041	  124.87	100.00
1218.00	1204.23	 3.1907	34.4503	27.4367	 0.44	 19.20	0.040	  124.91	100.00
1219.00	1205.22	 3.1895	34.4505	27.4370	 0.44	 19.19	0.040	  124.92	100.00
1220.00	1206.20	 3.1875	34.4507	27.4373	 0.44	 19.24	0.040	  124.87	100.00
1221.00	1207.19	 3.1853	34.4513	27.4380	 0.44	 19.25	0.040	  124.91	100.00
1222.00	1208.18	 3.1831	34.4515	27.4384	 0.44	 19.26	0.040	  124.90	100.00
1223.00	1209.16	 3.1808	34.4517	27.4388	 0.44	 19.30	0.040	  124.93	100.00
1224.00	1210.15	 3.1793	34.4519	27.4391	 0.44	 19.33	0.040	  124.93	100.00
1225.00	1211.13	 3.1781	34.4520	27.4393	 0.45	 19.42	0.040	  124.87	100.00
1226.00	1212.12	 3.1763	34.4522	27.4396	 0.45	 19.36	0.040	  124.89	100.00
1227.00	1213.10	 3.1745	34.4521	27.4397	 0.45	 19.43	0.040	  124.87	100.00
1228.00	1214.09	 3.1735	34.4523	27.4399	 0.45	 19.43	0.041	  124.85	100.00
1229.00	1215.08	 3.1720	34.4524	27.4401	 0.45	 19.45	0.040	  124.90	100.00
1230.00	1216.06	 3.1712	34.4525	27.4403	 0.45	 19.39	0.040	  124.86	100.00
1231.00	1217.05	 3.1701	34.4526	27.4405	 0.45	 19.49	0.040	  124.81	100.00
1232.00	1218.03	 3.1690	34.4525	27.4405	 0.45	 19.47	0.040	  124.80	100.00
1233.00	1219.02	 3.1683	34.4524	27.4405	 0.45	 19.45	0.040	  124.89	100.00
1234.00	1220.01	 3.1674	34.4523	27.4406	 0.45	 19.43	0.040	  124.83	100.00
1235.00	1220.99	 3.1674	34.4523	27.4405	 0.45	 19.46	0.041	  124.83	100.00
1236.00	1221.98	 3.1666	34.4523	27.4407	 0.45	 19.44	0.041	  124.85	100.00
1237.00	1222.96	 3.1653	34.4525	27.4409	 0.45	 19.46	0.040	  124.84	100.00
1238.00	1223.95	 3.1643	34.4525	27.4410	 0.45	 19.37	0.040	  124.85	100.00
1239.00	1224.93	 3.1612	34.4525	27.4413	 0.45	 19.38	0.040	  124.83	100.00
1240.00	1225.92	 3.1607	34.4525	27.4414	 0.45	 19.47	0.040	  124.88	100.00
1241.00	1226.91	 3.1594	34.4525	27.4415	 0.45	 19.43	0.040	  124.79	100.00
1242.00	1227.89	 3.1568	34.4528	27.4420	 0.45	 19.48	0.041	  124.82	100.00
1243.00	1228.88	 3.1567	34.4528	27.4420	 0.45	 19.49	0.040	  124.77	100.00
1244.00	1229.86	 3.1525	34.4533	27.4428	 0.45	 19.55	0.040	  124.85	100.00
1245.00	1230.85	 3.1476	34.4537	27.4436	 0.45	 19.56	0.040	  124.77	100.00
1246.00	1231.83	 3.1406	34.4544	27.4447	 0.45	 19.63	0.040	  124.82	100.00
1247.00	1232.82	 3.1374	34.4550	27.4455	 0.45	 19.67	0.040	  124.79	100.00
1248.00	1233.81	 3.1361	34.4554	27.4460	 0.46	 19.84	0.040	  124.80	100.00
1249.00	1234.79	 3.1305	34.4560	27.4469	 0.46	 19.81	0.040	  124.77	100.00
1250.00	1235.78	 3.1268	34.4561	27.4474	 0.46	 19.84	0.040	  124.84	100.00
1251.00	1236.76	 3.1210	34.4567	27.4484	 0.46	 19.85	0.040	  124.81	100.00
1252.00	1237.75	 3.1212	34.4564	27.4482	 0.46	 19.99	0.041	  124.77	100.00
1253.00	1238.73	 3.1131	34.4575	27.4497	 0.46	 20.03	0.040	  124.84	100.00
1254.00	1239.72	 3.1083	34.4582	27.4508	 0.46	 20.09	0.040	  124.77	100.00
1255.00	1240.71	 3.1062	34.4584	27.4511	 0.46	 20.21	0.040	  124.81	100.00
1256.00	1241.69	 3.0965	34.4597	27.4531	 0.47	 20.45	0.040	  124.83	100.00
1257.00	1242.68	 3.0919	34.4606	27.4542	 0.47	 20.44	0.042	  124.84	100.00
1258.00	1243.66	 3.0917	34.4605	27.4542	 0.47	 20.51	0.042	  124.77	100.00
1259.00	1244.65	 3.0914	34.4606	27.4542	 0.47	 20.59	0.041	  124.80	100.00
1260.00	1245.63	 3.0905	34.4608	27.4545	 0.47	 20.56	0.040	  124.83	100.00
1261.00	1246.62	 3.0899	34.4609	27.4546	 0.47	 20.57	0.040	  124.82	100.00
1262.00	1247.60	 3.0889	34.4612	27.4550	 0.47	 20.57	0.040	  124.81	100.00
1263.00	1248.59	 3.0880	34.4614	27.4552	 0.47	 20.57	0.040	  124.79	100.00
1264.00	1249.58	 3.0873	34.4614	27.4553	 0.47	 20.60	0.040	  124.77	100.00
1265.00	1250.56	 3.0854	34.4618	27.4558	 0.48	 20.68	0.040	  124.79	100.00
1266.00	1251.55	 3.0843	34.4621	27.4562	 0.48	 20.82	0.041	  124.76	100.00
1267.00	1252.53	 3.0821	34.4628	27.4569	 0.48	 20.92	0.041	  124.75	100.00
1268.00	1253.52	 3.0808	34.4635	27.4576	 0.48	 20.96	0.041	  124.78	100.00
1269.00	1254.50	 3.0792	34.4643	27.4584	 0.49	 21.18	0.042	  124.75	100.00
1270.00	1255.49	 3.0781	34.4646	27.4588	 0.49	 21.30	0.040	  124.75	100.00
1271.00	1256.48	 3.0769	34.4650	27.4592	 0.49	 21.34	0.040	  124.78	100.00
1272.00	1257.46	 3.0747	34.4650	27.4594	 0.49	 21.34	0.040	  124.73	100.00
1273.00	1258.45	 3.0696	34.4654	27.4601	 0.49	 21.44	0.040	  124.80	100.00
1274.00	1259.43	 3.0631	34.4656	27.4609	 0.50	 21.59	0.041	  124.77	100.00
1275.00	1260.42	 3.0613	34.4660	27.4614	 0.50	 21.60	0.042	  124.74	100.00
1276.00	1261.40	 3.0610	34.4659	27.4614	 0.50	 21.58	0.042	  124.78	100.00
1277.00	1262.39	 3.0605	34.4662	27.4617	 0.50	 21.58	0.041	  124.72	100.00
1278.00	1263.37	 3.0589	34.4664	27.4619	 0.50	 21.61	0.041	  124.77	100.00
1279.00	1264.36	 3.0563	34.4670	27.4627	 0.50	 21.64	0.042	  124.78	100.00
1280.00	1265.35	 3.0568	34.4668	27.4625	 0.50	 21.69	0.041	  124.78	100.00
1281.00	1266.33	 3.0568	34.4668	27.4625	 0.50	 21.75	0.040	  124.73	100.00
1282.00	1267.32	 3.0558	34.4673	27.4630	 0.50	 21.86	0.040	  124.75	100.00
