wcoa21_data_management/01_CRUISE_METADATA/00_OCADS_data/CTD_downcasts/WCOA_2021_CTD_downcasts/dRB2102_CTD_133_01_F.txt
* Sea-Bird SBE 9 Data:
* Software Version Seasave V 7.26.7.107
* Vessel: NOAA Ship Ronald H. Brown
* Cruise: RB2102, West Coast Ocean Acidification (WCOA) 2021
* Dates: 20210622 to 20210723
* Region: NE Pacific, USA West Coast
* Ports: San Diego, CA to Port Angeles, WA to San Diego, CA
* Chief Scientists: R. Feely, NOAA PMEL; D. Greeley, NOAA PMEL; B. Carter, NOAA PMEL / UW CICOES
*END*
[from data line 214]
 216.00	 214.39	 8.1686	34.1118	26.5544	 1.69	 73.37	0.040	     NaN	 99.83
 217.00	 215.38	 8.1607	34.1110	26.5550	 1.68	 73.03	0.040	     NaN	 99.83
 218.00	 216.37	 8.1565	34.1112	26.5557	 1.67	 72.66	0.040	     NaN	 99.83
 219.00	 217.36	 8.1448	34.1114	26.5577	 1.66	 72.19	0.040	     NaN	 99.83
 220.00	 218.35	 8.1153	34.1098	26.5609	 1.64	 71.46	0.039	     NaN	 99.83
 221.00	 219.35	 8.1030	34.1104	26.5632	 1.62	 70.50	0.040	     NaN	 99.84
 222.00	 220.34	 8.0692	34.1117	26.5692	 1.60	 69.77	0.040	     NaN	 99.84
 223.00	 221.33	 8.0514	34.1141	26.5738	 1.59	 69.33	0.040	     NaN	 99.84
 224.00	 222.32	 8.0426	34.1159	26.5765	 1.59	 69.32	0.040	     NaN	 99.84
 225.00	 223.31	 8.0377	34.1168	26.5780	 1.59	 69.34	0.040	     NaN	 99.84
 226.00	 224.31	 8.0351	34.1176	26.5790	 1.59	 68.95	0.040	     NaN	 99.84
 227.00	 225.30	 8.0312	34.1182	26.5800	 1.55	 67.61	0.040	     NaN	 99.84
 228.00	 226.29	 8.0278	34.1186	26.5808	 1.49	 64.99	0.040	     NaN	 99.85
 229.00	 227.28	 8.0210	34.1206	26.5835	 1.48	 64.33	0.040	     NaN	 99.85
 230.00	 228.27	 8.0332	34.1311	26.5899	 1.50	 65.34	0.040	     NaN	 99.85
 231.00	 229.27	 8.0448	34.1365	26.5924	 1.52	 66.23	0.040	     NaN	 99.85
 232.00	 230.26	 7.9756	34.1268	26.5951	 1.53	 66.40	0.040	     NaN	 99.85
 233.00	 231.25	 7.9332	34.1214	26.5971	 1.52	 66.12	0.040	     NaN	 99.85
 234.00	 232.24	 7.9322	34.1224	26.5980	 1.52	 66.19	0.040	     NaN	 99.86
 235.00	 233.23	 7.9333	34.1235	26.5987	 1.53	 66.40	0.040	     NaN	 99.86
 236.00	 234.23	 7.9038	34.1203	26.6006	 1.52	 66.18	0.040	     NaN	 99.86
 237.00	 235.22	 7.8862	34.1184	26.6017	 1.51	 65.78	0.040	     NaN	 99.86
 238.00	 236.21	 7.8830	34.1198	26.6033	 1.49	 65.03	0.040	     NaN	 99.87
 239.00	 237.20	 7.8906	34.1215	26.6036	 1.47	 64.01	0.040	     NaN	 99.86
 240.00	 238.19	 7.9005	34.1245	26.6045	 1.45	 63.10	0.040	     NaN	 99.87
 241.00	 239.19	 7.9422	34.1349	26.6065	 1.44	 62.58	0.040	     NaN	 99.87
 242.00	 240.18	 7.9838	34.1444	26.6079	 1.42	 61.56	0.040	     NaN	 99.87
 243.00	 241.17	 7.9930	34.1470	26.6085	 1.36	 59.34	0.040	     NaN	 99.87
 244.00	 242.16	 8.0102	34.1531	26.6108	 1.31	 56.98	0.040	     NaN	 99.87
 245.00	 243.15	 8.0569	34.1633	26.6119	 1.29	 56.21	0.040	     NaN	 99.88
 246.00	 244.15	 8.1042	34.1764	26.6152	 1.29	 56.00	0.040	     NaN	 99.88
 247.00	 245.14	 8.1203	34.1798	26.6155	 1.29	 56.03	0.040	     NaN	 99.88
 248.00	 246.13	 8.1280	34.1817	26.6158	 1.29	 56.05	0.040	     NaN	 99.88
 249.00	 247.12	 8.1280	34.1822	26.6162	 1.30	 56.43	0.040	     NaN	 99.88
 250.00	 248.11	 8.1056	34.1793	26.6173	 1.31	 56.95	0.040	     NaN	 99.88
 251.00	 249.10	 8.0346	34.1691	26.6199	 1.30	 56.56	0.040	     NaN	 99.89
 252.00	 250.10	 7.9733	34.1613	26.6228	 1.24	 53.96	0.040	     NaN	 99.89
 253.00	 251.09	 7.9126	34.1603	26.6310	 1.19	 51.82	0.040	     NaN	 99.90
 254.00	 252.08	 7.9673	34.1739	26.6336	 1.18	 51.11	0.040	     NaN	 99.90
 255.00	 253.07	 8.0328	34.1880	26.6350	 1.17	 50.71	0.040	     NaN	 99.90
 256.00	 254.06	 8.0471	34.1913	26.6355	 1.15	 50.04	0.040	     NaN	 99.89
 257.00	 255.06	 8.0209	34.1909	26.6391	 1.14	 49.42	0.040	     NaN	 99.89
 258.00	 256.05	 8.0488	34.1981	26.6407	 1.12	 48.64	0.040	     NaN	 99.90
 259.00	 257.04	 8.0714	34.2056	26.6432	 1.08	 46.84	0.040	     NaN	 99.90
 260.00	 258.03	 8.0750	34.2128	26.6483	 1.04	 45.24	0.040	     NaN	 99.90
 261.00	 259.02	 8.0984	34.2211	26.6514	 1.05	 45.74	0.040	     NaN	 99.90
 262.00	 260.01	 8.1054	34.2227	26.6516	 1.08	 46.85	0.040	     NaN	 99.90
 263.00	 261.01	 8.0892	34.2208	26.6526	 1.10	 48.06	0.040	     NaN	 99.91
 264.00	 262.00	 8.0410	34.2130	26.6536	 1.11	 48.40	0.040	     NaN	 99.92
 265.00	 262.99	 7.9497	34.2008	26.6575	 1.10	 47.91	0.041	     NaN	 99.93
 266.00	 263.98	 7.9562	34.2021	26.6576	 1.08	 46.85	0.040	     NaN	 99.93
 267.00	 264.97	 7.9599	34.2032	26.6579	 1.06	 46.07	0.040	     NaN	 99.93
 268.00	 265.97	 7.9540	34.2037	26.6592	 1.07	 46.38	0.040	     NaN	 99.93
 269.00	 266.96	 7.9816	34.2105	26.6605	 1.08	 47.14	0.040	     NaN	 99.93
 270.00	 267.95	 7.9505	34.2069	26.6623	 1.08	 46.87	0.040	     NaN	 99.93
 271.00	 268.94	 7.8476	34.1947	26.6678	 1.05	 45.55	0.040	     NaN	 99.93
 272.00	 269.93	 7.9015	34.2088	26.6710	 1.05	 45.74	0.040	     NaN	 99.93
 273.00	 270.92	 7.8775	34.2065	26.6728	 1.06	 46.07	0.040	     NaN	 99.93
 274.00	 271.92	 7.8095	34.2000	26.6776	 1.06	 46.11	0.040	     NaN	 99.93
 275.00	 272.91	 7.8049	34.1996	26.6779	 1.06	 46.14	0.040	     NaN	 99.93
 276.00	 273.90	 7.7921	34.1980	26.6786	 1.05	 45.82	0.041	     NaN	 99.93
 277.00	 274.89	 7.7702	34.1961	26.6803	 1.03	 44.93	0.041	     NaN	 99.93
 278.00	 275.88	 7.7528	34.1966	26.6833	 1.00	 43.59	0.040	     NaN	 99.93
 279.00	 276.87	 7.7580	34.1991	26.6844	 1.00	 43.48	0.040	     NaN	 99.93
 280.00	 277.87	 7.7851	34.2097	26.6889	 1.01	 44.05	0.040	     NaN	 99.93
 281.00	 278.86	 7.7244	34.2024	26.6920	 1.02	 44.22	0.040	     NaN	 99.93
 282.00	 279.85	 7.6798	34.1980	26.6949	 1.01	 44.06	0.041	     NaN	 99.93
 283.00	 280.84	 7.6676	34.1972	26.6961	 0.99	 43.00	0.040	     NaN	 99.93
 284.00	 281.83	 7.6618	34.1970	26.6968	 0.96	 41.86	0.040	     NaN	 99.93
 285.00	 282.82	 7.6688	34.2004	26.6985	 0.94	 41.01	0.041	     NaN	 99.93
 286.00	 283.82	 7.6985	34.2082	26.7004	 0.93	 40.30	0.040	     NaN	 99.93
 287.00	 284.81	 7.7107	34.2137	26.7029	 0.92	 40.15	0.040	     NaN	 99.93
 288.00	 285.80	 7.6688	34.2144	26.7095	 0.94	 40.72	0.040	     NaN	 99.93
 289.00	 286.79	 7.6414	34.2118	26.7114	 0.95	 41.28	0.040	     NaN	 99.94
 290.00	 287.78	 7.6179	34.2082	26.7120	 0.95	 41.13	0.040	     NaN	 99.94
 291.00	 288.77	 7.5431	34.1998	26.7161	 0.92	 39.98	0.040	     NaN	 99.94
 292.00	 289.77	 7.5285	34.2014	26.7195	 0.90	 39.24	0.041	     NaN	 99.94
 293.00	 290.76	 7.5512	34.2085	26.7219	 0.90	 38.97	0.040	     NaN	 99.94
 294.00	 291.75	 7.5603	34.2108	26.7224	 0.90	 39.01	0.040	     NaN	 99.95
 295.00	 292.74	 7.5609	34.2114	26.7227	 0.91	 39.40	0.040	     NaN	 99.95
 296.00	 293.73	 7.5608	34.2121	26.7234	 0.92	 40.00	0.040	     NaN	 99.95
 297.00	 294.72	 7.5298	34.2080	26.7246	 0.93	 40.48	0.040	     NaN	 99.95
 298.00	 295.72	 7.4913	34.2036	26.7266	 0.93	 40.37	0.040	     NaN	 99.95
 299.00	 296.71	 7.4722	34.2018	26.7280	 0.92	 40.12	0.040	     NaN	 99.95
 300.00	 297.70	 7.4679	34.2015	26.7283	 0.92	 39.91	0.040	     NaN	 99.95
 301.00	 298.69	 7.4681	34.2024	26.7290	 0.91	 39.63	0.041	     NaN	 99.95
 302.00	 299.68	 7.4706	34.2044	26.7303	 0.90	 39.02	0.040	     NaN	 99.95
 303.00	 300.67	 7.4728	34.2061	26.7313	 0.87	 38.02	0.041	     NaN	 99.95
 304.00	 301.67	 7.4663	34.2098	26.7351	 0.85	 37.03	0.041	     NaN	 99.95
 305.00	 302.66	 7.4657	34.2116	26.7367	 0.83	 35.98	0.040	     NaN	 99.95
 306.00	 303.65	 7.4547	34.2144	26.7404	 0.81	 35.39	0.040	     NaN	 99.95
 307.00	 304.64	 7.4610	34.2197	26.7437	 0.81	 35.35	0.040	     NaN	 99.95
 308.00	 305.63	 7.4712	34.2240	26.7457	 0.81	 35.34	0.040	     NaN	 99.95
 309.00	 306.62	 7.4615	34.2238	26.7469	 0.81	 35.18	0.041	     NaN	 99.95
 310.00	 307.62	 7.4606	34.2247	26.7477	 0.81	 35.08	0.040	     NaN	 99.95
 311.00	 308.61	 7.4636	34.2259	26.7483	 0.81	 35.11	0.040	     NaN	 99.95
 312.00	 309.60	 7.4653	34.2265	26.7486	 0.80	 34.85	0.040	     NaN	 99.95
 313.00	 310.59	 7.4628	34.2271	26.7494	 0.79	 34.24	0.041	     NaN	 99.95
 314.00	 311.58	 7.4440	34.2289	26.7535	 0.78	 33.85	0.040	     NaN	 99.96
 315.00	 312.57	 7.4296	34.2297	26.7561	 0.78	 33.95	0.040	     NaN	 99.95
 316.00	 313.56	 7.4268	34.2297	26.7565	 0.78	 33.88	0.041	     NaN	 99.96
 317.00	 314.56	 7.4251	34.2298	26.7569	 0.78	 33.88	0.040	     NaN	 99.96
 318.00	 315.55	 7.4232	34.2298	26.7572	 0.78	 33.85	0.041	     NaN	 99.96
 319.00	 316.54	 7.4217	34.2297	26.7573	 0.77	 33.54	0.040	     NaN	 99.96
 320.00	 317.53	 7.4197	34.2299	26.7578	 0.76	 33.23	0.040	     NaN	 99.96
 321.00	 318.52	 7.4108	34.2305	26.7595	 0.76	 32.93	0.040	     NaN	 99.96
 322.00	 319.51	 7.4006	34.2306	26.7610	 0.75	 32.67	0.040	     NaN	 99.97
 323.00	 320.50	 7.3752	34.2307	26.7648	 0.75	 32.48	0.040	     NaN	 99.97
 324.00	 321.50	 7.3585	34.2306	26.7670	 0.75	 32.47	0.040	     NaN	 99.97
 325.00	 322.49	 7.3494	34.2310	26.7686	 0.74	 32.39	0.041	     NaN	 99.97
 326.00	 323.48	 7.3480	34.2312	26.7690	 0.74	 32.35	0.040	     NaN	 99.97
 327.00	 324.47	 7.3500	34.2317	26.7691	 0.74	 32.22	0.040	     NaN	 99.97
 328.00	 325.46	 7.3529	34.2328	26.7696	 0.73	 31.74	0.041	     NaN	 99.97
 329.00	 326.45	 7.3582	34.2344	26.7702	 0.71	 31.08	0.041	     NaN	 99.97
 330.00	 327.45	 7.3673	34.2371	26.7710	 0.70	 30.60	0.040	     NaN	 99.97
 331.00	 328.44	 7.3771	34.2402	26.7720	 0.69	 30.19	0.040	     NaN	 99.98
 332.00	 329.43	 7.3871	34.2435	26.7733	 0.69	 30.22	0.040	     NaN	 99.97
 333.00	 330.42	 7.3911	34.2467	26.7752	 0.69	 30.05	0.041	     NaN	 99.98
 334.00	 331.41	 7.3763	34.2470	26.7776	 0.69	 30.02	0.041	     NaN	 99.98
 335.00	 332.40	 7.3674	34.2475	26.7792	 0.69	 29.85	0.040	     NaN	 99.98
 336.00	 333.39	 7.3629	34.2474	26.7798	 0.68	 29.77	0.040	     NaN	 99.98
 337.00	 334.39	 7.3606	34.2473	26.7800	 0.68	 29.65	0.040	     NaN	 99.98
 338.00	 335.38	 7.3554	34.2465	26.7802	 0.68	 29.51	0.040	     NaN	 99.98
 339.00	 336.37	 7.3526	34.2470	26.7810	 0.67	 29.32	0.040	     NaN	 99.98
 340.00	 337.36	 7.3556	34.2478	26.7812	 0.67	 28.94	0.040	     NaN	 99.98
 341.00	 338.35	 7.3671	34.2526	26.7833	 0.66	 28.76	0.040	     NaN	 99.98
 342.00	 339.34	 7.3633	34.2534	26.7846	 0.66	 28.80	0.040	     NaN	 99.98
 343.00	 340.33	 7.3435	34.2514	26.7858	 0.66	 28.71	0.040	     NaN	 99.98
 344.00	 341.33	 7.3370	34.2511	26.7865	 0.65	 28.38	0.040	     NaN	 99.98
 345.00	 342.32	 7.3248	34.2493	26.7868	 0.65	 28.37	0.041	     NaN	 99.98
 346.00	 343.31	 7.3039	34.2490	26.7895	 0.65	 28.32	0.041	     NaN	 99.98
 347.00	 344.30	 7.3038	34.2505	26.7907	 0.65	 28.07	0.040	     NaN	 99.98
 348.00	 345.29	 7.2999	34.2508	26.7915	 0.63	 27.55	0.040	     NaN	 99.98
 349.00	 346.28	 7.3132	34.2551	26.7930	 0.62	 26.90	0.040	     NaN	 99.98
 350.00	 347.27	 7.3178	34.2573	26.7941	 0.61	 26.51	0.040	     NaN	 99.98
 351.00	 348.27	 7.3109	34.2593	26.7967	 0.60	 26.30	0.040	     NaN	 99.98
 352.00	 349.26	 7.3005	34.2599	26.7986	 0.60	 26.17	0.040	     NaN	 99.98
 353.00	 350.25	 7.2882	34.2607	26.8010	 0.60	 26.07	0.040	     NaN	 99.98
 354.00	 351.24	 7.2760	34.2616	26.8034	 0.60	 25.96	0.040	     NaN	 99.98
 355.00	 352.23	 7.2686	34.2621	26.8049	 0.59	 25.83	0.040	     NaN	 99.98
 356.00	 353.22	 7.2644	34.2622	26.8056	 0.59	 25.75	0.041	     NaN	 99.98
 357.00	 354.21	 7.2583	34.2621	26.8063	 0.59	 25.77	0.040	     NaN	 99.98
 358.00	 355.20	 7.2486	34.2623	26.8079	 0.59	 25.76	0.040	     NaN	 99.99
 359.00	 356.20	 7.2297	34.2610	26.8095	 0.59	 25.79	0.040	     NaN	 99.99
 360.00	 357.19	 7.2179	34.2601	26.8105	 0.59	 25.88	0.040	     NaN	 99.99
 361.00	 358.18	 7.2136	34.2598	26.8108	 0.59	 25.86	0.040	     NaN	 99.99
 362.00	 359.17	 7.2064	34.2595	26.8116	 0.59	 25.76	0.040	     NaN	 99.99
 363.00	 360.16	 7.1967	34.2589	26.8125	 0.59	 25.70	0.040	     NaN	 99.99
 364.00	 361.15	 7.1896	34.2585	26.8132	 0.59	 25.63	0.040	     NaN	 99.99
 365.00	 362.14	 7.1832	34.2586	26.8142	 0.58	 25.33	0.041	     NaN	 99.99
 366.00	 363.14	 7.1692	34.2589	26.8164	 0.57	 24.91	0.040	     NaN	 99.99
 367.00	 364.13	 7.1455	34.2595	26.8201	 0.56	 24.51	0.040	     NaN	 99.99
 368.00	 365.12	 7.1438	34.2620	26.8224	 0.56	 24.37	0.041	     NaN	 99.99
 369.00	 366.11	 7.1385	34.2634	26.8242	 0.56	 24.37	0.041	     NaN	 99.99
 370.00	 367.10	 7.1125	34.2623	26.8269	 0.56	 24.31	0.040	     NaN	100.00
 371.00	 368.09	 7.1043	34.2629	26.8285	 0.56	 24.14	0.040	     NaN	 99.99
 372.00	 369.08	 7.0947	34.2633	26.8302	 0.55	 24.03	0.040	     NaN	100.00
 373.00	 370.07	 7.0807	34.2636	26.8324	 0.55	 23.97	0.040	     NaN	 99.99
 374.00	 371.07	 7.0742	34.2643	26.8338	 0.55	 23.97	0.041	     NaN	 99.99
 375.00	 372.06	 7.0705	34.2646	26.8346	 0.55	 23.93	0.040	     NaN	 99.99
 376.00	 373.05	 7.0662	34.2644	26.8350	 0.55	 23.95	0.041	     NaN	100.00
 377.00	 374.04	 7.0573	34.2639	26.8359	 0.55	 23.80	0.040	     NaN	100.00
 378.00	 375.03	 7.0493	34.2637	26.8368	 0.54	 23.50	0.041	     NaN	100.00
 379.00	 376.02	 7.0420	34.2652	26.8391	 0.54	 23.37	0.041	     NaN	100.00
 380.00	 377.01	 7.0418	34.2663	26.8400	 0.54	 23.30	0.041	     NaN	100.00
 381.00	 378.00	 7.0418	34.2673	26.8408	 0.54	 23.30	0.041	     NaN	100.00
 382.00	 379.00	 7.0399	34.2676	26.8413	 0.53	 23.13	0.041	     NaN	100.00
 383.00	 379.99	 7.0362	34.2677	26.8419	 0.52	 22.81	0.040	     NaN	100.00
 384.00	 380.98	 7.0206	34.2681	26.8444	 0.52	 22.60	0.040	     NaN	100.00
 385.00	 381.97	 7.0097	34.2692	26.8467	 0.52	 22.63	0.040	     NaN	100.00
 386.00	 382.96	 7.0053	34.2702	26.8481	 0.52	 22.52	0.041	     NaN	100.00
 387.00	 383.95	 7.0053	34.2707	26.8485	 0.51	 22.38	0.040	     NaN	100.00
 388.00	 384.94	 7.0054	34.2713	26.8490	 0.51	 22.35	0.040	     NaN	100.00
 389.00	 385.93	 7.0020	34.2721	26.8501	 0.51	 22.16	0.040	     NaN	100.00
 390.00	 386.92	 6.9994	34.2724	26.8507	 0.50	 21.61	0.040	     NaN	100.00
 391.00	 387.92	 6.9969	34.2728	26.8514	 0.48	 21.08	0.040	     NaN	100.00
 392.00	 388.91	 6.9879	34.2746	26.8540	 0.48	 20.93	0.040	     NaN	100.00
 393.00	 389.90	 6.9846	34.2779	26.8571	 0.48	 20.78	0.040	     NaN	100.00
 394.00	 390.89	 6.9789	34.2810	26.8603	 0.48	 20.67	0.040	     NaN	100.00
 395.00	 391.88	 6.9750	34.2816	26.8614	 0.47	 20.56	0.041	     NaN	100.00
 396.00	 392.87	 6.9657	34.2830	26.8638	 0.47	 20.55	0.040	     NaN	100.00
 397.00	 393.86	 6.9606	34.2833	26.8647	 0.47	 20.32	0.040	     NaN	100.00
 398.00	 394.85	 6.9547	34.2841	26.8661	 0.47	 20.27	0.040	     NaN	100.00
 399.00	 395.85	 6.9545	34.2841	26.8662	 0.47	 20.27	0.040	     NaN	100.00
 400.00	 396.84	 6.9520	34.2844	26.8667	 0.46	 20.08	0.040	     NaN	100.00
 401.00	 397.83	 6.9480	34.2851	26.8679	 0.46	 20.16	0.040	     NaN	100.00
 402.00	 398.82	 6.9452	34.2849	26.8681	 0.46	 20.18	0.040	     NaN	100.00
 403.00	 399.81	 6.9412	34.2850	26.8687	 0.46	 20.06	0.040	     NaN	100.00
 404.00	 400.80	 6.9399	34.2852	26.8691	 0.46	 20.07	0.041	     NaN	100.00
 405.00	 401.79	 6.9391	34.2851	26.8692	 0.46	 20.07	0.040	     NaN	100.00
 406.00	 402.78	 6.9377	34.2854	26.8696	 0.46	 20.01	0.039	     NaN	100.00
 407.00	 403.77	 6.9339	34.2854	26.8701	 0.46	 19.85	0.040	     NaN	100.00
 408.00	 404.77	 6.9272	34.2857	26.8713	 0.45	 19.56	0.040	     NaN	100.00
 409.00	 405.76	 6.9244	34.2871	26.8728	 0.44	 19.19	0.040	     NaN	100.00
 410.00	 406.75	 6.9249	34.2900	26.8750	 0.43	 18.76	0.040	     NaN	100.00
 411.00	 407.74	 6.9250	34.2921	26.8767	 0.42	 18.45	0.040	     NaN	100.00
 412.00	 408.73	 6.9278	34.2947	26.8784	 0.42	 18.16	0.040	     NaN	100.00
 413.00	 409.72	 6.9295	34.2985	26.8811	 0.42	 18.10	0.041	     NaN	100.00
 414.00	 410.71	 6.9230	34.2993	26.8826	 0.42	 18.11	0.041	     NaN	100.00
 415.00	 411.70	 6.9231	34.2996	26.8829	 0.41	 18.04	0.040	     NaN	100.00
 416.00	 412.69	 6.9235	34.3002	26.8833	 0.41	 17.93	0.040	     NaN	100.00
 417.00	 413.69	 6.9232	34.3005	26.8836	 0.41	 17.91	0.041	     NaN	100.00
 418.00	 414.68	 6.9208	34.3006	26.8840	 0.41	 17.97	0.040	     NaN	100.00
 419.00	 415.67	 6.9184	34.3009	26.8846	 0.41	 17.91	0.040	     NaN	100.00
 420.00	 416.66	 6.9132	34.3007	26.8852	 0.41	 17.97	0.040	     NaN	100.00
 421.00	 417.65	 6.9032	34.3005	26.8864	 0.41	 17.94	0.040	     NaN	100.00
 422.00	 418.64	 6.8959	34.2999	26.8869	 0.41	 17.86	0.040	     NaN	100.00
 423.00	 419.63	 6.8913	34.2995	26.8872	 0.41	 17.80	0.040	     NaN	100.00
 424.00	 420.62	 6.8813	34.2994	26.8885	 0.40	 17.58	0.040	     NaN	100.00
 425.00	 421.61	 6.8757	34.2996	26.8894	 0.40	 17.19	0.040	     NaN	100.00
 426.00	 422.60	 6.8756	34.3000	26.8898	 0.39	 17.06	0.041	     NaN	100.00
 427.00	 423.60	 6.8763	34.3025	26.8917	 0.39	 16.89	0.041	     NaN	100.00
