wcoa21_data_management/01_CRUISE_METADATA/00_OCADS_data/CTD_downcasts/WCOA_2021_CTD_downcasts/dRB2102_CTD_128_01_F.txt
* Sea-Bird SBE 9 Data:
* Software Version Seasave V 7.26.7.107
* Vessel: NOAA Ship Ronald H. Brown
* Cruise: RB2102, West Coast Ocean Acidification (WCOA) 2021
* Dates: 20210622 to 20210723
* Region: NE Pacific, USA West Coast
* Ports: San Diego, CA to Port Angeles, WA to San Diego, CA
* Chief Scientists: R. Feely, NOAA PMEL; D. Greeley, NOAA PMEL; B. Carter, NOAA PMEL / UW CICOES
*END*
[from data line 427]
 431.00	 427.51	 7.1402	34.2789	26.8370	 0.53	 22.90	0.041	  161.91	 99.95
 432.00	 428.50	 7.1398	34.2791	26.8372	 0.52	 22.54	0.042	  161.89	 99.95
 433.00	 429.49	 7.1389	34.2796	26.8378	 0.51	 22.19	0.042	  161.87	 99.95
 434.00	 430.48	 7.1262	34.2825	26.8418	 0.51	 21.98	0.040	  161.87	 99.95
 435.00	 431.47	 7.1154	34.2834	26.8441	 0.50	 21.71	0.040	  161.89	 99.95
 436.00	 432.46	 7.1127	34.2847	26.8454	 0.50	 21.61	0.040	  161.88	 99.95
 437.00	 433.45	 7.1071	34.2860	26.8473	 0.49	 21.26	0.040	  161.83	 99.95
 438.00	 434.44	 7.0991	34.2870	26.8492	 0.49	 21.12	0.040	  161.89	 99.95
 439.00	 435.44	 7.0942	34.2879	26.8505	 0.49	 21.17	0.041	  161.86	 99.95
 440.00	 436.43	 7.0922	34.2878	26.8508	 0.49	 21.16	0.042	  161.82	 99.95
 441.00	 437.42	 7.0877	34.2879	26.8515	 0.49	 21.22	0.041	  161.83	 99.95
 442.00	 438.41	 7.0853	34.2884	26.8522	 0.49	 21.14	0.041	  161.79	 99.95
 443.00	 439.40	 7.0825	34.2886	26.8528	 0.49	 21.10	0.041	  161.84	 99.95
 444.00	 440.39	 7.0816	34.2887	26.8530	 0.48	 20.95	0.040	  161.80	 99.95
 445.00	 441.38	 7.0809	34.2886	26.8530	 0.48	 20.89	0.040	  161.82	 99.95
 446.00	 442.37	 7.0799	34.2886	26.8531	 0.48	 20.93	0.040	  161.74	 99.95
 447.00	 443.36	 7.0736	34.2887	26.8541	 0.48	 20.94	0.041	  161.82	 99.95
 448.00	 444.35	 7.0709	34.2890	26.8547	 0.48	 20.90	0.041	  161.81	 99.95
 449.00	 445.34	 7.0502	34.2875	26.8564	 0.48	 20.79	0.040	  161.82	 99.95
 450.00	 446.33	 7.0399	34.2879	26.8581	 0.48	 20.80	0.040	  161.77	 99.95
 451.00	 447.33	 7.0280	34.2872	26.8593	 0.48	 20.75	0.042	  161.87	 99.95
 452.00	 448.32	 7.0152	34.2875	26.8613	 0.47	 20.59	0.040	  161.81	 99.95
 453.00	 449.31	 7.0008	34.2865	26.8625	 0.47	 20.57	0.040	  161.83	 99.95
 454.00	 450.30	 6.9848	34.2864	26.8646	 0.47	 20.62	0.040	  161.77	 99.95
 455.00	 451.29	 6.9764	34.2868	26.8661	 0.47	 20.41	0.042	  161.78	 99.95
 456.00	 452.28	 6.9642	34.2873	26.8681	 0.47	 20.26	0.040	  161.76	 99.95
 457.00	 453.27	 6.9578	34.2871	26.8688	 0.47	 20.23	0.040	  161.71	 99.95
 458.00	 454.26	 6.9488	34.2874	26.8703	 0.46	 19.99	0.042	  161.74	 99.95
 459.00	 455.25	 6.9418	34.2881	26.8719	 0.45	 19.79	0.040	  161.79	 99.95
 460.00	 456.24	 6.9384	34.2887	26.8728	 0.45	 19.73	0.040	  161.74	 99.95
 461.00	 457.23	 6.9337	34.2899	26.8744	 0.45	 19.71	0.040	  161.70	 99.95
 462.00	 458.22	 6.9290	34.2907	26.8757	 0.45	 19.36	0.040	  161.74	 99.95
 463.00	 459.21	 6.9226	34.2905	26.8764	 0.43	 18.92	0.041	  161.74	 99.95
 464.00	 460.21	 6.9095	34.2931	26.8802	 0.43	 18.59	0.042	  161.66	 99.95
 465.00	 461.20	 6.9048	34.2957	26.8830	 0.42	 18.40	0.042	  161.79	 99.95
 466.00	 462.19	 6.9005	34.2970	26.8846	 0.42	 18.33	0.041	  161.75	 99.95
 467.00	 463.18	 6.8960	34.2984	26.8863	 0.42	 18.26	0.040	  161.72	 99.96
 468.00	 464.17	 6.8908	34.2983	26.8869	 0.42	 18.26	0.040	  161.70	 99.96
 469.00	 465.16	 6.8866	34.2990	26.8881	 0.42	 18.10	0.041	  161.71	 99.96
 470.00	 466.15	 6.8819	34.2988	26.8886	 0.41	 17.80	0.041	  161.74	 99.96
 471.00	 467.14	 6.8721	34.3007	26.8914	 0.41	 17.75	0.040	  161.73	 99.96
 472.00	 468.13	 6.8699	34.3019	26.8927	 0.40	 17.54	0.042	  161.70	 99.96
 473.00	 469.12	 6.8616	34.3022	26.8941	 0.40	 17.22	0.041	  161.75	 99.96
 474.00	 470.11	 6.8582	34.3040	26.8959	 0.39	 16.82	0.040	  161.67	 99.97
 475.00	 471.10	 6.8503	34.3058	26.8985	 0.38	 16.43	0.040	  161.69	 99.96
 476.00	 472.09	 6.8513	34.3113	26.9026	 0.37	 16.14	0.040	  161.72	 99.97
 477.00	 473.08	 6.8591	34.3137	26.9035	 0.37	 15.88	0.041	  161.72	 99.96
 478.00	 474.07	 6.8600	34.3149	26.9043	 0.37	 16.04	0.042	  161.73	 99.96
 479.00	 475.07	 6.8525	34.3146	26.9051	 0.37	 16.15	0.042	  161.68	 99.97
 480.00	 476.06	 6.8467	34.3142	26.9056	 0.37	 16.22	0.042	  161.67	 99.97
 481.00	 477.05	 6.8361	34.3138	26.9067	 0.37	 16.01	0.042	  161.68	 99.96
 482.00	 478.04	 6.8299	34.3144	26.9080	 0.37	 15.90	0.040	  161.60	 99.98
 483.00	 479.03	 6.8269	34.3147	26.9087	 0.36	 15.79	0.040	  161.67	 99.97
 484.00	 480.02	 6.8273	34.3164	26.9100	 0.36	 15.54	0.040	  161.64	 99.98
 485.00	 481.01	 6.8297	34.3172	26.9103	 0.35	 15.27	0.041	  161.64	 99.98
 486.00	 482.00	 6.8289	34.3190	26.9118	 0.35	 15.27	0.042	  161.64	 99.97
 487.00	 482.99	 6.8256	34.3192	26.9125	 0.35	 15.29	0.040	  161.67	 99.97
 488.00	 483.98	 6.8216	34.3198	26.9136	 0.35	 15.16	0.041	  161.63	 99.98
 489.00	 484.97	 6.8204	34.3205	26.9143	 0.35	 15.33	0.042	  161.63	 99.98
 490.00	 485.96	 6.8090	34.3195	26.9150	 0.36	 15.50	0.041	  161.62	 99.97
 491.00	 486.95	 6.7988	34.3179	26.9151	 0.37	 15.93	0.041	  161.64	 99.98
 492.00	 487.94	 6.7614	34.3134	26.9166	 0.38	 16.33	0.042	  161.61	 99.98
 493.00	 488.93	 6.7356	34.3101	26.9175	 0.39	 16.78	0.042	  161.60	 99.98
 494.00	 489.92	 6.7078	34.3069	26.9187	 0.39	 16.93	0.042	  161.62	 99.98
 495.00	 490.92	 6.6847	34.3038	26.9193	 0.38	 16.74	0.040	  161.63	 99.98
 496.00	 491.91	 6.6650	34.3036	26.9218	 0.38	 16.47	0.040	  161.60	 99.98
 497.00	 492.90	 6.6631	34.3062	26.9241	 0.37	 16.20	0.041	  161.62	 99.98
 498.00	 493.89	 6.6628	34.3078	26.9254	 0.36	 15.85	0.042	  161.63	 99.98
 499.00	 494.88	 6.6613	34.3099	26.9273	 0.36	 15.78	0.041	  161.59	 99.98
 500.00	 495.87	 6.6593	34.3110	26.9285	 0.36	 15.68	0.041	  161.58	 99.98
 501.00	 496.86	 6.6558	34.3124	26.9300	 0.36	 15.55	0.042	  161.57	 99.98
 502.00	 497.85	 6.6542	34.3126	26.9305	 0.36	 15.53	0.041	  161.61	 99.98
 503.00	 498.84	 6.6502	34.3130	26.9313	 0.36	 15.54	0.040	  161.58	 99.98
 504.00	 499.83	 6.6478	34.3137	26.9321	 0.36	 15.47	0.040	  161.59	 99.98
 505.00	 500.82	 6.6441	34.3144	26.9332	 0.35	 15.15	0.040	  161.60	 99.98
 506.00	 501.81	 6.6427	34.3147	26.9337	 0.35	 15.11	0.042	  161.59	 99.98
 507.00	 502.80	 6.6380	34.3153	26.9348	 0.35	 15.09	0.041	  161.52	 99.98
 508.00	 503.79	 6.6327	34.3170	26.9369	 0.34	 14.93	0.040	  161.54	 99.98
 509.00	 504.78	 6.6320	34.3178	26.9375	 0.34	 14.88	0.040	  161.56	 99.98
 510.00	 505.77	 6.6313	34.3181	26.9379	 0.34	 14.89	0.040	  161.52	 99.98
 511.00	 506.76	 6.6277	34.3179	26.9382	 0.34	 14.95	0.040	  161.55	 99.98
 512.00	 507.75	 6.6197	34.3170	26.9386	 0.34	 14.94	0.040	  161.51	 99.98
 513.00	 508.74	 6.6119	34.3174	26.9399	 0.34	 14.92	0.040	  161.50	 99.98
 514.00	 509.74	 6.6100	34.3180	26.9407	 0.34	 14.89	0.040	  161.49	 99.98
 515.00	 510.73	 6.6067	34.3183	26.9414	 0.34	 14.67	0.040	  161.46	 99.98
 516.00	 511.72	 6.5992	34.3184	26.9425	 0.34	 14.63	0.040	  161.48	 99.98
 517.00	 512.71	 6.5966	34.3200	26.9441	 0.34	 14.65	0.040	  161.49	 99.98
 518.00	 513.70	 6.5948	34.3201	26.9445	 0.34	 14.60	0.040	  161.43	 99.98
 519.00	 514.69	 6.5922	34.3199	26.9447	 0.34	 14.66	0.040	  161.40	 99.98
 520.00	 515.68	 6.5879	34.3196	26.9450	 0.34	 14.70	0.042	  161.47	 99.98
 521.00	 516.67	 6.5820	34.3191	26.9454	 0.34	 14.75	0.041	  161.48	 99.98
 522.00	 517.66	 6.5768	34.3188	26.9458	 0.34	 14.61	0.040	  161.43	 99.98
 523.00	 518.65	 6.5686	34.3187	26.9469	 0.33	 14.43	0.041	  161.43	 99.98
 524.00	 519.64	 6.5674	34.3218	26.9495	 0.33	 14.30	0.041	  161.44	 99.98
 525.00	 520.63	 6.5651	34.3220	26.9499	 0.33	 14.33	0.040	  161.44	 99.98
 526.00	 521.62	 6.5599	34.3212	26.9500	 0.33	 14.43	0.040	  161.43	 99.98
 527.00	 522.61	 6.5547	34.3216	26.9510	 0.33	 14.34	0.040	  161.46	 99.98
 528.00	 523.60	 6.5540	34.3217	26.9512	 0.33	 14.17	0.042	  161.44	 99.98
 529.00	 524.59	 6.5533	34.3224	26.9519	 0.32	 14.10	0.042	  161.42	 99.98
 530.00	 525.58	 6.5535	34.3230	26.9523	 0.33	 14.23	0.042	  161.39	 99.98
 531.00	 526.57	 6.5531	34.3233	26.9526	 0.32	 14.09	0.040	  161.44	 99.98
 532.00	 527.56	 6.5560	34.3242	26.9530	 0.32	 13.83	0.040	  161.44	 99.98
 533.00	 528.55	 6.5603	34.3258	26.9537	 0.31	 13.66	0.041	  161.44	 99.98
 534.00	 529.54	 6.5635	34.3267	26.9540	 0.31	 13.68	0.041	  161.45	 99.98
 535.00	 530.53	 6.5636	34.3274	26.9545	 0.31	 13.67	0.041	  161.44	 99.98
 536.00	 531.52	 6.5638	34.3282	26.9551	 0.31	 13.45	0.042	  161.39	 99.98
 537.00	 532.51	 6.5631	34.3290	26.9559	 0.31	 13.40	0.041	  161.39	 99.98
 538.00	 533.50	 6.5600	34.3294	26.9566	 0.31	 13.37	0.041	  161.41	 99.98
 539.00	 534.50	 6.5519	34.3294	26.9577	 0.31	 13.44	0.041	  161.41	 99.98
 540.00	 535.49	 6.5478	34.3300	26.9587	 0.31	 13.45	0.040	  161.42	 99.98
 541.00	 536.48	 6.5453	34.3302	26.9592	 0.31	 13.30	0.041	  161.36	 99.98
 542.00	 537.47	 6.5369	34.3308	26.9608	 0.30	 13.15	0.041	  161.35	 99.98
 543.00	 538.46	 6.5257	34.3321	26.9633	 0.30	 13.15	0.040	  161.32	 99.98
 544.00	 539.45	 6.5194	34.3323	26.9643	 0.30	 13.15	0.042	  161.37	 99.98
 545.00	 540.44	 6.5123	34.3323	26.9653	 0.30	 13.09	0.042	  161.35	 99.98
 546.00	 541.43	 6.5083	34.3324	26.9659	 0.30	 13.06	0.042	  161.34	 99.98
 547.00	 542.42	 6.5065	34.3328	26.9664	 0.30	 13.16	0.042	  161.38	 99.98
 548.00	 543.41	 6.5050	34.3331	26.9669	 0.30	 13.09	0.041	  161.30	 99.98
 549.00	 544.40	 6.5015	34.3334	26.9676	 0.30	 12.90	0.040	  161.31	 99.98
 550.00	 545.39	 6.5012	34.3334	26.9677	 0.30	 12.86	0.040	  161.35	 99.98
 551.00	 546.38	 6.4995	34.3336	26.9680	 0.30	 12.96	0.040	  161.33	 99.98
 552.00	 547.37	 6.4973	34.3335	26.9683	 0.30	 12.89	0.040	  161.28	 99.98
 553.00	 548.36	 6.4857	34.3340	26.9702	 0.29	 12.67	0.041	  161.33	 99.98
 554.00	 549.35	 6.4784	34.3349	26.9719	 0.29	 12.65	0.040	  161.33	 99.98
 555.00	 550.34	 6.4716	34.3360	26.9737	 0.29	 12.73	0.041	  161.26	 99.98
 556.00	 551.33	 6.4664	34.3365	26.9748	 0.29	 12.62	0.040	  161.34	 99.98
 557.00	 552.32	 6.4627	34.3370	26.9756	 0.29	 12.54	0.041	  161.29	 99.98
 558.00	 553.31	 6.4618	34.3370	26.9757	 0.29	 12.59	0.041	  161.32	 99.98
 559.00	 554.30	 6.4615	34.3370	26.9758	 0.29	 12.66	0.040	  161.24	 99.98
 560.00	 555.29	 6.4618	34.3371	26.9759	 0.29	 12.67	0.040	  161.30	 99.98
 561.00	 556.28	 6.4615	34.3371	26.9759	 0.29	 12.52	0.040	  161.25	 99.98
 562.00	 557.27	 6.4604	34.3372	26.9762	 0.29	 12.57	0.040	  161.25	 99.98
 563.00	 558.26	 6.4593	34.3372	26.9763	 0.29	 12.52	0.041	  161.23	 99.98
 564.00	 559.25	 6.4502	34.3372	26.9775	 0.29	 12.44	0.042	  161.23	 99.98
 565.00	 560.24	 6.4412	34.3380	26.9793	 0.29	 12.46	0.041	  161.25	 99.98
 566.00	 561.23	 6.4403	34.3381	26.9796	 0.29	 12.40	0.040	  161.21	 99.98
 567.00	 562.22	 6.4378	34.3380	26.9798	 0.29	 12.43	0.040	  161.19	 99.98
 568.00	 563.21	 6.4256	34.3376	26.9811	 0.29	 12.45	0.040	  161.23	 99.98
 569.00	 564.20	 6.4077	34.3383	26.9840	 0.29	 12.41	0.042	  161.19	 99.98
 570.00	 565.19	 6.3990	34.3390	26.9857	 0.28	 12.29	0.042	  161.20	 99.98
 571.00	 566.18	 6.3964	34.3389	26.9859	 0.28	 12.23	0.041	  161.18	 99.98
 572.00	 567.17	 6.3951	34.3389	26.9861	 0.28	 12.30	0.040	  161.22	 99.98
 573.00	 568.16	 6.3949	34.3390	26.9862	 0.28	 12.27	0.041	  161.19	 99.98
 574.00	 569.15	 6.3941	34.3389	26.9863	 0.28	 12.28	0.041	  161.16	 99.98
 575.00	 570.15	 6.3935	34.3389	26.9864	 0.28	 12.24	0.040	  161.19	 99.98
 576.00	 571.14	 6.3921	34.3389	26.9866	 0.28	 12.23	0.040	  161.18	 99.98
 577.00	 572.13	 6.3891	34.3390	26.9870	 0.28	 12.14	0.041	  161.19	 99.98
 578.00	 573.12	 6.3851	34.3392	26.9877	 0.27	 11.94	0.041	  161.18	 99.98
 579.00	 574.11	 6.3759	34.3399	26.9895	 0.28	 12.03	0.040	  161.16	 99.98
 580.00	 575.10	 6.3691	34.3406	26.9909	 0.28	 12.07	0.040	  161.12	 99.98
 581.00	 576.09	 6.3550	34.3417	26.9936	 0.27	 11.93	0.040	  161.11	 99.98
 582.00	 577.08	 6.3494	34.3423	26.9948	 0.27	 11.86	0.040	  161.16	 99.98
 583.00	 578.07	 6.3452	34.3422	26.9953	 0.27	 11.80	0.040	  161.11	 99.98
 584.00	 579.06	 6.3357	34.3430	26.9972	 0.27	 11.80	0.041	  161.14	 99.98
 585.00	 580.05	 6.3333	34.3432	26.9977	 0.27	 11.76	0.041	  161.09	 99.98
 586.00	 581.04	 6.3278	34.3433	26.9985	 0.27	 11.65	0.041	  161.09	 99.99
 587.00	 582.03	 6.3216	34.3436	26.9995	 0.27	 11.73	0.040	  161.11	 99.98
 588.00	 583.02	 6.3199	34.3438	26.9999	 0.27	 11.78	0.040	  161.15	 99.99
 589.00	 584.01	 6.3164	34.3439	27.0004	 0.27	 11.74	0.042	  161.12	 99.99
 590.00	 585.00	 6.3098	34.3439	27.0013	 0.27	 11.72	0.042	  161.13	 99.99
 591.00	 585.99	 6.2974	34.3443	27.0032	 0.27	 11.69	0.042	  161.13	 99.98
 592.00	 586.98	 6.2733	34.3446	27.0066	 0.27	 11.63	0.041	  161.13	 99.99
 593.00	 587.97	 6.2639	34.3453	27.0083	 0.27	 11.63	0.041	  161.09	 99.99
 594.00	 588.96	 6.2435	34.3449	27.0107	 0.27	 11.56	0.041	  161.11	 99.99
 595.00	 589.95	 6.2244	34.3457	27.0138	 0.26	 11.51	0.040	  161.11	 99.99
 596.00	 590.94	 6.2138	34.3458	27.0152	 0.27	 11.54	0.041	  161.18	 99.99
 597.00	 591.93	 6.2032	34.3456	27.0164	 0.26	 11.50	0.040	  161.09	 99.98
 598.00	 592.92	 6.1849	34.3461	27.0192	 0.26	 11.34	0.040	  161.13	 99.98
 599.00	 593.91	 6.1747	34.3466	27.0209	 0.26	 11.17	0.040	  161.14	 99.99
 600.00	 594.90	 6.1717	34.3469	27.0215	 0.26	 11.42	0.041	  161.05	 99.99
 601.00	 595.89	 6.1708	34.3470	27.0217	 0.26	 11.43	0.041	  161.09	 99.99
 602.00	 596.88	 6.1626	34.3468	27.0226	 0.26	 11.40	0.041	  161.12	 99.98
 603.00	 597.87	 6.1516	34.3474	27.0245	 0.26	 11.34	0.041	  161.05	 99.99
 604.00	 598.86	 6.1437	34.3476	27.0257	 0.26	 11.18	0.041	  161.05	 99.99
 605.00	 599.85	 6.1308	34.3479	27.0276	 0.26	 11.14	0.042	  161.05	 99.99
 606.00	 600.84	 6.1256	34.3485	27.0287	 0.26	 11.21	0.040	  161.07	 99.99
 607.00	 601.83	 6.1237	34.3483	27.0288	 0.26	 11.18	0.040	  161.06	 99.99
 608.00	 602.82	 6.1199	34.3485	27.0295	 0.26	 11.23	0.041	  161.09	 99.99
 609.00	 603.81	 6.1185	34.3487	27.0298	 0.26	 11.15	0.041	  160.99	 99.99
 610.00	 604.80	 6.1168	34.3490	27.0302	 0.25	 11.04	0.041	  160.98	 99.99
 611.00	 605.79	 6.1078	34.3490	27.0314	 0.25	 11.04	0.042	  161.07	 99.99
 612.00	 606.78	 6.0897	34.3499	27.0344	 0.25	 11.02	0.042	  160.97	 99.99
 613.00	 607.77	 6.0819	34.3502	27.0357	 0.25	 11.09	0.041	  161.00	 99.99
 614.00	 608.76	 6.0788	34.3505	27.0363	 0.26	 11.09	0.042	  160.98	 99.99
 615.00	 609.75	 6.0746	34.3508	27.0371	 0.25	 11.07	0.040	  160.94	100.00
 616.00	 610.74	 6.0733	34.3510	27.0374	 0.25	 11.07	0.040	  160.96	 99.99
 617.00	 611.73	 6.0710	34.3513	27.0380	 0.25	 11.06	0.041	  160.92	 99.99
 618.00	 612.72	 6.0677	34.3518	27.0388	 0.25	 11.04	0.042	  160.94	 99.99
 619.00	 613.71	 6.0634	34.3526	27.0400	 0.25	 10.98	0.042	  160.93	 99.99
 620.00	 614.70	 6.0612	34.3528	27.0404	 0.26	 11.10	0.040	  160.97	 99.99
 621.00	 615.69	 6.0597	34.3530	27.0408	 0.25	 11.07	0.040	  160.98	 99.99
 622.00	 616.68	 6.0582	34.3529	27.0409	 0.25	 10.92	0.040	  160.94	 99.99
 623.00	 617.67	 6.0545	34.3531	27.0416	 0.25	 11.09	0.041	  160.95	 99.99
 624.00	 618.66	 6.0420	34.3528	27.0429	 0.26	 11.17	0.042	  160.95	 99.99
 625.00	 619.65	 6.0235	34.3536	27.0459	 0.25	 11.06	0.042	  160.93	 99.99
 626.00	 620.64	 6.0186	34.3539	27.0467	 0.25	 10.93	0.041	  160.93	 99.99
 627.00	 621.63	 6.0155	34.3539	27.0471	 0.25	 11.01	0.041	  160.94	 99.99
 628.00	 622.62	 6.0113	34.3541	27.0478	 0.25	 10.97	0.040	  160.93	 99.99
 629.00	 623.61	 6.0068	34.3541	27.0484	 0.25	 10.89	0.040	  160.89	 99.99
 630.00	 624.60	 6.0039	34.3540	27.0487	 0.25	 10.90	0.040	  160.93	 99.99
 631.00	 625.59	 6.0002	34.3538	27.0490	 0.25	 10.85	0.040	  160.87	 99.99
 632.00	 626.58	 5.9947	34.3540	27.0499	 0.25	 10.84	0.040	  160.94	 99.99
 633.00	 627.57	 5.9922	34.3540	27.0502	 0.25	 10.85	0.040	  160.91	 99.99
 634.00	 628.56	 5.9859	34.3542	27.0512	 0.25	 10.79	0.040	  160.89	 99.99
 635.00	 629.55	 5.9845	34.3543	27.0514	 0.25	 10.80	0.041	  160.92	 99.99
 636.00	 630.54	 5.9787	34.3547	27.0525	 0.25	 10.80	0.040	  160.88	 99.99
 637.00	 631.53	 5.9740	34.3552	27.0535	 0.25	 10.73	0.040	  160.94	 99.99
 638.00	 632.52	 5.9698	34.3554	27.0542	 0.25	 10.85	0.042	  160.84	 81.24
 639.00	 633.51	 5.9690	34.3555	27.0543	 0.25	 10.75	0.040	  160.87	 94.65
 640.00	 634.50	 5.9683	34.3555	27.0544	 0.25	 10.76	0.041	  160.91	 99.93
 641.00	 635.49	 5.9671	34.3554	27.0546	 0.25	 10.92	0.040	  160.88	100.00
 642.00	 636.48	 5.9618	34.3563	27.0560	 0.25	 10.96	0.040	  160.84	 99.99
 643.00	 637.47	 5.9610	34.3562	27.0560	 0.25	 10.97	0.040	  160.85	 99.99
