wcoa21_data_management/01_CRUISE_METADATA/00_OCADS_data/CTD_downcasts/WCOA_2021_CTD_downcasts/dRB2102_CTD_108_01_F.txt
* Sea-Bird SBE 9 Data:
* Software Version Seasave V 7.26.7.107
* Vessel: NOAA Ship Ronald H. Brown
* Cruise: RB2102, West Coast Ocean Acidification (WCOA) 2021
* Dates: 20210622 to 20210723
* Region: NE Pacific, USA West Coast
* Ports: San Diego, CA to Port Angeles, WA to San Diego, CA
* Chief Scientists: R. Feely, NOAA PMEL; D. Greeley, NOAA PMEL; B. Carter, NOAA PMEL / UW CICOES
*END*
[from data line 427]
 431.00	 427.46	 6.3198	34.1946	26.8802	 0.57	 24.82	0.040	  160.68	 99.98
 432.00	 428.45	 6.3029	34.1943	26.8821	 0.56	 24.51	0.040	  160.66	 99.98
 433.00	 429.44	 6.3014	34.1943	26.8824	 0.56	 24.52	0.040	  160.68	 99.98
 434.00	 430.43	 6.3043	34.1964	26.8837	 0.56	 24.34	0.041	  160.66	 99.98
 435.00	 431.42	 6.2981	34.1962	26.8843	 0.56	 24.19	0.041	  160.63	 99.98
 436.00	 432.41	 6.2881	34.1949	26.8846	 0.56	 24.42	0.040	  160.70	 99.98
 437.00	 433.40	 6.2766	34.1955	26.8866	 0.56	 24.50	0.041	  160.65	 99.98
 438.00	 434.39	 6.2653	34.1938	26.8867	 0.56	 24.55	0.042	  160.62	 99.98
 439.00	 435.38	 6.2532	34.1930	26.8877	 0.57	 24.73	0.040	  160.67	 99.98
 440.00	 436.37	 6.2489	34.1927	26.8879	 0.57	 24.81	0.040	  160.65	 99.98
 441.00	 437.36	 6.2441	34.1921	26.8881	 0.57	 24.69	0.040	  160.66	 99.98
 442.00	 438.35	 6.2359	34.1915	26.8887	 0.57	 24.92	0.040	  160.70	 99.98
 443.00	 439.34	 6.2304	34.1913	26.8893	 0.58	 25.01	0.040	  160.68	 99.98
 444.00	 440.34	 6.2279	34.1912	26.8895	 0.58	 25.12	0.041	  160.62	 99.98
 445.00	 441.33	 6.1977	34.1872	26.8902	 0.58	 25.44	0.042	  160.73	 99.98
 446.00	 442.32	 6.1720	34.1873	26.8936	 0.59	 25.66	0.040	  160.67	 99.98
 447.00	 443.31	 6.1693	34.1871	26.8938	 0.59	 25.59	0.040	  160.63	 99.98
 448.00	 444.30	 6.1609	34.1860	26.8940	 0.59	 25.54	0.040	  160.62	 99.98
 449.00	 445.29	 6.1502	34.1851	26.8946	 0.59	 25.74	0.040	  160.64	 99.98
 450.00	 446.28	 6.1322	34.1837	26.8958	 0.60	 26.10	0.041	  160.56	 99.98
 451.00	 447.27	 6.1103	34.1822	26.8974	 0.61	 26.33	0.041	  160.58	 99.98
 452.00	 448.26	 6.1131	34.1852	26.8995	 0.60	 25.98	0.041	  160.58	 99.98
 453.00	 449.25	 6.1395	34.1915	26.9011	 0.59	 25.78	0.041	  160.54	 99.98
 454.00	 450.24	 6.1339	34.1912	26.9016	 0.59	 25.85	0.040	  160.53	 99.98
 455.00	 451.23	 6.1317	34.1927	26.9031	 0.59	 25.72	0.040	  160.62	 99.98
 456.00	 452.22	 6.1266	34.1922	26.9033	 0.59	 25.50	0.040	  160.54	 99.98
 457.00	 453.21	 6.1224	34.1922	26.9039	 0.59	 25.66	0.040	  160.44	 99.98
 458.00	 454.20	 6.1116	34.1904	26.9039	 0.59	 25.74	0.040	  160.55	 99.98
 459.00	 455.19	 6.0952	34.1912	26.9066	 0.58	 25.37	0.040	  160.54	 99.98
 460.00	 456.19	 6.0904	34.1939	26.9093	 0.58	 25.05	0.041	  160.52	 99.98
 461.00	 457.18	 6.0760	34.1933	26.9107	 0.57	 24.92	0.041	  160.51	 99.98
 462.00	 458.17	 6.0559	34.1927	26.9127	 0.57	 24.58	0.040	  160.55	 99.98
 463.00	 459.16	 6.0363	34.1932	26.9156	 0.56	 24.51	0.041	  160.50	 99.98
 464.00	 460.15	 6.0265	34.1934	26.9170	 0.55	 24.10	0.041	  160.47	 99.98
 465.00	 461.14	 6.0163	34.1963	26.9206	 0.55	 23.89	0.040	  160.57	 99.98
 466.00	 462.13	 6.0132	34.1972	26.9217	 0.55	 23.96	0.040	  160.52	 99.98
 467.00	 463.12	 6.0139	34.1972	26.9217	 0.55	 24.02	0.040	  160.53	 99.98
 468.00	 464.11	 6.0134	34.1975	26.9219	 0.55	 23.87	0.041	  160.52	 99.98
 469.00	 465.10	 6.0132	34.1974	26.9219	 0.54	 23.58	0.041	  160.54	 99.98
 470.00	 466.09	 6.0120	34.1975	26.9221	 0.54	 23.32	0.040	  160.47	 99.98
 471.00	 467.08	 6.0059	34.1970	26.9225	 0.53	 22.97	0.041	  160.50	 99.98
 472.00	 468.07	 5.9890	34.1970	26.9246	 0.53	 22.84	0.041	  160.50	 99.98
 473.00	 469.06	 5.9855	34.1972	26.9252	 0.52	 22.74	0.040	  160.46	 99.98
 474.00	 470.05	 5.9825	34.1972	26.9256	 0.52	 22.55	0.040	  160.46	 99.98
 475.00	 471.04	 5.9802	34.1976	26.9262	 0.52	 22.50	0.041	  160.50	 99.98
 476.00	 472.03	 5.9791	34.1977	26.9265	 0.52	 22.65	0.041	  160.51	 99.98
 477.00	 473.03	 5.9767	34.1979	26.9270	 0.52	 22.47	0.040	  160.48	 99.98
 478.00	 474.02	 5.9727	34.1988	26.9282	 0.51	 22.08	0.040	  160.47	 99.98
 479.00	 475.01	 5.9691	34.1999	26.9295	 0.51	 22.00	0.040	  160.50	 99.98
 480.00	 476.00	 5.9594	34.1994	26.9303	 0.50	 21.79	0.041	  160.44	 99.98
 481.00	 476.99	 5.9508	34.2002	26.9320	 0.50	 21.82	0.041	  160.44	 99.98
 482.00	 477.98	 5.9475	34.2009	26.9330	 0.50	 21.83	0.040	  160.44	 99.98
 483.00	 478.97	 5.9375	34.2009	26.9343	 0.49	 21.42	0.040	  160.49	 99.98
 484.00	 479.96	 5.9238	34.2012	26.9362	 0.49	 21.22	0.040	  160.51	 99.98
 485.00	 480.95	 5.9217	34.2024	26.9375	 0.49	 21.39	0.040	  160.47	 99.99
 486.00	 481.94	 5.9173	34.2026	26.9382	 0.49	 21.41	0.040	  160.45	 99.98
 487.00	 482.93	 5.9070	34.2025	26.9394	 0.49	 21.29	0.040	  160.42	 99.98
 488.00	 483.92	 5.9020	34.2030	26.9404	 0.49	 21.12	0.040	  160.44	 99.99
 489.00	 484.91	 5.8999	34.2034	26.9410	 0.48	 21.07	0.040	  160.42	 99.99
 490.00	 485.90	 5.8983	34.2046	26.9421	 0.48	 20.87	0.040	  160.45	 99.98
 491.00	 486.89	 5.8987	34.2062	26.9434	 0.48	 20.91	0.040	  160.41	 99.99
 492.00	 487.88	 5.9004	34.2078	26.9444	 0.48	 21.06	0.040	  160.46	 99.99
 493.00	 488.87	 5.9020	34.2092	26.9454	 0.48	 21.01	0.040	  160.40	 99.99
 494.00	 489.86	 5.9052	34.2107	26.9462	 0.48	 20.89	0.040	  160.36	 99.99
 495.00	 490.85	 5.9077	34.2120	26.9469	 0.48	 20.84	0.041	  160.40	 99.99
 496.00	 491.84	 5.9058	34.2125	26.9476	 0.47	 20.43	0.041	  160.33	 99.99
 497.00	 492.83	 5.9025	34.2126	26.9480	 0.46	 20.14	0.040	  160.42	 99.99
 498.00	 493.83	 5.8919	34.2128	26.9495	 0.46	 20.11	0.040	  160.41	 99.99
 499.00	 494.82	 5.8798	34.2143	26.9522	 0.46	 19.86	0.041	  160.36	 99.99
 500.00	 495.81	 5.8683	34.2146	26.9539	 0.46	 19.84	0.040	  160.39	 99.99
 501.00	 496.80	 5.8638	34.2156	26.9552	 0.46	 19.86	0.040	  160.40	 99.99
 502.00	 497.79	 5.8632	34.2159	26.9556	 0.45	 19.67	0.040	  160.33	 99.99
 503.00	 498.78	 5.8553	34.2151	26.9560	 0.45	 19.48	0.040	  160.35	 99.99
 504.00	 499.77	 5.8500	34.2189	26.9596	 0.45	 19.73	0.040	  160.45	100.00
 505.00	 500.76	 5.8498	34.2215	26.9617	 0.45	 19.62	0.040	  160.44	100.00
 506.00	 501.75	 5.8437	34.2219	26.9628	 0.45	 19.46	0.040	  160.35	100.00
 507.00	 502.74	 5.8352	34.2225	26.9644	 0.44	 19.29	0.041	  160.40	 99.99
 508.00	 503.73	 5.8271	34.2224	26.9653	 0.45	 19.39	0.040	  160.33	100.00
 509.00	 504.72	 5.8195	34.2228	26.9665	 0.44	 19.17	0.040	  160.34	100.00
 510.00	 505.71	 5.8150	34.2230	26.9673	 0.44	 19.18	0.040	  160.33	100.00
 511.00	 506.70	 5.8108	34.2239	26.9685	 0.44	 19.19	0.040	  160.32	100.00
 512.00	 507.69	 5.7843	34.2215	26.9698	 0.43	 18.69	0.040	  160.31	100.00
 513.00	 508.68	 5.7636	34.2233	26.9739	 0.42	 18.24	0.040	  160.30	100.00
 514.00	 509.67	 5.7579	34.2270	26.9775	 0.42	 18.08	0.040	  160.34	100.00
 515.00	 510.66	 5.7646	34.2320	26.9806	 0.41	 17.84	0.040	  160.32	100.00
 516.00	 511.65	 5.7651	34.2328	26.9812	 0.41	 17.69	0.040	  160.29	100.00
 517.00	 512.64	 5.7590	34.2334	26.9824	 0.41	 17.91	0.040	  160.30	100.00
 518.00	 513.63	 5.7497	34.2336	26.9838	 0.41	 17.81	0.040	  160.32	100.00
 519.00	 514.62	 5.7394	34.2332	26.9847	 0.40	 17.57	0.040	  160.25	100.00
 520.00	 515.61	 5.7340	34.2338	26.9859	 0.40	 17.60	0.040	  160.22	100.00
 521.00	 516.60	 5.7329	34.2350	26.9869	 0.41	 17.72	0.040	  160.21	100.00
 522.00	 517.59	 5.7326	34.2344	26.9865	 0.40	 17.50	0.040	  160.26	100.00
 523.00	 518.58	 5.7245	34.2355	26.9884	 0.40	 17.52	0.040	  160.22	100.00
 524.00	 519.57	 5.7189	34.2366	26.9900	 0.40	 17.49	0.040	  160.23	100.00
 525.00	 520.57	 5.7115	34.2372	26.9913	 0.40	 17.28	0.040	  160.27	100.00
 526.00	 521.56	 5.7064	34.2370	26.9918	 0.40	 17.35	0.041	  160.23	100.00
 527.00	 522.55	 5.6985	34.2363	26.9923	 0.40	 17.50	0.042	  160.24	100.00
 528.00	 523.54	 5.6846	34.2357	26.9935	 0.39	 17.16	0.041	  160.23	100.00
 529.00	 524.53	 5.6721	34.2357	26.9950	 0.39	 16.97	0.040	  160.19	100.00
 530.00	 525.52	 5.6622	34.2365	26.9968	 0.40	 17.24	0.041	  160.20	100.00
 531.00	 526.51	 5.6557	34.2364	26.9976	 0.39	 17.10	0.041	  160.20	100.00
 532.00	 527.50	 5.6508	34.2368	26.9985	 0.39	 16.74	0.040	  160.23	100.00
 533.00	 528.49	 5.6468	34.2393	27.0010	 0.38	 16.45	0.040	  160.24	100.00
 534.00	 529.48	 5.6448	34.2419	27.0033	 0.37	 16.15	0.040	  160.25	100.00
 535.00	 530.47	 5.6441	34.2444	27.0054	 0.36	 15.64	0.040	  160.18	100.00
 536.00	 531.46	 5.6392	34.2475	27.0084	 0.36	 15.52	0.040	  160.20	100.00
 537.00	 532.45	 5.6297	34.2490	27.0107	 0.37	 15.92	0.041	  160.20	100.00
 538.00	 533.44	 5.6125	34.2480	27.0120	 0.36	 15.82	0.040	  160.23	100.00
 539.00	 534.43	 5.6016	34.2497	27.0147	 0.36	 15.44	0.041	  160.23	100.00
 540.00	 535.42	 5.5966	34.2513	27.0166	 0.35	 15.36	0.040	  160.19	100.00
 541.00	 536.41	 5.5901	34.2526	27.0184	 0.35	 15.10	0.040	  160.18	100.00
 542.00	 537.40	 5.5891	34.2528	27.0187	 0.34	 14.98	0.041	  160.17	100.00
 543.00	 538.39	 5.5871	34.2532	27.0193	 0.35	 15.18	0.042	  160.20	100.00
 544.00	 539.38	 5.5844	34.2540	27.0203	 0.35	 15.19	0.042	  160.19	100.00
 545.00	 540.37	 5.5825	34.2547	27.0211	 0.34	 14.93	0.041	  160.14	100.00
 546.00	 541.36	 5.5820	34.2554	27.0216	 0.34	 14.76	0.041	  160.14	100.00
 547.00	 542.35	 5.5800	34.2566	27.0229	 0.34	 14.88	0.040	  160.17	100.00
 548.00	 543.34	 5.5770	34.2585	27.0248	 0.34	 14.73	0.040	  160.10	100.00
 549.00	 544.33	 5.5764	34.2590	27.0253	 0.33	 14.32	0.041	  160.12	100.00
 550.00	 545.32	 5.5761	34.2600	27.0260	 0.33	 14.27	0.042	  160.11	100.00
 551.00	 546.31	 5.5762	34.2611	27.0269	 0.34	 14.58	0.040	  160.11	100.00
 552.00	 547.30	 5.5748	34.2625	27.0282	 0.33	 14.38	0.040	  160.06	100.00
 553.00	 548.29	 5.5743	34.2635	27.0291	 0.33	 14.14	0.040	  160.08	100.00
 554.00	 549.28	 5.5707	34.2632	27.0293	 0.33	 14.39	0.040	  160.12	100.00
 555.00	 550.27	 5.5610	34.2625	27.0299	 0.33	 14.29	0.040	  160.07	100.00
 556.00	 551.26	 5.5610	34.2633	27.0306	 0.33	 14.13	0.041	  160.07	100.00
 557.00	 552.25	 5.5590	34.2640	27.0314	 0.33	 14.14	0.042	  160.03	100.00
 558.00	 553.24	 5.5610	34.2655	27.0324	 0.32	 14.00	0.041	  160.06	100.00
 559.00	 554.23	 5.5529	34.2667	27.0342	 0.32	 13.73	0.041	  160.13	100.00
 560.00	 555.22	 5.5577	34.2692	27.0357	 0.32	 13.85	0.041	  160.04	100.00
 561.00	 556.21	 5.5389	34.2664	27.0357	 0.33	 14.17	0.040	  160.07	100.00
 562.00	 557.20	 5.5221	34.2662	27.0376	 0.32	 13.91	0.040	  160.05	100.00
 563.00	 558.19	 5.5191	34.2667	27.0384	 0.32	 13.86	0.040	  160.06	100.00
 564.00	 559.18	 5.5141	34.2661	27.0385	 0.32	 14.07	0.041	  160.14	100.00
 565.00	 560.17	 5.4967	34.2650	27.0397	 0.33	 14.27	0.041	  159.97	100.00
 566.00	 561.16	 5.4863	34.2639	27.0401	 0.33	 14.25	0.041	  160.06	100.00
 567.00	 562.15	 5.4756	34.2635	27.0410	 0.33	 14.14	0.041	  160.04	100.00
 568.00	 563.14	 5.4714	34.2634	27.0415	 0.33	 14.19	0.041	  160.06	100.00
 569.00	 564.13	 5.4663	34.2627	27.0415	 0.33	 14.22	0.042	  159.99	100.00
 570.00	 565.12	 5.4561	34.2619	27.0421	 0.33	 14.20	0.041	  160.02	100.00
 571.00	 566.11	 5.4444	34.2609	27.0428	 0.33	 14.30	0.040	  160.05	100.00
 572.00	 567.10	 5.4257	34.2599	27.0442	 0.33	 14.51	0.040	  160.00	100.00
 573.00	 568.09	 5.4061	34.2588	27.0456	 0.33	 14.23	0.042	  160.04	100.00
 574.00	 569.08	 5.3917	34.2582	27.0469	 0.32	 13.87	0.041	  160.07	100.00
 575.00	 570.07	 5.3830	34.2590	27.0486	 0.32	 13.70	0.040	  159.95	100.00
 576.00	 571.06	 5.3875	34.2612	27.0498	 0.31	 13.34	0.041	  160.06	100.00
 577.00	 572.05	 5.4202	34.2712	27.0538	 0.30	 13.14	0.040	  160.05	100.00
 578.00	 573.04	 5.4335	34.2739	27.0544	 0.30	 12.98	0.040	  159.94	100.00
 579.00	 574.03	 5.4118	34.2717	27.0552	 0.30	 13.19	0.040	  159.97	100.00
 580.00	 575.02	 5.4024	34.2735	27.0578	 0.31	 13.33	0.040	  160.00	100.00
 581.00	 576.01	 5.3907	34.2728	27.0587	 0.31	 13.29	0.040	  159.98	100.00
 582.00	 577.00	 5.3753	34.2714	27.0594	 0.31	 13.47	0.041	  159.96	100.00
 583.00	 577.99	 5.3530	34.2701	27.0610	 0.31	 13.55	0.042	  159.99	100.00
 584.00	 578.98	 5.3395	34.2694	27.0621	 0.31	 13.46	0.041	  159.96	100.00
 585.00	 579.97	 5.3333	34.2680	27.0617	 0.31	 13.43	0.040	  159.96	100.00
 586.00	 580.96	 5.3067	34.2687	27.0654	 0.31	 13.46	0.040	  159.93	100.00
 587.00	 581.95	 5.3012	34.2684	27.0658	 0.31	 13.51	0.040	  159.93	100.00
 588.00	 582.94	 5.2709	34.2645	27.0663	 0.31	 13.49	0.040	  160.01	100.00
 589.00	 583.93	 5.2445	34.2640	27.0689	 0.31	 13.27	0.040	  159.95	100.00
 590.00	 584.92	 5.2357	34.2646	27.0705	 0.30	 13.17	0.040	  159.95	100.00
 591.00	 585.91	 5.2299	34.2649	27.0714	 0.30	 13.20	0.040	  159.95	100.00
 592.00	 586.90	 5.2226	34.2656	27.0728	 0.30	 12.99	0.040	  159.96	100.00
 593.00	 587.89	 5.2170	34.2668	27.0744	 0.29	 12.82	0.041	  159.91	100.00
 594.00	 588.88	 5.2142	34.2675	27.0753	 0.30	 13.01	0.042	  159.96	100.00
 595.00	 589.87	 5.2123	34.2680	27.0759	 0.30	 12.94	0.041	  160.01	 71.75
 596.00	 590.86	 5.2111	34.2684	27.0764	 0.29	 12.78	0.040	  159.94	 98.64
 597.00	 591.85	 5.2102	34.2684	27.0765	 0.29	 12.75	0.040	  159.93	100.00
 598.00	 592.84	 5.2082	34.2686	27.0770	 0.30	 12.83	0.040	  159.98	100.00
 599.00	 593.83	 5.2109	34.2706	27.0782	 0.30	 12.88	0.040	  159.90	100.00
 600.00	 594.82	 5.2112	34.2713	27.0787	 0.29	 12.60	0.040	  159.87	100.00
 601.00	 595.81	 5.2092	34.2715	27.0791	 0.29	 12.42	0.041	  159.97	100.00
 602.00	 596.80	 5.2053	34.2721	27.0800	 0.29	 12.61	0.042	  159.95	100.00
 603.00	 597.79	 5.2042	34.2725	27.0805	 0.29	 12.61	0.041	  159.92	100.00
 604.00	 598.78	 5.2001	34.2730	27.0814	 0.29	 12.47	0.041	  159.95	100.00
 605.00	 599.77	 5.1940	34.2738	27.0828	 0.29	 12.40	0.040	  159.95	100.00
 606.00	 600.76	 5.1912	34.2739	27.0831	 0.29	 12.54	0.040	  159.89	100.00
 607.00	 601.75	 5.1891	34.2744	27.0838	 0.29	 12.53	0.040	  159.90	100.00
 608.00	 602.74	 5.1871	34.2750	27.0845	 0.29	 12.49	0.040	  159.87	100.00
 609.00	 603.73	 5.1844	34.2754	27.0852	 0.29	 12.58	0.041	  159.88	100.00
 610.00	 604.72	 5.1817	34.2759	27.0859	 0.29	 12.55	0.042	  159.85	100.00
 611.00	 605.71	 5.1798	34.2761	27.0863	 0.29	 12.48	0.041	  159.83	100.00
 612.00	 606.70	 5.1779	34.2764	27.0868	 0.28	 12.21	0.040	  159.80	100.00
 613.00	 607.69	 5.1760	34.2771	27.0875	 0.28	 12.12	0.040	  159.85	100.00
 614.00	 608.68	 5.1752	34.2778	27.0882	 0.28	 12.33	0.040	  159.85	100.00
 615.00	 609.67	 5.1745	34.2785	27.0888	 0.29	 12.40	0.040	  159.82	100.00
 616.00	 610.66	 5.1688	34.2788	27.0897	 0.28	 12.19	0.040	  159.83	100.00
 617.00	 611.65	 5.1542	34.2784	27.0911	 0.28	 12.20	0.040	  159.80	100.00
 618.00	 612.64	 5.1474	34.2782	27.0918	 0.29	 12.45	0.040	  159.83	100.00
 619.00	 613.63	 5.1430	34.2785	27.0925	 0.28	 12.19	0.041	  159.82	100.00
 620.00	 614.62	 5.1383	34.2788	27.0933	 0.27	 11.94	0.042	  159.82	100.00
 621.00	 615.61	 5.1347	34.2793	27.0942	 0.28	 12.15	0.042	  159.73	100.00
 622.00	 616.60	 5.1284	34.2807	27.0960	 0.28	 12.13	0.042	  159.83	100.00
 623.00	 617.59	 5.1198	34.2818	27.0978	 0.27	 11.88	0.041	  159.81	100.00
 624.00	 618.58	 5.1139	34.2850	27.1011	 0.27	 11.81	0.040	  159.79	100.00
 625.00	 619.57	 5.1136	34.2871	27.1028	 0.27	 11.81	0.041	  159.74	100.00
 626.00	 620.56	 5.1089	34.2881	27.1042	 0.27	 11.94	0.041	  159.81	100.00
 627.00	 621.55	 5.0982	34.2891	27.1062	 0.28	 12.05	0.040	  159.76	100.00
 628.00	 622.54	 5.0888	34.2893	27.1074	 0.27	 11.61	0.040	  159.80	100.00
 629.00	 623.53	 5.0844	34.2898	27.1083	 0.26	 11.48	0.040	  159.70	100.00
 630.00	 624.52	 5.0824	34.2899	27.1086	 0.27	 11.79	0.040	  159.69	100.00
 631.00	 625.51	 5.0802	34.2901	27.1091	 0.27	 11.78	0.040	  159.78	100.00
 632.00	 626.50	 5.0780	34.2903	27.1095	 0.27	 11.81	0.040	  159.82	100.00
 633.00	 627.49	 5.0753	34.2907	27.1101	 0.27	 11.81	0.040	  159.68	100.00
 634.00	 628.48	 5.0743	34.2909	27.1104	 0.27	 11.82	0.040	  159.74	100.00
 635.00	 629.47	 5.0735	34.2909	27.1105	 0.27	 11.76	0.040	  159.75	100.00
 636.00	 630.46	 5.0680	34.2921	27.1121	 0.26	 11.50	0.040	  159.79	100.00
 637.00	 631.45	 5.0648	34.2934	27.1135	 0.26	 11.41	0.041	  159.70	100.00
 638.00	 632.44	 5.0643	34.2934	27.1136	 0.27	 11.58	0.042	  159.71	100.00
 639.00	 633.43	 5.0627	34.2934	27.1137	 0.27	 11.63	0.041	  159.73	100.00
 640.00	 634.42	 5.0584	34.2943	27.1150	 0.27	 11.58	0.040	  159.75	100.00
 641.00	 635.41	 5.0569	34.2949	27.1156	 0.26	 11.48	0.040	  159.68	100.00
 642.00	 636.40	 5.0542	34.2953	27.1163	 0.26	 11.35	0.041	  159.67	100.00
 643.00	 637.39	 5.0502	34.2964	27.1177	 0.26	 11.51	0.040	  159.70	100.00
