wcoa21_data_management/01_CRUISE_METADATA/00_OCADS_data/CTD_downcasts/WCOA_2021_CTD_downcasts/dRB2102_CTD_130_01_F.txt
* Sea-Bird SBE 9 Data:
* Software Version Seasave V 7.26.7.107
* Vessel: NOAA Ship Ronald H. Brown
* Cruise: RB2102, West Coast Ocean Acidification (WCOA) 2021
* Dates: 20210622 to 20210723
* Region: NE Pacific, USA West Coast
* Ports: San Diego, CA to Port Angeles, WA to San Diego, CA
* Chief Scientists: R. Feely, NOAA PMEL; D. Greeley, NOAA PMEL; B. Carter, NOAA PMEL / UW CICOES
*END*
[from data line 214]
 218.00	 216.36	 8.5022	34.1436	26.5289	 1.43	 62.39	0.040	  136.32	 99.82
 219.00	 217.35	 8.4920	34.1454	26.5318	 1.42	 61.87	0.041	  136.27	 99.83
 220.00	 218.34	 8.4822	34.1462	26.5340	 1.40	 60.93	0.041	  136.22	 99.83
 221.00	 219.33	 8.4746	34.1476	26.5363	 1.38	 59.93	0.041	  136.24	 99.83
 222.00	 220.32	 8.4700	34.1513	26.5399	 1.37	 59.55	0.041	  136.24	 99.83
 223.00	 221.31	 8.4645	34.1532	26.5422	 1.36	 59.10	0.041	  136.23	 99.83
 224.00	 222.31	 8.4577	34.1538	26.5438	 1.35	 58.84	0.040	  136.30	 99.83
 225.00	 223.30	 8.4502	34.1548	26.5457	 1.35	 58.89	0.041	  136.26	 99.83
 226.00	 224.29	 8.4481	34.1566	26.5474	 1.34	 58.39	0.040	  136.26	 99.83
 227.00	 225.28	 8.4442	34.1578	26.5490	 1.32	 57.37	0.041	  136.27	 99.83
 228.00	 226.27	 8.4399	34.1614	26.5525	 1.30	 56.41	0.041	  136.24	 99.84
 229.00	 227.27	 8.4392	34.1629	26.5538	 1.28	 55.53	0.040	  136.29	 99.83
 230.00	 228.26	 8.4303	34.1641	26.5561	 1.26	 54.82	0.041	  136.29	 99.84
 231.00	 229.25	 8.4196	34.1667	26.5598	 1.25	 54.45	0.041	  136.25	 99.84
 232.00	 230.24	 8.4175	34.1689	26.5619	 1.25	 54.22	0.040	  136.24	 99.84
 233.00	 231.23	 8.4206	34.1718	26.5637	 1.25	 54.31	0.041	  136.23	 99.84
 234.00	 232.23	 8.4110	34.1726	26.5658	 1.25	 54.41	0.040	  136.21	 99.84
 235.00	 233.22	 8.4074	34.1724	26.5662	 1.25	 54.30	0.041	  136.27	 99.85
 236.00	 234.21	 8.3952	34.1723	26.5680	 1.25	 54.16	0.040	  136.24	 99.85
 237.00	 235.20	 8.3773	34.1743	26.5723	 1.24	 54.02	0.040	  136.25	 99.85
 238.00	 236.19	 8.3670	34.1736	26.5733	 1.23	 53.37	0.040	  136.28	 99.85
 239.00	 237.18	 8.3612	34.1743	26.5748	 1.20	 52.26	0.040	  136.31	 99.85
 240.00	 238.18	 8.3552	34.1755	26.5767	 1.18	 51.18	0.040	  136.24	 99.85
 241.00	 239.17	 8.3457	34.1794	26.5812	 1.16	 50.41	0.040	  136.26	 99.85
 242.00	 240.16	 8.3392	34.1836	26.5854	 1.15	 50.02	0.040	  136.28	 99.85
 243.00	 241.15	 8.3351	34.1844	26.5867	 1.15	 49.91	0.040	  136.26	 99.85
 244.00	 242.14	 8.3300	34.1857	26.5885	 1.15	 49.86	0.040	  136.29	 99.85
 245.00	 243.14	 8.3246	34.1858	26.5895	 1.13	 49.35	0.041	  136.25	 99.86
 246.00	 244.13	 8.3202	34.1864	26.5906	 1.11	 48.48	0.041	  136.28	 99.86
 247.00	 245.12	 8.2994	34.1872	26.5944	 1.11	 48.23	0.040	  136.24	 99.87
 248.00	 246.11	 8.2715	34.1901	26.6008	 1.11	 48.09	0.040	  136.20	 99.87
 249.00	 247.10	 8.2614	34.1906	26.6028	 1.10	 47.91	0.040	  136.23	 99.86
 250.00	 248.09	 8.2544	34.1908	26.6040	 1.10	 47.93	0.041	  136.23	 99.87
 251.00	 249.09	 8.2519	34.1911	26.6047	 1.11	 48.09	0.040	  136.30	 99.87
 252.00	 250.08	 8.2483	34.1915	26.6055	 1.12	 48.79	0.040	  136.22	 99.88
 253.00	 251.07	 8.2334	34.1904	26.6069	 1.17	 51.01	0.040	  136.26	 99.88
 254.00	 252.06	 8.1959	34.1827	26.6065	 1.22	 53.22	0.040	  136.27	 99.88
 255.00	 253.05	 8.1274	34.1716	26.6081	 1.22	 53.23	0.041	  136.26	 99.88
 256.00	 254.05	 8.0983	34.1715	26.6123	 1.21	 52.80	0.040	  136.29	 99.88
 257.00	 255.04	 8.0863	34.1717	26.6143	 1.21	 52.57	0.040	  136.26	 99.88
 258.00	 256.03	 8.0794	34.1718	26.6155	 1.20	 52.17	0.041	  136.25	 99.88
 259.00	 257.02	 8.0673	34.1724	26.6177	 1.19	 51.89	0.041	  136.21	 99.87
 260.00	 258.01	 8.0579	34.1734	26.6199	 1.19	 51.77	0.040	  136.27	 99.86
 261.00	 259.00	 8.0580	34.1739	26.6203	 1.19	 51.60	0.040	  136.24	 99.86
 262.00	 260.00	 8.0575	34.1739	26.6204	 1.18	 51.27	0.040	  136.22	 99.86
 263.00	 260.99	 8.0558	34.1741	26.6209	 1.17	 50.74	0.040	  136.22	 99.87
 264.00	 261.98	 8.0493	34.1743	26.6220	 1.16	 50.28	0.040	  136.24	 99.86
 265.00	 262.97	 8.0249	34.1764	26.6273	 1.15	 49.99	0.041	  136.26	 99.87
 266.00	 263.96	 8.0158	34.1775	26.6294	 1.14	 49.63	0.041	  136.26	 99.87
 267.00	 264.95	 8.0080	34.1789	26.6318	 1.14	 49.44	0.040	  136.29	 99.86
 268.00	 265.95	 8.0038	34.1798	26.6331	 1.13	 49.35	0.040	  136.27	 75.40
 269.00	 266.94	 7.9994	34.1806	26.6344	 1.13	 49.20	0.040	  136.27	 99.29
 270.00	 267.93	 7.9963	34.1812	26.6354	 1.13	 49.08	0.040	  136.24	 99.87
 271.00	 268.92	 7.9951	34.1817	26.6359	 1.12	 48.86	0.041	  136.19	 99.88
 272.00	 269.91	 7.9950	34.1821	26.6363	 1.12	 48.61	0.041	  136.21	 99.88
 273.00	 270.90	 7.9949	34.1832	26.6372	 1.11	 48.26	0.040	  136.24	 99.88
 274.00	 271.90	 7.9931	34.1839	26.6380	 1.10	 47.96	0.040	  136.20	 99.88
 275.00	 272.89	 7.9903	34.1844	26.6388	 1.10	 48.05	0.040	  136.23	 99.88
 276.00	 273.88	 7.9876	34.1849	26.6396	 1.10	 48.05	0.041	  136.15	 99.88
 277.00	 274.87	 7.9828	34.1855	26.6408	 1.10	 48.00	0.040	  136.18	 99.88
 278.00	 275.86	 7.9812	34.1858	26.6413	 1.10	 47.78	0.040	  136.18	 99.88
 279.00	 276.85	 7.9797	34.1861	26.6417	 1.10	 47.64	0.040	  136.27	 99.88
 280.00	 277.85	 7.9785	34.1864	26.6422	 1.10	 47.69	0.040	  136.20	 99.88
 281.00	 278.84	 7.9774	34.1866	26.6425	 1.09	 47.62	0.041	  136.23	 99.88
 282.00	 279.83	 7.9762	34.1870	26.6430	 1.09	 47.52	0.040	  136.20	 99.88
 283.00	 280.82	 7.9759	34.1874	26.6434	 1.09	 47.56	0.040	  136.21	 99.88
 284.00	 281.81	 7.9747	34.1875	26.6437	 1.09	 47.53	0.041	  136.16	 99.88
 285.00	 282.80	 7.9716	34.1877	26.6443	 1.09	 47.29	0.040	  136.18	 99.88
 286.00	 283.80	 7.9700	34.1878	26.6446	 1.08	 46.97	0.040	  136.19	 99.88
 287.00	 284.79	 7.9669	34.1878	26.6451	 1.07	 46.61	0.040	  136.23	 99.88
 288.00	 285.78	 7.9575	34.1885	26.6471	 1.06	 45.93	0.040	  136.09	 99.88
 289.00	 286.77	 7.9494	34.1909	26.6501	 1.05	 45.51	0.040	  136.11	 99.88
 290.00	 287.76	 7.9400	34.1916	26.6521	 1.04	 45.23	0.040	  136.13	 99.88
 291.00	 288.75	 7.9287	34.1933	26.6551	 1.03	 44.69	0.040	  136.10	 99.88
 292.00	 289.75	 7.9178	34.1939	26.6572	 1.02	 44.43	0.040	  136.13	 99.88
 293.00	 290.74	 7.9009	34.1964	26.6617	 1.02	 44.22	0.040	  136.14	 99.88
 294.00	 291.73	 7.8977	34.1972	26.6628	 1.00	 43.68	0.040	  136.16	 99.88
 295.00	 292.72	 7.8944	34.1978	26.6638	 0.98	 42.52	0.040	  136.13	 99.89
 296.00	 293.71	 7.8846	34.1982	26.6655	 0.94	 40.96	0.041	  136.11	 99.88
 297.00	 294.70	 7.8655	34.2008	26.6704	 0.92	 39.86	0.041	  136.17	 99.88
 298.00	 295.69	 7.8452	34.2066	26.6779	 0.91	 39.64	0.040	  136.13	 99.89
 299.00	 296.69	 7.8300	34.2118	26.6842	 0.90	 39.36	0.040	  136.18	 99.89
 300.00	 297.68	 7.8233	34.2141	26.6871	 0.89	 38.71	0.040	  136.13	 99.90
 301.00	 298.67	 7.8205	34.2168	26.6896	 0.89	 38.79	0.041	  136.18	 99.90
 302.00	 299.66	 7.8085	34.2161	26.6908	 0.90	 38.95	0.042	  136.22	 99.90
 303.00	 300.65	 7.7980	34.2151	26.6916	 0.90	 38.94	0.041	  136.14	 99.90
 304.00	 301.64	 7.7895	34.2152	26.6929	 0.89	 38.80	0.040	  136.16	 99.90
 305.00	 302.64	 7.7881	34.2154	26.6933	 0.88	 38.30	0.040	  136.20	 99.90
 306.00	 303.63	 7.7879	34.2160	26.6938	 0.88	 38.14	0.040	  136.18	 99.90
 307.00	 304.62	 7.7916	34.2180	26.6948	 0.87	 37.98	0.041	  136.15	 99.90
 308.00	 305.61	 7.7882	34.2186	26.6958	 0.86	 37.29	0.040	  136.12	 99.90
 309.00	 306.60	 7.7807	34.2211	26.6989	 0.84	 36.48	0.040	  136.09	 99.90
 310.00	 307.59	 7.7828	34.2248	26.7015	 0.83	 36.30	0.041	  136.10	 99.90
 311.00	 308.58	 7.7729	34.2246	26.7028	 0.84	 36.53	0.041	  136.11	 99.90
 312.00	 309.58	 7.7488	34.2230	26.7051	 0.84	 36.47	0.042	  136.13	 99.90
 313.00	 310.57	 7.7342	34.2233	26.7074	 0.84	 36.47	0.042	  136.11	 99.91
 314.00	 311.56	 7.7318	34.2233	26.7078	 0.84	 36.50	0.041	  136.16	 99.91
 315.00	 312.55	 7.7294	34.2240	26.7087	 0.83	 36.32	0.040	  136.09	 99.91
 316.00	 313.54	 7.7262	34.2241	26.7093	 0.83	 36.22	0.040	  136.14	 99.92
 317.00	 314.53	 7.7241	34.2244	26.7098	 0.83	 36.16	0.040	  136.11	 99.92
 318.00	 315.52	 7.7145	34.2235	26.7105	 0.83	 35.95	0.040	  136.11	 99.91
 319.00	 316.52	 7.7050	34.2244	26.7126	 0.81	 35.39	0.040	  136.07	 99.91
 320.00	 317.51	 7.6954	34.2235	26.7133	 0.80	 34.96	0.040	  136.15	 99.91
 321.00	 318.50	 7.6560	34.2247	26.7200	 0.80	 34.87	0.040	  136.17	 99.91
 322.00	 319.49	 7.6302	34.2272	26.7256	 0.79	 34.55	0.041	  136.12	 99.92
 323.00	 320.48	 7.6245	34.2279	26.7270	 0.78	 33.82	0.041	  136.16	 99.92
 324.00	 321.47	 7.6247	34.2295	26.7283	 0.76	 33.03	0.040	  136.11	 99.92
 325.00	 322.46	 7.6257	34.2328	26.7307	 0.75	 32.74	0.040	  136.21	 99.93
 326.00	 323.46	 7.6255	34.2343	26.7319	 0.76	 32.87	0.040	  136.11	 99.92
 327.00	 324.45	 7.6246	34.2352	26.7328	 0.76	 32.90	0.040	  136.14	 99.92
 328.00	 325.44	 7.6252	34.2357	26.7332	 0.76	 32.87	0.041	  136.12	 99.93
 329.00	 326.43	 7.6245	34.2358	26.7333	 0.75	 32.69	0.040	  136.11	 99.93
 330.00	 327.42	 7.6228	34.2363	26.7340	 0.75	 32.47	0.040	  136.07	 99.93
 331.00	 328.41	 7.6206	34.2365	26.7345	 0.74	 32.16	0.041	  136.02	 99.93
 332.00	 329.40	 7.6128	34.2365	26.7356	 0.74	 32.04	0.041	  136.08	 99.93
 333.00	 330.40	 7.5955	34.2382	26.7394	 0.73	 31.95	0.040	  136.09	 99.93
 334.00	 331.39	 7.5918	34.2385	26.7402	 0.73	 31.88	0.040	  136.06	 99.93
 335.00	 332.38	 7.5825	34.2386	26.7416	 0.73	 31.69	0.040	  136.07	 99.93
 336.00	 333.37	 7.5713	34.2386	26.7432	 0.73	 31.60	0.041	  136.05	 99.93
 337.00	 334.36	 7.5549	34.2394	26.7463	 0.72	 31.36	0.041	  136.08	 99.93
 338.00	 335.35	 7.5454	34.2401	26.7482	 0.71	 30.95	0.040	  136.14	 99.93
 339.00	 336.34	 7.5377	34.2405	26.7496	 0.70	 30.42	0.040	  136.08	 99.93
 340.00	 337.34	 7.5328	34.2418	26.7513	 0.68	 29.73	0.040	  136.08	 99.93
 341.00	 338.33	 7.5277	34.2429	26.7530	 0.67	 29.25	0.042	  136.01	 99.93
 342.00	 339.32	 7.4998	34.2426	26.7567	 0.67	 29.20	0.042	  136.04	 99.93
 343.00	 340.31	 7.4626	34.2472	26.7656	 0.67	 29.06	0.041	  136.07	 99.93
 344.00	 341.30	 7.4566	34.2475	26.7667	 0.67	 29.06	0.040	  136.12	 99.93
 345.00	 342.29	 7.4555	34.2476	26.7670	 0.67	 29.05	0.040	  136.08	 99.93
 346.00	 343.28	 7.4547	34.2479	26.7674	 0.67	 28.94	0.040	  136.10	 99.93
 347.00	 344.27	 7.4497	34.2476	26.7678	 0.66	 28.87	0.042	  136.12	 99.93
 348.00	 345.27	 7.4358	34.2482	26.7703	 0.66	 28.84	0.040	  136.04	 99.93
 349.00	 346.26	 7.4335	34.2481	26.7706	 0.66	 28.72	0.040	  136.07	 99.93
 350.00	 347.25	 7.4291	34.2483	26.7713	 0.66	 28.68	0.040	  136.05	 99.94
 351.00	 348.24	 7.4248	34.2484	26.7720	 0.66	 28.68	0.040	  136.07	 99.94
 352.00	 349.23	 7.4224	34.2483	26.7723	 0.65	 28.48	0.040	  136.07	 99.94
 353.00	 350.22	 7.4188	34.2487	26.7731	 0.65	 28.37	0.041	  136.13	 99.94
 354.00	 351.21	 7.4090	34.2494	26.7751	 0.65	 28.28	0.041	  136.09	 99.94
 355.00	 352.20	 7.3994	34.2501	26.7771	 0.65	 28.13	0.040	  136.08	 99.94
 356.00	 353.20	 7.3930	34.2500	26.7779	 0.64	 28.03	0.040	  136.07	 99.94
 357.00	 354.19	 7.3856	34.2504	26.7792	 0.64	 27.87	0.041	  136.02	 99.94
 358.00	 355.18	 7.3837	34.2505	26.7796	 0.64	 27.80	0.042	  136.04	 99.94
 359.00	 356.17	 7.3821	34.2506	26.7799	 0.63	 27.57	0.041	  136.03	 99.94
 360.00	 357.16	 7.3804	34.2510	26.7805	 0.63	 27.47	0.040	  136.07	 99.94
 361.00	 358.15	 7.3624	34.2513	26.7833	 0.63	 27.53	0.041	  136.07	 99.94
 362.00	 359.14	 7.3512	34.2519	26.7854	 0.63	 27.38	0.041	  136.06	 99.94
 363.00	 360.13	 7.3496	34.2520	26.7856	 0.62	 27.13	0.040	  136.04	 99.95
 364.00	 361.13	 7.3416	34.2532	26.7878	 0.62	 26.80	0.040	  136.04	 99.94
 365.00	 362.12	 7.3274	34.2527	26.7893	 0.61	 26.69	0.040	  136.06	 99.94
 366.00	 363.11	 7.3135	34.2535	26.7920	 0.61	 26.51	0.040	  136.06	 99.95
 367.00	 364.10	 7.3084	34.2542	26.7932	 0.61	 26.46	0.041	  136.05	 99.94
 368.00	 365.09	 7.3061	34.2548	26.7940	 0.60	 26.23	0.041	  136.02	 99.95
 369.00	 366.08	 7.2957	34.2544	26.7952	 0.60	 26.06	0.041	  135.97	 99.95
 370.00	 367.07	 7.2836	34.2554	26.7977	 0.60	 25.96	0.042	  136.04	 99.94
 371.00	 368.06	 7.2743	34.2564	26.7998	 0.59	 25.87	0.041	  136.07	 99.94
 372.00	 369.06	 7.2705	34.2569	26.8007	 0.59	 25.76	0.040	  136.01	 99.95
 373.00	 370.05	 7.2683	34.2568	26.8010	 0.59	 25.47	0.040	  135.99	 99.95
 374.00	 371.04	 7.2604	34.2577	26.8028	 0.58	 25.31	0.040	  135.99	 99.95
 375.00	 372.03	 7.2548	34.2584	26.8042	 0.58	 25.13	0.041	  136.00	 99.95
 376.00	 373.02	 7.2498	34.2587	26.8051	 0.58	 25.02	0.040	  135.99	 99.95
 377.00	 374.01	 7.2336	34.2587	26.8074	 0.57	 24.87	0.041	  136.04	 99.95
 378.00	 375.00	 7.2162	34.2603	26.8111	 0.57	 24.70	0.041	  136.01	 99.95
 379.00	 375.99	 7.2087	34.2607	26.8125	 0.57	 24.68	0.040	  136.03	 99.95
 380.00	 376.99	 7.2054	34.2612	26.8133	 0.56	 24.57	0.040	  136.02	 99.95
 381.00	 377.98	 7.1998	34.2612	26.8141	 0.56	 24.41	0.041	  136.04	 99.95
 382.00	 378.97	 7.1937	34.2619	26.8155	 0.55	 24.10	0.041	  135.99	 99.95
 383.00	 379.96	 7.1876	34.2621	26.8165	 0.55	 24.11	0.040	  136.00	 99.95
 384.00	 380.95	 7.1812	34.2627	26.8180	 0.56	 24.16	0.040	  135.96	 99.95
 385.00	 381.94	 7.1756	34.2633	26.8192	 0.55	 23.92	0.040	  136.04	 99.95
 386.00	 382.93	 7.1723	34.2634	26.8197	 0.55	 23.85	0.040	  136.01	 99.95
 387.00	 383.92	 7.1654	34.2640	26.8212	 0.55	 23.85	0.041	  135.97	 99.95
 388.00	 384.91	 7.1620	34.2643	26.8219	 0.55	 23.79	0.041	  135.99	 99.95
 389.00	 385.91	 7.1582	34.2645	26.8226	 0.54	 23.67	0.040	  136.01	 78.26
 390.00	 386.90	 7.1552	34.2646	26.8231	 0.54	 23.48	0.040	  136.00	100.25
 391.00	 387.89	 7.1522	34.2650	26.8238	 0.54	 23.41	0.040	  135.99	 99.95
 392.00	 388.88	 7.1455	34.2656	26.8253	 0.53	 23.14	0.040	  136.01	 99.95
 393.00	 389.87	 7.1370	34.2666	26.8273	 0.53	 23.05	0.040	  136.02	 99.95
 394.00	 390.86	 7.1274	34.2666	26.8286	 0.53	 22.99	0.040	  136.04	 99.95
 395.00	 391.85	 7.1140	34.2668	26.8306	 0.53	 22.99	0.040	  135.99	 99.95
 396.00	 392.84	 7.1083	34.2669	26.8315	 0.53	 22.97	0.040	  135.96	 99.95
 397.00	 393.83	 7.0996	34.2671	26.8329	 0.53	 22.87	0.040	  135.99	 99.95
 398.00	 394.83	 7.0940	34.2674	26.8339	 0.53	 22.92	0.040	  136.01	 99.95
 399.00	 395.82	 7.0915	34.2673	26.8341	 0.53	 22.84	0.040	  136.04	 99.95
 400.00	 396.81	 7.0854	34.2673	26.8350	 0.52	 22.80	0.040	  135.97	 99.95
 401.00	 397.80	 7.0819	34.2674	26.8356	 0.53	 22.85	0.040	  135.93	 99.95
 402.00	 398.79	 7.0774	34.2678	26.8365	 0.52	 22.72	0.040	  136.02	 99.95
 403.00	 399.78	 7.0767	34.2678	26.8367	 0.52	 22.56	0.040	  135.94	 99.95
 404.00	 400.77	 7.0760	34.2679	26.8369	 0.52	 22.69	0.040	  135.98	 99.95
 405.00	 401.76	 7.0745	34.2680	26.8371	 0.52	 22.72	0.040	  135.99	 99.95
 406.00	 402.75	 7.0724	34.2682	26.8376	 0.52	 22.49	0.040	  135.99	 99.95
 407.00	 403.74	 7.0641	34.2687	26.8391	 0.51	 22.19	0.041	  136.03	 99.95
 408.00	 404.74	 7.0546	34.2695	26.8411	 0.51	 22.17	0.041	  135.98	 99.95
 409.00	 405.73	 7.0495	34.2700	26.8422	 0.51	 22.17	0.040	  136.01	 99.96
 410.00	 406.72	 7.0481	34.2701	26.8425	 0.51	 22.10	0.041	  135.98	 99.95
 411.00	 407.71	 7.0454	34.2704	26.8431	 0.51	 21.99	0.041	  135.98	 99.95
 412.00	 408.70	 7.0415	34.2706	26.8438	 0.51	 22.08	0.041	  135.99	 99.95
 413.00	 409.69	 7.0404	34.2710	26.8443	 0.51	 21.99	0.041	  135.98	 99.95
 414.00	 410.68	 7.0402	34.2712	26.8445	 0.50	 21.82	0.041	  135.96	 99.95
 415.00	 411.67	 7.0309	34.2713	26.8458	 0.50	 21.60	0.040	  135.90	 99.95
 416.00	 412.66	 7.0182	34.2726	26.8487	 0.49	 21.31	0.040	  135.96	 99.96
 417.00	 413.65	 7.0139	34.2730	26.8495	 0.49	 21.25	0.040	  136.00	 99.96
 418.00	 414.65	 6.9989	34.2732	26.8518	 0.49	 21.29	0.040	  135.96	 99.96
 419.00	 415.64	 6.9881	34.2729	26.8531	 0.49	 21.20	0.040	  135.94	 99.96
 420.00	 416.63	 6.9737	34.2732	26.8553	 0.49	 21.11	0.040	  135.93	 99.96
 421.00	 417.62	 6.9702	34.2733	26.8558	 0.49	 21.12	0.041	  135.92	 99.96
 422.00	 418.61	 6.9666	34.2738	26.8567	 0.48	 20.82	0.041	  135.92	 99.96
 423.00	 419.60	 6.9638	34.2750	26.8580	 0.47	 20.56	0.040	  135.94	 99.96
 424.00	 420.59	 6.9608	34.2758	26.8591	 0.47	 20.34	0.042	  135.96	 99.96
 425.00	 421.58	 6.9502	34.2757	26.8605	 0.46	 20.19	0.041	  135.89	 99.96
 426.00	 422.57	 6.9271	34.2776	26.8652	 0.46	 20.16	0.040	  135.91	 99.96
 427.00	 423.56	 6.9193	34.2788	26.8672	 0.46	 20.05	0.040	  135.87	 99.96
 428.00	 424.56	 6.9169	34.2791	26.8677	 0.46	 19.95	0.040	  135.91	 99.96
 429.00	 425.55	 6.9145	34.2793	26.8683	 0.46	 19.82	0.040	  135.91	 99.96
