wcoa21_data_management/01_CRUISE_METADATA/00_OCADS_data/CTD_downcasts/WCOA_2021_CTD_downcasts/dRB2102_CTD_107_01_F.txt
* Sea-Bird SBE 9 Data:
* Software Version Seasave V 7.26.7.107
* Vessel: NOAA Ship Ronald H. Brown
* Cruise: RB2102, West Coast Ocean Acidification (WCOA) 2021
* Dates: 20210622 to 20210723
* Region: NE Pacific, USA West Coast
* Ports: San Diego, CA to Port Angeles, WA to San Diego, CA
* Chief Scientists: R. Feely, NOAA PMEL; D. Greeley, NOAA PMEL; B. Carter, NOAA PMEL / UW CICOES
*END*
[from data line 641]
 644.00	 638.36	 5.2468	34.3454	27.1337	 0.26	 11.19	0.041	  160.70	100.00
 645.00	 639.35	 5.2441	34.3452	27.1339	 0.26	 11.16	0.041	  160.65	100.00
 646.00	 640.34	 5.2357	34.3429	27.1331	 0.26	 11.15	0.040	  160.68	100.00
 647.00	 641.33	 5.2189	34.3397	27.1325	 0.26	 11.13	0.040	  160.65	100.00
 648.00	 642.32	 5.1905	34.3344	27.1316	 0.26	 11.17	0.040	  160.65	100.00
 649.00	 643.31	 5.1846	34.3432	27.1393	 0.26	 11.13	0.040	  160.69	100.00
 650.00	 644.30	 5.1898	34.3442	27.1395	 0.26	 11.14	0.040	  160.65	100.00
 651.00	 645.29	 5.1949	34.3451	27.1397	 0.26	 11.17	0.040	  160.70	100.00
 652.00	 646.28	 5.1996	34.3493	27.1424	 0.26	 11.16	0.041	  160.64	100.00
 653.00	 647.27	 5.2063	34.3530	27.1446	 0.26	 11.17	0.041	  160.71	100.00
 654.00	 648.26	 5.2141	34.3548	27.1451	 0.26	 11.19	0.041	  160.67	100.00
 655.00	 649.25	 5.2080	34.3526	27.1441	 0.26	 11.14	0.042	  160.68	100.00
 656.00	 650.24	 5.1981	34.3528	27.1454	 0.26	 11.15	0.042	  160.64	100.00
 657.00	 651.22	 5.1926	34.3534	27.1465	 0.26	 11.22	0.042	  160.57	100.00
 658.00	 652.21	 5.1899	34.3535	27.1470	 0.26	 11.20	0.040	  160.61	100.00
 659.00	 653.20	 5.1885	34.3541	27.1476	 0.26	 11.20	0.041	  160.58	100.00
 660.00	 654.19	 5.1889	34.3548	27.1481	 0.26	 11.14	0.042	  160.58	100.00
 661.00	 655.18	 5.1847	34.3549	27.1487	 0.26	 11.20	0.042	  160.56	100.00
 662.00	 656.17	 5.1805	34.3555	27.1497	 0.26	 11.22	0.040	  160.61	100.00
 663.00	 657.16	 5.1734	34.3540	27.1493	 0.26	 11.17	0.042	  160.69	100.00
 664.00	 658.15	 5.1527	34.3528	27.1507	 0.26	 11.17	0.041	  160.61	100.00
 665.00	 659.14	 5.1436	34.3543	27.1530	 0.26	 11.18	0.040	  160.56	100.00
 666.00	 660.13	 5.1339	34.3532	27.1533	 0.26	 11.10	0.040	  160.55	100.00
 667.00	 661.12	 5.1246	34.3539	27.1549	 0.26	 11.11	0.040	  160.65	 76.86
 668.00	 662.11	 5.0977	34.3506	27.1554	 0.25	 10.99	0.040	  160.55	 99.79
 669.00	 663.10	 5.0708	34.3472	27.1558	 0.25	 11.01	0.040	  160.57	100.00
 670.00	 664.09	 5.0656	34.3469	27.1561	 0.25	 10.93	0.040	  160.59	100.00
 671.00	 665.08	 5.0464	34.3431	27.1553	 0.25	 10.74	0.040	  160.54	100.00
 672.00	 666.07	 5.0297	34.3424	27.1568	 0.25	 10.81	0.040	  160.50	100.00
 673.00	 667.06	 5.0033	34.3403	27.1581	 0.25	 10.83	0.040	  160.57	100.00
 674.00	 668.05	 4.9941	34.3426	27.1609	 0.25	 10.81	0.040	  160.61	100.00
 675.00	 669.04	 4.9904	34.3427	27.1614	 0.25	 10.83	0.040	  160.54	100.00
 676.00	 670.03	 4.9885	34.3438	27.1626	 0.25	 10.83	0.041	  160.49	100.00
 677.00	 671.02	 4.9904	34.3458	27.1639	 0.25	 10.80	0.041	  160.53	100.00
 678.00	 672.01	 4.9880	34.3464	27.1647	 0.25	 10.86	0.040	  160.57	100.00
 679.00	 673.00	 4.9805	34.3466	27.1657	 0.25	 10.83	0.040	  160.50	100.00
 680.00	 673.99	 4.9762	34.3470	27.1665	 0.25	 10.79	0.040	  160.51	100.00
 681.00	 674.97	 4.9698	34.3476	27.1678	 0.25	 10.82	0.040	  160.48	100.00
 682.00	 675.96	 4.9692	34.3482	27.1683	 0.25	 10.84	0.040	  160.50	100.00
 683.00	 676.95	 4.9688	34.3488	27.1688	 0.25	 10.95	0.041	  160.55	100.00
 684.00	 677.94	 4.9732	34.3517	27.1706	 0.25	 10.83	0.042	  160.55	100.00
 685.00	 678.93	 4.9725	34.3515	27.1706	 0.25	 10.89	0.041	  160.49	100.00
 686.00	 679.92	 4.9717	34.3516	27.1708	 0.25	 10.90	0.040	  160.46	100.00
 687.00	 680.91	 4.9712	34.3527	27.1717	 0.25	 10.90	0.040	  160.51	100.00
 688.00	 681.90	 4.9738	34.3534	27.1720	 0.25	 10.92	0.040	  160.48	100.00
 689.00	 682.89	 4.9700	34.3545	27.1733	 0.25	 10.89	0.040	  160.48	100.00
 690.00	 683.88	 4.9643	34.3540	27.1736	 0.25	 10.88	0.040	  160.49	100.00
 691.00	 684.87	 4.9553	34.3538	27.1744	 0.25	 10.90	0.041	  160.46	100.00
 692.00	 685.86	 4.9515	34.3538	27.1748	 0.25	 10.90	0.040	  160.40	100.00
 693.00	 686.85	 4.9465	34.3531	27.1749	 0.25	 10.90	0.040	  160.41	100.00
 694.00	 687.84	 4.9436	34.3542	27.1761	 0.25	 10.93	0.040	  160.40	100.00
 695.00	 688.83	 4.9466	34.3538	27.1754	 0.25	 10.94	0.040	  160.43	100.00
 696.00	 689.82	 4.9495	34.3534	27.1748	 0.25	 10.91	0.042	  160.42	100.00
 697.00	 690.81	 4.9285	34.3535	27.1773	 0.25	 10.88	0.042	  160.46	100.00
 698.00	 691.80	 4.9133	34.3533	27.1788	 0.25	 10.89	0.042	  160.48	100.00
 699.00	 692.79	 4.9073	34.3543	27.1803	 0.25	 10.91	0.041	  160.46	100.00
 700.00	 693.78	 4.8971	34.3540	27.1813	 0.25	 10.91	0.040	  160.41	100.00
 701.00	 694.76	 4.8917	34.3577	27.1848	 0.25	 10.88	0.040	  160.43	100.00
 702.00	 695.75	 4.8911	34.3578	27.1850	 0.25	 10.88	0.040	  160.44	100.00
 703.00	 696.74	 4.8900	34.3584	27.1855	 0.25	 10.95	0.040	  160.42	100.00
 704.00	 697.73	 4.8903	34.3586	27.1857	 0.25	 10.93	0.040	  160.44	100.00
 705.00	 698.72	 4.8906	34.3585	27.1856	 0.25	 10.94	0.040	  160.37	100.00
 706.00	 699.71	 4.8827	34.3573	27.1855	 0.25	 10.91	0.041	  160.45	100.00
 707.00	 700.70	 4.8765	34.3576	27.1865	 0.25	 10.93	0.042	  160.41	100.00
 708.00	 701.69	 4.8729	34.3582	27.1874	 0.25	 10.87	0.042	  160.40	100.00
 709.00	 702.68	 4.8711	34.3585	27.1879	 0.25	 10.90	0.041	  160.36	100.00
 710.00	 703.67	 4.8683	34.3588	27.1884	 0.25	 11.02	0.040	  160.37	100.00
 711.00	 704.66	 4.8648	34.3591	27.1890	 0.25	 10.90	0.040	  160.38	100.00
 712.00	 705.65	 4.8622	34.3596	27.1897	 0.25	 10.93	0.040	  160.41	100.00
 713.00	 706.64	 4.8601	34.3597	27.1901	 0.25	 10.98	0.040	  160.41	100.00
 714.00	 707.63	 4.8548	34.3601	27.1910	 0.25	 10.96	0.041	  160.36	100.00
 715.00	 708.62	 4.8535	34.3609	27.1917	 0.25	 10.97	0.042	  160.34	100.00
 716.00	 709.61	 4.8536	34.3611	27.1919	 0.25	 10.97	0.042	  160.39	100.00
 717.00	 710.60	 4.8542	34.3616	27.1922	 0.25	 11.00	0.041	  160.40	100.00
 718.00	 711.58	 4.8500	34.3616	27.1927	 0.25	 11.05	0.040	  160.39	100.00
 719.00	 712.57	 4.8411	34.3625	27.1945	 0.26	 11.09	0.040	  160.33	100.00
 720.00	 713.56	 4.8364	34.3632	27.1956	 0.26	 11.11	0.041	  160.34	100.00
 721.00	 714.55	 4.8333	34.3634	27.1960	 0.26	 11.11	0.040	  160.39	100.00
 722.00	 715.54	 4.8310	34.3639	27.1967	 0.26	 11.22	0.040	  160.36	100.00
 723.00	 716.53	 4.8303	34.3640	27.1969	 0.26	 11.18	0.041	  160.27	100.00
 724.00	 717.52	 4.8288	34.3639	27.1970	 0.26	 11.17	0.042	  160.31	100.00
 725.00	 718.51	 4.8167	34.3634	27.1980	 0.26	 11.18	0.040	  160.32	100.00
 726.00	 719.50	 4.8035	34.3659	27.2014	 0.26	 11.21	0.041	  160.33	100.00
 727.00	 720.49	 4.8010	34.3667	27.2024	 0.26	 11.21	0.040	  160.31	100.00
 728.00	 721.48	 4.8002	34.3668	27.2025	 0.26	 11.23	0.040	  160.24	100.00
 729.00	 722.47	 4.7990	34.3670	27.2028	 0.26	 11.24	0.040	  160.29	100.00
 730.00	 723.46	 4.7985	34.3676	27.2034	 0.26	 11.24	0.041	  160.32	100.00
 731.00	 724.45	 4.7961	34.3674	27.2035	 0.26	 11.24	0.041	  160.30	100.00
 732.00	 725.43	 4.7916	34.3681	27.2045	 0.26	 11.31	0.041	  160.24	100.00
 733.00	 726.42	 4.7868	34.3688	27.2056	 0.26	 11.31	0.041	  160.26	100.00
 734.00	 727.41	 4.7851	34.3691	27.2061	 0.26	 11.27	0.040	  160.26	100.00
 735.00	 728.40	 4.7846	34.3689	27.2060	 0.26	 11.32	0.040	  160.32	100.00
 736.00	 729.39	 4.7830	34.3686	27.2059	 0.26	 11.37	0.040	  160.30	100.00
 737.00	 730.38	 4.7777	34.3694	27.2071	 0.26	 11.47	0.040	  160.28	100.00
 738.00	 731.37	 4.7770	34.3729	27.2100	 0.27	 11.58	0.040	  160.28	100.00
 739.00	 732.36	 4.7808	34.3741	27.2105	 0.26	 11.50	0.040	  160.26	100.00
 740.00	 733.35	 4.7817	34.3752	27.2113	 0.27	 11.57	0.040	  160.26	100.00
 741.00	 734.34	 4.7803	34.3758	27.2120	 0.27	 11.62	0.040	  160.28	100.00
 742.00	 735.33	 4.7751	34.3764	27.2130	 0.27	 11.67	0.040	  160.18	100.00
 743.00	 736.32	 4.7731	34.3770	27.2138	 0.27	 11.71	0.040	  160.15	100.00
 744.00	 737.31	 4.7731	34.3780	27.2145	 0.27	 11.75	0.040	  160.24	100.00
 745.00	 738.30	 4.7713	34.3778	27.2146	 0.27	 11.72	0.042	  160.21	100.00
 746.00	 739.28	 4.7641	34.3779	27.2155	 0.27	 11.73	0.042	  160.20	100.00
 747.00	 740.27	 4.7578	34.3780	27.2163	 0.27	 11.71	0.041	  160.28	100.00
 748.00	 741.26	 4.7531	34.3787	27.2174	 0.27	 11.79	0.042	  160.24	100.00
 749.00	 742.25	 4.7428	34.3768	27.2170	 0.27	 11.77	0.042	  160.19	100.00
 750.00	 743.24	 4.7337	34.3780	27.2190	 0.27	 11.69	0.040	  160.18	100.00
 751.00	 744.23	 4.7318	34.3783	27.2194	 0.27	 11.71	0.040	  160.23	100.00
 752.00	 745.22	 4.7288	34.3783	27.2198	 0.27	 11.73	0.040	  160.21	100.00
 753.00	 746.21	 4.7273	34.3783	27.2200	 0.27	 11.74	0.040	  160.19	100.00
 754.00	 747.20	 4.7216	34.3781	27.2205	 0.27	 11.75	0.040	  160.14	100.00
 755.00	 748.19	 4.7174	34.3782	27.2210	 0.27	 11.78	0.040	  160.15	100.00
 756.00	 749.18	 4.7084	34.3792	27.2228	 0.27	 11.88	0.040	  160.22	100.00
 757.00	 750.17	 4.7032	34.3808	27.2247	 0.27	 11.88	0.040	  160.20	100.00
 758.00	 751.16	 4.7020	34.3815	27.2253	 0.27	 11.91	0.040	  160.17	100.00
 759.00	 752.14	 4.7017	34.3817	27.2255	 0.27	 11.85	0.041	  160.10	100.00
 760.00	 753.13	 4.7014	34.3820	27.2258	 0.27	 11.90	0.042	  160.13	100.00
 761.00	 754.12	 4.7013	34.3821	27.2259	 0.28	 12.00	0.042	  160.17	100.00
 762.00	 755.11	 4.7011	34.3823	27.2261	 0.28	 11.99	0.040	  160.20	100.00
 763.00	 756.10	 4.6955	34.3820	27.2265	 0.27	 11.94	0.040	  160.21	100.00
 764.00	 757.09	 4.6868	34.3834	27.2286	 0.27	 11.94	0.040	  160.13	100.00
 765.00	 758.08	 4.6830	34.3844	27.2298	 0.28	 11.98	0.040	  160.08	100.00
 766.00	 759.07	 4.6812	34.3843	27.2300	 0.28	 11.97	0.040	  160.12	100.00
 767.00	 760.06	 4.6779	34.3840	27.2301	 0.28	 11.99	0.040	  160.22	100.00
 768.00	 761.05	 4.6663	34.3846	27.2319	 0.28	 12.13	0.040	  160.15	100.00
 769.00	 762.04	 4.6606	34.3871	27.2345	 0.28	 12.29	0.042	  160.19	100.00
 770.00	 763.02	 4.6560	34.3885	27.2361	 0.28	 12.27	0.040	  160.08	100.00
 771.00	 764.01	 4.6543	34.3888	27.2365	 0.28	 12.24	0.040	  160.11	100.00
 772.00	 765.00	 4.6538	34.3889	27.2367	 0.28	 12.23	0.041	  160.08	100.00
 773.00	 765.99	 4.6476	34.3893	27.2377	 0.28	 12.30	0.041	  160.05	100.00
 774.00	 766.98	 4.6403	34.3905	27.2394	 0.29	 12.43	0.042	  160.14	100.00
 775.00	 767.97	 4.6343	34.3903	27.2400	 0.29	 12.52	0.042	  160.07	100.00
 776.00	 768.96	 4.6289	34.3917	27.2417	 0.29	 12.51	0.040	  160.05	100.00
 777.00	 769.95	 4.6254	34.3919	27.2422	 0.29	 12.46	0.040	  160.11	100.00
 778.00	 770.94	 4.6220	34.3933	27.2437	 0.29	 12.46	0.040	  160.07	100.00
 779.00	 771.93	 4.6215	34.3943	27.2446	 0.29	 12.53	0.040	  160.06	100.00
 780.00	 772.92	 4.6224	34.3950	27.2450	 0.29	 12.61	0.040	  160.06	100.00
 781.00	 773.90	 4.6220	34.3950	27.2451	 0.29	 12.60	0.040	  159.98	100.00
 782.00	 774.89	 4.6198	34.3953	27.2456	 0.29	 12.65	0.040	  160.06	100.00
 783.00	 775.88	 4.6188	34.3953	27.2457	 0.29	 12.71	0.040	  159.97	100.00
 784.00	 776.87	 4.6181	34.3955	27.2459	 0.29	 12.73	0.040	  159.99	100.00
 785.00	 777.86	 4.6182	34.3955	27.2459	 0.29	 12.66	0.041	  160.02	100.00
 786.00	 778.85	 4.6180	34.3956	27.2460	 0.29	 12.66	0.041	  160.04	100.00
 787.00	 779.84	 4.6186	34.3966	27.2468	 0.29	 12.72	0.040	  160.02	100.00
 788.00	 780.83	 4.6239	34.3979	27.2472	 0.29	 12.71	0.040	  159.98	100.00
 789.00	 781.82	 4.6216	34.3981	27.2476	 0.30	 12.87	0.040	  160.00	100.00
 790.00	 782.81	 4.6291	34.4013	27.2494	 0.30	 13.05	0.041	  159.95	100.00
 791.00	 783.80	 4.6293	34.4020	27.2499	 0.30	 13.00	0.042	  159.97	100.00
 792.00	 784.78	 4.6256	34.4022	27.2505	 0.30	 13.03	0.040	  159.96	100.00
 793.00	 785.77	 4.6218	34.4029	27.2515	 0.30	 13.06	0.041	  159.95	100.00
 794.00	 786.76	 4.6121	34.4030	27.2526	 0.30	 13.10	0.040	  159.92	100.00
 795.00	 787.75	 4.6156	34.4038	27.2529	 0.30	 13.18	0.040	  159.97	100.00
 796.00	 788.74	 4.6164	34.4040	27.2530	 0.30	 13.15	0.041	  159.94	100.00
 797.00	 789.73	 4.6113	34.4040	27.2536	 0.30	 13.16	0.041	  159.97	100.00
 798.00	 790.72	 4.6085	34.4050	27.2546	 0.30	 13.19	0.040	  159.94	100.00
 799.00	 791.71	 4.6012	34.4053	27.2557	 0.31	 13.27	0.040	  159.93	100.00
 800.00	 792.70	 4.5965	34.4063	27.2570	 0.31	 13.35	0.040	  159.97	100.00
 801.00	 793.69	 4.5952	34.4064	27.2573	 0.31	 13.40	0.040	  159.92	100.00
 802.00	 794.67	 4.5947	34.4065	27.2574	 0.31	 13.44	0.041	  159.84	100.00
 803.00	 795.66	 4.5915	34.4061	27.2574	 0.31	 13.39	0.040	  159.93	100.00
 804.00	 796.65	 4.5836	34.4057	27.2580	 0.31	 13.41	0.040	  159.95	100.00
 805.00	 797.64	 4.5798	34.4068	27.2593	 0.31	 13.42	0.040	  159.97	100.00
 806.00	 798.63	 4.5795	34.4071	27.2596	 0.31	 13.43	0.041	  159.97	100.00
 807.00	 799.62	 4.5759	34.4067	27.2597	 0.31	 13.45	0.041	  159.92	100.00
 808.00	 800.61	 4.5664	34.4080	27.2617	 0.31	 13.55	0.040	  159.92	100.00
 809.00	 801.60	 4.5597	34.4080	27.2624	 0.31	 13.60	0.040	  159.91	100.00
 810.00	 802.59	 4.5492	34.4090	27.2644	 0.31	 13.67	0.041	  159.93	100.00
 811.00	 803.57	 4.5459	34.4101	27.2656	 0.32	 13.73	0.042	  159.86	100.00
 812.00	 804.56	 4.5423	34.4099	27.2659	 0.31	 13.66	0.041	  159.87	100.00
 813.00	 805.55	 4.5380	34.4107	27.2670	 0.31	 13.69	0.040	  159.94	100.00
 814.00	 806.54	 4.5351	34.4112	27.2677	 0.32	 13.70	0.041	  159.93	100.00
 815.00	 807.53	 4.5343	34.4115	27.2680	 0.31	 13.67	0.041	  159.92	100.00
 816.00	 808.52	 4.5321	34.4117	27.2685	 0.31	 13.67	0.040	  159.88	100.00
 817.00	 809.51	 4.5299	34.4121	27.2690	 0.32	 13.77	0.040	  159.89	100.00
 818.00	 810.50	 4.5281	34.4120	27.2692	 0.32	 13.85	0.041	  159.86	100.00
 819.00	 811.49	 4.5245	34.4123	27.2697	 0.32	 13.90	0.041	  159.83	100.00
 820.00	 812.47	 4.5214	34.4124	27.2702	 0.32	 13.92	0.040	  159.83	100.00
 821.00	 813.46	 4.5177	34.4126	27.2708	 0.32	 13.89	0.040	  159.81	100.00
 822.00	 814.45	 4.5150	34.4129	27.2713	 0.32	 13.91	0.040	  159.82	100.00
 823.00	 815.44	 4.5114	34.4129	27.2717	 0.32	 13.91	0.041	  159.82	100.00
 824.00	 816.43	 4.5066	34.4142	27.2732	 0.32	 13.93	0.040	  159.76	100.00
 825.00	 817.42	 4.5050	34.4143	27.2736	 0.32	 13.92	0.040	  159.78	100.00
 826.00	 818.41	 4.5023	34.4145	27.2740	 0.32	 13.93	0.040	  159.75	100.00
 827.00	 819.40	 4.4975	34.4145	27.2745	 0.32	 13.95	0.040	  159.75	100.00
 828.00	 820.39	 4.4931	34.4153	27.2756	 0.32	 14.07	0.040	  159.74	100.00
 829.00	 821.37	 4.4902	34.4158	27.2763	 0.33	 14.18	0.040	  159.76	100.00
 830.00	 822.36	 4.4875	34.4154	27.2763	 0.32	 14.12	0.040	  159.76	100.00
 831.00	 823.35	 4.4800	34.4145	27.2764	 0.32	 14.04	0.041	  159.80	100.00
 832.00	 824.34	 4.4691	34.4135	27.2768	 0.33	 14.15	0.041	  159.80	100.00
 833.00	 825.33	 4.4645	34.4148	27.2784	 0.33	 14.23	0.040	  159.81	100.00
 834.00	 826.32	 4.4633	34.4151	27.2787	 0.33	 14.18	0.040	  159.76	100.00
 835.00	 827.31	 4.4612	34.4156	27.2794	 0.33	 14.19	0.040	  159.76	100.00
 836.00	 828.30	 4.4600	34.4160	27.2798	 0.33	 14.18	0.041	  159.70	100.00
 837.00	 829.28	 4.4592	34.4162	27.2801	 0.33	 14.18	0.040	  159.70	100.00
 838.00	 830.27	 4.4590	34.4164	27.2802	 0.33	 14.19	0.041	  159.70	100.00
 839.00	 831.26	 4.4581	34.4164	27.2804	 0.33	 14.23	0.041	  159.73	100.00
 840.00	 832.25	 4.4562	34.4168	27.2809	 0.33	 14.36	0.042	  159.71	100.00
 841.00	 833.24	 4.4498	34.4175	27.2821	 0.33	 14.50	0.040	  159.72	100.00
 842.00	 834.23	 4.4455	34.4190	27.2839	 0.33	 14.55	0.040	  159.66	100.00
 843.00	 835.22	 4.4441	34.4193	27.2842	 0.33	 14.48	0.041	  159.72	100.00
 844.00	 836.21	 4.4391	34.4193	27.2848	 0.34	 14.57	0.041	  159.68	100.00
 845.00	 837.20	 4.4345	34.4202	27.2860	 0.34	 14.70	0.040	  159.67	100.00
 846.00	 838.18	 4.4318	34.4205	27.2865	 0.34	 14.75	0.040	  159.71	100.00
 847.00	 839.17	 4.4251	34.4207	27.2874	 0.34	 14.83	0.041	  159.74	100.00
 848.00	 840.16	 4.4121	34.4223	27.2901	 0.34	 14.94	0.041	  159.73	100.00
 849.00	 841.15	 4.4076	34.4230	27.2911	 0.34	 14.95	0.040	  159.72	100.00
 850.00	 842.14	 4.4063	34.4229	27.2912	 0.34	 14.92	0.041	  159.71	100.00
 851.00	 843.13	 4.4027	34.4223	27.2911	 0.34	 14.96	0.042	  159.73	100.00
 852.00	 844.12	 4.3985	34.4232	27.2923	 0.34	 14.94	0.042	  159.71	100.00
 853.00	 845.11	 4.3953	34.4233	27.2927	 0.34	 14.94	0.041	  159.71	100.00
 854.00	 846.09	 4.3892	34.4234	27.2934	 0.35	 15.03	0.041	  159.70	100.00
 855.00	 847.08	 4.3858	34.4244	27.2946	 0.35	 15.14	0.042	  159.65	100.00
