wcoa21_data_management/01_CRUISE_METADATA/00_OCADS_data/CTD_downcasts/WCOA_2021_CTD_downcasts/dRB2102_CTD_122_01_F.txt
* Sea-Bird SBE 9 Data:
* Software Version Seasave V 7.26.7.107
* Vessel: NOAA Ship Ronald H. Brown
* Cruise: RB2102, West Coast Ocean Acidification (WCOA) 2021
* Dates: 20210622 to 20210723
* Region: NE Pacific, USA West Coast
* Ports: San Diego, CA to Port Angeles, WA to San Diego, CA
* Chief Scientists: R. Feely, NOAA PMEL; D. Greeley, NOAA PMEL; B. Carter, NOAA PMEL / UW CICOES
*END*
[from data line 214]
 217.00	 215.34	 8.9604	34.1615	26.4715	 1.25	 54.36	0.040	  159.41	 99.83
 218.00	 216.33	 8.9575	34.1624	26.4727	 1.24	 54.08	0.040	  159.42	 99.84
 219.00	 217.32	 8.9567	34.1626	26.4730	 1.24	 53.87	0.040	  159.42	 99.84
 220.00	 218.31	 8.9547	34.1631	26.4737	 1.24	 53.79	0.040	  159.45	 99.84
 221.00	 219.30	 8.9531	34.1635	26.4743	 1.24	 53.89	0.040	  159.42	 99.84
 222.00	 220.29	 8.9508	34.1636	26.4747	 1.24	 53.91	0.040	  159.42	 99.85
 223.00	 221.29	 8.9491	34.1637	26.4751	 1.23	 53.68	0.040	  159.37	 99.85
 224.00	 222.28	 8.9476	34.1639	26.4756	 1.23	 53.41	0.040	  159.44	 99.84
 225.00	 223.27	 8.9463	34.1643	26.4761	 1.22	 53.23	0.040	  159.41	 99.85
 226.00	 224.26	 8.9459	34.1644	26.4762	 1.22	 53.14	0.040	  159.35	 99.85
 227.00	 225.25	 8.9458	34.1646	26.4764	 1.22	 53.04	0.040	  159.39	 99.85
 228.00	 226.25	 8.9460	34.1645	26.4763	 1.21	 52.69	0.040	  159.33	 99.85
 229.00	 227.24	 8.9446	34.1644	26.4765	 1.19	 51.87	0.040	  159.36	 99.85
 230.00	 228.23	 8.9367	34.1650	26.4782	 1.17	 51.04	0.041	  159.32	 99.85
 231.00	 229.22	 8.9252	34.1664	26.4811	 1.16	 50.66	0.041	  159.38	 99.85
 232.00	 230.21	 8.9043	34.1676	26.4854	 1.16	 50.57	0.040	  159.41	 99.85
 233.00	 231.20	 8.8885	34.1706	26.4902	 1.16	 50.39	0.040	  159.30	 99.85
 234.00	 232.20	 8.8822	34.1707	26.4914	 1.15	 49.99	0.040	  159.38	 99.85
 235.00	 233.19	 8.8762	34.1731	26.4942	 1.14	 49.70	0.040	  159.33	 99.85
 236.00	 234.18	 8.8750	34.1736	26.4948	 1.14	 49.62	0.040	  159.33	 99.85
 237.00	 235.17	 8.8736	34.1737	26.4951	 1.14	 49.55	0.040	  159.37	 99.85
 238.00	 236.16	 8.8731	34.1739	26.4954	 1.14	 49.52	0.040	  159.34	 99.85
 239.00	 237.15	 8.8709	34.1737	26.4956	 1.14	 49.40	0.040	  159.29	 99.85
 240.00	 238.15	 8.8667	34.1740	26.4964	 1.14	 49.43	0.040	  159.30	 99.85
 241.00	 239.14	 8.8651	34.1742	26.4969	 1.13	 49.33	0.040	  159.28	 99.85
 242.00	 240.13	 8.8640	34.1745	26.4973	 1.13	 49.26	0.040	  159.24	 99.85
 243.00	 241.12	 8.8635	34.1746	26.4975	 1.13	 49.23	0.040	  159.31	 99.85
 244.00	 242.11	 8.8629	34.1747	26.4977	 1.13	 49.08	0.040	  159.24	 99.86
 245.00	 243.10	 8.8616	34.1751	26.4982	 1.12	 48.83	0.040	  159.23	 99.86
 246.00	 244.10	 8.8577	34.1757	26.4993	 1.12	 48.70	0.040	  159.26	 99.86
 247.00	 245.09	 8.8545	34.1760	26.5000	 1.12	 48.52	0.040	  159.21	 99.86
 248.00	 246.08	 8.8515	34.1767	26.5011	 1.11	 48.46	0.040	  159.21	 99.86
 249.00	 247.07	 8.8501	34.1767	26.5013	 1.11	 48.41	0.040	  159.23	 99.87
 250.00	 248.06	 8.8486	34.1768	26.5017	 1.11	 48.27	0.040	  159.20	 99.86
 251.00	 249.05	 8.8460	34.1770	26.5022	 1.11	 48.16	0.040	  159.20	 99.87
 252.00	 250.05	 8.8421	34.1775	26.5033	 1.11	 48.13	0.040	  159.15	 99.86
 253.00	 251.04	 8.8395	34.1778	26.5039	 1.10	 48.06	0.040	  159.15	 99.86
 254.00	 252.03	 8.8369	34.1781	26.5046	 1.10	 47.83	0.040	  159.13	 99.87
 255.00	 253.02	 8.8335	34.1788	26.5057	 1.10	 47.74	0.040	  159.15	 99.87
 256.00	 254.01	 8.8300	34.1795	26.5068	 1.10	 47.65	0.040	  159.10	 99.81
 257.00	 255.00	 8.8271	34.1799	26.5076	 1.09	 47.48	0.040	  159.05	 99.02
 258.00	 256.00	 8.8265	34.1799	26.5077	 1.09	 47.29	0.040	  159.15	 98.53
 259.00	 256.99	 8.8225	34.1805	26.5088	 1.08	 47.12	0.040	  159.15	 97.30
 260.00	 257.98	 8.8202	34.1815	26.5099	 1.08	 46.83	0.040	  159.10	 96.34
 261.00	 258.97	 8.8175	34.1821	26.5109	 1.06	 46.27	0.040	  159.10	 95.35
 262.00	 259.96	 8.8100	34.1830	26.5128	 1.05	 45.81	0.040	  159.07	 94.31
 263.00	 260.95	 8.7950	34.1857	26.5173	 1.05	 45.47	0.040	  159.04	 93.38
 264.00	 261.95	 8.7901	34.1870	26.5191	 1.04	 45.15	0.040	  159.04	 92.33
 265.00	 262.94	 8.7827	34.1876	26.5207	 1.03	 44.96	0.040	  158.98	 91.30
 266.00	 263.93	 8.7776	34.1880	26.5218	 1.03	 44.75	0.040	  159.01	 90.29
 267.00	 264.92	 8.7683	34.1887	26.5239	 1.02	 44.42	0.040	  158.95	 89.38
 268.00	 265.91	 8.7576	34.1893	26.5260	 1.01	 44.05	0.040	  159.02	 88.31
 269.00	 266.90	 8.7455	34.1900	26.5284	 1.00	 43.71	0.040	  158.99	 87.31
 270.00	 267.89	 8.7277	34.1915	26.5324	 1.00	 43.41	0.040	  158.97	 86.29
 271.00	 268.89	 8.7199	34.1927	26.5346	 0.99	 43.12	0.040	  158.97	 85.29
 272.00	 269.88	 8.7146	34.1928	26.5355	 0.98	 42.81	0.040	  158.97	 84.34
 273.00	 270.87	 8.6913	34.1927	26.5391	 0.98	 42.53	0.040	  158.94	 83.31
 274.00	 271.86	 8.6802	34.1947	26.5424	 0.97	 42.30	0.040	  158.96	 82.25
 275.00	 272.85	 8.6732	34.1947	26.5435	 0.97	 42.16	0.040	  158.96	 81.26
 276.00	 273.84	 8.6703	34.1952	26.5443	 0.97	 42.07	0.040	  158.97	 80.34
 277.00	 274.84	 8.6683	34.1954	26.5448	 0.96	 41.96	0.040	  158.94	 79.37
 278.00	 275.83	 8.6603	34.1955	26.5462	 0.96	 41.79	0.040	  158.99	 78.32
 279.00	 276.82	 8.6552	34.1960	26.5474	 0.96	 41.69	0.040	  158.97	 77.40
 280.00	 277.81	 8.6505	34.1964	26.5484	 0.96	 41.61	0.040	  158.99	 76.31
 281.00	 278.80	 8.6449	34.1965	26.5493	 0.95	 41.43	0.040	  158.94	 75.32
 282.00	 279.79	 8.6364	34.1965	26.5507	 0.95	 41.12	0.040	  158.99	 74.28
 283.00	 280.78	 8.6175	34.1961	26.5533	 0.94	 40.79	0.040	  159.00	 73.33
 284.00	 281.78	 8.5997	34.1984	26.5579	 0.93	 40.58	0.040	  158.97	 72.33
 285.00	 282.77	 8.5932	34.1975	26.5582	 0.92	 40.21	0.040	  158.95	 71.36
 286.00	 283.76	 8.5677	34.1985	26.5629	 0.92	 39.93	0.040	  158.99	 70.34
 287.00	 284.75	 8.5557	34.1990	26.5652	 0.91	 39.58	0.040	  158.99	 69.30
 288.00	 285.74	 8.5416	34.1983	26.5669	 0.90	 39.24	0.040	  158.96	 68.32
 289.00	 286.73	 8.5097	34.1994	26.5726	 0.90	 39.07	0.040	  159.01	 67.33
 290.00	 287.73	 8.5009	34.2009	26.5752	 0.89	 38.92	0.040	  158.94	 66.38
 291.00	 288.72	 8.4987	34.2012	26.5757	 0.89	 38.85	0.040	  158.95	 65.35
 292.00	 289.71	 8.4981	34.2014	26.5760	 0.89	 38.81	0.040	  158.90	 64.36
 293.00	 290.70	 8.4964	34.2011	26.5761	 0.89	 38.69	0.040	  158.92	 63.38
 294.00	 291.69	 8.4911	34.2015	26.5771	 0.89	 38.55	0.040	  158.86	 62.37
 295.00	 292.68	 8.4779	34.2010	26.5789	 0.88	 38.38	0.040	  158.89	 61.35
 296.00	 293.67	 8.4661	34.2021	26.5816	 0.88	 38.21	0.040	  158.86	 60.28
 297.00	 294.67	 8.4591	34.2021	26.5826	 0.87	 38.02	0.040	  158.89	 59.31
 298.00	 295.66	 8.4524	34.2025	26.5839	 0.87	 37.76	0.040	  158.80	 58.31
 299.00	 296.65	 8.4385	34.2010	26.5849	 0.86	 37.49	0.040	  158.86	 57.34
 300.00	 297.64	 8.4125	34.2024	26.5900	 0.86	 37.32	0.040	  158.82	 56.36
 301.00	 298.63	 8.4057	34.2029	26.5914	 0.85	 37.08	0.040	  158.80	 55.36
 302.00	 299.62	 8.3881	34.2025	26.5938	 0.85	 36.91	0.040	  158.81	 54.34
 303.00	 300.61	 8.3743	34.2034	26.5966	 0.84	 36.56	0.040	  158.81	 53.28
 304.00	 301.61	 8.3619	34.2036	26.5987	 0.83	 36.17	0.040	  158.76	 52.34
 305.00	 302.60	 8.3443	34.2007	26.5991	 0.82	 35.79	0.040	  158.80	 51.33
 306.00	 303.59	 8.3098	34.2043	26.6072	 0.82	 35.60	0.040	  158.81	 50.32
 307.00	 304.58	 8.3047	34.2044	26.6080	 0.81	 35.34	0.040	  158.81	 49.33
 308.00	 305.57	 8.3006	34.2049	26.6091	 0.81	 35.13	0.040	  158.79	 48.31
 309.00	 306.56	 8.2985	34.2049	26.6094	 0.80	 35.00	0.040	  158.79	 47.31
 310.00	 307.55	 8.2927	34.2049	26.6103	 0.80	 34.92	0.040	  158.76	 46.33
 311.00	 308.54	 8.2899	34.2055	26.6112	 0.80	 34.84	0.040	  158.76	 45.37
 312.00	 309.54	 8.2897	34.2055	26.6112	 0.80	 34.89	0.040	  158.75	 44.31
 313.00	 310.53	 8.2891	34.2054	26.6112	 0.80	 34.81	0.040	  158.75	 43.31
 314.00	 311.52	 8.2861	34.2055	26.6118	 0.80	 34.65	0.040	  158.71	 42.38
 315.00	 312.51	 8.2864	34.2058	26.6120	 0.80	 34.64	0.040	  158.72	 41.29
 316.00	 313.50	 8.2874	34.2057	26.6118	 0.79	 34.53	0.041	  158.70	 40.27
 317.00	 314.49	 8.2868	34.2059	26.6121	 0.79	 34.49	0.040	  158.80	 39.33
 318.00	 315.48	 8.2861	34.2057	26.6121	 0.79	 34.55	0.040	  158.68	 38.35
 319.00	 316.48	 8.2872	34.2060	26.6122	 0.79	 34.52	0.040	  158.63	 37.32
 320.00	 317.47	 8.2884	34.2060	26.6119	 0.79	 34.35	0.041	  158.68	 36.32
 321.00	 318.46	 8.2864	34.2054	26.6118	 0.78	 34.05	0.041	  158.64	 35.28
 322.00	 319.45	 8.2803	34.2057	26.6129	 0.78	 33.86	0.040	  158.61	 34.29
 323.00	 320.44	 8.2739	34.2054	26.6137	 0.77	 33.64	0.040	  158.58	 33.31
 324.00	 321.43	 8.2671	34.2057	26.6150	 0.77	 33.49	0.040	  158.55	 32.32
 325.00	 322.42	 8.2604	34.2053	26.6157	 0.76	 33.26	0.040	  158.55	 31.33
 326.00	 323.41	 8.2538	34.2056	26.6169	 0.76	 33.08	0.041	  158.53	 30.32
 327.00	 324.41	 8.2448	34.2054	26.6182	 0.76	 32.87	0.041	  158.52	 29.27
 328.00	 325.40	 8.2381	34.2055	26.6192	 0.75	 32.73	0.040	  158.49	 28.27
 329.00	 326.39	 8.2190	34.2058	26.6224	 0.75	 32.62	0.041	  158.47	 27.19
 330.00	 327.38	 8.2066	34.2065	26.6248	 0.75	 32.59	0.041	  158.45	 26.12
 331.00	 328.37	 8.2010	34.2065	26.6257	 0.75	 32.54	0.040	  158.46	 25.09
 332.00	 329.36	 8.1983	34.2064	26.6260	 0.74	 32.05	0.041	  158.38	 24.08
 333.00	 330.35	 8.1771	34.2069	26.6296	 0.72	 31.38	0.041	  158.31	 23.08
 334.00	 331.34	 8.1716	34.2071	26.6306	 0.71	 30.98	0.041	  158.21	 22.05
 335.00	 332.34	 8.1658	34.2072	26.6316	 0.71	 30.74	0.041	  158.15	 21.06
 336.00	 333.33	 8.1640	34.2072	26.6318	 0.70	 30.60	0.041	  158.06	 20.06
 337.00	 334.32	 8.1611	34.2073	26.6324	 0.70	 30.54	0.041	  157.96	 19.05
 338.00	 335.31	 8.1584	34.2073	26.6328	 0.70	 30.41	0.041	  157.85	 18.02
 339.00	 336.30	 8.1536	34.2073	26.6335	 0.70	 30.33	0.042	  157.75	 17.04
 340.00	 337.29	 8.1480	34.2074	26.6345	 0.69	 30.18	0.041	  157.60	 16.05
 341.00	 338.28	 8.1448	34.2073	26.6349	 0.69	 30.14	0.041	  157.51	 15.03
 342.00	 339.27	 8.1376	34.2075	26.6361	 0.69	 30.02	0.040	  157.36	 14.03
 343.00	 340.27	 8.1199	34.2079	26.6390	 0.69	 29.82	0.041	  157.24	 13.02
 344.00	 341.26	 8.1115	34.2075	26.6400	 0.68	 29.60	0.041	  157.17	 12.04
 345.00	 342.25	 8.1035	34.2077	26.6414	 0.68	 29.49	0.041	  157.02	 11.02
 346.00	 343.24	 8.1047	34.2078	26.6413	 0.68	 29.45	0.041	  156.32	  9.88
