wcoa21_data_management/01_CRUISE_METADATA/00_OCADS_data/CTD_downcasts/WCOA_2021_CTD_downcasts/dRB2102_CTD_098_01_F.txt
* Sea-Bird SBE 9 Data:
* Software Version Seasave V 7.26.7.107
* Vessel: NOAA Ship Ronald H. Brown
* Cruise: RB2102, West Coast Ocean Acidification (WCOA) 2021
* Dates: 20210622 to 20210723
* Region: NE Pacific, USA West Coast
* Ports: San Diego, CA to Port Angeles, WA to San Diego, CA
* Chief Scientists: R. Feely, NOAA PMEL; D. Greeley, NOAA PMEL; B. Carter, NOAA PMEL / UW CICOES
*END*
[from data line 1494]
1496.00	1479.68	 2.9850	34.5295	27.5206	 0.89	 38.54	0.041	  154.26	100.00
1497.00	1480.66	 2.9816	34.5297	27.5211	 0.89	 38.55	0.041	  154.32	100.00
1498.00	1481.65	 2.9806	34.5298	27.5212	 0.89	 38.55	0.041	  154.33	100.00
1499.00	1482.63	 2.9761	34.5296	27.5215	 0.89	 38.63	0.040	  154.29	100.00
1500.00	1483.62	 2.9715	34.5297	27.5220	 0.89	 38.66	0.040	  154.30	100.00
1501.00	1484.60	 2.9690	34.5301	27.5225	 0.89	 38.83	0.040	  154.29	100.00
1502.00	1485.59	 2.9671	34.5301	27.5227	 0.89	 38.89	0.040	  154.32	100.00
1503.00	1486.58	 2.9650	34.5301	27.5229	 0.89	 38.56	0.040	  154.33	100.00
1504.00	1487.56	 2.9641	34.5302	27.5230	 0.89	 38.73	0.040	  154.26	100.00
1505.00	1488.55	 2.9631	34.5303	27.5232	 0.89	 38.74	0.040	  154.32	100.00
1506.00	1489.53	 2.9611	34.5304	27.5235	 0.89	 38.80	0.040	  154.30	100.00
1507.00	1490.52	 2.9555	34.5309	27.5244	 0.90	 39.01	0.041	  154.30	100.00
1508.00	1491.50	 2.9547	34.5308	27.5244	 0.90	 39.19	0.040	  154.34	100.00
1509.00	1492.49	 2.9513	34.5313	27.5251	 0.90	 38.94	0.040	  154.25	100.00
1510.00	1493.47	 2.9498	34.5312	27.5252	 0.90	 39.14	0.040	  154.32	100.00
1511.00	1494.46	 2.9475	34.5313	27.5255	 0.91	 39.48	0.040	  154.25	100.00
1512.00	1495.45	 2.9444	34.5314	27.5258	 0.90	 39.22	0.040	  154.29	100.00
1513.00	1496.43	 2.9401	34.5317	27.5264	 0.90	 39.33	0.040	  154.30	100.00
1514.00	1497.42	 2.9376	34.5320	27.5269	 0.90	 39.24	0.040	  154.30	100.00
1515.00	1498.40	 2.9371	34.5320	27.5270	 0.90	 39.31	0.040	  154.24	100.00
1516.00	1499.39	 2.9365	34.5321	27.5271	 0.91	 39.50	0.040	  154.28	100.00
1517.00	1500.37	 2.9366	34.5322	27.5272	 0.91	 39.66	0.040	  154.29	100.00
1518.00	1501.36	 2.9343	34.5321	27.5273	 0.91	 39.66	0.040	  154.23	100.00
1519.00	1502.34	 2.9320	34.5324	27.5277	 0.91	 39.41	0.040	  154.29	100.00
1520.00	1503.33	 2.9315	34.5326	27.5280	 0.91	 39.52	0.040	  154.27	100.00
1521.00	1504.31	 2.9306	34.5326	27.5280	 0.91	 39.55	0.040	  154.28	100.00
1522.00	1505.30	 2.9297	34.5326	27.5282	 0.91	 39.39	0.040	  154.20	100.00
1523.00	1506.29	 2.9294	34.5328	27.5284	 0.91	 39.53	0.041	  154.18	100.00
1524.00	1507.27	 2.9293	34.5328	27.5284	 0.91	 39.65	0.042	  154.24	100.00
1525.00	1508.26	 2.9269	34.5327	27.5285	 0.91	 39.61	0.041	  154.27	100.00
1526.00	1509.24	 2.9232	34.5331	27.5291	 0.91	 39.75	0.040	  154.19	100.00
1527.00	1510.23	 2.9214	34.5333	27.5295	 0.92	 39.79	0.040	  154.23	100.00
1528.00	1511.21	 2.9212	34.5334	27.5296	 0.92	 39.79	0.040	  154.18	100.00
1529.00	1512.20	 2.9206	34.5335	27.5297	 0.92	 39.78	0.040	  154.13	100.00
1530.00	1513.18	 2.9190	34.5336	27.5299	 0.92	 39.93	0.040	  154.16	100.00
1531.00	1514.17	 2.9182	34.5336	27.5300	 0.92	 39.84	0.040	  154.13	100.00
1532.00	1515.15	 2.9174	34.5337	27.5302	 0.92	 39.80	0.041	  154.16	100.00
1533.00	1516.14	 2.9172	34.5338	27.5303	 0.92	 40.15	0.041	  154.23	100.00
1534.00	1517.13	 2.9149	34.5338	27.5305	 0.93	 40.46	0.040	  154.18	100.00
1535.00	1518.11	 2.9106	34.5341	27.5311	 0.93	 40.42	0.040	  154.22	100.00
1536.00	1519.10	 2.9030	34.5349	27.5324	 0.94	 40.68	0.040	  154.19	100.00
1537.00	1520.08	 2.9003	34.5354	27.5331	 0.94	 40.64	0.040	  154.19	100.00
1538.00	1521.07	 2.8969	34.5356	27.5335	 0.94	 40.85	0.040	  154.18	100.00
1539.00	1522.05	 2.8950	34.5359	27.5339	 0.94	 41.04	0.040	  154.13	100.00
1540.00	1523.04	 2.8924	34.5357	27.5341	 0.94	 41.01	0.040	  154.18	100.00
1541.00	1524.02	 2.8865	34.5363	27.5350	 0.95	 41.09	0.042	  154.14	100.00
1542.00	1525.01	 2.8829	34.5366	27.5356	 0.95	 41.30	0.041	  154.10	100.00
1543.00	1525.99	 2.8779	34.5371	27.5365	 0.95	 41.20	0.040	  154.07	100.00
1544.00	1526.98	 2.8755	34.5374	27.5369	 0.95	 41.29	0.040	  154.14	100.00
1545.00	1527.96	 2.8762	34.5373	27.5368	 0.95	 41.41	0.041	  154.14	100.00
1546.00	1528.95	 2.8740	34.5375	27.5371	 0.96	 41.57	0.040	  154.21	100.00
1547.00	1529.94	 2.8695	34.5380	27.5380	 0.96	 41.60	0.040	  154.10	100.00
1548.00	1530.92	 2.8673	34.5384	27.5385	 0.96	 41.60	0.040	  154.13	100.00
1549.00	1531.91	 2.8670	34.5385	27.5386	 0.96	 41.69	0.040	  154.11	100.00
1550.00	1532.89	 2.8671	34.5387	27.5388	 0.96	 41.58	0.040	  154.14	100.00
1551.00	1533.88	 2.8672	34.5384	27.5385	 0.96	 41.59	0.040	  154.18	100.00
1552.00	1534.86	 2.8676	34.5385	27.5385	 0.96	 41.63	0.040	  154.18	100.00
1553.00	1535.85	 2.8666	34.5387	27.5388	 0.96	 41.53	0.040	  154.12	100.00
1554.00	1536.83	 2.8659	34.5389	27.5390	 0.96	 41.80	0.041	  154.09	100.00
1555.00	1537.82	 2.8665	34.5389	27.5390	 0.96	 41.65	0.041	  154.09	100.00
1556.00	1538.80	 2.8659	34.5389	27.5391	 0.96	 41.80	0.040	  154.13	100.00
1557.00	1539.79	 2.8646	34.5391	27.5393	 0.97	 42.07	0.042	  154.08	100.00
1558.00	1540.77	 2.8602	34.5394	27.5399	 0.97	 42.17	0.040	  154.07	100.00
1559.00	1541.76	 2.8559	34.5396	27.5405	 0.96	 41.86	0.040	  154.09	100.00
1560.00	1542.74	 2.8525	34.5401	27.5412	 0.97	 42.11	0.040	  154.08	100.00
1561.00	1543.73	 2.8521	34.5400	27.5411	 0.97	 42.33	0.040	  154.07	100.00
1562.00	1544.72	 2.8516	34.5402	27.5413	 0.97	 41.99	0.040	  154.09	100.00
1563.00	1545.70	 2.8507	34.5401	27.5414	 0.97	 42.08	0.040	  154.09	100.00
1564.00	1546.69	 2.8479	34.5403	27.5418	 0.97	 42.33	0.041	  154.09	100.00
1565.00	1547.67	 2.8459	34.5407	27.5423	 0.98	 42.55	0.041	  154.07	100.00
1566.00	1548.66	 2.8419	34.5406	27.5426	 0.99	 42.88	0.040	  154.08	100.00
1567.00	1549.64	 2.8350	34.5412	27.5436	 0.99	 43.03	0.040	  154.08	100.00
1568.00	1550.63	 2.8312	34.5416	27.5443	 0.99	 42.89	0.040	  154.07	100.00
1569.00	1551.61	 2.8243	34.5417	27.5450	 0.98	 42.80	0.040	  154.07	100.00
1570.00	1552.60	 2.8198	34.5424	27.5459	 0.99	 43.17	0.040	  154.05	100.00
1571.00	1553.58	 2.8179	34.5427	27.5464	 1.00	 43.38	0.040	  154.11	100.00
1572.00	1554.57	 2.8176	34.5427	27.5464	 0.99	 43.15	0.040	  154.05	100.00
1573.00	1555.55	 2.8183	34.5426	27.5463	 1.00	 43.28	0.040	  154.05	100.00
1574.00	1556.54	 2.8143	34.5431	27.5470	 0.99	 43.10	0.040	  154.09	100.00
1575.00	1557.52	 2.8123	34.5435	27.5475	 1.00	 43.28	0.040	  153.98	100.00
1576.00	1558.51	 2.8114	34.5435	27.5476	 1.00	 43.65	0.040	  154.02	100.00
1577.00	1559.49	 2.8095	34.5437	27.5479	 1.00	 43.62	0.040	  153.98	100.00
1578.00	1560.48	 2.8090	34.5438	27.5481	 1.00	 43.55	0.040	  154.02	100.00
1579.00	1561.46	 2.8086	34.5439	27.5482	 1.00	 43.56	0.040	  154.04	100.00
1580.00	1562.45	 2.8073	34.5439	27.5483	 1.00	 43.57	0.040	  154.04	100.00
1581.00	1563.43	 2.8048	34.5442	27.5488	 1.01	 43.70	0.040	  154.07	100.00
1582.00	1564.42	 2.8036	34.5442	27.5489	 1.01	 43.78	0.041	  154.05	100.00
1583.00	1565.41	 2.7992	34.5446	27.5496	 1.01	 43.88	0.041	  154.08	100.00
1584.00	1566.39	 2.7989	34.5449	27.5499	 1.01	 43.69	0.040	  154.03	100.00
1585.00	1567.38	 2.7990	34.5449	27.5499	 1.00	 43.62	0.040	  154.01	100.00
1586.00	1568.36	 2.7964	34.5451	27.5502	 1.01	 43.87	0.040	  153.98	100.00
1587.00	1569.35	 2.7951	34.5452	27.5505	 1.01	 44.05	0.040	  154.02	100.00
1588.00	1570.33	 2.7949	34.5452	27.5505	 1.01	 44.08	0.040	  154.06	100.00
1589.00	1571.32	 2.7947	34.5454	27.5507	 1.01	 44.06	0.040	  153.96	100.00
1590.00	1572.30	 2.7949	34.5453	27.5506	 1.01	 44.01	0.040	  154.00	100.00
1591.00	1573.29	 2.7945	34.5454	27.5507	 1.01	 44.08	0.040	  153.94	100.00
1592.00	1574.27	 2.7932	34.5454	27.5509	 1.01	 44.01	0.040	  153.98	100.00
1593.00	1575.26	 2.7925	34.5456	27.5510	 1.01	 44.04	0.040	  153.99	100.00
1594.00	1576.24	 2.7916	34.5456	27.5511	 1.02	 44.29	0.040	  154.04	100.00
1595.00	1577.23	 2.7901	34.5458	27.5514	 1.01	 44.09	0.040	  153.93	100.00
1596.00	1578.21	 2.7895	34.5460	27.5516	 1.02	 44.15	0.040	  153.93	100.00
1597.00	1579.20	 2.7898	34.5458	27.5515	 1.02	 44.32	0.040	  153.99	100.00
1598.00	1580.18	 2.7899	34.5458	27.5515	 1.02	 44.12	0.040	  153.96	100.00
1599.00	1581.17	 2.7901	34.5458	27.5515	 1.02	 44.14	0.040	  153.97	100.00
1600.00	1582.15	 2.7903	34.5459	27.5516	 1.02	 44.26	0.040	  153.97	100.00
1601.00	1583.14	 2.7898	34.5460	27.5516	 1.02	 44.25	0.040	  153.94	100.00
1602.00	1584.12	 2.7898	34.5459	27.5516	 1.02	 44.20	0.041	  153.97	100.00
1603.00	1585.11	 2.7900	34.5459	27.5516	 1.02	 44.26	0.041	  153.95	100.00
1604.00	1586.09	 2.7887	34.5460	27.5518	 1.02	 44.31	0.040	  153.97	100.00
1605.00	1587.08	 2.7873	34.5462	27.5521	 1.02	 44.39	0.040	  153.94	100.00
1606.00	1588.06	 2.7849	34.5465	27.5525	 1.03	 44.69	0.040	  153.93	100.00
1607.00	1589.05	 2.7842	34.5466	27.5527	 1.03	 44.72	0.040	  153.93	100.00
1608.00	1590.03	 2.7838	34.5467	27.5528	 1.01	 43.88	0.040	  153.88	100.00
1609.00	1591.02	 2.7837	34.5470	27.5530	 1.02	 44.35	0.040	  153.86	100.00
1610.00	1592.00	 2.7834	34.5468	27.5529	 1.03	 44.70	0.040	  153.87	100.00
1611.00	1592.99	 2.7829	34.5469	27.5530	 1.02	 44.50	0.040	  153.92	100.00
1612.00	1593.97	 2.7827	34.5467	27.5529	 1.03	 44.82	0.040	  153.91	100.00
1613.00	1594.96	 2.7771	34.5474	27.5540	 1.03	 44.94	0.041	  153.85	100.00
1614.00	1595.94	 2.7670	34.5477	27.5551	 1.04	 45.37	0.040	  153.89	100.00
1615.00	1596.93	 2.7524	34.5495	27.5578	 1.06	 46.12	0.040	  153.91	100.00
1616.00	1597.91	 2.7503	34.5499	27.5583	 1.06	 46.27	0.040	  153.83	100.00
1617.00	1598.90	 2.7467	34.5497	27.5584	 1.06	 46.04	0.040	  153.87	100.00
1618.00	1599.88	 2.7373	34.5509	27.5603	 1.06	 46.10	0.040	  153.83	100.00
1619.00	1600.87	 2.7357	34.5512	27.5606	 1.07	 46.56	0.040	  153.83	100.00
1620.00	1601.85	 2.7351	34.5512	27.5607	 1.07	 46.37	0.040	  153.87	100.00
1621.00	1602.84	 2.7344	34.5513	27.5608	 1.06	 46.05	0.040	  153.82	100.00
1622.00	1603.82	 2.7339	34.5513	27.5608	 1.06	 46.26	0.040	  153.81	100.00
1623.00	1604.81	 2.7312	34.5516	27.5613	 1.07	 46.41	0.040	  153.85	100.00
1624.00	1605.79	 2.7310	34.5517	27.5615	 1.07	 46.35	0.040	  153.79	100.00
1625.00	1606.78	 2.7311	34.5518	27.5615	 1.06	 46.27	0.040	  153.80	100.00
1626.00	1607.76	 2.7309	34.5519	27.5616	 1.06	 46.19	0.040	  153.80	100.00
1627.00	1608.75	 2.7296	34.5518	27.5617	 1.07	 46.56	0.040	  153.85	100.00
1628.00	1609.73	 2.7282	34.5520	27.5620	 1.07	 46.50	0.040	  153.85	100.00
1629.00	1610.72	 2.7274	34.5520	27.5620	 1.07	 46.40	0.040	  153.85	100.00
1630.00	1611.70	 2.7246	34.5523	27.5625	 1.07	 46.57	0.040	  153.80	100.00
1631.00	1612.69	 2.7217	34.5525	27.5629	 1.07	 46.53	0.040	  153.82	100.00
1632.00	1613.67	 2.7205	34.5528	27.5633	 1.07	 46.59	0.040	  153.80	100.00
1633.00	1614.66	 2.7194	34.5528	27.5634	 1.08	 46.82	0.040	  153.81	100.00
1634.00	1615.64	 2.7185	34.5526	27.5633	 1.08	 47.02	0.040	  153.78	100.00
1635.00	1616.63	 2.7155	34.5531	27.5640	 1.09	 47.24	0.040	  153.81	100.00
1636.00	1617.61	 2.7118	34.5534	27.5645	 1.08	 46.97	0.040	  153.83	100.00
1637.00	1618.60	 2.7094	34.5534	27.5647	 1.08	 46.96	0.040	  153.85	100.00
1638.00	1619.58	 2.7056	34.5540	27.5655	 1.09	 47.29	0.040	  153.80	100.00
1639.00	1620.57	 2.7043	34.5539	27.5656	 1.09	 47.38	0.040	  153.82	100.00
1640.00	1621.55	 2.7026	34.5539	27.5658	 1.09	 47.29	0.040	  153.86	 99.99
1641.00	1622.54	 2.6963	34.5544	27.5667	 1.09	 47.45	0.040	  153.80	100.00
1642.00	1623.52	 2.6932	34.5549	27.5674	 1.10	 47.59	0.040	  153.79	100.00
1643.00	1624.51	 2.6904	34.5551	27.5677	 1.10	 47.75	0.040	  153.85	100.00
1644.00	1625.49	 2.6887	34.5552	27.5680	 1.10	 47.92	0.040	  153.82	 99.99
1645.00	1626.48	 2.6832	34.5554	27.5687	 1.10	 47.92	0.040	  153.80	100.00
1646.00	1627.46	 2.6798	34.5557	27.5692	 1.11	 48.29	0.040	  153.79	100.00
1647.00	1628.45	 2.6786	34.5560	27.5696	 1.11	 48.11	0.040	  153.80	 99.99
1648.00	1629.43	 2.6769	34.5561	27.5698	 1.10	 47.74	0.040	  153.74	100.00
1649.00	1630.42	 2.6758	34.5563	27.5700	 1.11	 48.23	0.040	  153.71	 99.99
1650.00	1631.40	 2.6737	34.5562	27.5701	 1.11	 48.26	0.040	  153.77	 99.99
1651.00	1632.39	 2.6700	34.5564	27.5706	 1.11	 48.11	0.040	  153.82	100.00
1652.00	1633.37	 2.6689	34.5566	27.5709	 1.11	 48.25	0.040	  153.75	100.00
1653.00	1634.36	 2.6725	34.5562	27.5703	 1.11	 48.32	0.040	  153.72	100.00
1654.00	1635.34	 2.6631	34.5570	27.5717	 1.12	 48.58	0.040	  153.72	 99.99
1655.00	1636.33	 2.6588	34.5574	27.5723	 1.12	 48.80	0.040	  153.69	 99.99
1656.00	1637.31	 2.6570	34.5576	27.5727	 1.12	 48.80	0.040	  153.72	 99.99
1657.00	1638.30	 2.6568	34.5579	27.5730	 1.12	 48.57	0.040	  153.64	 99.99
1658.00	1639.28	 2.6560	34.5575	27.5727	 1.13	 48.94	0.040	  153.72	100.00
1659.00	1640.27	 2.6540	34.5580	27.5733	 1.12	 48.75	0.040	  153.81	100.00
1660.00	1641.25	 2.6520	34.5580	27.5735	 1.12	 48.64	0.040	  153.75	 99.99
1661.00	1642.24	 2.6545	34.5580	27.5733	 1.12	 48.81	0.040	  153.73	 99.99
1662.00	1643.22	 2.6538	34.5579	27.5732	 1.12	 48.85	0.040	  153.71	 99.99
1663.00	1644.21	 2.6515	34.5581	27.5736	 1.13	 49.08	0.040	  153.72	 99.99
1664.00	1645.19	 2.6498	34.5582	27.5738	 1.13	 48.92	0.040	  153.76	 99.99
1665.00	1646.18	 2.6471	34.5584	27.5742	 1.13	 49.21	0.040	  153.71	 99.99
1666.00	1647.16	 2.6448	34.5584	27.5745	 1.15	 49.78	0.040	  153.72	 99.99
1667.00	1648.15	 2.6363	34.5587	27.5754	 1.13	 49.24	0.040	  153.64	100.00
1668.00	1649.13	 2.6307	34.5597	27.5767	 1.13	 49.31	0.041	  153.63	100.00
1669.00	1650.11	 2.6302	34.5597	27.5767	 1.13	 49.25	0.041	  153.66	 99.99
1670.00	1651.10	 2.6273	34.5595	27.5768	 1.14	 49.40	0.040	  153.61	100.00
1671.00	1652.08	 2.6243	34.5593	27.5769	 1.16	 50.49	0.040	  153.61	 99.99
1672.00	1653.07	 2.6146	34.5601	27.5784	 1.17	 50.79	0.040	  153.64	100.00
1673.00	1654.05	 2.6059	34.5616	27.5804	 1.16	 50.41	0.040	  153.71	 99.99
1674.00	1655.04	 2.6040	34.5617	27.5806	 1.16	 50.43	0.040	  153.63	 99.99
1675.00	1656.02	 2.6039	34.5617	27.5806	 1.16	 50.47	0.040	  153.64	 99.99
1676.00	1657.01	 2.6027	34.5618	27.5808	 1.16	 50.29	0.040	  153.66	 99.99
1677.00	1657.99	 2.6023	34.5619	27.5809	 1.16	 50.34	0.040	  153.60	 99.99
1678.00	1658.98	 2.6027	34.5617	27.5807	 1.16	 50.50	0.040	  153.62	 99.99
1679.00	1659.96	 2.6027	34.5618	27.5808	 1.16	 50.45	0.040	  153.64	 99.99
1680.00	1660.95	 2.6027	34.5619	27.5809	 1.16	 50.47	0.040	  153.58	 99.99
1681.00	1661.93	 2.6028	34.5620	27.5810	 1.16	 50.56	0.040	  153.61	 99.99
1682.00	1662.92	 2.6028	34.5619	27.5809	 1.16	 50.49	0.040	  153.59	 99.99
1683.00	1663.90	 2.6025	34.5619	27.5810	 1.16	 50.53	0.040	  153.65	 99.99
1684.00	1664.89	 2.6014	34.5622	27.5813	 1.16	 50.51	0.040	  153.61	 99.99
1685.00	1665.87	 2.6008	34.5621	27.5813	 1.16	 50.46	0.040	  153.58	 99.99
1686.00	1666.86	 2.6003	34.5622	27.5814	 1.16	 50.40	0.040	  153.63	 99.99
1687.00	1667.84	 2.5994	34.5624	27.5816	 1.16	 50.39	0.040	  153.54	 99.99
1688.00	1668.82	 2.5988	34.5624	27.5817	 1.16	 50.46	0.040	  153.57	 99.99
1689.00	1669.81	 2.5991	34.5623	27.5815	 1.16	 50.54	0.040	  153.59	 99.99
1690.00	1670.79	 2.5987	34.5623	27.5816	 1.17	 50.70	0.040	  153.60	 99.99
1691.00	1671.78	 2.5937	34.5625	27.5822	 1.18	 51.14	0.040	  153.58	 99.99
1692.00	1672.76	 2.5900	34.5628	27.5827	 1.18	 51.35	0.040	  153.55	 99.99
1693.00	1673.75	 2.5791	34.5632	27.5840	 1.18	 51.43	0.040	  153.55	100.00
1694.00	1674.73	 2.5718	34.5639	27.5852	 1.19	 51.85	0.040	  153.55	 99.99
1695.00	1675.72	 2.5627	34.5647	27.5866	 1.20	 52.07	0.040	  153.54	 99.99
1696.00	1676.70	 2.5594	34.5651	27.5872	 1.20	 52.16	0.040	  153.57	 99.99
1697.00	1677.69	 2.5552	34.5653	27.5877	 1.20	 52.18	0.040	  153.55	 99.99
1698.00	1678.67	 2.5471	34.5657	27.5888	 1.21	 52.68	0.040	  153.58	 99.99
1699.00	1679.66	 2.5385	34.5667	27.5902	 1.22	 53.03	0.040	  153.54	 99.99
1700.00	1680.64	 2.5354	34.5670	27.5908	 1.21	 52.70	0.040	  153.51	 99.99
1701.00	1681.63	 2.5340	34.5672	27.5910	 1.22	 52.87	0.040	  153.45	 99.99
1702.00	1682.61	 2.5334	34.5673	27.5912	 1.22	 52.90	0.040	  153.50	 99.99
1703.00	1683.60	 2.5330	34.5673	27.5912	 1.22	 52.96	0.040	  153.50	 99.98
1704.00	1684.58	 2.5327	34.5674	27.5913	 1.22	 52.86	0.040	  153.50	 99.98
1705.00	1685.56	 2.5327	34.5676	27.5915	 1.21	 52.76	0.040	  153.59	 99.98
1706.00	1686.55	 2.5326	34.5675	27.5914	 1.21	 52.74	0.040	  153.54	 99.98
1707.00	1687.53	 2.5321	34.5676	27.5915	 1.22	 52.89	0.040	  153.46	 99.98
