wcoa21_data_management/01_CRUISE_METADATA/00_OCADS_data/CTD_downcasts/WCOA_2021_CTD_downcasts/dRB2102_CTD_069_01_F.txt
* Sea-Bird SBE 9 Data:
* Software Version Seasave V 7.26.7.107
* Vessel: NOAA Ship Ronald H. Brown
* Cruise: RB2102, West Coast Ocean Acidification (WCOA) 2021
* Dates: 20210622 to 20210723
* Region: NE Pacific, USA West Coast
* Ports: San Diego, CA to Port Angeles, WA to San Diego, CA
* Chief Scientists: R. Feely, NOAA PMEL; D. Greeley, NOAA PMEL; B. Carter, NOAA PMEL / UW CICOES
*END*
[from data line 1067]
1070.00	1059.08	 3.6002	34.4541	27.4000	 0.52	 22.39	0.040	  172.24	100.00
1071.00	1060.07	 3.5988	34.4543	27.4003	 0.51	 22.33	0.040	  172.11	100.00
1072.00	1061.06	 3.5982	34.4544	27.4004	 0.52	 22.40	0.041	  172.19	100.00
1073.00	1062.05	 3.5978	34.4542	27.4003	 0.52	 22.60	0.041	  172.17	100.00
1074.00	1063.03	 3.5937	34.4546	27.4011	 0.52	 22.67	0.040	  172.20	100.00
1075.00	1064.02	 3.5887	34.4559	27.4026	 0.52	 22.81	0.040	  172.24	100.00
1076.00	1065.01	 3.5857	34.4567	27.4035	 0.53	 22.87	0.040	  172.16	100.00
1077.00	1066.00	 3.5831	34.4573	27.4042	 0.53	 23.04	0.040	  172.18	100.00
1078.00	1066.98	 3.5772	34.4578	27.4052	 0.53	 23.09	0.040	  172.19	100.00
1079.00	1067.97	 3.5719	34.4588	27.4065	 0.54	 23.26	0.041	  172.21	100.00
1080.00	1068.96	 3.5705	34.4590	27.4068	 0.54	 23.31	0.041	  172.14	100.00
1081.00	1069.94	 3.5681	34.4594	27.4074	 0.54	 23.55	0.041	  172.16	100.00
1082.00	1070.93	 3.5660	34.4598	27.4079	 0.54	 23.67	0.041	  172.19	100.00
1083.00	1071.92	 3.5633	34.4602	27.4085	 0.54	 23.60	0.042	  172.13	100.00
1084.00	1072.91	 3.5594	34.4608	27.4094	 0.55	 23.74	0.041	  172.09	100.00
1085.00	1073.89	 3.5552	34.4617	27.4105	 0.55	 23.76	0.040	  172.12	100.00
1086.00	1074.88	 3.5536	34.4622	27.4110	 0.55	 23.93	0.040	  172.16	100.00
1087.00	1075.87	 3.5530	34.4624	27.4113	 0.55	 24.03	0.040	  172.10	100.00
1088.00	1076.85	 3.5517	34.4625	27.4115	 0.55	 24.08	0.040	  172.13	100.00
1089.00	1077.84	 3.5484	34.4630	27.4122	 0.56	 24.16	0.040	  172.14	100.00
1090.00	1078.83	 3.5464	34.4633	27.4127	 0.56	 24.22	0.040	  172.16	100.00
1091.00	1079.82	 3.5445	34.4635	27.4130	 0.56	 24.25	0.040	  172.13	100.00
1092.00	1080.80	 3.5425	34.4637	27.4134	 0.56	 24.38	0.041	  172.15	100.00
1093.00	1081.79	 3.5407	34.4641	27.4139	 0.56	 24.36	0.041	  172.16	100.00
1094.00	1082.78	 3.5397	34.4643	27.4141	 0.56	 24.46	0.040	  172.13	100.00
1095.00	1083.77	 3.5377	34.4650	27.4149	 0.56	 24.50	0.040	  172.13	100.00
1096.00	1084.75	 3.5356	34.4653	27.4153	 0.57	 24.63	0.040	  172.10	100.00
1097.00	1085.74	 3.5333	34.4657	27.4159	 0.57	 24.65	0.040	  172.10	100.00
1098.00	1086.73	 3.5317	34.4658	27.4161	 0.57	 24.77	0.040	  172.16	100.00
1099.00	1087.71	 3.5293	34.4661	27.4166	 0.57	 24.79	0.041	  172.09	100.00
1100.00	1088.70	 3.5223	34.4662	27.4174	 0.57	 24.83	0.042	  172.12	100.00
1101.00	1089.69	 3.5175	34.4665	27.4181	 0.57	 24.86	0.041	  172.15	100.00
1102.00	1090.67	 3.5042	34.4656	27.4187	 0.57	 24.86	0.041	  172.10	100.00
1103.00	1091.66	 3.4924	34.4654	27.4196	 0.57	 24.72	0.041	  172.13	100.00
1104.00	1092.65	 3.4892	34.4652	27.4198	 0.57	 24.65	0.041	  172.10	100.00
1105.00	1093.64	 3.4869	34.4652	27.4200	 0.57	 24.57	0.042	  172.21	100.00
1106.00	1094.62	 3.4853	34.4653	27.4203	 0.57	 24.59	0.040	  172.08	100.00
1107.00	1095.61	 3.4844	34.4654	27.4204	 0.57	 24.65	0.041	  172.08	100.00
1108.00	1096.60	 3.4841	34.4653	27.4204	 0.57	 24.60	0.041	  172.09	100.00
1109.00	1097.58	 3.4813	34.4653	27.4207	 0.57	 24.63	0.041	  172.05	100.00
1110.00	1098.57	 3.4784	34.4655	27.4211	 0.57	 24.62	0.041	  172.04	100.00
1111.00	1099.56	 3.4769	34.4656	27.4213	 0.57	 24.60	0.041	  172.05	100.00
1112.00	1100.55	 3.4755	34.4658	27.4216	 0.57	 24.61	0.042	  172.07	100.00
1113.00	1101.53	 3.4729	34.4656	27.4217	 0.57	 24.61	0.040	  172.04	100.00
1114.00	1102.52	 3.4703	34.4656	27.4220	 0.57	 24.65	0.041	  172.03	100.00
1115.00	1103.51	 3.4661	34.4659	27.4226	 0.57	 24.66	0.040	  172.00	100.00
1116.00	1104.49	 3.4606	34.4659	27.4231	 0.57	 24.65	0.040	  172.03	100.00
1117.00	1105.48	 3.4563	34.4659	27.4236	 0.57	 24.72	0.040	  172.04	100.00
1118.00	1106.47	 3.4485	34.4661	27.4245	 0.57	 24.80	0.040	  172.02	100.00
1119.00	1107.46	 3.4392	34.4666	27.4258	 0.57	 24.68	0.040	  172.05	100.00
1120.00	1108.44	 3.4360	34.4672	27.4266	 0.57	 24.76	0.042	  172.02	100.00
1121.00	1109.43	 3.4356	34.4673	27.4267	 0.57	 24.83	0.041	  172.02	100.00
1122.00	1110.42	 3.4328	34.4674	27.4271	 0.57	 24.89	0.041	  171.99	100.00
1123.00	1111.40	 3.4288	34.4680	27.4279	 0.57	 24.91	0.041	  172.02	100.00
1124.00	1112.39	 3.4276	34.4682	27.4282	 0.57	 24.96	0.041	  172.01	100.00
1125.00	1113.38	 3.4253	34.4690	27.4290	 0.58	 25.12	0.040	  171.99	100.00
1126.00	1114.36	 3.4208	34.4701	27.4304	 0.58	 25.29	0.040	  171.98	100.00
1127.00	1115.35	 3.4172	34.4705	27.4310	 0.59	 25.44	0.040	  172.00	100.00
1128.00	1116.34	 3.4156	34.4709	27.4315	 0.59	 25.58	0.040	  171.97	100.00
1129.00	1117.33	 3.4158	34.4714	27.4319	 0.59	 25.61	0.040	  171.98	100.00
1130.00	1118.31	 3.4159	34.4718	27.4322	 0.59	 25.61	0.040	  172.02	100.00
1131.00	1119.30	 3.4155	34.4718	27.4323	 0.59	 25.69	0.040	  171.94	100.00
1132.00	1120.29	 3.4112	34.4719	27.4328	 0.59	 25.86	0.040	  171.97	100.00
1133.00	1121.27	 3.4045	34.4726	27.4340	 0.59	 25.83	0.040	  171.97	100.00
1134.00	1122.26	 3.4024	34.4728	27.4343	 0.60	 25.88	0.040	  171.98	100.00
1135.00	1123.25	 3.4004	34.4728	27.4345	 0.59	 25.83	0.042	  172.01	100.00
1136.00	1124.23	 3.3989	34.4729	27.4347	 0.60	 25.91	0.041	  171.98	100.00
1137.00	1125.22	 3.3981	34.4729	27.4348	 0.59	 25.86	0.040	  171.92	100.00
1138.00	1126.21	 3.3973	34.4730	27.4350	 0.60	 25.87	0.041	  171.96	100.00
1139.00	1127.20	 3.3959	34.4731	27.4352	 0.60	 25.90	0.042	  171.89	100.00
1140.00	1128.18	 3.3965	34.4732	27.4352	 0.60	 25.87	0.041	  171.96	100.00
1141.00	1129.17	 3.3974	34.4731	27.4350	 0.60	 25.93	0.041	  171.92	100.00
1142.00	1130.16	 3.3961	34.4731	27.4352	 0.60	 25.96	0.041	  171.93	100.00
1143.00	1131.14	 3.3961	34.4732	27.4353	 0.60	 25.93	0.040	  171.90	100.00
1144.00	1132.13	 3.3922	34.4736	27.4359	 0.60	 25.90	0.040	  171.94	100.00
1145.00	1133.12	 3.3911	34.4736	27.4361	 0.60	 26.07	0.040	  171.94	100.00
1146.00	1134.10	 3.3882	34.4736	27.4364	 0.60	 26.10	0.040	  171.95	100.00
1147.00	1135.09	 3.3812	34.4743	27.4376	 0.60	 26.17	0.040	  171.90	100.00
1148.00	1136.08	 3.3779	34.4746	27.4382	 0.60	 26.17	0.040	  171.87	100.00
1149.00	1137.06	 3.3772	34.4747	27.4383	 0.60	 26.16	0.041	  171.95	100.00
1150.00	1138.05	 3.3770	34.4748	27.4384	 0.60	 26.13	0.041	  171.91	100.00
1151.00	1139.04	 3.3769	34.4748	27.4384	 0.60	 26.20	0.040	  171.92	100.00
1152.00	1140.03	 3.3765	34.4749	27.4386	 0.60	 26.15	0.040	  171.91	100.00
1153.00	1141.01	 3.3762	34.4748	27.4385	 0.60	 26.22	0.040	  171.88	100.00
1154.00	1142.00	 3.3752	34.4749	27.4387	 0.60	 26.27	0.040	  171.90	 79.84
1155.00	1142.99	 3.3747	34.4751	27.4389	 0.60	 26.26	0.040	  171.87	 99.88
1156.00	1143.97	 3.3747	34.4752	27.4390	 0.60	 26.25	0.040	  171.88	100.00
1157.00	1144.96	 3.3748	34.4751	27.4389	 0.61	 26.34	0.040	  171.89	100.00
1158.00	1145.95	 3.3748	34.4750	27.4388	 0.60	 26.25	0.040	  171.90	100.00
1159.00	1146.93	 3.3743	34.4751	27.4390	 0.61	 26.33	0.040	  171.85	100.00
1160.00	1147.92	 3.3746	34.4752	27.4390	 0.60	 26.28	0.041	  171.88	100.00
1161.00	1148.91	 3.3746	34.4752	27.4390	 0.60	 26.24	0.042	  171.87	100.00
1162.00	1149.89	 3.3743	34.4752	27.4391	 0.60	 26.27	0.041	  171.86	100.00
1163.00	1150.88	 3.3741	34.4752	27.4391	 0.61	 26.31	0.041	  171.88	100.00
1164.00	1151.87	 3.3739	34.4753	27.4392	 0.60	 26.27	0.041	  171.90	100.00
1165.00	1152.85	 3.3740	34.4754	27.4393	 0.60	 26.27	0.041	  171.86	100.00
1166.00	1153.84	 3.3738	34.4752	27.4392	 0.61	 26.34	0.041	  171.81	100.00
1167.00	1154.83	 3.3730	34.4755	27.4394	 0.61	 26.30	0.041	  171.82	100.00
1168.00	1155.82	 3.3730	34.4754	27.4394	 0.60	 26.29	0.041	  171.85	100.00
1169.00	1156.80	 3.3725	34.4755	27.4396	 0.61	 26.47	0.040	  171.91	100.00
1170.00	1157.79	 3.3684	34.4759	27.4402	 0.61	 26.51	0.040	  171.85	100.00
1171.00	1158.78	 3.3614	34.4767	27.4415	 0.61	 26.68	0.042	  171.83	100.00
1172.00	1159.76	 3.3571	34.4774	27.4425	 0.62	 26.78	0.042	  171.89	100.00
1173.00	1160.75	 3.3543	34.4775	27.4429	 0.62	 26.81	0.042	  171.82	100.00
1174.00	1161.74	 3.3515	34.4779	27.4434	 0.62	 26.88	0.040	  171.84	100.00
1175.00	1162.72	 3.3479	34.4783	27.4442	 0.62	 27.05	0.042	  171.75	100.00
1176.00	1163.71	 3.3452	34.4787	27.4447	 0.62	 27.12	0.040	  171.77	100.00
1177.00	1164.70	 3.3443	34.4788	27.4449	 0.62	 27.09	0.041	  171.82	100.00
1178.00	1165.68	 3.3430	34.4787	27.4449	 0.62	 27.14	0.041	  171.76	100.00
1179.00	1166.67	 3.3411	34.4787	27.4451	 0.62	 27.09	0.041	  171.80	100.00
1180.00	1167.66	 3.3349	34.4780	27.4452	 0.62	 27.04	0.040	  171.82	100.00
1181.00	1168.64	 3.3257	34.4779	27.4460	 0.62	 26.92	0.040	  171.79	100.00
1182.00	1169.63	 3.3251	34.4783	27.4463	 0.62	 27.06	0.040	  171.77	100.00
1183.00	1170.62	 3.3223	34.4782	27.4465	 0.62	 27.06	0.040	  171.76	100.00
1184.00	1171.60	 3.3197	34.4785	27.4470	 0.62	 26.99	0.041	  171.78	100.00
1185.00	1172.59	 3.3169	34.4783	27.4471	 0.62	 27.09	0.041	  171.73	100.00
1186.00	1173.58	 3.3119	34.4784	27.4477	 0.62	 27.03	0.040	  171.66	100.00
1187.00	1174.56	 3.3089	34.4786	27.4481	 0.62	 27.05	0.041	  171.80	100.00
1188.00	1175.55	 3.3089	34.4787	27.4482	 0.62	 27.09	0.041	  171.75	100.00
1189.00	1176.54	 3.3087	34.4787	27.4482	 0.62	 26.99	0.040	  171.71	100.00
1190.00	1177.52	 3.3085	34.4787	27.4483	 0.62	 27.00	0.040	  171.74	100.00
1191.00	1178.51	 3.3086	34.4786	27.4482	 0.62	 27.08	0.040	  171.76	100.00
1192.00	1179.50	 3.3076	34.4788	27.4484	 0.62	 27.00	0.040	  171.74	100.00
1193.00	1180.48	 3.3062	34.4788	27.4486	 0.62	 27.06	0.040	  171.70	100.00
1194.00	1181.47	 3.3048	34.4792	27.4490	 0.62	 27.13	0.040	  171.73	100.00
1195.00	1182.46	 3.3005	34.4791	27.4494	 0.63	 27.20	0.040	  171.70	100.00
1196.00	1183.44	 3.2917	34.4794	27.4504	 0.63	 27.32	0.040	  171.72	100.00
1197.00	1184.43	 3.2847	34.4800	27.4516	 0.63	 27.22	0.040	  171.68	100.00
1198.00	1185.42	 3.2836	34.4801	27.4518	 0.63	 27.26	0.040	  171.68	100.00
1199.00	1186.40	 3.2827	34.4800	27.4518	 0.63	 27.27	0.040	  171.63	100.00
1200.00	1187.39	 3.2816	34.4802	27.4520	 0.63	 27.27	0.040	  171.66	100.00
1201.00	1188.38	 3.2799	34.4802	27.4522	 0.63	 27.28	0.040	  171.66	100.00
1202.00	1189.36	 3.2777	34.4803	27.4525	 0.63	 27.33	0.041	  171.71	100.00
1203.00	1190.35	 3.2765	34.4804	27.4527	 0.63	 27.40	0.041	  171.67	100.00
1204.00	1191.34	 3.2755	34.4806	27.4530	 0.63	 27.44	0.040	  171.63	100.00
1205.00	1192.32	 3.2745	34.4808	27.4532	 0.63	 27.47	0.040	  171.71	100.00
1206.00	1193.31	 3.2722	34.4808	27.4534	 0.63	 27.47	0.040	  171.70	100.00
1207.00	1194.30	 3.2671	34.4811	27.4542	 0.63	 27.60	0.040	  171.65	100.00
1208.00	1195.28	 3.2607	34.4811	27.4547	 0.64	 27.65	0.040	  171.69	100.00
1209.00	1196.27	 3.2500	34.4812	27.4558	 0.64	 27.69	0.040	  171.68	100.00
1210.00	1197.26	 3.2479	34.4816	27.4563	 0.64	 27.89	0.040	  171.64	100.00
1211.00	1198.24	 3.2488	34.4823	27.4568	 0.64	 27.89	0.041	  171.71	100.00
1212.00	1199.23	 3.2515	34.4836	27.4577	 0.65	 28.10	0.041	  171.64	100.00
1213.00	1200.22	 3.2510	34.4837	27.4578	 0.65	 28.16	0.040	  171.66	100.00
1214.00	1201.20	 3.2502	34.4842	27.4582	 0.65	 28.30	0.040	  171.66	100.00
1215.00	1202.19	 3.2504	34.4845	27.4585	 0.65	 28.34	0.042	  171.62	100.00
1216.00	1203.18	 3.2496	34.4845	27.4585	 0.65	 28.46	0.042	  171.63	100.00
1217.00	1204.16	 3.2493	34.4844	27.4585	 0.65	 28.25	0.041	  171.65	100.00
1218.00	1205.15	 3.2463	34.4836	27.4581	 0.65	 28.20	0.040	  171.60	100.00
1219.00	1206.14	 3.2334	34.4823	27.4583	 0.65	 28.22	0.040	  171.60	100.00
1220.00	1207.12	 3.2256	34.4818	27.4586	 0.65	 28.07	0.040	  171.64	100.00
1221.00	1208.11	 3.2205	34.4814	27.4588	 0.64	 27.98	0.041	  171.67	100.00
1222.00	1209.10	 3.2205	34.4819	27.4592	 0.64	 28.03	0.042	  171.65	100.00
1223.00	1210.08	 3.2197	34.4819	27.4593	 0.65	 28.06	0.041	  171.60	100.00
1224.00	1211.07	 3.2180	34.4824	27.4598	 0.65	 28.17	0.040	  171.60	100.00
1225.00	1212.06	 3.2149	34.4827	27.4603	 0.65	 28.16	0.040	  171.67	100.00
1226.00	1213.04	 3.2129	34.4831	27.4609	 0.65	 28.10	0.040	  171.55	100.00
1227.00	1214.03	 3.2128	34.4831	27.4609	 0.65	 28.26	0.040	  171.60	100.00
1228.00	1215.02	 3.2124	34.4831	27.4609	 0.65	 28.19	0.040	  171.61	100.00
1229.00	1216.00	 3.2119	34.4831	27.4610	 0.65	 28.30	0.040	  171.54	100.00
1230.00	1216.99	 3.2105	34.4839	27.4617	 0.65	 28.41	0.040	  171.62	100.00
1231.00	1217.98	 3.2102	34.4849	27.4626	 0.65	 28.39	0.040	  171.57	100.00
1232.00	1218.96	 3.2101	34.4855	27.4631	 0.65	 28.38	0.040	  171.55	100.00
1233.00	1219.95	 3.2099	34.4860	27.4635	 0.66	 28.61	0.040	  171.55	100.00
1234.00	1220.94	 3.2097	34.4867	27.4641	 0.66	 28.82	0.040	  171.59	100.00
1235.00	1221.92	 3.2075	34.4880	27.4653	 0.67	 28.92	0.040	  171.57	100.00
1236.00	1222.91	 3.2069	34.4883	27.4657	 0.67	 29.04	0.040	  171.55	100.00
1237.00	1223.89	 3.2066	34.4884	27.4658	 0.67	 29.12	0.040	  171.56	100.00
1238.00	1224.88	 3.2061	34.4885	27.4660	 0.67	 29.14	0.040	  171.51	100.00
1239.00	1225.87	 3.2058	34.4886	27.4661	 0.67	 29.21	0.040	  171.47	100.00
1240.00	1226.85	 3.2053	34.4887	27.4662	 0.67	 29.22	0.041	  171.47	100.00
1241.00	1227.84	 3.2045	34.4888	27.4663	 0.67	 29.24	0.041	  171.52	100.00
1242.00	1228.83	 3.2034	34.4890	27.4666	 0.67	 29.24	0.040	  171.49	100.00
1243.00	1229.81	 3.2022	34.4894	27.4670	 0.68	 29.39	0.040	  171.50	100.00
1244.00	1230.80	 3.2012	34.4897	27.4674	 0.68	 29.57	0.040	  171.50	100.00
1245.00	1231.79	 3.2013	34.4899	27.4675	 0.68	 29.52	0.040	  171.52	100.00
1246.00	1232.77	 3.2012	34.4901	27.4677	 0.68	 29.65	0.040	  171.50	100.00
1247.00	1233.76	 3.1989	34.4904	27.4681	 0.69	 29.80	0.040	  171.49	100.00
1248.00	1234.75	 3.1889	34.4906	27.4693	 0.68	 29.70	0.041	  171.47	100.00
1249.00	1235.73	 3.1816	34.4910	27.4702	 0.68	 29.73	0.041	  171.48	100.00
1250.00	1236.72	 3.1778	34.4911	27.4707	 0.68	 29.74	0.040	  171.48	100.00
1251.00	1237.71	 3.1701	34.4912	27.4715	 0.69	 29.78	0.042	  171.42	100.00
1252.00	1238.69	 3.1667	34.4911	27.4717	 0.69	 29.80	0.040	  171.52	100.00
1253.00	1239.68	 3.1618	34.4914	27.4724	 0.69	 29.96	0.040	  171.45	100.00
1254.00	1240.66	 3.1570	34.4918	27.4731	 0.69	 29.94	0.040	  171.43	100.00
1255.00	1241.65	 3.1562	34.4919	27.4733	 0.69	 29.96	0.040	  171.45	100.00
1256.00	1242.64	 3.1527	34.4918	27.4736	 0.69	 30.07	0.040	  171.41	100.00
1257.00	1243.62	 3.1468	34.4927	27.4748	 0.69	 30.12	0.040	  171.43	100.00
1258.00	1244.61	 3.1456	34.4929	27.4751	 0.69	 30.11	0.041	  171.45	100.00
1259.00	1245.60	 3.1448	34.4930	27.4753	 0.69	 30.19	0.042	  171.39	100.00
1260.00	1246.58	 3.1443	34.4930	27.4754	 0.70	 30.28	0.040	  171.45	100.00
1261.00	1247.57	 3.1437	34.4932	27.4756	 0.69	 30.21	0.040	  171.46	100.00
1262.00	1248.56	 3.1438	34.4931	27.4755	 0.69	 30.20	0.040	  171.46	100.00
1263.00	1249.54	 3.1426	34.4931	27.4756	 0.69	 30.20	0.041	  171.43	100.00
1264.00	1250.53	 3.1415	34.4932	27.4758	 0.70	 30.22	0.041	  171.43	100.00
1265.00	1251.51	 3.1412	34.4932	27.4758	 0.69	 30.17	0.041	  171.41	100.00
1266.00	1252.50	 3.1372	34.4928	27.4759	 0.69	 30.10	0.041	  171.39	100.00
1267.00	1253.49	 3.1315	34.4929	27.4765	 0.69	 30.02	0.040	  171.41	100.00
1268.00	1254.47	 3.1309	34.4935	27.4770	 0.69	 30.12	0.041	  171.41	100.00
1269.00	1255.46	 3.1298	34.4938	27.4774	 0.70	 30.35	0.041	  171.43	100.00
1270.00	1256.45	 3.1288	34.4939	27.4775	 0.70	 30.21	0.040	  171.42	100.00
1271.00	1257.43	 3.1268	34.4940	27.4778	 0.70	 30.23	0.040	  171.39	100.00
1272.00	1258.42	 3.1271	34.4943	27.4780	 0.70	 30.37	0.041	  171.39	100.00
1273.00	1259.41	 3.1279	34.4946	27.4782	 0.70	 30.35	0.042	  171.38	100.00
1274.00	1260.39	 3.1280	34.4948	27.4784	 0.70	 30.37	0.041	  171.35	100.00
1275.00	1261.38	 3.1278	34.4950	27.4785	 0.70	 30.49	0.040	  171.38	100.00
1276.00	1262.36	 3.1278	34.4951	27.4787	 0.70	 30.55	0.040	  171.40	100.00
1277.00	1263.35	 3.1271	34.4955	27.4790	 0.70	 30.56	0.040	  171.35	100.00
1278.00	1264.34	 3.1267	34.4955	27.4791	 0.70	 30.63	0.040	  171.41	100.00
1279.00	1265.32	 3.1254	34.4957	27.4793	 0.71	 30.78	0.040	  171.43	100.00
1280.00	1266.31	 3.1250	34.4956	27.4793	 0.71	 30.77	0.040	  171.39	100.00
1281.00	1267.30	 3.1211	34.4954	27.4795	 0.71	 30.70	0.040	  171.41	100.00
1282.00	1268.28	 3.1154	34.4955	27.4801	 0.71	 30.72	0.041	  171.45	100.00
