wcoa21_data_management/01_CRUISE_METADATA/00_OCADS_data/CTD_downcasts/WCOA_2021_CTD_downcasts/dRB2102_CTD_098_01_F.txt
* Sea-Bird SBE 9 Data:
* Software Version Seasave V 7.26.7.107
* Vessel: NOAA Ship Ronald H. Brown
* Cruise: RB2102, West Coast Ocean Acidification (WCOA) 2021
* Dates: 20210622 to 20210723
* Region: NE Pacific, USA West Coast
* Ports: San Diego, CA to Port Angeles, WA to San Diego, CA
* Chief Scientists: R. Feely, NOAA PMEL; D. Greeley, NOAA PMEL; B. Carter, NOAA PMEL / UW CICOES
*END*
[from data line 854]
 856.00	 847.95	 4.8297	34.3832	27.2135	 0.28	 12.32	0.040	  157.10	100.00
 857.00	 848.94	 4.8275	34.3835	27.2139	 0.28	 12.17	0.040	  157.08	100.00
 858.00	 849.93	 4.8160	34.3816	27.2137	 0.28	 12.19	0.040	  157.06	100.00
 859.00	 850.91	 4.8039	34.3815	27.2151	 0.28	 12.29	0.040	  157.08	100.00
 860.00	 851.90	 4.7899	34.3805	27.2158	 0.28	 12.26	0.040	  157.10	100.00
 861.00	 852.89	 4.7848	34.3804	27.2163	 0.28	 12.21	0.041	  157.08	100.00
 862.00	 853.88	 4.7810	34.3802	27.2166	 0.28	 12.13	0.040	  157.07	100.00
 863.00	 854.87	 4.7673	34.3788	27.2170	 0.28	 12.01	0.040	  157.10	100.00
 864.00	 855.86	 4.7590	34.3786	27.2178	 0.28	 12.20	0.040	  157.05	100.00
 865.00	 856.85	 4.7545	34.3785	27.2182	 0.29	 12.53	0.040	  157.12	100.00
 866.00	 857.83	 4.7487	34.3799	27.2200	 0.28	 12.16	0.041	  157.07	100.00
 867.00	 858.82	 4.7447	34.3797	27.2203	 0.27	 11.82	0.042	  157.05	100.00
 868.00	 859.81	 4.7375	34.3800	27.2213	 0.28	 12.13	0.041	  156.98	100.00
 869.00	 860.80	 4.7341	34.3799	27.2216	 0.28	 12.22	0.040	  157.00	100.00
 870.00	 861.79	 4.7309	34.3801	27.2221	 0.28	 12.13	0.040	  157.06	100.00
 871.00	 862.78	 4.7249	34.3804	27.2230	 0.28	 12.32	0.042	  157.04	100.00
 872.00	 863.77	 4.7220	34.3814	27.2242	 0.29	 12.44	0.041	  157.01	100.00
 873.00	 864.75	 4.7175	34.3825	27.2256	 0.29	 12.40	0.040	  157.00	100.00
 874.00	 865.74	 4.7117	34.3831	27.2267	 0.29	 12.42	0.040	  157.01	100.00
 875.00	 866.73	 4.7024	34.3832	27.2278	 0.28	 12.38	0.041	  157.04	100.00
 876.00	 867.72	 4.6937	34.3834	27.2289	 0.28	 12.31	0.042	  157.05	100.00
 877.00	 868.71	 4.6896	34.3841	27.2299	 0.28	 12.32	0.041	  157.05	100.00
 878.00	 869.70	 4.6863	34.3842	27.2304	 0.29	 12.40	0.041	  157.05	100.00
 879.00	 870.68	 4.6826	34.3845	27.2310	 0.28	 12.36	0.042	  157.05	100.00
 880.00	 871.67	 4.6772	34.3848	27.2319	 0.28	 12.36	0.041	  157.05	100.00
 881.00	 872.66	 4.6715	34.3850	27.2327	 0.28	 12.36	0.040	  157.04	100.00
 882.00	 873.65	 4.6677	34.3852	27.2332	 0.28	 12.37	0.040	  157.02	100.00
 883.00	 874.64	 4.6633	34.3855	27.2340	 0.29	 12.40	0.040	  157.04	100.00
 884.00	 875.63	 4.6605	34.3855	27.2343	 0.28	 12.39	0.041	  157.03	100.00
 885.00	 876.62	 4.6568	34.3856	27.2347	 0.28	 12.34	0.042	  157.04	100.00
 886.00	 877.60	 4.6551	34.3858	27.2352	 0.29	 12.51	0.042	  157.03	100.00
 887.00	 878.59	 4.6537	34.3861	27.2355	 0.29	 12.48	0.042	  157.06	100.00
 888.00	 879.58	 4.6528	34.3860	27.2355	 0.28	 12.26	0.042	  157.00	100.00
 889.00	 880.57	 4.6497	34.3858	27.2357	 0.28	 12.34	0.042	  157.04	100.00
 890.00	 881.56	 4.6464	34.3864	27.2366	 0.28	 12.39	0.040	  157.09	100.00
 891.00	 882.55	 4.6452	34.3867	27.2370	 0.28	 12.39	0.041	  157.00	100.00
 892.00	 883.53	 4.6412	34.3870	27.2377	 0.29	 12.44	0.040	  157.02	100.00
 893.00	 884.52	 4.6376	34.3875	27.2385	 0.29	 12.48	0.041	  157.00	100.00
 894.00	 885.51	 4.6361	34.3879	27.2389	 0.29	 12.40	0.042	  156.98	100.00
 895.00	 886.50	 4.6344	34.3879	27.2392	 0.29	 12.56	0.040	  156.98	100.00
 896.00	 887.49	 4.6324	34.3882	27.2396	 0.29	 12.61	0.040	  156.98	100.00
 897.00	 888.48	 4.6310	34.3882	27.2398	 0.29	 12.47	0.040	  156.94	100.00
 898.00	 889.46	 4.6255	34.3886	27.2407	 0.29	 12.73	0.040	  157.01	100.00
 899.00	 890.45	 4.6200	34.3891	27.2417	 0.29	 12.81	0.042	  156.91	100.00
 900.00	 891.44	 4.6200	34.3908	27.2431	 0.29	 12.66	0.042	  156.92	100.00
 901.00	 892.43	 4.6170	34.3917	27.2441	 0.30	 13.11	0.042	  156.98	100.00
 902.00	 893.42	 4.6041	34.3915	27.2454	 0.31	 13.27	0.041	  156.95	100.00
 903.00	 894.41	 4.5959	34.3931	27.2475	 0.30	 12.89	0.040	  156.89	100.00
 904.00	 895.40	 4.5927	34.3929	27.2478	 0.30	 12.92	0.040	  156.90	100.00
 905.00	 896.38	 4.5835	34.3931	27.2490	 0.30	 13.02	0.041	  156.95	100.00
 906.00	 897.37	 4.5744	34.3934	27.2501	 0.30	 12.87	0.042	  156.91	100.00
 907.00	 898.36	 4.5697	34.3931	27.2504	 0.30	 12.96	0.041	  156.96	100.00
 908.00	 899.35	 4.5638	34.3927	27.2508	 0.30	 13.12	0.040	  157.02	100.00
 909.00	 900.34	 4.5536	34.3928	27.2520	 0.29	 12.73	0.041	  156.88	100.00
 910.00	 901.33	 4.5449	34.3932	27.2533	 0.30	 12.88	0.042	  156.90	100.00
 911.00	 902.31	 4.5414	34.3936	27.2539	 0.30	 12.93	0.041	  156.86	100.00
 912.00	 903.30	 4.5400	34.3936	27.2541	 0.30	 13.01	0.041	  156.96	100.00
 913.00	 904.29	 4.5373	34.3938	27.2545	 0.30	 13.23	0.040	  156.94	100.00
 914.00	 905.28	 4.5347	34.3940	27.2550	 0.30	 12.84	0.042	  156.88	100.00
 915.00	 906.27	 4.5278	34.3940	27.2558	 0.30	 13.00	0.042	  156.88	100.00
 916.00	 907.25	 4.5241	34.3951	27.2570	 0.31	 13.53	0.041	  156.83	100.00
 917.00	 908.24	 4.5237	34.3953	27.2573	 0.30	 13.26	0.040	  156.78	100.00
 918.00	 909.23	 4.5219	34.3953	27.2574	 0.30	 12.97	0.041	  156.85	100.00
 919.00	 910.22	 4.5164	34.3961	27.2587	 0.30	 13.10	0.041	  156.81	100.00
 920.00	 911.21	 4.5126	34.3964	27.2593	 0.30	 13.21	0.040	  156.90	100.00
 921.00	 912.20	 4.5093	34.3966	27.2599	 0.30	 13.24	0.040	  156.83	100.00
 922.00	 913.18	 4.5058	34.3968	27.2604	 0.31	 13.30	0.042	  156.77	100.00
 923.00	 914.17	 4.4980	34.3978	27.2621	 0.31	 13.26	0.041	  156.87	100.00
 924.00	 915.16	 4.4966	34.3982	27.2626	 0.31	 13.53	0.041	  156.75	100.00
 925.00	 916.15	 4.4955	34.3984	27.2628	 0.31	 13.56	0.042	  156.81	100.00
 926.00	 917.14	 4.4930	34.3985	27.2632	 0.30	 13.20	0.042	  156.76	100.00
 927.00	 918.13	 4.4912	34.3983	27.2632	 0.30	 13.26	0.041	  156.79	100.00
 928.00	 919.11	 4.4883	34.3983	27.2636	 0.31	 13.39	0.041	  156.77	100.00
 929.00	 920.10	 4.4852	34.3986	27.2642	 0.31	 13.38	0.041	  156.83	100.00
 930.00	 921.09	 4.4832	34.3988	27.2646	 0.31	 13.38	0.041	  156.80	100.00
 931.00	 922.08	 4.4812	34.3989	27.2649	 0.31	 13.40	0.040	  156.81	100.00
 932.00	 923.07	 4.4768	34.3990	27.2654	 0.32	 13.97	0.040	  156.80	100.00
 933.00	 924.05	 4.4668	34.4008	27.2679	 0.33	 14.13	0.040	  156.83	100.00
 934.00	 925.04	 4.4581	34.4009	27.2689	 0.31	 13.51	0.040	  156.80	100.00
 935.00	 926.03	 4.4478	34.4022	27.2711	 0.31	 13.53	0.040	  156.78	100.00
 936.00	 927.02	 4.4445	34.4024	27.2716	 0.31	 13.62	0.040	  156.80	100.00
 937.00	 928.01	 4.4409	34.4024	27.2720	 0.31	 13.64	0.041	  156.75	100.00
 938.00	 929.00	 4.4350	34.4026	27.2728	 0.31	 13.61	0.040	  156.76	100.00
 939.00	 929.98	 4.4346	34.4026	27.2728	 0.31	 13.60	0.040	  156.78	100.00
 940.00	 930.97	 4.4329	34.4028	27.2732	 0.30	 13.24	0.040	  156.71	100.00
 941.00	 931.96	 4.4329	34.4027	27.2731	 0.31	 13.47	0.041	  156.75	100.00
 942.00	 932.95	 4.4326	34.4027	27.2732	 0.31	 13.56	0.041	  156.75	100.00
 943.00	 933.94	 4.4252	34.4028	27.2740	 0.31	 13.58	0.041	  156.74	100.00
 944.00	 934.92	 4.4193	34.4036	27.2753	 0.31	 13.69	0.041	  156.76	100.00
 945.00	 935.91	 4.4192	34.4037	27.2754	 0.31	 13.57	0.040	  156.74	100.00
 946.00	 936.90	 4.4184	34.4040	27.2758	 0.32	 13.74	0.040	  156.78	100.00
 947.00	 937.89	 4.4187	34.4042	27.2759	 0.31	 13.67	0.040	  156.78	100.00
 948.00	 938.88	 4.4192	34.4044	27.2760	 0.31	 13.68	0.040	  156.68	100.00
 949.00	 939.87	 4.4199	34.4047	27.2761	 0.32	 13.91	0.041	  156.72	100.00
 950.00	 940.85	 4.4200	34.4050	27.2764	 0.32	 14.04	0.041	  156.75	100.00
 951.00	 941.84	 4.4126	34.4054	27.2775	 0.32	 13.78	0.041	  156.70	100.00
 952.00	 942.83	 4.4000	34.4059	27.2793	 0.32	 13.93	0.042	  156.76	100.00
 953.00	 943.82	 4.3980	34.4061	27.2797	 0.32	 13.82	0.042	  156.74	100.00
 954.00	 944.81	 4.3880	34.4050	27.2798	 0.31	 13.54	0.041	  156.71	100.00
 955.00	 945.79	 4.3784	34.4051	27.2810	 0.31	 13.59	0.042	  156.76	100.00
 956.00	 946.78	 4.3777	34.4058	27.2816	 0.32	 13.74	0.041	  156.69	100.00
 957.00	 947.77	 4.3697	34.4059	27.2825	 0.32	 14.00	0.040	  156.70	100.00
 958.00	 948.76	 4.3707	34.4077	27.2839	 0.32	 14.02	0.040	  156.64	100.00
 959.00	 949.75	 4.3637	34.4078	27.2847	 0.32	 13.94	0.040	  156.70	100.00
 960.00	 950.73	 4.3486	34.4075	27.2860	 0.32	 13.86	0.040	  156.63	100.00
 961.00	 951.72	 4.3423	34.4068	27.2862	 0.31	 13.55	0.040	  156.64	100.00
 962.00	 952.71	 4.3365	34.4063	27.2864	 0.32	 13.73	0.040	  156.65	100.00
 963.00	 953.70	 4.3293	34.4059	27.2868	 0.32	 13.82	0.040	  156.77	100.00
 964.00	 954.69	 4.3264	34.4061	27.2873	 0.31	 13.40	0.040	  156.65	100.00
 965.00	 955.68	 4.3249	34.4065	27.2878	 0.31	 13.63	0.040	  156.65	100.00
 966.00	 956.66	 4.3234	34.4070	27.2884	 0.32	 13.73	0.040	  156.64	100.00
 967.00	 957.65	 4.3157	34.4070	27.2892	 0.32	 13.80	0.040	  156.63	100.00
 968.00	 958.64	 4.3061	34.4074	27.2905	 0.32	 13.91	0.040	  156.65	100.00
 969.00	 959.63	 4.3017	34.4080	27.2915	 0.31	 13.55	0.040	  156.58	100.00
 970.00	 960.62	 4.2989	34.4081	27.2919	 0.32	 13.79	0.040	  156.64	100.00
 971.00	 961.60	 4.2954	34.4087	27.2927	 0.32	 13.95	0.040	  156.66	100.00
 972.00	 962.59	 4.2939	34.4094	27.2934	 0.32	 13.97	0.041	  156.61	100.00
 973.00	 963.58	 4.2897	34.4099	27.2943	 0.32	 14.10	0.041	  156.58	100.00
 974.00	 964.57	 4.2848	34.4100	27.2949	 0.32	 13.94	0.040	  156.58	100.00
 975.00	 965.56	 4.2770	34.4107	27.2963	 0.32	 14.09	0.040	  156.54	100.00
 976.00	 966.54	 4.2718	34.4110	27.2971	 0.32	 14.04	0.040	  156.56	100.00
 977.00	 967.53	 4.2683	34.4111	27.2975	 0.32	 13.96	0.040	  156.64	100.00
 978.00	 968.52	 4.2651	34.4113	27.2980	 0.32	 14.07	0.041	  156.58	100.00
 979.00	 969.51	 4.2641	34.4116	27.2984	 0.33	 14.13	0.041	  156.59	100.00
 980.00	 970.50	 4.2616	34.4115	27.2986	 0.33	 14.45	0.040	  156.60	100.00
 981.00	 971.48	 4.2632	34.4136	27.3001	 0.34	 14.73	0.040	  156.53	100.00
 982.00	 972.47	 4.2673	34.4155	27.3012	 0.34	 14.84	0.041	  156.60	100.00
 983.00	 973.46	 4.2697	34.4166	27.3018	 0.35	 15.24	0.042	  156.57	100.00
 984.00	 974.45	 4.2693	34.4184	27.3033	 0.35	 15.34	0.042	  156.55	100.00
 985.00	 975.44	 4.2684	34.4194	27.3042	 0.35	 15.28	0.042	  156.56	100.00
 986.00	 976.42	 4.2665	34.4204	27.3052	 0.36	 15.51	0.042	  156.55	100.00
 987.00	 977.41	 4.2589	34.4220	27.3073	 0.36	 15.50	0.041	  156.58	100.00
 988.00	 978.40	 4.2553	34.4225	27.3081	 0.36	 15.46	0.040	  156.50	100.00
 989.00	 979.39	 4.2522	34.4225	27.3084	 0.36	 15.56	0.041	  156.51	100.00
 990.00	 980.38	 4.2514	34.4227	27.3086	 0.36	 15.62	0.041	  156.58	100.00
 991.00	 981.36	 4.2515	34.4229	27.3088	 0.36	 15.76	0.041	  156.54	100.00
 992.00	 982.35	 4.2504	34.4230	27.3090	 0.36	 15.82	0.042	  156.58	100.00
 993.00	 983.34	 4.2502	34.4235	27.3094	 0.36	 15.44	0.042	  156.50	100.00
 994.00	 984.33	 4.2494	34.4236	27.3096	 0.36	 15.61	0.042	  156.52	100.00
 995.00	 985.31	 4.2463	34.4234	27.3098	 0.36	 15.51	0.041	  156.49	100.00
 996.00	 986.30	 4.2378	34.4220	27.3096	 0.36	 15.66	0.040	  156.50	100.00
 997.00	 987.29	 4.2137	34.4213	27.3116	 0.36	 15.68	0.041	  156.52	100.00
 998.00	 988.28	 4.1842	34.4226	27.3156	 0.36	 15.54	0.041	  156.52	100.00
 999.00	 989.27	 4.1905	34.4223	27.3148	 0.36	 15.69	0.040	  156.52	100.00
1000.00	 990.25	 4.1636	34.4232	27.3183	 0.36	 15.62	0.041	  156.57	100.00
1001.00	 991.24	 4.1575	34.4236	27.3192	 0.35	 15.33	0.041	  156.49	100.00
1002.00	 992.23	 4.1572	34.4235	27.3192	 0.36	 15.76	0.040	  156.47	100.00
1003.00	 993.22	 4.1570	34.4237	27.3194	 0.36	 15.80	0.040	  156.49	100.00
1004.00	 994.21	 4.1563	34.4238	27.3196	 0.36	 15.45	0.040	  156.47	100.00
1005.00	 995.19	 4.1555	34.4241	27.3199	 0.36	 15.46	0.040	  156.39	100.00
1006.00	 996.18	 4.1555	34.4241	27.3199	 0.36	 15.60	0.040	  156.43	100.00
1007.00	 997.17	 4.1553	34.4240	27.3199	 0.36	 15.61	0.040	  156.42	100.00
1008.00	 998.16	 4.1541	34.4241	27.3201	 0.36	 15.56	0.040	  156.46	100.00
1009.00	 999.15	 4.1533	34.4241	27.3202	 0.36	 15.71	0.040	  156.41	100.00
1010.00	1000.13	 4.1519	34.4240	27.3202	 0.36	 15.75	0.040	  156.48	100.00
1011.00	1001.12	 4.1445	34.4239	27.3209	 0.35	 15.39	0.042	  156.52	100.00
1012.00	1002.11	 4.1347	34.4242	27.3222	 0.37	 15.98	0.041	  156.46	100.00
1013.00	1003.10	 4.1309	34.4244	27.3227	 0.37	 15.96	0.040	  156.46	100.00
1014.00	1004.08	 4.1238	34.4236	27.3229	 0.35	 15.24	0.040	  156.47	100.00
1015.00	1005.07	 4.1090	34.4241	27.3248	 0.36	 15.58	0.040	  156.40	100.00
1016.00	1006.06	 4.1018	34.4247	27.3260	 0.36	 15.63	0.041	  156.44	100.00
1017.00	1007.05	 4.1038	34.4240	27.3252	 0.36	 15.64	0.041	  156.45	100.00
1018.00	1008.04	 4.1059	34.4233	27.3245	 0.36	 15.86	0.040	  156.45	100.00
1019.00	1009.02	 4.0962	34.4251	27.3269	 0.35	 15.33	0.040	  156.47	100.00
1020.00	1010.01	 4.0944	34.4255	27.3274	 0.35	 15.38	0.040	  156.47	100.00
1021.00	1011.00	 4.0942	34.4253	27.3273	 0.36	 15.68	0.040	  156.41	100.00
1022.00	1011.99	 4.0944	34.4253	27.3273	 0.37	 15.87	0.040	  156.41	100.00
1023.00	1012.97	 4.0944	34.4252	27.3272	 0.36	 15.47	0.040	  156.41	100.00
1024.00	1013.96	 4.0942	34.4252	27.3272	 0.36	 15.56	0.040	  156.44	100.00
1025.00	1014.95	 4.0943	34.4251	27.3272	 0.36	 15.66	0.041	  156.41	100.00
1026.00	1015.94	 4.0942	34.4251	27.3272	 0.36	 15.64	0.041	  156.39	100.00
1027.00	1016.93	 4.0938	34.4253	27.3274	 0.36	 15.67	0.041	  156.37	100.00
1028.00	1017.91	 4.0886	34.4250	27.3277	 0.36	 15.74	0.040	  156.38	100.00
1029.00	1018.90	 4.0846	34.4251	27.3282	 0.36	 15.60	0.042	  156.40	100.00
1030.00	1019.89	 4.0785	34.4252	27.3289	 0.36	 15.55	0.040	  156.33	100.00
1031.00	1020.88	 4.0758	34.4254	27.3294	 0.36	 15.79	0.040	  156.34	100.00
1032.00	1021.86	 4.0754	34.4255	27.3295	 0.36	 15.69	0.040	  156.30	100.00
1033.00	1022.85	 4.0709	34.4256	27.3300	 0.36	 15.61	0.040	  156.38	100.00
1034.00	1023.84	 4.0694	34.4257	27.3303	 0.36	 15.71	0.040	  156.38	100.00
1035.00	1024.83	 4.0695	34.4257	27.3303	 0.36	 15.70	0.041	  156.29	100.00
1036.00	1025.82	 4.0688	34.4257	27.3304	 0.36	 15.78	0.041	  156.38	100.00
1037.00	1026.80	 4.0701	34.4258	27.3303	 0.37	 16.10	0.040	  156.34	100.00
1038.00	1027.79	 4.0669	34.4255	27.3304	 0.37	 16.04	0.041	  156.31	100.00
1039.00	1028.78	 4.0503	34.4260	27.3325	 0.37	 16.05	0.042	  156.36	100.00
1040.00	1029.77	 4.0372	34.4272	27.3348	 0.37	 16.05	0.041	  156.37	100.00
1041.00	1030.75	 4.0288	34.4272	27.3357	 0.37	 15.93	0.041	  156.29	100.00
1042.00	1031.74	 4.0203	34.4272	27.3366	 0.37	 16.21	0.041	  156.38	100.00
1043.00	1032.73	 4.0187	34.4275	27.3370	 0.37	 16.10	0.040	  156.38	100.00
1044.00	1033.72	 4.0170	34.4278	27.3374	 0.37	 15.92	0.040	  156.35	100.00
1045.00	1034.70	 4.0110	34.4282	27.3383	 0.37	 16.25	0.041	  156.31	100.00
1046.00	1035.69	 4.0050	34.4287	27.3394	 0.37	 16.28	0.040	  156.30	100.00
1047.00	1036.68	 4.0038	34.4290	27.3397	 0.38	 16.43	0.040	  156.35	100.00
1048.00	1037.67	 4.0042	34.4290	27.3397	 0.38	 16.45	0.040	  156.28	100.00
1049.00	1038.66	 4.0055	34.4289	27.3395	 0.36	 15.81	0.040	  156.38	100.00
1050.00	1039.64	 4.0048	34.4289	27.3396	 0.37	 16.04	0.040	  156.26	100.00
1051.00	1040.63	 4.0058	34.4285	27.3392	 0.38	 16.51	0.040	  156.26	100.00
1052.00	1041.62	 4.0027	34.4289	27.3398	 0.38	 16.60	0.040	  156.30	100.00
1053.00	1042.61	 3.9975	34.4303	27.3415	 0.38	 16.31	0.041	  156.32	100.00
1054.00	1043.59	 3.9966	34.4305	27.3417	 0.38	 16.37	0.041	  156.30	100.00
1055.00	1044.58	 3.9958	34.4306	27.3419	 0.38	 16.55	0.041	  156.28	100.00
1056.00	1045.57	 3.9890	34.4324	27.3440	 0.38	 16.67	0.040	  156.21	100.00
1057.00	1046.56	 3.9867	34.4326	27.3444	 0.39	 17.12	0.040	  156.28	100.00
1058.00	1047.54	 3.9857	34.4325	27.3445	 0.38	 16.56	0.040	  156.29	100.00
1059.00	1048.53	 3.9783	34.4310	27.3440	 0.38	 16.44	0.040	  156.31	100.00
1060.00	1049.52	 3.9687	34.4320	27.3458	 0.39	 16.94	0.040	  156.20	100.00
1061.00	1050.51	 3.9674	34.4320	27.3460	 0.38	 16.60	0.041	  156.26	100.00
1062.00	1051.49	 3.9670	34.4320	27.3460	 0.38	 16.61	0.041	  156.25	100.00
1063.00	1052.48	 3.9633	34.4326	27.3468	 0.39	 16.75	0.041	  156.23	100.00
1064.00	1053.47	 3.9604	34.4330	27.3475	 0.39	 16.75	0.040	  156.28	100.00
1065.00	1054.46	 3.9592	34.4332	27.3477	 0.39	 17.10	0.041	  156.25	100.00
1066.00	1055.45	 3.9582	34.4332	27.3478	 0.39	 17.04	0.042	  156.27	100.00
1067.00	1056.43	 3.9576	34.4334	27.3481	 0.38	 16.72	0.040	  156.28	100.00
