wcoa21_data_management/01_CRUISE_METADATA/00_OCADS_data/CTD_downcasts/WCOA_2021_CTD_downcasts/dRB2102_CTD_119_01_F.txt
* Sea-Bird SBE 9 Data:
* Software Version Seasave V 7.26.7.107
* Vessel: NOAA Ship Ronald H. Brown
* Cruise: RB2102, West Coast Ocean Acidification (WCOA) 2021
* Dates: 20210622 to 20210723
* Region: NE Pacific, USA West Coast
* Ports: San Diego, CA to Port Angeles, WA to San Diego, CA
* Chief Scientists: R. Feely, NOAA PMEL; D. Greeley, NOAA PMEL; B. Carter, NOAA PMEL / UW CICOES
*END*
[from data line 214]
 217.00	 215.33	 9.1339	34.1223	26.4132	 1.59	 69.05	0.040	  143.04	 81.51
 218.00	 216.32	 9.1241	34.1251	26.4170	 1.59	 69.35	0.040	  143.03	 99.78
 219.00	 217.32	 9.1235	34.1250	26.4171	 1.60	 69.70	0.040	  143.05	 99.80
 220.00	 218.31	 9.1210	34.1251	26.4175	 1.61	 69.98	0.040	  143.06	 99.80
 221.00	 219.30	 9.1083	34.1270	26.4210	 1.61	 70.22	0.040	  143.02	 99.80
 222.00	 220.29	 9.1074	34.1269	26.4211	 1.62	 70.51	0.040	  143.06	 99.80
 223.00	 221.28	 9.1061	34.1267	26.4212	 1.63	 70.75	0.040	  142.99	 99.80
 224.00	 222.28	 9.1036	34.1266	26.4215	 1.62	 70.41	0.040	  143.06	 99.80
 225.00	 223.27	 9.1020	34.1275	26.4225	 1.60	 69.48	0.040	  143.01	 99.80
 226.00	 224.26	 9.1025	34.1284	26.4232	 1.58	 68.57	0.040	  143.02	 99.80
 227.00	 225.25	 9.1016	34.1295	26.4242	 1.56	 67.72	0.040	  143.01	 99.80
 228.00	 226.24	 9.0973	34.1315	26.4264	 1.54	 67.18	0.040	  142.97	 99.80
 229.00	 227.23	 9.0949	34.1323	26.4275	 1.53	 66.58	0.040	  143.05	 99.80
 230.00	 228.23	 9.0908	34.1336	26.4292	 1.52	 66.02	0.040	  143.04	 99.80
 231.00	 229.22	 9.0854	34.1350	26.4311	 1.51	 65.55	0.040	  143.05	 99.80
 232.00	 230.21	 9.0817	34.1362	26.4327	 1.48	 64.52	0.040	  142.99	 99.80
 233.00	 231.20	 9.0781	34.1373	26.4342	 1.46	 63.35	0.040	  142.96	 99.81
 234.00	 232.19	 9.0625	34.1402	26.4389	 1.45	 63.04	0.040	  143.02	 99.81
 235.00	 233.18	 9.0467	34.1423	26.4431	 1.44	 62.56	0.040	  143.00	 99.81
 236.00	 234.18	 9.0390	34.1438	26.4455	 1.42	 61.91	0.040	  142.97	 99.82
 237.00	 235.17	 9.0383	34.1451	26.4466	 1.42	 61.59	0.040	  142.97	 99.83
 238.00	 236.16	 9.0375	34.1456	26.4472	 1.41	 61.27	0.040	  143.07	 99.83
 239.00	 237.15	 9.0374	34.1460	26.4475	 1.40	 60.94	0.040	  142.97	 99.83
 240.00	 238.14	 9.0374	34.1464	26.4479	 1.39	 60.26	0.040	  142.98	 99.83
 241.00	 239.13	 9.0330	34.1474	26.4493	 1.38	 59.92	0.040	  142.99	 99.83
 242.00	 240.13	 9.0266	34.1490	26.4517	 1.38	 59.86	0.040	  142.96	 99.83
 243.00	 241.12	 9.0213	34.1496	26.4530	 1.38	 59.89	0.040	  142.98	 99.83
 244.00	 242.11	 9.0140	34.1506	26.4550	 1.37	 59.66	0.040	  143.00	 99.83
 245.00	 243.10	 9.0028	34.1517	26.4576	 1.36	 59.01	0.040	  143.00	 99.83
 246.00	 244.09	 8.9934	34.1530	26.4601	 1.34	 58.12	0.040	  143.01	 99.83
 247.00	 245.08	 8.9875	34.1545	26.4623	 1.32	 57.32	0.040	  142.99	 99.83
 248.00	 246.08	 8.9810	34.1563	26.4647	 1.30	 56.62	0.040	  143.01	 99.83
 249.00	 247.07	 8.9761	34.1574	26.4664	 1.29	 56.17	0.040	  143.01	 99.84
 250.00	 248.06	 8.9707	34.1587	26.4683	 1.29	 56.03	0.040	  143.01	 99.84
 251.00	 249.05	 8.9660	34.1596	26.4697	 1.28	 55.76	0.040	  142.99	 99.84
 252.00	 250.04	 8.9649	34.1600	26.4702	 1.28	 55.60	0.040	  143.06	 99.85
 253.00	 251.03	 8.9633	34.1605	26.4709	 1.27	 55.29	0.040	  143.04	 99.85
 254.00	 252.03	 8.9597	34.1609	26.4718	 1.26	 54.79	0.040	  143.00	 99.85
 255.00	 253.02	 8.9540	34.1618	26.4734	 1.25	 54.48	0.040	  143.00	 99.85
 256.00	 254.01	 8.9456	34.1631	26.4758	 1.25	 54.37	0.040	  143.04	 99.85
 257.00	 255.00	 8.9427	34.1636	26.4766	 1.24	 54.08	0.040	  143.02	 99.85
 258.00	 255.99	 8.9419	34.1637	26.4769	 1.22	 53.27	0.040	  143.08	 99.85
 259.00	 256.98	 8.9361	34.1649	26.4787	 1.20	 52.30	0.040	  143.09	 99.85
 260.00	 257.98	 8.9256	34.1669	26.4820	 1.19	 51.84	0.040	  143.03	 99.85
 261.00	 258.97	 8.9127	34.1689	26.4856	 1.19	 51.65	0.040	  143.02	 99.85
 262.00	 259.96	 8.9066	34.1695	26.4870	 1.18	 51.37	0.040	  143.04	 99.85
 263.00	 260.95	 8.9021	34.1701	26.4882	 1.18	 51.24	0.040	  143.03	 99.85
 264.00	 261.94	 8.8950	34.1712	26.4902	 1.18	 51.55	0.040	  143.00	 99.85
 265.00	 262.93	 8.8911	34.1716	26.4912	 1.20	 52.37	0.040	  142.99	 99.86
 266.00	 263.93	 8.8755	34.1713	26.4934	 1.21	 52.73	0.040	  142.99	 99.86
 267.00	 264.92	 8.8628	34.1710	26.4952	 1.20	 51.99	0.040	  143.00	 99.86
 268.00	 265.91	 8.8547	34.1708	26.4964	 1.17	 50.79	0.040	  142.99	 99.87
 269.00	 266.90	 8.8381	34.1736	26.5011	 1.15	 50.11	0.040	  143.00	 99.86
 270.00	 267.89	 8.8278	34.1755	26.5042	 1.15	 49.94	0.040	  143.01	 99.86
 271.00	 268.88	 8.8237	34.1762	26.5055	 1.15	 49.82	0.040	  143.01	 99.86
 272.00	 269.87	 8.8205	34.1767	26.5064	 1.14	 49.56	0.040	  142.97	 99.87
 273.00	 270.87	 8.8166	34.1773	26.5075	 1.13	 49.33	0.040	  143.00	 99.87
 274.00	 271.86	 8.8138	34.1777	26.5082	 1.13	 49.30	0.040	  142.98	 99.87
 275.00	 272.85	 8.8112	34.1781	26.5089	 1.13	 49.23	0.040	  142.98	 99.87
 276.00	 273.84	 8.8098	34.1782	26.5093	 1.13	 49.16	0.040	  143.01	 99.88
 277.00	 274.83	 8.8083	34.1782	26.5096	 1.12	 48.87	0.040	  142.94	 99.88
 278.00	 275.82	 8.8056	34.1785	26.5102	 1.12	 48.55	0.040	  142.95	 99.88
 279.00	 276.81	 8.7979	34.1789	26.5118	 1.11	 48.12	0.040	  142.95	 99.88
 280.00	 277.81	 8.7878	34.1796	26.5139	 1.09	 47.40	0.040	  142.92	 99.88
 281.00	 278.80	 8.7782	34.1809	26.5164	 1.07	 46.60	0.041	  142.97	 99.88
 282.00	 279.79	 8.7711	34.1820	26.5184	 1.05	 45.78	0.041	  142.97	 99.88
 283.00	 280.78	 8.7597	34.1832	26.5212	 1.04	 45.14	0.040	  142.94	 99.88
 284.00	 281.77	 8.7313	34.1854	26.5273	 1.03	 44.94	0.040	  142.98	 99.88
 285.00	 282.76	 8.7169	34.1868	26.5307	 1.03	 44.89	0.040	  143.00	 99.88
 286.00	 283.76	 8.7127	34.1870	26.5315	 1.03	 44.73	0.040	  142.99	 99.88
 287.00	 284.75	 8.7096	34.1870	26.5320	 1.01	 44.01	0.040	  142.97	 99.88
 288.00	 285.74	 8.6986	34.1872	26.5339	 0.99	 42.89	0.040	  143.03	 99.88
 289.00	 286.73	 8.6747	34.1881	26.5383	 0.97	 42.16	0.040	  143.00	 99.88
 290.00	 287.72	 8.6365	34.1915	26.5469	 0.96	 41.83	0.040	  143.01	 99.89
 291.00	 288.71	 8.6175	34.1926	26.5507	 0.95	 41.47	0.040	  143.04	 99.88
 292.00	 289.70	 8.5984	34.1934	26.5543	 0.95	 41.20	0.040	  143.04	 99.89
 293.00	 290.70	 8.5888	34.1941	26.5564	 0.95	 41.24	0.040	  142.98	 99.89
 294.00	 291.69	 8.5846	34.1943	26.5572	 0.95	 41.12	0.040	  143.04	 99.89
 295.00	 292.68	 8.5825	34.1946	26.5577	 0.94	 40.90	0.040	  142.98	 99.90
 296.00	 293.67	 8.5756	34.1944	26.5587	 0.94	 40.68	0.040	  142.93	 99.90
 297.00	 294.66	 8.5679	34.1950	26.5604	 0.93	 40.46	0.040	  143.00	 99.90
 298.00	 295.65	 8.5601	34.1952	26.5617	 0.93	 40.40	0.040	  143.01	 99.90
 299.00	 296.64	 8.5533	34.1958	26.5633	 0.92	 40.16	0.040	  143.03	 99.90
 300.00	 297.64	 8.5479	34.1959	26.5642	 0.91	 39.80	0.040	  142.97	 99.90
 301.00	 298.63	 8.5430	34.1960	26.5650	 0.91	 39.43	0.040	  142.95	 99.90
 302.00	 299.62	 8.5260	34.1963	26.5679	 0.90	 39.10	0.040	  142.94	 99.90
 303.00	 300.61	 8.5048	34.1977	26.5722	 0.89	 38.91	0.040	  143.00	 99.90
 304.00	 301.60	 8.4935	34.1978	26.5741	 0.89	 38.76	0.040	  142.93	 99.90
 305.00	 302.59	 8.4769	34.1985	26.5772	 0.89	 38.59	0.040	  143.01	 99.90
 306.00	 303.58	 8.4690	34.1987	26.5785	 0.88	 38.42	0.040	  142.88	 99.90
 307.00	 304.58	 8.4587	34.1991	26.5804	 0.88	 38.31	0.041	  143.00	 99.90
 308.00	 305.57	 8.4464	34.1993	26.5826	 0.89	 38.54	0.041	  142.98	 99.90
 309.00	 306.56	 8.4320	34.2000	26.5853	 0.90	 39.09	0.040	  142.96	 99.90
 310.00	 307.55	 8.4102	34.2023	26.5904	 0.90	 38.98	0.040	  143.02	 99.90
 311.00	 308.54	 8.3836	34.2044	26.5961	 0.89	 38.54	0.041	  143.00	 99.90
 312.00	 309.53	 8.3722	34.2047	26.5981	 0.88	 38.17	0.041	  143.02	 99.90
 313.00	 310.52	 8.3690	34.2046	26.5985	 0.87	 38.04	0.040	  142.95	 99.90
 314.00	 311.51	 8.3655	34.2044	26.5989	 0.87	 37.93	0.040	  142.99	 99.90
 315.00	 312.51	 8.3585	34.2046	26.6001	 0.87	 37.72	0.040	  142.91	 99.90
 316.00	 313.50	 8.3493	34.2052	26.6020	 0.87	 37.65	0.040	  142.92	 99.91
 317.00	 314.49	 8.3486	34.2053	26.6022	 0.87	 37.64	0.040	  142.88	 99.90
 318.00	 315.48	 8.3479	34.2054	26.6025	 0.86	 37.40	0.040	  142.90	 99.91
 319.00	 316.47	 8.3406	34.2052	26.6034	 0.86	 37.27	0.040	  142.91	 99.91
 320.00	 317.46	 8.3206	34.2052	26.6065	 0.85	 37.17	0.041	  142.89	 99.91
 321.00	 318.45	 8.3147	34.2057	26.6077	 0.85	 36.86	0.041	  142.91	 99.91
 322.00	 319.45	 8.3002	34.2057	26.6100	 0.84	 36.66	0.040	  142.93	 99.91
 323.00	 320.44	 8.2800	34.2063	26.6135	 0.84	 36.38	0.040	  142.90	 99.91
 324.00	 321.43	 8.2637	34.2062	26.6159	 0.83	 35.98	0.040	  142.96	 99.91
 325.00	 322.42	 8.2415	34.2060	26.6191	 0.82	 35.50	0.040	  142.95	 99.91
 326.00	 323.41	 8.2333	34.2062	26.6205	 0.80	 34.86	0.040	  142.95	 99.92
 327.00	 324.40	 8.2157	34.2054	26.6225	 0.79	 34.25	0.040	  142.95	 99.92
 328.00	 325.39	 8.1933	34.2050	26.6256	 0.78	 33.97	0.040	  142.96	 99.92
 329.00	 326.38	 8.1779	34.2051	26.6280	 0.78	 33.83	0.040	  142.98	 99.92
 330.00	 327.38	 8.1626	34.2051	26.6303	 0.78	 33.72	0.040	  142.89	 99.93
 331.00	 328.37	 8.1583	34.2054	26.6312	 0.77	 33.66	0.040	  142.96	 99.92
 332.00	 329.36	 8.1524	34.2056	26.6323	 0.77	 33.61	0.040	  142.99	 99.93
 333.00	 330.35	 8.1524	34.2057	26.6324	 0.77	 33.64	0.040	  142.91	 99.93
 334.00	 331.34	 8.1520	34.2059	26.6325	 0.78	 33.71	0.040	  142.96	 99.93
 335.00	 332.33	 8.1530	34.2061	26.6326	 0.77	 33.68	0.041	  142.95	 99.93
 336.00	 333.32	 8.1532	34.2059	26.6324	 0.77	 33.56	0.041	  142.92	 99.93
 337.00	 334.31	 8.1508	34.2062	26.6330	 0.77	 33.56	0.040	  142.91	 99.93
 338.00	 335.31	 8.1499	34.2061	26.6331	 0.77	 33.58	0.041	  142.95	 99.93
 339.00	 336.30	 8.1494	34.2062	26.6333	 0.77	 33.56	0.042	  142.91	 99.93
 340.00	 337.29	 8.1488	34.2062	26.6334	 0.77	 33.37	0.042	  142.87	 99.93
 341.00	 338.28	 8.1464	34.2062	26.6337	 0.77	 33.38	0.041	  142.93	 99.93
 342.00	 339.27	 8.1430	34.2061	26.6342	 0.77	 33.35	0.040	  142.90	 99.93
 343.00	 340.26	 8.1371	34.2061	26.6351	 0.76	 32.88	0.041	  142.89	 99.93
 344.00	 341.25	 8.1157	34.2053	26.6377	 0.75	 32.53	0.041	  142.87	 99.93
 345.00	 342.24	 8.0860	34.2058	26.6425	 0.75	 32.48	0.041	  142.84	 99.93
 346.00	 343.23	 8.0741	34.2066	26.6449	 0.74	 32.27	0.042	  142.89	 99.93
 347.00	 344.23	 8.0684	34.2063	26.6456	 0.73	 31.89	0.041	  142.86	 99.93
 348.00	 345.22	 8.0427	34.2061	26.6492	 0.72	 31.42	0.040	  142.91	 99.93
 349.00	 346.21	 8.0240	34.2059	26.6519	 0.71	 31.00	0.040	  142.85	 99.93
 350.00	 347.20	 7.9758	34.2065	26.6594	 0.71	 30.79	0.040	  142.89	 99.93
 351.00	 348.19	 7.9685	34.2071	26.6610	 0.70	 30.65	0.040	  142.92	 99.93
 352.00	 349.18	 7.9543	34.2068	26.6629	 0.70	 30.52	0.040	  142.88	 99.93
 353.00	 350.17	 7.9465	34.2072	26.6644	 0.70	 30.47	0.040	  142.89	 99.93
 354.00	 351.16	 7.9395	34.2074	26.6656	 0.70	 30.37	0.041	  142.93	 99.93
 355.00	 352.16	 7.9382	34.2076	26.6660	 0.69	 30.16	0.041	  142.90	 99.93
 356.00	 353.15	 7.9367	34.2075	26.6661	 0.69	 30.16	0.040	  142.90	 99.93
 357.00	 354.14	 7.9329	34.2076	26.6668	 0.69	 30.06	0.040	  142.94	 99.93
 358.00	 355.13	 7.9300	34.2079	26.6674	 0.69	 29.92	0.040	  142.88	 99.93
 359.00	 356.12	 7.9254	34.2078	26.6680	 0.69	 29.83	0.040	  142.88	 99.93
 360.00	 357.11	 7.9205	34.2079	26.6689	 0.68	 29.49	0.040	  142.88	 99.93
 361.00	 358.10	 7.9025	34.2078	26.6714	 0.67	 29.16	0.040	  142.87	 99.93
 362.00	 359.09	 7.8931	34.2078	26.6728	 0.66	 28.87	0.040	  142.82	 99.93
 363.00	 360.08	 7.8729	34.2078	26.6758	 0.66	 28.65	0.040	  142.84	 99.94
 364.00	 361.08	 7.8558	34.2085	26.6788	 0.66	 28.58	0.040	  142.86	 99.93
 365.00	 362.07	 7.8505	34.2086	26.6797	 0.65	 28.46	0.040	  142.87	 99.93
 366.00	 363.06	 7.8417	34.2085	26.6810	 0.65	 28.35	0.040	  142.92	 99.94
 367.00	 364.05	 7.8294	34.2089	26.6830	 0.65	 28.17	0.041	  142.87	 99.94
 368.00	 365.04	 7.8210	34.2090	26.6844	 0.65	 28.10	0.040	  142.84	 99.94
 369.00	 366.03	 7.8129	34.2091	26.6856	 0.64	 27.97	0.040	  142.85	 99.94
 370.00	 367.02	 7.8028	34.2095	26.6875	 0.64	 27.76	0.040	  142.87	 99.94
 371.00	 368.01	 7.7882	34.2095	26.6896	 0.64	 27.75	0.040	  142.84	 99.94
 372.00	 369.00	 7.7797	34.2099	26.6911	 0.63	 27.56	0.040	  142.86	 99.94
 373.00	 369.99	 7.7718	34.2100	26.6924	 0.62	 27.13	0.040	  142.86	 99.94
 374.00	 370.99	 7.7541	34.2095	26.6946	 0.62	 26.83	0.040	  142.84	 99.95
 375.00	 371.98	 7.7247	34.2105	26.6997	 0.61	 26.59	0.040	  142.84	 99.95
 376.00	 372.97	 7.7025	34.2109	26.7032	 0.61	 26.35	0.041	  142.87	 99.95
 377.00	 373.96	 7.6909	34.2117	26.7055	 0.60	 26.31	0.041	  142.81	 99.95
 378.00	 374.95	 7.6850	34.2120	26.7066	 0.60	 26.20	0.040	  142.80	 99.95
 379.00	 375.94	 7.6752	34.2121	26.7081	 0.60	 26.07	0.040	  142.80	 99.95
 380.00	 376.93	 7.6662	34.2125	26.7097	 0.60	 26.08	0.040	  142.84	 99.95
 381.00	 377.92	 7.6631	34.2127	26.7103	 0.60	 26.00	0.040	  142.83	 99.95
 382.00	 378.91	 7.6614	34.2127	26.7106	 0.60	 26.03	0.041	  142.83	 99.95
 383.00	 379.91	 7.6537	34.2125	26.7116	 0.60	 25.91	0.042	  142.84	 99.95
 384.00	 380.90	 7.6467	34.2128	26.7128	 0.59	 25.70	0.041	  142.79	 99.95
 385.00	 381.89	 7.6363	34.2128	26.7144	 0.59	 25.48	0.040	  142.82	 99.95
 386.00	 382.88	 7.6250	34.2131	26.7163	 0.58	 25.22	0.040	  142.84	 99.95
 387.00	 383.87	 7.6161	34.2135	26.7178	 0.57	 24.98	0.040	  142.83	 99.95
 388.00	 384.86	 7.6084	34.2135	26.7189	 0.56	 24.57	0.041	  142.85	 99.95
 389.00	 385.85	 7.5832	34.2128	26.7221	 0.56	 24.26	0.042	  142.84	 99.95
 390.00	 386.84	 7.5586	34.2147	26.7271	 0.55	 24.10	0.042	  142.88	 99.95
 391.00	 387.83	 7.5511	34.2146	26.7281	 0.55	 23.97	0.041	  142.84	 99.95
 392.00	 388.82	 7.5445	34.2151	26.7294	 0.55	 23.95	0.040	  142.83	 99.95
 393.00	 389.81	 7.5363	34.2152	26.7307	 0.55	 23.90	0.040	  142.83	 99.95
 394.00	 390.81	 7.5323	34.2152	26.7313	 0.54	 23.63	0.040	  142.80	 99.95
 395.00	 391.80	 7.5230	34.2153	26.7327	 0.54	 23.42	0.040	  142.83	 99.95
 396.00	 392.79	 7.5073	34.2157	26.7353	 0.54	 23.37	0.041	  142.83	 99.95
 397.00	 393.78	 7.4948	34.2160	26.7373	 0.53	 23.21	0.042	  142.83	 99.95
 398.00	 394.77	 7.4899	34.2163	26.7382	 0.52	 22.81	0.042	  142.78	 99.95
 399.00	 395.76	 7.4804	34.2163	26.7396	 0.52	 22.56	0.040	  142.84	 99.95
 400.00	 396.75	 7.4661	34.2165	26.7418	 0.52	 22.46	0.041	  142.83	 99.95
 401.00	 397.74	 7.4558	34.2172	26.7438	 0.52	 22.43	0.042	  142.83	 99.95
 402.00	 398.73	 7.4507	34.2174	26.7447	 0.51	 22.21	0.042	  142.82	 99.95
 403.00	 399.72	 7.4451	34.2176	26.7457	 0.50	 21.95	0.042	  142.86	 99.95
 404.00	 400.72	 7.4305	34.2174	26.7476	 0.50	 21.78	0.042	  142.75	 99.95
 405.00	 401.71	 7.4164	34.2187	26.7506	 0.50	 21.72	0.040	  142.81	 99.96
 406.00	 402.70	 7.4161	34.2184	26.7504	 0.50	 21.67	0.040	  142.82	 99.95
 407.00	 403.69	 7.4132	34.2185	26.7509	 0.50	 21.67	0.041	  142.83	 99.95
 408.00	 404.68	 7.4113	34.2187	26.7514	 0.49	 21.51	0.040	  142.82	 99.96
 409.00	 405.67	 7.4044	34.2184	26.7522	 0.49	 21.19	0.041	  142.79	 99.96
 410.00	 406.66	 7.3892	34.2191	26.7548	 0.49	 21.20	0.042	  142.78	 99.96
 411.00	 407.65	 7.3835	34.2194	26.7559	 0.49	 21.16	0.042	  142.78	 99.95
 412.00	 408.64	 7.3769	34.2196	26.7570	 0.48	 20.99	0.041	  142.75	 99.95
 413.00	 409.63	 7.3702	34.2198	26.7581	 0.48	 20.93	0.040	  142.74	 99.96
 414.00	 410.62	 7.3649	34.2201	26.7591	 0.48	 20.76	0.040	  142.71	 99.96
 415.00	 411.61	 7.3558	34.2205	26.7607	 0.47	 20.50	0.040	  142.72	 99.96
 416.00	 412.61	 7.3491	34.2208	26.7619	 0.47	 20.34	0.040	  142.73	 99.96
 417.00	 413.60	 7.3449	34.2210	26.7627	 0.47	 20.25	0.040	  142.71	 99.97
 418.00	 414.59	 7.3387	34.2210	26.7635	 0.46	 20.15	0.040	  142.80	 99.96
 419.00	 415.58	 7.3302	34.2214	26.7651	 0.46	 19.95	0.041	  142.70	 99.96
 420.00	 416.57	 7.3282	34.2215	26.7654	 0.45	 19.54	0.041	  142.75	 99.97
 421.00	 417.56	 7.3167	34.2214	26.7670	 0.44	 19.22	0.040	  142.75	 76.96
 422.00	 418.55	 7.3001	34.2222	26.7700	 0.44	 18.97	0.041	  142.72	 99.60
 423.00	 419.54	 7.2880	34.2229	26.7722	 0.43	 18.72	0.042	  142.75	 99.97
 424.00	 420.53	 7.2794	34.2233	26.7737	 0.43	 18.63	0.042	  142.75	 99.97
 425.00	 421.52	 7.2755	34.2235	26.7745	 0.43	 18.60	0.041	  142.78	 99.97
 426.00	 422.51	 7.2674	34.2238	26.7758	 0.42	 18.44	0.040	  142.72	 99.97
 427.00	 423.50	 7.2635	34.2238	26.7764	 0.42	 18.22	0.041	  142.67	 99.97
 428.00	 424.50	 7.2585	34.2240	26.7773	 0.41	 17.95	0.042	  142.69	 99.98
