wcoa21_data_management/01_CRUISE_METADATA/00_OCADS_data/CTD_downcasts/WCOA_2021_CTD_downcasts/dRB2102_CTD_036_01_F.txt
* Sea-Bird SBE 9 Data:
* Software Version Seasave V 7.26.7.107
* Vessel: NOAA Ship Ronald H. Brown
* Cruise: RB2102, West Coast Ocean Acidification (WCOA) 2021
* Dates: 20210622 to 20210723
* Region: NE Pacific, USA West Coast
* Ports: San Diego, CA to Port Angeles, WA to San Diego, CA
* Chief Scientists: R. Feely, NOAA PMEL; D. Greeley, NOAA PMEL; B. Carter, NOAA PMEL / UW CICOES
*END*
[from data line 1281]
1284.00	1269.41	 2.8880	34.4564	27.4692	 0.46	 19.80	0.040	  140.16	100.00
1285.00	1270.40	 2.8861	34.4568	27.4697	 0.46	 19.81	0.040	  140.15	100.00
1286.00	1271.38	 2.8864	34.4570	27.4699	 0.46	 19.87	0.040	  140.13	100.00
1287.00	1272.37	 2.8892	34.4582	27.4706	 0.46	 20.07	0.040	  140.15	100.00
1288.00	1273.35	 2.8972	34.4599	27.4713	 0.46	 20.13	0.041	  140.19	100.00
1289.00	1274.34	 2.9055	34.4618	27.4721	 0.46	 20.16	0.042	  140.13	100.00
1290.00	1275.33	 2.9032	34.4617	27.4721	 0.47	 20.27	0.042	  140.11	100.00
1291.00	1276.31	 2.8951	34.4617	27.4729	 0.47	 20.30	0.042	  140.13	100.00
1292.00	1277.30	 2.8909	34.4615	27.4731	 0.47	 20.31	0.041	  140.10	100.00
1293.00	1278.28	 2.8856	34.4610	27.4731	 0.47	 20.34	0.040	  140.09	100.00
1294.00	1279.27	 2.8838	34.4608	27.4732	 0.47	 20.29	0.040	  140.13	100.00
1295.00	1280.25	 2.8824	34.4608	27.4733	 0.47	 20.31	0.041	  140.13	100.00
1296.00	1281.24	 2.8815	34.4611	27.4737	 0.47	 20.40	0.041	  140.06	100.00
1297.00	1282.22	 2.8804	34.4616	27.4741	 0.47	 20.48	0.040	  140.09	100.00
1298.00	1283.21	 2.8807	34.4626	27.4749	 0.47	 20.58	0.040	  140.07	100.00
1299.00	1284.20	 2.8826	34.4633	27.4753	 0.47	 20.64	0.040	  140.04	100.00
1300.00	1285.18	 2.8778	34.4629	27.4754	 0.47	 20.61	0.040	  140.11	100.00
1301.00	1286.17	 2.8713	34.4629	27.4760	 0.48	 20.67	0.040	  140.12	100.00
1302.00	1287.15	 2.8663	34.4627	27.4763	 0.48	 20.68	0.041	  140.11	100.00
1303.00	1288.14	 2.8603	34.4622	27.4764	 0.48	 20.79	0.041	  140.10	100.00
1304.00	1289.12	 2.8577	34.4626	27.4770	 0.48	 20.92	0.041	  139.99	100.00
1305.00	1290.11	 2.8667	34.4657	27.4786	 0.48	 20.83	0.042	  140.08	 86.54
1306.00	1291.09	 2.8719	34.4656	27.4781	 0.48	 20.83	0.041	  140.03	 99.97
1307.00	1292.08	 2.8712	34.4657	27.4783	 0.48	 20.89	0.041	  139.98	100.00
1308.00	1293.07	 2.8695	34.4660	27.4787	 0.48	 21.01	0.042	  140.06	100.00
1309.00	1294.05	 2.8641	34.4664	27.4795	 0.48	 21.05	0.041	  140.00	100.00
1310.00	1295.04	 2.8634	34.4664	27.4795	 0.49	 21.13	0.041	  140.02	100.00
1311.00	1296.02	 2.8620	34.4665	27.4798	 0.49	 21.18	0.041	  140.08	100.00
1312.00	1297.01	 2.8618	34.4665	27.4798	 0.49	 21.14	0.040	  140.09	100.00
1313.00	1297.99	 2.8617	34.4666	27.4798	 0.49	 21.22	0.040	  139.94	100.00
1314.00	1298.98	 2.8593	34.4665	27.4801	 0.49	 21.13	0.040	  140.08	100.00
1315.00	1299.96	 2.8573	34.4666	27.4803	 0.49	 21.13	0.040	  139.97	100.00
1316.00	1300.95	 2.8569	34.4667	27.4804	 0.49	 21.25	0.040	  139.91	100.00
1317.00	1301.93	 2.8561	34.4668	27.4806	 0.49	 21.25	0.040	  140.03	100.00
1318.00	1302.92	 2.8559	34.4669	27.4806	 0.49	 21.20	0.041	  139.95	100.00
1319.00	1303.91	 2.8563	34.4667	27.4805	 0.49	 21.27	0.041	  140.01	100.00
1320.00	1304.89	 2.8532	34.4665	27.4806	 0.49	 21.22	0.041	  139.95	100.00
1321.00	1305.88	 2.8472	34.4665	27.4811	 0.49	 21.23	0.041	  140.01	100.00
1322.00	1306.86	 2.8473	34.4670	27.4815	 0.49	 21.33	0.040	  139.95	100.00
1323.00	1307.85	 2.8454	34.4671	27.4818	 0.49	 21.31	0.040	  140.02	100.00
1324.00	1308.83	 2.8386	34.4674	27.4826	 0.49	 21.36	0.040	  140.00	100.00
1325.00	1309.82	 2.8343	34.4678	27.4833	 0.49	 21.34	0.040	  140.01	100.00
1326.00	1310.80	 2.8334	34.4678	27.4834	 0.49	 21.43	0.040	  139.96	100.00
1327.00	1311.79	 2.8323	34.4676	27.4834	 0.49	 21.38	0.040	  139.94	100.00
1328.00	1312.77	 2.8293	34.4673	27.4834	 0.49	 21.41	0.041	  139.91	100.00
1329.00	1313.76	 2.8266	34.4674	27.4837	 0.49	 21.40	0.041	  139.97	100.00
1330.00	1314.75	 2.8265	34.4675	27.4838	 0.49	 21.39	0.040	  139.98	100.00
1331.00	1315.73	 2.8252	34.4674	27.4838	 0.49	 21.36	0.042	  139.94	100.00
1332.00	1316.72	 2.8226	34.4674	27.4840	 0.49	 21.42	0.041	  139.96	100.00
1333.00	1317.70	 2.8220	34.4674	27.4841	 0.49	 21.41	0.041	  140.04	100.00
1334.00	1318.69	 2.8204	34.4674	27.4843	 0.49	 21.37	0.041	  140.01	100.00
1335.00	1319.67	 2.8182	34.4676	27.4846	 0.49	 21.43	0.041	  139.98	100.00
1336.00	1320.66	 2.8171	34.4683	27.4853	 0.49	 21.45	0.041	  139.92	100.00
1337.00	1321.64	 2.8161	34.4686	27.4856	 0.49	 21.48	0.040	  139.95	100.00
1338.00	1322.63	 2.8121	34.4688	27.4862	 0.49	 21.51	0.040	  139.99	100.00
1339.00	1323.61	 2.8104	34.4691	27.4865	 0.50	 21.53	0.040	  139.94	100.00
1340.00	1324.60	 2.8103	34.4691	27.4865	 0.50	 21.57	0.040	  139.93	100.00
1341.00	1325.58	 2.8100	34.4690	27.4865	 0.50	 21.65	0.040	  139.94	100.00
1342.00	1326.57	 2.8068	34.4690	27.4868	 0.50	 21.58	0.040	  139.89	100.00
1343.00	1327.56	 2.8029	34.4695	27.4875	 0.50	 21.69	0.040	  139.93	100.00
1344.00	1328.54	 2.8006	34.4703	27.4884	 0.50	 21.75	0.040	  139.99	100.00
1345.00	1329.53	 2.8016	34.4707	27.4886	 0.50	 21.77	0.040	  139.92	100.00
1346.00	1330.51	 2.8004	34.4711	27.4890	 0.50	 21.90	0.041	  139.94	100.00
1347.00	1331.50	 2.7974	34.4713	27.4895	 0.51	 22.02	0.040	  139.98	100.00
1348.00	1332.48	 2.7946	34.4718	27.4902	 0.51	 22.00	0.041	  139.93	100.00
1349.00	1333.47	 2.7932	34.4725	27.4908	 0.51	 22.00	0.042	  139.92	100.00
1350.00	1334.45	 2.7917	34.4729	27.4913	 0.51	 22.10	0.040	  139.93	100.00
1351.00	1335.44	 2.7886	34.4732	27.4917	 0.51	 22.19	0.040	  139.90	100.00
1352.00	1336.42	 2.7848	34.4732	27.4922	 0.51	 22.31	0.040	  139.92	100.00
1353.00	1337.41	 2.7832	34.4735	27.4925	 0.51	 22.23	0.040	  139.95	100.00
1354.00	1338.39	 2.7828	34.4736	27.4926	 0.51	 22.26	0.040	  139.97	100.00
1355.00	1339.38	 2.7828	34.4738	27.4928	 0.51	 22.33	0.040	  139.93	100.00
1356.00	1340.36	 2.7827	34.4737	27.4928	 0.51	 22.37	0.040	  139.89	100.00
1357.00	1341.35	 2.7807	34.4737	27.4929	 0.51	 22.36	0.040	  139.97	100.00
1358.00	1342.34	 2.7799	34.4743	27.4934	 0.52	 22.45	0.041	  139.95	100.00
1359.00	1343.32	 2.7787	34.4747	27.4939	 0.52	 22.52	0.041	  139.91	100.00
1360.00	1344.31	 2.7766	34.4749	27.4942	 0.52	 22.51	0.041	  139.93	100.00
1361.00	1345.29	 2.7759	34.4749	27.4943	 0.52	 22.53	0.041	  139.93	100.00
1362.00	1346.28	 2.7747	34.4751	27.4946	 0.52	 22.55	0.040	  139.87	100.00
1363.00	1347.26	 2.7743	34.4754	27.4948	 0.52	 22.60	0.040	  139.85	100.00
1364.00	1348.25	 2.7731	34.4760	27.4954	 0.52	 22.70	0.041	  139.88	100.00
1365.00	1349.23	 2.7725	34.4758	27.4954	 0.52	 22.74	0.042	  139.93	100.00
1366.00	1350.22	 2.7704	34.4760	27.4957	 0.53	 22.83	0.042	  139.89	100.00
1367.00	1351.20	 2.7663	34.4763	27.4963	 0.52	 22.80	0.041	  139.88	100.00
1368.00	1352.19	 2.7579	34.4768	27.4975	 0.53	 22.96	0.041	  139.90	100.00
1369.00	1353.17	 2.7528	34.4773	27.4983	 0.53	 23.06	0.040	  139.88	100.00
1370.00	1354.16	 2.7506	34.4777	27.4988	 0.53	 23.06	0.040	  139.90	100.00
1371.00	1355.14	 2.7498	34.4779	27.4991	 0.53	 23.04	0.040	  139.84	100.00
1372.00	1356.13	 2.7492	34.4779	27.4991	 0.53	 23.05	0.040	  139.80	100.00
1373.00	1357.11	 2.7489	34.4780	27.4992	 0.53	 23.06	0.040	  139.86	100.00
1374.00	1358.10	 2.7477	34.4780	27.4993	 0.53	 23.09	0.040	  139.84	100.00
1375.00	1359.08	 2.7458	34.4781	27.4995	 0.53	 23.13	0.040	  139.87	100.00
1376.00	1360.07	 2.7403	34.4789	27.5007	 0.53	 23.22	0.040	  139.80	100.00
1377.00	1361.05	 2.7387	34.4792	27.5011	 0.54	 23.30	0.040	  139.86	100.00
1378.00	1362.04	 2.7375	34.4792	27.5012	 0.54	 23.39	0.040	  139.89	100.00
1379.00	1363.03	 2.7359	34.4793	27.5014	 0.54	 23.40	0.040	  139.84	100.00
1380.00	1364.01	 2.7344	34.4795	27.5017	 0.54	 23.43	0.040	  139.87	100.00
1381.00	1365.00	 2.7334	34.4797	27.5019	 0.54	 23.46	0.040	  139.88	100.00
1382.00	1365.98	 2.7315	34.4800	27.5023	 0.54	 23.49	0.040	  139.86	100.00
1383.00	1366.97	 2.7302	34.4800	27.5025	 0.54	 23.57	0.040	  139.88	100.00
1384.00	1367.95	 2.7292	34.4803	27.5028	 0.54	 23.62	0.040	  139.84	100.00
1385.00	1368.94	 2.7257	34.4807	27.5034	 0.54	 23.65	0.042	  139.88	100.00
1386.00	1369.92	 2.7249	34.4813	27.5040	 0.55	 23.76	0.040	  139.82	100.00
1387.00	1370.91	 2.7220	34.4818	27.5046	 0.55	 23.88	0.041	  139.89	100.00
1388.00	1371.89	 2.7184	34.4833	27.5062	 0.55	 24.02	0.042	  139.85	100.00
1389.00	1372.88	 2.7168	34.4840	27.5069	 0.55	 24.08	0.041	  139.82	100.00
1390.00	1373.86	 2.7115	34.4848	27.5080	 0.56	 24.28	0.040	  139.86	100.00
1391.00	1374.85	 2.7132	34.4864	27.5091	 0.56	 24.53	0.040	  139.88	100.00
1392.00	1375.83	 2.7113	34.4865	27.5093	 0.56	 24.50	0.040	  139.85	100.00
1393.00	1376.82	 2.7110	34.4868	27.5096	 0.57	 24.73	0.041	  139.79	100.00
1394.00	1377.80	 2.7113	34.4870	27.5097	 0.57	 24.88	0.040	  139.79	100.00
1395.00	1378.79	 2.7113	34.4875	27.5101	 0.57	 24.99	0.040	  139.76	100.00
1396.00	1379.77	 2.7106	34.4880	27.5106	 0.57	 24.96	0.040	  139.87	100.00
1397.00	1380.76	 2.7085	34.4883	27.5110	 0.58	 25.16	0.041	  139.74	100.00
1398.00	1381.74	 2.7069	34.4884	27.5113	 0.58	 25.23	0.042	  139.82	100.00
1399.00	1382.73	 2.7064	34.4884	27.5114	 0.58	 25.15	0.042	  139.83	100.00
1400.00	1383.71	 2.7064	34.4885	27.5114	 0.58	 25.15	0.041	  139.78	100.00
1401.00	1384.70	 2.7076	34.4888	27.5116	 0.58	 25.19	0.040	  139.79	100.00
1402.00	1385.68	 2.7073	34.4888	27.5116	 0.58	 25.26	0.041	  139.76	100.00
1403.00	1386.67	 2.7076	34.4888	27.5116	 0.58	 25.27	0.041	  139.77	100.00
1404.00	1387.65	 2.7075	34.4890	27.5118	 0.58	 25.26	0.040	  139.79	100.00
1405.00	1388.64	 2.7075	34.4889	27.5117	 0.58	 25.29	0.040	  139.75	100.00
1406.00	1389.62	 2.7073	34.4889	27.5117	 0.58	 25.37	0.040	  139.72	100.00
1407.00	1390.61	 2.7053	34.4888	27.5119	 0.58	 25.40	0.040	  139.74	100.00
1408.00	1391.59	 2.7036	34.4894	27.5125	 0.58	 25.41	0.040	  139.75	100.00
1409.00	1392.58	 2.7033	34.4894	27.5125	 0.58	 25.42	0.041	  139.76	100.00
1410.00	1393.56	 2.7028	34.4898	27.5129	 0.59	 25.48	0.040	  139.73	100.00
1411.00	1394.55	 2.7032	34.4900	27.5130	 0.59	 25.46	0.040	  139.75	100.00
1412.00	1395.53	 2.7033	34.4901	27.5130	 0.59	 25.54	0.040	  139.72	100.00
1413.00	1396.52	 2.7031	34.4902	27.5132	 0.59	 25.57	0.041	  139.74	100.00
1414.00	1397.50	 2.7018	34.4901	27.5132	 0.59	 25.66	0.042	  139.68	100.00
1415.00	1398.49	 2.6975	34.4903	27.5137	 0.59	 25.70	0.041	  139.70	100.00
1416.00	1399.47	 2.6951	34.4905	27.5141	 0.59	 25.68	0.040	  139.70	100.00
1417.00	1400.46	 2.6949	34.4906	27.5142	 0.59	 25.75	0.040	  139.74	100.00
1418.00	1401.44	 2.6932	34.4905	27.5143	 0.59	 25.70	0.040	  139.78	100.00
1419.00	1402.43	 2.6891	34.4904	27.5145	 0.59	 25.75	0.040	  139.74	100.00
1420.00	1403.41	 2.6863	34.4907	27.5150	 0.59	 25.76	0.040	  139.68	100.00
1421.00	1404.40	 2.6837	34.4909	27.5154	 0.59	 25.80	0.040	  139.75	100.00
1422.00	1405.38	 2.6805	34.4910	27.5158	 0.60	 25.91	0.040	  139.67	100.00
1423.00	1406.37	 2.6746	34.4915	27.5167	 0.59	 25.85	0.040	  139.70	100.00
1424.00	1407.35	 2.6727	34.4914	27.5168	 0.60	 26.03	0.040	  139.70	100.00
1425.00	1408.34	 2.6697	34.4916	27.5172	 0.60	 26.06	0.041	  139.70	100.00
1426.00	1409.32	 2.6678	34.4920	27.5177	 0.60	 25.99	0.042	  139.74	100.00
1427.00	1410.31	 2.6679	34.4922	27.5178	 0.60	 26.09	0.042	  139.69	100.00
1428.00	1411.29	 2.6660	34.4920	27.5179	 0.60	 26.06	0.041	  139.73	100.00
1429.00	1412.28	 2.6650	34.4923	27.5182	 0.60	 26.13	0.040	  139.69	100.00
1430.00	1413.26	 2.6606	34.4923	27.5186	 0.60	 26.27	0.041	  139.68	100.00
1431.00	1414.25	 2.6563	34.4929	27.5194	 0.60	 26.29	0.041	  139.68	100.00
1432.00	1415.23	 2.6552	34.4930	27.5196	 0.61	 26.32	0.040	  139.67	100.00
1433.00	1416.22	 2.6544	34.4935	27.5201	 0.61	 26.31	0.040	  139.64	100.00
1434.00	1417.20	 2.6542	34.4937	27.5203	 0.61	 26.37	0.040	  139.69	100.00
1435.00	1418.19	 2.6539	34.4939	27.5205	 0.61	 26.43	0.040	  139.68	100.00
1436.00	1419.17	 2.6533	34.4939	27.5205	 0.61	 26.46	0.040	  139.70	100.00
1437.00	1420.16	 2.6530	34.4940	27.5206	 0.61	 26.58	0.040	  139.64	100.00
1438.00	1421.14	 2.6528	34.4943	27.5209	 0.61	 26.59	0.040	  139.74	100.00
1439.00	1422.13	 2.6522	34.4946	27.5212	 0.61	 26.64	0.040	  139.64	100.00
1440.00	1423.11	 2.6506	34.4953	27.5219	 0.62	 26.77	0.040	  139.70	100.00
1441.00	1424.10	 2.6506	34.4953	27.5219	 0.62	 26.85	0.040	  139.67	100.00
1442.00	1425.08	 2.6502	34.4958	27.5223	 0.62	 26.85	0.040	  139.69	100.00
1443.00	1426.07	 2.6480	34.4963	27.5229	 0.62	 26.86	0.040	  139.62	100.00
1444.00	1427.05	 2.6477	34.4963	27.5230	 0.62	 26.92	0.040	  139.68	100.00
1445.00	1428.04	 2.6467	34.4964	27.5231	 0.62	 27.07	0.040	  139.65	100.00
1446.00	1429.02	 2.6446	34.4966	27.5235	 0.62	 27.10	0.040	  139.70	100.00
1447.00	1430.01	 2.6442	34.4967	27.5236	 0.62	 27.12	0.040	  139.63	100.00
1448.00	1430.99	 2.6439	34.4967	27.5236	 0.62	 27.15	0.040	  139.62	100.00
1449.00	1431.98	 2.6441	34.4968	27.5237	 0.63	 27.30	0.040	  139.64	100.00
1450.00	1432.96	 2.6432	34.4974	27.5242	 0.63	 27.38	0.040	  139.65	100.00
1451.00	1433.95	 2.6429	34.4974	27.5243	 0.63	 27.36	0.040	  139.64	100.00
1452.00	1434.93	 2.6423	34.4978	27.5246	 0.63	 27.37	0.040	  139.67	100.00
1453.00	1435.92	 2.6409	34.4984	27.5253	 0.63	 27.40	0.042	  139.63	100.00
1454.00	1436.90	 2.6406	34.4984	27.5253	 0.63	 27.50	0.041	  139.59	100.00
1455.00	1437.89	 2.6402	34.4985	27.5255	 0.64	 27.67	0.040	  139.62	100.00
1456.00	1438.87	 2.6375	34.4993	27.5263	 0.64	 27.69	0.040	  139.60	100.00
1457.00	1439.86	 2.6364	34.4996	27.5267	 0.64	 27.88	0.041	  139.63	100.00
1458.00	1440.84	 2.6341	34.5003	27.5275	 0.64	 27.97	0.040	  139.63	100.00
1459.00	1441.83	 2.6328	34.5007	27.5279	 0.64	 27.93	0.040	  139.59	100.00
1460.00	1442.81	 2.6327	34.5006	27.5278	 0.64	 28.02	0.040	  139.62	100.00
1461.00	1443.80	 2.6324	34.5007	27.5279	 0.65	 28.15	0.040	  139.66	100.00
1462.00	1444.78	 2.6322	34.5009	27.5281	 0.65	 28.18	0.040	  139.59	100.00
1463.00	1445.76	 2.6318	34.5010	27.5282	 0.65	 28.20	0.040	  139.61	100.00
1464.00	1446.75	 2.6299	34.5012	27.5285	 0.65	 28.30	0.040	  139.63	100.00
1465.00	1447.73	 2.6289	34.5014	27.5288	 0.65	 28.41	0.040	  139.58	100.00
1466.00	1448.72	 2.6271	34.5015	27.5290	 0.66	 28.48	0.040	  139.57	100.00
1467.00	1449.70	 2.6257	34.5017	27.5293	 0.65	 28.42	0.040	  139.55	100.00
1468.00	1450.69	 2.6243	34.5018	27.5295	 0.65	 28.46	0.040	  139.54	100.00
1469.00	1451.67	 2.6229	34.5019	27.5297	 0.65	 28.46	0.040	  139.63	100.00
1470.00	1452.66	 2.6224	34.5020	27.5299	 0.66	 28.48	0.040	  139.59	100.00
1471.00	1453.64	 2.6210	34.5022	27.5301	 0.66	 28.53	0.040	  139.53	100.00
1472.00	1454.63	 2.6193	34.5023	27.5304	 0.66	 28.58	0.040	  139.57	100.00
1473.00	1455.61	 2.6189	34.5025	27.5306	 0.66	 28.63	0.040	  139.55	100.00
1474.00	1456.60	 2.6184	34.5025	27.5306	 0.66	 28.67	0.040	  139.55	100.00
1475.00	1457.58	 2.6172	34.5024	27.5307	 0.66	 28.76	0.042	  139.56	100.00
1476.00	1458.57	 2.6138	34.5025	27.5311	 0.66	 28.77	0.041	  139.51	100.00
1477.00	1459.55	 2.6100	34.5028	27.5316	 0.66	 28.76	0.040	  139.46	100.00
1478.00	1460.54	 2.6073	34.5029	27.5319	 0.66	 28.80	0.040	  139.59	100.00
1479.00	1461.52	 2.6036	34.5032	27.5325	 0.66	 28.86	0.040	  139.57	100.00
1480.00	1462.51	 2.6024	34.5034	27.5328	 0.67	 28.98	0.040	  139.53	100.00
1481.00	1463.49	 2.5990	34.5033	27.5329	 0.67	 29.05	0.040	  139.59	100.00
1482.00	1464.47	 2.5964	34.5035	27.5333	 0.67	 29.00	0.040	  139.58	100.00
1483.00	1465.46	 2.5935	34.5038	27.5338	 0.67	 29.02	0.040	  139.60	100.00
1484.00	1466.44	 2.5923	34.5040	27.5341	 0.67	 29.05	0.040	  139.50	100.00
1485.00	1467.43	 2.5918	34.5040	27.5341	 0.67	 29.04	0.040	  139.51	100.00
1486.00	1468.41	 2.5916	34.5043	27.5344	 0.67	 29.06	0.040	  139.56	100.00
1487.00	1469.40	 2.5902	34.5044	27.5346	 0.67	 29.10	0.040	  139.51	100.00
1488.00	1470.38	 2.5891	34.5047	27.5349	 0.67	 29.16	0.040	  139.51	100.00
1489.00	1471.37	 2.5886	34.5048	27.5351	 0.67	 29.26	0.041	  139.52	100.00
1490.00	1472.35	 2.5889	34.5047	27.5350	 0.67	 29.33	0.040	  139.51	100.00
1491.00	1473.34	 2.5861	34.5046	27.5351	 0.67	 29.33	0.040	  139.52	100.00
1492.00	1474.32	 2.5766	34.5049	27.5362	 0.67	 29.32	0.040	  139.50	100.00
1493.00	1475.31	 2.5744	34.5053	27.5367	 0.67	 29.33	0.040	  139.55	100.00
1494.00	1476.29	 2.5733	34.5053	27.5368	 0.68	 29.35	0.040	  139.55	100.00
1495.00	1477.28	 2.5725	34.5053	27.5369	 0.68	 29.38	0.040	  139.48	100.00
