wcoa21_data_management/01_CRUISE_METADATA/00_OCADS_data/CTD_downcasts/WCOA_2021_CTD_downcasts/dRB2102_CTD_026_01_F.txt
* Sea-Bird SBE 9 Data:
* Software Version Seasave V 7.26.7.107
* Vessel: NOAA Ship Ronald H. Brown
* Cruise: RB2102, West Coast Ocean Acidification (WCOA) 2021
* Dates: 20210622 to 20210723
* Region: NE Pacific, USA West Coast
* Ports: San Diego, CA to Port Angeles, WA to San Diego, CA
* Chief Scientists: R. Feely, NOAA PMEL; D. Greeley, NOAA PMEL; B. Carter, NOAA PMEL / UW CICOES
*END*
[from data line 427]
 430.00	 426.02	 5.4915	34.0662	26.8816	 1.06	 45.89	0.041	  124.74	 99.91
 431.00	 427.01	 5.4878	34.0671	26.8827	 1.05	 45.63	0.041	  124.76	 99.91
 432.00	 428.00	 5.4845	34.0683	26.8841	 1.04	 45.31	0.041	  124.71	 99.92
 433.00	 428.99	 5.4835	34.0691	26.8848	 1.04	 45.16	0.041	  124.75	 99.92
 434.00	 429.98	 5.4830	34.0694	26.8851	 1.03	 44.93	0.041	  124.71	 99.92
 435.00	 430.97	 5.4813	34.0706	26.8863	 1.03	 44.80	0.041	  124.70	 99.92
 436.00	 431.96	 5.4799	34.0715	26.8872	 1.03	 44.67	0.041	  124.74	 99.92
 437.00	 432.95	 5.4795	34.0717	26.8874	 1.02	 44.47	0.040	  124.74	 99.92
 438.00	 433.94	 5.4796	34.0719	26.8876	 1.02	 44.26	0.041	  124.71	 99.93
 439.00	 434.93	 5.4786	34.0734	26.8889	 1.01	 44.11	0.041	  124.74	 99.93
 440.00	 435.92	 5.4782	34.0743	26.8896	 1.01	 43.97	0.041	  124.68	 99.93
 441.00	 436.91	 5.4779	34.0753	26.8905	 1.01	 43.76	0.041	  124.69	 99.93
 442.00	 437.90	 5.4777	34.0758	26.8909	 1.00	 43.45	0.041	  124.69	 99.93
 443.00	 438.89	 5.4766	34.0772	26.8922	 0.99	 43.25	0.041	  124.81	 99.93
 444.00	 439.88	 5.4745	34.0781	26.8932	 0.99	 43.07	0.041	  124.68	 99.93
 445.00	 440.87	 5.4717	34.0791	26.8943	 0.99	 42.96	0.041	  124.78	 99.93
 446.00	 441.86	 5.4709	34.0792	26.8944	 0.98	 42.83	0.041	  124.73	 99.93
 447.00	 442.85	 5.4722	34.0788	26.8940	 0.98	 42.67	0.041	  124.78	 99.93
 448.00	 443.84	 5.4679	34.0797	26.8952	 0.98	 42.44	0.041	  124.74	 99.93
 449.00	 444.83	 5.4631	34.0812	26.8970	 0.97	 42.38	0.041	  124.82	 99.93
 450.00	 445.82	 5.4608	34.0811	26.8972	 0.97	 42.20	0.041	  124.71	 99.93
 451.00	 446.81	 5.4534	34.0814	26.8984	 0.97	 42.08	0.041	  124.72	 99.93
 452.00	 447.79	 5.4529	34.0825	26.8993	 0.96	 41.94	0.041	  124.73	 99.93
 453.00	 448.78	 5.4566	34.0836	26.8997	 0.95	 41.36	0.041	  124.75	 99.93
 454.00	 449.77	 5.4649	34.0891	26.9031	 0.94	 40.67	0.041	  124.74	 99.93
 455.00	 450.76	 5.4912	34.0964	26.9057	 0.93	 40.30	0.041	  124.76	 99.93
 456.00	 451.75	 5.5013	34.0981	26.9059	 0.92	 40.01	0.041	  124.73	 99.93
 457.00	 452.74	 5.5059	34.0990	26.9061	 0.91	 39.71	0.040	  124.67	 99.93
 458.00	 453.73	 5.5060	34.0992	26.9062	 0.91	 39.46	0.041	  124.70	 99.93
 459.00	 454.72	 5.5008	34.0986	26.9064	 0.90	 39.32	0.041	  124.73	 99.93
 460.00	 455.71	 5.4924	34.0983	26.9071	 0.90	 39.21	0.041	  124.75	 99.93
 461.00	 456.70	 5.4878	34.0984	26.9078	 0.90	 39.14	0.041	  124.68	 99.93
 462.00	 457.69	 5.4663	34.0972	26.9094	 0.90	 39.04	0.041	  124.68	 99.93
 463.00	 458.68	 5.4569	34.0985	26.9116	 0.90	 39.04	0.041	  124.74	 99.94
 464.00	 459.67	 5.4567	34.0994	26.9123	 0.90	 38.92	0.041	  124.72	 99.93
 465.00	 460.66	 5.4489	34.0990	26.9130	 0.89	 38.76	0.041	  124.75	 99.94
 466.00	 461.65	 5.4412	34.0987	26.9136	 0.89	 38.71	0.041	  124.75	 99.94
 467.00	 462.64	 5.4334	34.0979	26.9139	 0.89	 38.56	0.041	  124.70	 99.94
 468.00	 463.63	 5.4313	34.0986	26.9147	 0.89	 38.54	0.041	  124.75	 99.93
 469.00	 464.62	 5.4302	34.0990	26.9152	 0.88	 38.37	0.041	  124.80	 99.94
 470.00	 465.61	 5.4268	34.0996	26.9161	 0.88	 38.24	0.041	  124.71	 99.94
 471.00	 466.60	 5.4247	34.1003	26.9169	 0.87	 38.04	0.041	  124.73	 99.94
 472.00	 467.59	 5.4214	34.1009	26.9177	 0.87	 37.79	0.041	  124.74	 99.94
 473.00	 468.58	 5.4146	34.1019	26.9194	 0.87	 37.71	0.041	  124.76	 99.94
 474.00	 469.57	 5.4096	34.1025	26.9205	 0.87	 37.69	0.041	  124.76	 99.94
 475.00	 470.55	 5.4053	34.1024	26.9209	 0.86	 37.53	0.040	  124.70	 99.94
 476.00	 471.54	 5.3938	34.1017	26.9217	 0.86	 37.50	0.041	  124.76	 99.93
 477.00	 472.53	 5.3835	34.1021	26.9232	 0.86	 37.38	0.042	  124.75	 99.94
 478.00	 473.52	 5.3780	34.1026	26.9243	 0.86	 37.24	0.041	  124.77	 99.94
 479.00	 474.51	 5.3710	34.1028	26.9253	 0.85	 36.92	0.041	  124.68	 99.95
 480.00	 475.50	 5.3564	34.1023	26.9267	 0.84	 36.66	0.041	  124.69	 99.94
 481.00	 476.49	 5.3441	34.1039	26.9294	 0.83	 36.30	0.040	  124.71	 99.94
 482.00	 477.48	 5.3276	34.1076	26.9342	 0.83	 36.11	0.042	  124.79	 99.95
 483.00	 478.47	 5.3179	34.1100	26.9373	 0.82	 35.79	0.041	  124.80	 99.94
 484.00	 479.46	 5.3160	34.1104	26.9378	 0.82	 35.47	0.041	  124.73	 99.95
 485.00	 480.45	 5.3154	34.1105	26.9380	 0.81	 35.35	0.041	  124.76	 99.95
 486.00	 481.44	 5.3131	34.1110	26.9387	 0.81	 35.08	0.041	  124.67	 99.95
 487.00	 482.43	 5.3096	34.1117	26.9397	 0.80	 34.88	0.041	  124.73	 99.95
 488.00	 483.42	 5.2951	34.1148	26.9438	 0.79	 34.57	0.041	  124.72	 99.95
 489.00	 484.41	 5.2943	34.1149	26.9440	 0.79	 34.24	0.041	  124.72	 99.95
 490.00	 485.40	 5.2891	34.1161	26.9455	 0.78	 34.06	0.041	  124.75	 99.95
 491.00	 486.39	 5.2885	34.1164	26.9459	 0.78	 34.06	0.041	  124.68	 99.95
 492.00	 487.38	 5.2878	34.1166	26.9462	 0.78	 33.92	0.041	  124.75	 99.95
 493.00	 488.37	 5.2863	34.1169	26.9466	 0.78	 33.90	0.042	  124.78	 99.95
 494.00	 489.35	 5.2836	34.1175	26.9474	 0.78	 33.71	0.041	  124.77	 99.95
 495.00	 490.34	 5.2803	34.1182	26.9483	 0.77	 33.54	0.041	  124.73	 99.95
 496.00	 491.33	 5.2741	34.1191	26.9498	 0.77	 33.42	0.040	  124.75	 99.95
 497.00	 492.32	 5.2690	34.1202	26.9512	 0.77	 33.27	0.042	  124.81	 99.95
 498.00	 493.31	 5.2654	34.1209	26.9522	 0.76	 32.90	0.041	  124.76	 99.95
 499.00	 494.30	 5.2593	34.1220	26.9538	 0.75	 32.60	0.041	  124.77	 99.95
 500.00	 495.29	 5.2476	34.1262	26.9585	 0.74	 32.24	0.040	  124.77	 99.95
 501.00	 496.28	 5.2463	34.1288	26.9608	 0.74	 32.02	0.041	  124.80	 99.95
 502.00	 497.27	 5.2489	34.1297	26.9611	 0.73	 31.72	0.041	  124.75	 99.95
 503.00	 498.26	 5.2483	34.1306	26.9619	 0.72	 31.45	0.041	  124.69	 99.96
 504.00	 499.25	 5.2480	34.1316	26.9628	 0.72	 31.35	0.040	  124.86	 99.95
 505.00	 500.24	 5.2481	34.1317	26.9628	 0.72	 31.19	0.040	  124.73	 99.95
 506.00	 501.23	 5.2468	34.1324	26.9636	 0.72	 31.10	0.040	  124.76	 99.95
 507.00	 502.22	 5.2453	34.1324	26.9638	 0.71	 31.05	0.041	  124.74	 99.96
 508.00	 503.21	 5.2402	34.1331	26.9649	 0.71	 30.95	0.041	  124.77	 99.96
 509.00	 504.20	 5.2324	34.1343	26.9668	 0.71	 30.70	0.040	  124.76	 99.97
 510.00	 505.18	 5.2246	34.1356	26.9687	 0.70	 30.51	0.040	  124.75	 99.96
 511.00	 506.17	 5.2242	34.1361	26.9692	 0.70	 30.54	0.041	  124.80	 99.95
 512.00	 507.16	 5.2224	34.1364	26.9697	 0.70	 30.41	0.040	  124.72	 99.95
 513.00	 508.15	 5.2218	34.1365	26.9698	 0.70	 30.35	0.041	  124.80	 99.96
 514.00	 509.14	 5.2208	34.1367	26.9701	 0.70	 30.24	0.042	  124.76	 99.96
 515.00	 510.13	 5.2186	34.1369	26.9705	 0.69	 30.15	0.042	  124.75	 99.96
 516.00	 511.12	 5.2138	34.1379	26.9719	 0.69	 29.99	0.041	  124.76	 99.97
 517.00	 512.11	 5.2124	34.1399	26.9736	 0.69	 29.79	0.041	  124.73	 99.97
 518.00	 513.10	 5.2117	34.1406	26.9743	 0.68	 29.60	0.041	  124.72	 99.97
 519.00	 514.09	 5.2110	34.1424	26.9758	 0.68	 29.51	0.041	  124.79	 99.97
 520.00	 515.08	 5.2106	34.1431	26.9764	 0.67	 29.34	0.040	  124.74	 99.96
 521.00	 516.07	 5.2107	34.1449	26.9779	 0.67	 29.33	0.041	  124.80	 99.96
 522.00	 517.06	 5.2104	34.1456	26.9784	 0.67	 29.17	0.041	  124.76	 99.97
 523.00	 518.05	 5.2097	34.1476	26.9801	 0.67	 28.95	0.040	  124.77	 99.97
 524.00	 519.04	 5.2092	34.1493	26.9815	 0.66	 28.82	0.041	  124.71	 99.98
 525.00	 520.02	 5.2072	34.1493	26.9818	 0.66	 28.77	0.040	  124.70	 99.98
 526.00	 521.01	 5.1998	34.1490	26.9824	 0.66	 28.68	0.040	  124.79	 99.97
 527.00	 522.00	 5.1957	34.1490	26.9829	 0.66	 28.63	0.040	  124.73	 99.98
 528.00	 522.99	 5.1889	34.1490	26.9837	 0.66	 28.53	0.041	  124.75	 99.98
 529.00	 523.98	 5.1876	34.1493	26.9841	 0.65	 28.46	0.041	  124.70	 99.98
 530.00	 524.97	 5.1864	34.1499	26.9847	 0.65	 28.44	0.040	  124.68	 99.98
 531.00	 525.96	 5.1861	34.1505	26.9852	 0.65	 28.36	0.041	  124.76	 99.98
 532.00	 526.95	 5.1843	34.1510	26.9858	 0.65	 28.24	0.040	  124.74	 99.98
 533.00	 527.94	 5.1819	34.1517	26.9866	 0.65	 28.18	0.041	  124.74	 99.98
 534.00	 528.93	 5.1800	34.1522	26.9873	 0.65	 28.09	0.040	  124.75	 99.98
 535.00	 529.92	 5.1791	34.1526	26.9878	 0.64	 27.98	0.041	  124.70	 76.58
 536.00	 530.91	 5.1787	34.1536	26.9886	 0.64	 27.98	0.041	  124.72	 99.85
 537.00	 531.90	 5.1790	34.1545	26.9893	 0.64	 27.94	0.041	  124.73	 99.98
 538.00	 532.88	 5.1793	34.1550	26.9896	 0.64	 27.89	0.040	  124.72	 99.98
 539.00	 533.87	 5.1806	34.1555	26.9899	 0.64	 27.74	0.041	  124.70	 99.98
 540.00	 534.86	 5.1816	34.1557	26.9900	 0.64	 27.80	0.041	  124.72	 99.98
 541.00	 535.85	 5.1836	34.1563	26.9902	 0.64	 27.77	0.042	  124.65	 99.98
 542.00	 536.84	 5.1833	34.1563	26.9902	 0.64	 27.74	0.041	  124.72	 99.98
 543.00	 537.83	 5.1831	34.1565	26.9905	 0.64	 27.67	0.041	  124.70	 99.98
 544.00	 538.82	 5.1816	34.1574	26.9913	 0.64	 27.66	0.041	  124.71	 99.98
 545.00	 539.81	 5.1811	34.1575	26.9915	 0.63	 27.58	0.041	  124.72	 99.98
 546.00	 540.80	 5.1798	34.1575	26.9917	 0.63	 27.56	0.040	  124.65	 99.98
 547.00	 541.79	 5.1787	34.1576	26.9919	 0.63	 27.46	0.040	  124.68	 99.98
 548.00	 542.78	 5.1696	34.1573	26.9927	 0.63	 27.43	0.040	  124.68	 99.98
 549.00	 543.77	 5.1566	34.1595	26.9960	 0.63	 27.35	0.041	  124.78	 99.98
 550.00	 544.75	 5.1558	34.1594	26.9959	 0.63	 27.27	0.042	  124.68	 99.98
 551.00	 545.74	 5.1534	34.1597	26.9965	 0.63	 27.21	0.042	  124.78	 99.98
 552.00	 546.73	 5.1518	34.1598	26.9967	 0.62	 27.12	0.041	  124.73	 99.98
 553.00	 547.72	 5.1508	34.1599	26.9969	 0.62	 27.07	0.040	  124.74	 99.98
 554.00	 548.71	 5.1493	34.1600	26.9972	 0.62	 27.09	0.041	  124.71	 99.98
 555.00	 549.70	 5.1465	34.1601	26.9977	 0.62	 27.02	0.041	  124.62	 99.98
 556.00	 550.69	 5.1431	34.1604	26.9983	 0.62	 26.99	0.041	  124.73	 99.98
 557.00	 551.68	 5.1346	34.1607	26.9995	 0.62	 26.89	0.041	  124.64	 99.98
 558.00	 552.67	 5.1279	34.1612	27.0007	 0.61	 26.71	0.041	  124.76	 99.98
 559.00	 553.66	 5.1114	34.1623	27.0035	 0.61	 26.62	0.041	  124.75	 99.98
 560.00	 554.65	 5.0982	34.1605	27.0035	 0.61	 26.52	0.040	  124.76	 99.98
 561.00	 555.64	 5.0546	34.1595	27.0078	 0.61	 26.44	0.040	  124.76	 99.98
 562.00	 556.62	 5.0409	34.1596	27.0094	 0.60	 26.29	0.041	  124.73	 99.98
 563.00	 557.61	 5.0328	34.1604	27.0110	 0.60	 26.03	0.040	  124.70	 99.98
 564.00	 558.60	 5.0300	34.1609	27.0117	 0.60	 25.94	0.041	  124.76	 99.98
 565.00	 559.59	 5.0258	34.1614	27.0126	 0.59	 25.86	0.042	  124.73	 99.98
 566.00	 560.58	 5.0234	34.1620	27.0133	 0.59	 25.70	0.042	  124.68	 99.98
 567.00	 561.57	 5.0187	34.1624	27.0142	 0.59	 25.64	0.040	  124.73	 99.98
 568.00	 562.56	 5.0166	34.1629	27.0149	 0.59	 25.51	0.040	  124.69	 99.98
 569.00	 563.55	 5.0161	34.1629	27.0149	 0.58	 25.40	0.041	  124.63	 99.98
 570.00	 564.54	 5.0154	34.1630	27.0151	 0.58	 25.39	0.042	  124.74	 99.98
 571.00	 565.53	 5.0139	34.1632	27.0155	 0.58	 25.36	0.041	  124.70	 99.98
 572.00	 566.51	 5.0136	34.1633	27.0156	 0.58	 25.32	0.041	  124.69	 99.98
 573.00	 567.50	 5.0121	34.1638	27.0161	 0.58	 25.22	0.040	  124.69	 99.98
 574.00	 568.49	 5.0110	34.1640	27.0164	 0.58	 25.21	0.040	  124.68	 99.98
 575.00	 569.48	 5.0100	34.1642	27.0167	 0.58	 25.13	0.040	  124.68	 99.98
 576.00	 570.47	 5.0092	34.1644	27.0170	 0.58	 25.10	0.040	  124.68	 99.98
 577.00	 571.46	 5.0074	34.1649	27.0176	 0.58	 25.05	0.041	  124.72	 99.98
 578.00	 572.45	 5.0073	34.1649	27.0176	 0.58	 25.06	0.041	  124.78	 99.98
 579.00	 573.44	 5.0058	34.1653	27.0181	 0.58	 25.05	0.040	  124.72	 99.98
 580.00	 574.43	 5.0051	34.1656	27.0184	 0.57	 24.96	0.041	  124.71	 99.98
 581.00	 575.42	 5.0038	34.1659	27.0188	 0.57	 24.91	0.041	  124.72	 99.98
 582.00	 576.41	 5.0025	34.1663	27.0193	 0.57	 24.85	0.041	  124.76	 99.98
 583.00	 577.39	 4.9980	34.1671	27.0205	 0.57	 24.79	0.040	  124.66	 99.98
 584.00	 578.38	 4.9921	34.1690	27.0226	 0.57	 24.63	0.040	  124.76	 99.98
 585.00	 579.37	 4.9908	34.1704	27.0239	 0.57	 24.59	0.041	  124.81	 99.98
 586.00	 580.36	 4.9911	34.1707	27.0241	 0.56	 24.56	0.042	  124.74	 99.98
 587.00	 581.35	 4.9913	34.1705	27.0239	 0.56	 24.49	0.041	  124.71	 99.98
 588.00	 582.34	 4.9913	34.1706	27.0241	 0.56	 24.35	0.041	  124.73	 99.99
 589.00	 583.33	 4.9914	34.1707	27.0241	 0.56	 24.36	0.041	  124.71	 99.98
 590.00	 584.32	 4.9915	34.1706	27.0240	 0.56	 24.37	0.040	  124.68	 99.98
 591.00	 585.31	 4.9914	34.1707	27.0241	 0.56	 24.39	0.040	  124.71	 99.98
 592.00	 586.29	 4.9914	34.1707	27.0242	 0.56	 24.37	0.040	  124.68	 99.98
 593.00	 587.28	 4.9913	34.1709	27.0243	 0.56	 24.37	0.042	  124.80	 99.98
 594.00	 588.27	 4.9918	34.1711	27.0244	 0.56	 24.40	0.042	  124.69	 99.98
 595.00	 589.26	 4.9911	34.1713	27.0247	 0.56	 24.29	0.041	  124.75	 99.98
 596.00	 590.25	 4.9848	34.1723	27.0262	 0.56	 24.26	0.041	  124.68	 99.98
 597.00	 591.24	 4.9836	34.1730	27.0269	 0.56	 24.20	0.041	  124.65	 99.99
 598.00	 592.23	 4.9810	34.1732	27.0273	 0.56	 24.16	0.041	  124.72	 99.98
 599.00	 593.22	 4.9779	34.1731	27.0276	 0.55	 24.06	0.042	  124.71	 99.98
 600.00	 594.21	 4.9782	34.1734	27.0278	 0.55	 24.02	0.041	  124.69	 99.98
 601.00	 595.20	 4.9746	34.1740	27.0288	 0.55	 24.02	0.041	  124.65	 99.99
 602.00	 596.18	 4.9722	34.1746	27.0295	 0.55	 23.94	0.040	  124.72	 99.98
 603.00	 597.17	 4.9705	34.1750	27.0300	 0.55	 23.82	0.040	  124.67	 99.99
 604.00	 598.16	 4.9691	34.1752	27.0304	 0.55	 23.80	0.040	  124.65	 99.98
 605.00	 599.15	 4.9681	34.1756	27.0308	 0.55	 23.72	0.041	  124.66	 99.99
 606.00	 600.14	 4.9677	34.1758	27.0310	 0.55	 23.79	0.041	  124.63	 99.99
 607.00	 601.13	 4.9671	34.1761	27.0313	 0.54	 23.69	0.040	  124.68	 99.99
 608.00	 602.12	 4.9656	34.1764	27.0317	 0.54	 23.61	0.040	  124.64	 99.99
 609.00	 603.11	 4.9620	34.1774	27.0329	 0.54	 23.49	0.040	  124.67	 99.98
 610.00	 604.10	 4.9601	34.1775	27.0332	 0.54	 23.37	0.040	  124.68	 99.99
 611.00	 605.08	 4.9557	34.1785	27.0346	 0.54	 23.28	0.040	  124.68	 99.99
 612.00	 606.07	 4.9538	34.1788	27.0350	 0.54	 23.27	0.041	  124.68	 99.98
 613.00	 607.06	 4.9438	34.1806	27.0376	 0.53	 23.09	0.041	  124.69	 99.99
 614.00	 608.05	 4.9336	34.1823	27.0401	 0.53	 22.95	0.041	  124.64	100.00
 615.00	 609.04	 4.9277	34.1840	27.0421	 0.53	 22.84	0.042	  124.68	 99.99
 616.00	 610.03	 4.9253	34.1845	27.0427	 0.52	 22.74	0.040	  124.72	 99.99
 617.00	 611.02	 4.9203	34.1854	27.0441	 0.52	 22.60	0.041	  124.71	 99.99
 618.00	 612.01	 4.9100	34.1876	27.0470	 0.51	 22.36	0.041	  124.64	 99.99
 619.00	 613.00	 4.8926	34.1903	27.0511	 0.51	 21.96	0.040	  124.72	 99.99
 620.00	 613.98	 4.8832	34.1930	27.0543	 0.50	 21.77	0.040	  124.70	 99.99
 621.00	 614.97	 4.8821	34.1930	27.0544	 0.50	 21.70	0.040	  124.65	100.00
 622.00	 615.96	 4.8784	34.1936	27.0554	 0.50	 21.56	0.041	  124.69	 99.99
 623.00	 616.95	 4.8748	34.1941	27.0562	 0.49	 21.47	0.040	  124.68	 99.99
 624.00	 617.94	 4.8713	34.1951	27.0573	 0.49	 21.35	0.040	  124.68	 99.99
 625.00	 618.93	 4.8698	34.1956	27.0579	 0.49	 21.16	0.040	  124.70	100.00
 626.00	 619.92	 4.8700	34.1992	27.0608	 0.48	 21.04	0.040	  124.67	100.00
 627.00	 620.91	 4.8694	34.2016	27.0627	 0.48	 20.84	0.040	  124.66	100.00
 628.00	 621.89	 4.8675	34.2033	27.0643	 0.48	 20.69	0.040	  124.64	100.00
 629.00	 622.88	 4.8662	34.2041	27.0651	 0.47	 20.58	0.040	  124.71	100.00
 630.00	 623.87	 4.8632	34.2051	27.0662	 0.47	 20.56	0.040	  124.65	100.00
 631.00	 624.86	 4.8631	34.2051	27.0663	 0.47	 20.45	0.040	  124.66	100.00
 632.00	 625.85	 4.8627	34.2055	27.0666	 0.47	 20.40	0.040	  124.65	100.00
 633.00	 626.84	 4.8599	34.2063	27.0676	 0.47	 20.41	0.040	  124.66	100.00
 634.00	 627.83	 4.8524	34.2083	27.0700	 0.47	 20.31	0.040	  124.74	100.00
 635.00	 628.82	 4.8485	34.2090	27.0710	 0.46	 20.20	0.041	  124.63	100.00
 636.00	 629.80	 4.8463	34.2095	27.0716	 0.46	 20.19	0.040	  124.65	100.00
 637.00	 630.79	 4.8395	34.2098	27.0727	 0.46	 20.09	0.041	  124.62	100.00
 638.00	 631.78	 4.8314	34.2104	27.0741	 0.46	 19.95	0.040	  124.66	100.00
 639.00	 632.77	 4.8276	34.2107	27.0748	 0.46	 19.85	0.041	  124.65	100.00
 640.00	 633.76	 4.8254	34.2108	27.0751	 0.46	 19.84	0.041	  124.65	100.00
 641.00	 634.75	 4.8236	34.2108	27.0753	 0.45	 19.73	0.040	  124.64	100.00
 642.00	 635.74	 4.8213	34.2108	27.0755	 0.45	 19.77	0.041	  124.66	100.00
