wcoa21_data_management/01_CRUISE_METADATA/00_OCADS_data/CTD_downcasts/WCOA_2021_CTD_downcasts/dRB2102_CTD_001_01_F.txt
* Sea-Bird SBE 9 Data:
* Software Version Seasave V 7.26.7.107
* Vessel: NOAA Ship Ronald H. Brown
* Cruise: RB2102, West Coast Ocean Acidification (WCOA) 2021
* Dates: 20210622 to 20210723
* Region: NE Pacific, USA West Coast
* Ports: San Diego, CA to Port Angeles, WA to San Diego, CA
* Chief Scientists: R. Feely, NOAA PMEL; D. Greeley, NOAA PMEL; B. Carter, NOAA PMEL / UW CICOES
*END*
[from data line 641]
 645.00	 638.39	 4.1997	34.1598	27.1020	 0.58	 25.11	0.040	  197.32	100.00
 646.00	 639.38	 4.1966	34.1607	27.1031	 0.58	 25.01	0.040	  197.32	100.00
 647.00	 640.37	 4.1920	34.1618	27.1044	 0.58	 25.01	0.040	  197.28	100.00
 648.00	 641.36	 4.1825	34.1641	27.1073	 0.57	 24.85	0.041	  197.29	100.00
 649.00	 642.34	 4.1780	34.1653	27.1087	 0.57	 24.71	0.041	  197.30	100.00
 650.00	 643.33	 4.1757	34.1660	27.1095	 0.56	 24.56	0.040	  197.30	100.00
 651.00	 644.32	 4.1748	34.1661	27.1097	 0.56	 24.54	0.041	  197.28	100.00
 652.00	 645.31	 4.1728	34.1666	27.1103	 0.56	 24.48	0.040	  197.32	100.00
 653.00	 646.30	 4.1691	34.1673	27.1112	 0.56	 24.42	0.040	  197.28	100.00
 654.00	 647.29	 4.1646	34.1680	27.1123	 0.56	 24.38	0.040	  197.27	100.00
 655.00	 648.27	 4.1615	34.1685	27.1130	 0.56	 24.40	0.040	  197.31	100.00
 656.00	 649.26	 4.1584	34.1686	27.1134	 0.56	 24.39	0.040	  197.30	100.00
 657.00	 650.25	 4.1486	34.1700	27.1156	 0.56	 24.35	0.041	  197.27	100.00
 658.00	 651.24	 4.1199	34.1706	27.1190	 0.56	 24.31	0.042	  197.33	100.00
 659.00	 652.23	 4.1075	34.1733	27.1224	 0.56	 24.21	0.041	  197.28	100.00
 660.00	 653.21	 4.0874	34.1747	27.1256	 0.55	 24.08	0.041	  197.23	100.00
 661.00	 654.20	 4.0899	34.1787	27.1285	 0.55	 23.72	0.041	  197.27	100.00
 662.00	 655.19	 4.0965	34.1827	27.1311	 0.54	 23.45	0.041	  197.25	100.00
 663.00	 656.18	 4.0963	34.1833	27.1316	 0.54	 23.38	0.041	  197.31	100.00
 664.00	 657.17	 4.0964	34.1834	27.1317	 0.54	 23.38	0.041	  197.27	100.00
 665.00	 658.16	 4.0964	34.1835	27.1317	 0.54	 23.26	0.042	  197.25	100.00
 666.00	 659.14	 4.0964	34.1837	27.1319	 0.53	 23.22	0.041	  197.24	100.00
 667.00	 660.13	 4.0964	34.1838	27.1320	 0.53	 23.20	0.041	  197.26	100.00
 668.00	 661.12	 4.0964	34.1841	27.1322	 0.53	 23.10	0.041	  197.17	100.00
 669.00	 662.11	 4.0967	34.1840	27.1321	 0.53	 23.08	0.041	  197.22	100.00
 670.00	 663.10	 4.0968	34.1840	27.1321	 0.53	 23.07	0.042	  197.19	100.00
 671.00	 664.08	 4.0962	34.1842	27.1324	 0.53	 23.04	0.040	  197.19	100.00
 672.00	 665.07	 4.0957	34.1843	27.1325	 0.53	 22.99	0.040	  197.19	100.00
 673.00	 666.06	 4.0911	34.1841	27.1328	 0.53	 23.06	0.041	  197.14	100.00
 674.00	 667.05	 4.0838	34.1846	27.1340	 0.53	 23.05	0.041	  197.11	100.00
 675.00	 668.04	 4.0763	34.1848	27.1349	 0.53	 22.99	0.040	  197.11	100.00
 676.00	 669.02	 4.0708	34.1868	27.1370	 0.53	 22.93	0.041	  197.13	100.00
 677.00	 670.01	 4.0696	34.1875	27.1377	 0.53	 22.89	0.042	  197.18	100.00
 678.00	 671.00	 4.0680	34.1880	27.1383	 0.53	 22.84	0.041	  197.18	100.00
 679.00	 671.99	 4.0645	34.1886	27.1391	 0.52	 22.74	0.040	  197.17	100.00
 680.00	 672.98	 4.0606	34.1889	27.1399	 0.52	 22.72	0.040	  197.14	100.00
 681.00	 673.97	 4.0522	34.1897	27.1413	 0.52	 22.73	0.040	  197.13	100.00
 682.00	 674.95	 4.0463	34.1903	27.1424	 0.52	 22.71	0.041	  197.12	100.00
 683.00	 675.94	 4.0426	34.1907	27.1431	 0.52	 22.67	0.040	  197.11	100.00
 684.00	 676.93	 4.0408	34.1908	27.1434	 0.52	 22.58	0.040	  197.17	100.00
 685.00	 677.92	 4.0379	34.1914	27.1441	 0.52	 22.56	0.041	  197.08	100.00
 686.00	 678.91	 4.0361	34.1923	27.1451	 0.52	 22.52	0.040	  197.03	100.00
 687.00	 679.89	 4.0371	34.1929	27.1454	 0.52	 22.42	0.040	  197.09	100.00
 688.00	 680.88	 4.0377	34.1934	27.1458	 0.52	 22.41	0.040	  197.09	100.00
 689.00	 681.87	 4.0374	34.1937	27.1460	 0.52	 22.40	0.040	  197.04	100.00
 690.00	 682.86	 4.0363	34.1939	27.1463	 0.51	 22.39	0.040	  197.03	100.00
 691.00	 683.85	 4.0352	34.1949	27.1473	 0.51	 22.38	0.040	  197.09	100.00
 692.00	 684.83	 4.0345	34.1957	27.1480	 0.51	 22.27	0.040	  197.05	100.00
 693.00	 685.82	 4.0339	34.1962	27.1484	 0.51	 22.20	0.040	  197.00	100.00
 694.00	 686.81	 4.0303	34.1966	27.1491	 0.51	 22.07	0.041	  196.98	100.00
 695.00	 687.80	 4.0270	34.1969	27.1498	 0.51	 22.04	0.041	  197.02	100.00
 696.00	 688.79	 4.0253	34.1980	27.1508	 0.51	 22.02	0.040	  197.06	100.00
 697.00	 689.77	 4.0230	34.1989	27.1518	 0.51	 22.04	0.041	  197.06	100.00
 698.00	 690.76	 4.0202	34.1995	27.1525	 0.51	 21.96	0.040	  197.03	100.00
 699.00	 691.75	 4.0112	34.2005	27.1542	 0.50	 21.89	0.040	  197.02	100.00
 700.00	 692.74	 4.0057	34.2008	27.1550	 0.50	 21.89	0.040	  197.07	100.00
 701.00	 693.73	 4.0024	34.2013	27.1558	 0.50	 21.84	0.040	  196.97	100.00
 702.00	 694.71	 4.0011	34.2023	27.1567	 0.50	 21.75	0.040	  196.96	100.00
 703.00	 695.70	 3.9994	34.2029	27.1574	 0.50	 21.72	0.040	  196.99	100.00
 704.00	 696.69	 3.9970	34.2029	27.1577	 0.50	 21.72	0.040	  197.03	100.00
 705.00	 697.68	 3.9962	34.2029	27.1578	 0.50	 21.72	0.040	  197.02	100.00
 706.00	 698.66	 3.9949	34.2030	27.1579	 0.50	 21.71	0.041	  197.03	100.00
 707.00	 699.65	 3.9948	34.2030	27.1579	 0.50	 21.68	0.041	  197.06	100.00
 708.00	 700.64	 3.9944	34.2030	27.1580	 0.50	 21.69	0.041	  196.96	100.00
 709.00	 701.63	 3.9938	34.2036	27.1586	 0.50	 21.64	0.040	  196.94	100.00
 710.00	 702.62	 3.9933	34.2041	27.1590	 0.50	 21.58	0.041	  196.93	100.00
 711.00	 703.60	 3.9934	34.2043	27.1591	 0.50	 21.53	0.040	  196.92	100.00
 712.00	 704.59	 3.9900	34.2059	27.1608	 0.49	 21.50	0.040	  196.91	100.00
 713.00	 705.58	 3.9844	34.2089	27.1637	 0.49	 21.37	0.040	  196.91	100.00
 714.00	 706.57	 3.9836	34.2093	27.1641	 0.49	 21.31	0.041	  196.93	100.00
 715.00	 707.56	 3.9836	34.2095	27.1643	 0.49	 21.19	0.042	  196.92	100.00
 716.00	 708.54	 3.9835	34.2097	27.1645	 0.49	 21.15	0.041	  196.94	100.00
 717.00	 709.53	 3.9823	34.2103	27.1651	 0.49	 21.15	0.041	  196.89	100.00
 718.00	 710.52	 3.9820	34.2104	27.1653	 0.49	 21.18	0.041	  196.85	100.00
 719.00	 711.51	 3.9822	34.2107	27.1655	 0.49	 21.16	0.040	  196.90	100.00
 720.00	 712.50	 3.9822	34.2107	27.1655	 0.49	 21.11	0.040	  196.85	100.00
 721.00	 713.48	 3.9819	34.2111	27.1658	 0.48	 21.03	0.040	  196.87	100.00
 722.00	 714.47	 3.9812	34.2115	27.1662	 0.48	 21.04	0.040	  196.89	100.00
 723.00	 715.46	 3.9808	34.2119	27.1666	 0.48	 21.01	0.040	  196.88	100.00
 724.00	 716.45	 3.9811	34.2122	27.1668	 0.48	 20.97	0.041	  196.82	100.00
 725.00	 717.43	 3.9816	34.2122	27.1668	 0.48	 20.94	0.041	  196.86	100.00
 726.00	 718.42	 3.9817	34.2123	27.1668	 0.48	 20.99	0.041	  196.84	100.00
 727.00	 719.41	 3.9813	34.2124	27.1669	 0.48	 20.92	0.041	  196.80	100.00
 728.00	 720.40	 3.9807	34.2127	27.1672	 0.48	 20.86	0.041	  196.79	100.00
 729.00	 721.39	 3.9801	34.2127	27.1673	 0.48	 20.83	0.040	  196.83	100.00
 730.00	 722.37	 3.9797	34.2126	27.1673	 0.48	 20.83	0.040	  196.80	100.00
 731.00	 723.36	 3.9782	34.2128	27.1676	 0.48	 20.83	0.040	  196.78	100.00
 732.00	 724.35	 3.9712	34.2134	27.1688	 0.48	 20.86	0.040	  196.83	100.00
 733.00	 725.34	 3.9637	34.2158	27.1715	 0.48	 20.81	0.041	  196.82	100.00
 734.00	 726.33	 3.9628	34.2166	27.1723	 0.48	 20.68	0.041	  196.82	100.00
 735.00	 727.31	 3.9620	34.2175	27.1731	 0.47	 20.64	0.040	  196.79	100.00
 736.00	 728.30	 3.9576	34.2199	27.1754	 0.47	 20.53	0.041	  196.72	100.00
 737.00	 729.29	 3.9504	34.2221	27.1779	 0.47	 20.46	0.040	  196.70	100.00
 738.00	 730.28	 3.9481	34.2227	27.1786	 0.47	 20.39	0.040	  196.69	100.00
 739.00	 731.26	 3.9463	34.2230	27.1791	 0.47	 20.38	0.040	  196.71	100.00
 740.00	 732.25	 3.9443	34.2239	27.1800	 0.47	 20.33	0.040	  196.74	100.00
 741.00	 733.24	 3.9435	34.2244	27.1805	 0.46	 20.21	0.040	  196.71	100.00
 742.00	 734.23	 3.9434	34.2247	27.1807	 0.46	 20.16	0.040	  196.67	100.00
 743.00	 735.22	 3.9424	34.2258	27.1817	 0.46	 20.07	0.040	  196.73	100.00
 744.00	 736.20	 3.9408	34.2262	27.1822	 0.46	 20.12	0.040	  196.66	100.00
 745.00	 737.19	 3.9397	34.2265	27.1826	 0.46	 20.05	0.040	  196.64	100.00
 746.00	 738.18	 3.9391	34.2267	27.1828	 0.46	 20.01	0.040	  196.63	100.00
 747.00	 739.17	 3.9350	34.2275	27.1838	 0.46	 20.00	0.041	  196.72	100.00
 748.00	 740.15	 3.9309	34.2286	27.1851	 0.46	 19.95	0.041	  196.68	100.00
 749.00	 741.14	 3.9296	34.2290	27.1856	 0.46	 19.95	0.040	  196.66	100.00
 750.00	 742.13	 3.9292	34.2291	27.1857	 0.46	 19.98	0.040	  196.63	100.00
 751.00	 743.12	 3.9268	34.2294	27.1862	 0.46	 19.92	0.041	  196.55	100.00
 752.00	 744.11	 3.9200	34.2310	27.1882	 0.46	 19.89	0.042	  196.58	100.00
 753.00	 745.09	 3.9173	34.2316	27.1889	 0.46	 19.83	0.040	  196.59	100.00
 754.00	 746.08	 3.9154	34.2320	27.1895	 0.45	 19.75	0.040	  196.65	100.00
 755.00	 747.07	 3.9077	34.2333	27.1913	 0.45	 19.68	0.041	  196.66	100.00
 756.00	 748.06	 3.9033	34.2344	27.1926	 0.45	 19.69	0.041	  196.60	100.00
 757.00	 749.04	 3.9025	34.2345	27.1927	 0.45	 19.67	0.041	  196.56	100.00
 758.00	 750.03	 3.9013	34.2349	27.1932	 0.45	 19.64	0.041	  196.58	100.00
 759.00	 751.02	 3.8982	34.2358	27.1942	 0.45	 19.59	0.041	  196.66	100.00
 760.00	 752.01	 3.8980	34.2359	27.1943	 0.45	 19.53	0.040	  196.59	100.00
 761.00	 752.99	 3.8975	34.2361	27.1946	 0.45	 19.52	0.041	  196.53	100.00
 762.00	 753.98	 3.8968	34.2375	27.1958	 0.45	 19.52	0.042	  196.59	100.00
 763.00	 754.97	 3.8980	34.2391	27.1969	 0.45	 19.41	0.042	  196.60	100.00
 764.00	 755.96	 3.9021	34.2412	27.1982	 0.44	 19.32	0.040	  196.58	100.00
 765.00	 756.95	 3.8984	34.2435	27.2004	 0.44	 19.26	0.040	  196.57	100.00
 766.00	 757.93	 3.8959	34.2443	27.2013	 0.44	 19.11	0.041	  196.51	100.00
 767.00	 758.92	 3.8947	34.2453	27.2022	 0.44	 19.05	0.042	  196.59	100.00
 768.00	 759.91	 3.8934	34.2462	27.2031	 0.44	 19.04	0.040	  196.57	100.00
 769.00	 760.90	 3.8928	34.2466	27.2034	 0.44	 18.99	0.041	  196.57	100.00
 770.00	 761.88	 3.8936	34.2469	27.2036	 0.43	 18.85	0.040	  196.52	100.00
 771.00	 762.87	 3.8945	34.2477	27.2042	 0.43	 18.83	0.040	  196.51	100.00
 772.00	 763.86	 3.8925	34.2492	27.2056	 0.43	 18.80	0.040	  196.50	100.00
 773.00	 764.85	 3.8917	34.2513	27.2074	 0.43	 18.75	0.040	  196.59	100.00
 774.00	 765.83	 3.8902	34.2517	27.2078	 0.43	 18.70	0.040	  196.55	100.00
 775.00	 766.82	 3.8865	34.2518	27.2082	 0.43	 18.68	0.041	  196.56	100.00
 776.00	 767.81	 3.8846	34.2520	27.2086	 0.43	 18.66	0.042	  196.56	100.00
 777.00	 768.80	 3.8824	34.2522	27.2090	 0.43	 18.57	0.041	  196.49	100.00
 778.00	 769.78	 3.8794	34.2527	27.2097	 0.43	 18.62	0.041	  196.49	100.00
 779.00	 770.77	 3.8746	34.2525	27.2101	 0.43	 18.68	0.041	  196.49	100.00
 780.00	 771.76	 3.8650	34.2525	27.2110	 0.43	 18.68	0.040	  196.45	100.00
 781.00	 772.75	 3.8573	34.2526	27.2119	 0.43	 18.68	0.041	  196.59	100.00
 782.00	 773.73	 3.8552	34.2525	27.2120	 0.43	 18.68	0.042	  196.47	100.00
 783.00	 774.72	 3.8326	34.2511	27.2132	 0.43	 18.69	0.040	  196.46	100.00
 784.00	 775.71	 3.8271	34.2523	27.2147	 0.43	 18.72	0.040	  196.48	100.00
 785.00	 776.70	 3.8270	34.2534	27.2156	 0.43	 18.66	0.041	  196.47	100.00
 786.00	 777.68	 3.8412	34.2581	27.2179	 0.43	 18.52	0.041	  196.48	100.00
 787.00	 778.67	 3.8418	34.2592	27.2187	 0.42	 18.42	0.041	  196.45	100.00
 788.00	 779.66	 3.8371	34.2591	27.2191	 0.42	 18.38	0.041	  196.42	100.00
 789.00	 780.65	 3.8305	34.2601	27.2206	 0.42	 18.36	0.040	  196.39	100.00
 790.00	 781.63	 3.8294	34.2609	27.2213	 0.42	 18.36	0.040	  196.34	100.00
 791.00	 782.62	 3.8289	34.2623	27.2225	 0.42	 18.32	0.040	  196.35	100.00
 792.00	 783.61	 3.8286	34.2633	27.2233	 0.42	 18.21	0.041	  196.35	100.00
 793.00	 784.60	 3.8282	34.2646	27.2244	 0.42	 18.18	0.042	  196.43	100.00
 794.00	 785.59	 3.8242	34.2662	27.2261	 0.42	 18.24	0.040	  196.39	100.00
 795.00	 786.57	 3.8194	34.2675	27.2277	 0.42	 18.18	0.040	  196.37	100.00
 796.00	 787.56	 3.8181	34.2678	27.2280	 0.42	 18.10	0.041	  196.34	100.00
 797.00	 788.55	 3.8154	34.2683	27.2287	 0.41	 18.04	0.041	  196.34	100.00
 798.00	 789.54	 3.8100	34.2687	27.2296	 0.41	 18.01	0.040	  196.37	100.00
 799.00	 790.52	 3.7995	34.2701	27.2317	 0.41	 18.00	0.040	  196.38	100.00
 800.00	 791.51	 3.7951	34.2709	27.2328	 0.41	 18.01	0.041	  196.34	100.00
 801.00	 792.50	 3.7903	34.2718	27.2340	 0.41	 18.00	0.040	  196.33	100.00
 802.00	 793.49	 3.7844	34.2726	27.2352	 0.41	 18.00	0.040	  196.43	100.00
 803.00	 794.47	 3.7825	34.2731	27.2358	 0.41	 17.98	0.040	  196.31	100.00
 804.00	 795.46	 3.7809	34.2732	27.2360	 0.41	 17.98	0.041	  196.37	100.00
 805.00	 796.45	 3.7801	34.2736	27.2365	 0.41	 17.99	0.042	  196.34	100.00
 806.00	 797.43	 3.7807	34.2737	27.2365	 0.41	 17.94	0.040	  196.34	100.00
 807.00	 798.42	 3.7809	34.2737	27.2365	 0.41	 17.89	0.041	  196.34	100.00
 808.00	 799.41	 3.7757	34.2742	27.2374	 0.41	 17.84	0.040	  196.33	100.00
 809.00	 800.40	 3.7738	34.2747	27.2380	 0.41	 17.91	0.041	  196.37	100.00
 810.00	 801.38	 3.7716	34.2751	27.2385	 0.41	 17.84	0.042	  196.36	100.00
 811.00	 802.37	 3.7711	34.2752	27.2387	 0.41	 17.83	0.041	  196.38	100.00
 812.00	 803.36	 3.7715	34.2757	27.2390	 0.41	 17.80	0.041	  196.34	100.00
 813.00	 804.35	 3.7712	34.2759	27.2393	 0.41	 17.80	0.041	  196.32	100.00
 814.00	 805.33	 3.7699	34.2758	27.2393	 0.41	 17.83	0.041	  196.30	100.00
 815.00	 806.32	 3.7666	34.2760	27.2398	 0.41	 17.82	0.040	  196.36	100.00
 816.00	 807.31	 3.7604	34.2766	27.2409	 0.41	 17.80	0.041	  196.33	100.00
 817.00	 808.30	 3.7573	34.2766	27.2412	 0.41	 17.79	0.041	  196.31	100.00
 818.00	 809.28	 3.7565	34.2768	27.2414	 0.41	 17.82	0.040	  196.27	100.00
 819.00	 810.27	 3.7552	34.2769	27.2416	 0.41	 17.83	0.041	  196.32	100.00
 820.00	 811.26	 3.7522	34.2766	27.2418	 0.41	 17.82	0.042	  196.32	100.00
 821.00	 812.25	 3.7470	34.2768	27.2424	 0.41	 17.82	0.041	  196.31	100.00
 822.00	 813.23	 3.7386	34.2773	27.2436	 0.41	 17.82	0.040	  196.30	100.00
 823.00	 814.22	 3.7369	34.2776	27.2440	 0.41	 17.83	0.041	  196.23	100.00
 824.00	 815.21	 3.7327	34.2774	27.2443	 0.41	 17.83	0.041	  196.28	100.00
 825.00	 816.20	 3.7233	34.2786	27.2462	 0.41	 17.82	0.040	  196.36	100.00
 826.00	 817.18	 3.7158	34.2797	27.2478	 0.41	 17.85	0.040	  196.27	100.00
 827.00	 818.17	 3.7139	34.2804	27.2486	 0.41	 17.88	0.040	  196.21	100.00
 828.00	 819.16	 3.7126	34.2805	27.2488	 0.41	 17.87	0.040	  196.21	100.00
 829.00	 820.15	 3.7088	34.2807	27.2493	 0.41	 17.87	0.040	  196.26	100.00
 830.00	 821.13	 3.7042	34.2809	27.2500	 0.41	 17.82	0.040	  196.27	100.00
 831.00	 822.12	 3.7010	34.2818	27.2510	 0.41	 17.80	0.041	  196.28	100.00
 832.00	 823.11	 3.6997	34.2823	27.2515	 0.41	 17.76	0.040	  196.19	100.00
 833.00	 824.09	 3.6987	34.2826	27.2519	 0.41	 17.77	0.041	  196.23	100.00
 834.00	 825.08	 3.6971	34.2831	27.2524	 0.41	 17.70	0.041	  196.21	100.00
 835.00	 826.07	 3.6959	34.2835	27.2529	 0.41	 17.69	0.041	  196.22	100.00
 836.00	 827.06	 3.6946	34.2840	27.2534	 0.41	 17.77	0.040	  196.20	100.00
 837.00	 828.04	 3.6911	34.2852	27.2547	 0.41	 17.70	0.040	  196.19	100.00
 838.00	 829.03	 3.6902	34.2862	27.2556	 0.41	 17.66	0.040	  196.13	100.00
 839.00	 830.02	 3.6894	34.2870	27.2563	 0.41	 17.64	0.040	  196.14	100.00
 840.00	 831.01	 3.6876	34.2875	27.2569	 0.41	 17.63	0.041	  196.10	100.00
 841.00	 831.99	 3.6814	34.2869	27.2571	 0.41	 17.65	0.042	  196.20	100.00
 842.00	 832.98	 3.6783	34.2875	27.2578	 0.41	 17.64	0.040	  196.12	100.00
 843.00	 833.97	 3.6763	34.2878	27.2582	 0.41	 17.61	0.040	  196.16	100.00
 844.00	 834.96	 3.6740	34.2884	27.2590	 0.41	 17.62	0.040	  196.09	100.00
 845.00	 835.94	 3.6729	34.2888	27.2595	 0.40	 17.60	0.041	  196.12	100.00
 846.00	 836.93	 3.6716	34.2890	27.2597	 0.40	 17.61	0.040	  196.16	100.00
 847.00	 837.92	 3.6703	34.2891	27.2599	 0.40	 17.56	0.040	  196.11	100.00
 848.00	 838.90	 3.6689	34.2893	27.2602	 0.40	 17.57	0.041	  196.15	100.00
 849.00	 839.89	 3.6680	34.2899	27.2608	 0.40	 17.55	0.041	  196.15	100.00
 850.00	 840.88	 3.6680	34.2916	27.2621	 0.40	 17.48	0.040	  196.11	100.00
 851.00	 841.87	 3.6711	34.2958	27.2652	 0.40	 17.41	0.040	  196.13	100.00
 852.00	 842.85	 3.6749	34.2979	27.2666	 0.40	 17.30	0.040	  196.15	100.00
 853.00	 843.84	 3.6812	34.3004	27.2679	 0.40	 17.22	0.041	  196.05	100.00
 854.00	 844.83	 3.6851	34.3024	27.2691	 0.39	 17.14	0.040	  196.03	100.00
 855.00	 845.82	 3.6847	34.3029	27.2696	 0.39	 17.10	0.041	  196.07	100.00
 856.00	 846.80	 3.6839	34.3032	27.2699	 0.39	 16.98	0.041	  196.10	100.00
