wcoa21_data_management/01_CRUISE_METADATA/00_OCADS_data/CTD_downcasts/WCOA_2021_CTD_downcasts/dRB2102_CTD_131_01_F.txt
* Sea-Bird SBE 9 Data:
* Software Version Seasave V 7.26.7.107
* Vessel: NOAA Ship Ronald H. Brown
* Cruise: RB2102, West Coast Ocean Acidification (WCOA) 2021
* Dates: 20210622 to 20210723
* Region: NE Pacific, USA West Coast
* Ports: San Diego, CA to Port Angeles, WA to San Diego, CA
* Chief Scientists: R. Feely, NOAA PMEL; D. Greeley, NOAA PMEL; B. Carter, NOAA PMEL / UW CICOES
*END*
[from data line 214]
 217.00	 215.37	 8.6601	34.1007	26.4708	 1.86	 80.89	0.041	  149.04	 99.72
 218.00	 216.36	 8.6715	34.1022	26.4703	 1.85	 80.28	0.040	  149.03	 99.73
 219.00	 217.35	 8.6627	34.1018	26.4714	 1.83	 79.79	0.040	  149.04	 99.74
 220.00	 218.34	 8.6379	34.0994	26.4733	 1.81	 78.92	0.040	  149.05	 99.77
 221.00	 219.34	 8.6312	34.1018	26.4763	 1.78	 77.47	0.040	  149.01	 99.78
 222.00	 220.33	 8.6467	34.1064	26.4775	 1.76	 76.40	0.040	  149.04	 99.78
 223.00	 221.32	 8.6474	34.1083	26.4789	 1.77	 77.20	0.040	  149.02	 99.78
 224.00	 222.31	 8.6042	34.1013	26.4801	 1.80	 78.32	0.041	  149.03	 99.78
 225.00	 223.30	 8.5412	34.0973	26.4867	 1.82	 79.30	0.040	  149.09	 99.78
 226.00	 224.29	 8.5237	34.0948	26.4874	 1.84	 80.09	0.040	  149.05	 99.78
 227.00	 225.29	 8.4927	34.0917	26.4897	 1.85	 80.68	0.040	  149.00	 99.78
 228.00	 226.28	 8.4726	34.0906	26.4920	 1.84	 80.11	0.040	  149.02	 99.78
 229.00	 227.27	 8.4706	34.0917	26.4931	 1.80	 78.19	0.040	  148.95	 99.77
 230.00	 228.26	 8.4792	34.0974	26.4963	 1.77	 77.10	0.040	  149.03	 99.77
 231.00	 229.25	 8.4918	34.1030	26.4988	 1.75	 76.28	0.040	  148.99	 99.78
 232.00	 230.25	 8.4877	34.1044	26.5006	 1.74	 75.63	0.040	  148.99	 99.78
 233.00	 231.24	 8.4854	34.1074	26.5033	 1.72	 74.91	0.040	  149.02	 99.78
 234.00	 232.23	 8.4914	34.1108	26.5050	 1.68	 73.06	0.041	  148.98	 99.78
 235.00	 233.22	 8.4712	34.1128	26.5097	 1.66	 72.35	0.040	  149.00	 99.79
 236.00	 234.21	 8.4513	34.1138	26.5135	 1.66	 72.33	0.041	  149.01	 99.79
 237.00	 235.21	 8.4464	34.1128	26.5135	 1.66	 72.39	0.041	  149.00	 99.80
 238.00	 236.20	 8.4400	34.1123	26.5141	 1.67	 72.54	0.040	  149.00	 99.80
 239.00	 237.19	 8.4244	34.1109	26.5154	 1.67	 72.55	0.040	  148.99	 99.80
 240.00	 238.18	 8.4178	34.1110	26.5165	 1.67	 72.56	0.040	  148.96	 99.80
 241.00	 239.17	 8.4153	34.1112	26.5171	 1.66	 72.40	0.040	  148.99	 99.80
 242.00	 240.16	 8.4130	34.1115	26.5177	 1.65	 71.61	0.040	  148.97	 99.80
 243.00	 241.16	 8.4065	34.1105	26.5179	 1.62	 70.28	0.040	  149.01	 99.80
 244.00	 242.15	 8.3655	34.1141	26.5270	 1.60	 69.68	0.040	  148.99	 99.80
 245.00	 243.14	 8.3510	34.1192	26.5332	 1.59	 69.30	0.040	  149.01	 99.80
 246.00	 244.13	 8.3487	34.1198	26.5340	 1.58	 68.95	0.040	  148.97	 99.80
 247.00	 245.12	 8.3460	34.1207	26.5351	 1.57	 68.36	0.040	  149.00	 99.80
 248.00	 246.12	 8.3305	34.1209	26.5376	 1.55	 67.58	0.041	  148.94	 99.81
 249.00	 247.11	 8.3073	34.1216	26.5417	 1.53	 66.36	0.040	  148.93	 99.82
 250.00	 248.10	 8.2903	34.1229	26.5454	 1.50	 65.17	0.040	  148.98	 99.82
 251.00	 249.09	 8.2802	34.1284	26.5512	 1.48	 64.35	0.041	  148.99	 99.82
 252.00	 250.08	 8.2453	34.1315	26.5589	 1.47	 63.77	0.040	  148.98	 99.83
 253.00	 251.07	 8.2363	34.1338	26.5620	 1.46	 63.42	0.040	  148.97	 99.83
 254.00	 252.07	 8.2261	34.1346	26.5643	 1.45	 63.10	0.041	  148.97	 99.83
 255.00	 253.06	 8.2166	34.1355	26.5664	 1.44	 62.51	0.040	  149.01	 99.83
 256.00	 254.05	 8.2104	34.1358	26.5676	 1.43	 62.41	0.041	  148.95	 99.83
 257.00	 255.04	 8.2056	34.1365	26.5689	 1.43	 62.27	0.041	  148.99	 99.83
 258.00	 256.03	 8.2024	34.1370	26.5698	 1.43	 62.23	0.040	  148.96	 99.83
 259.00	 257.03	 8.1977	34.1375	26.5709	 1.42	 61.96	0.040	  148.95	 99.84
 260.00	 258.02	 8.1961	34.1378	26.5714	 1.42	 61.82	0.040	  148.97	 99.83
 261.00	 259.01	 8.1953	34.1382	26.5718	 1.42	 61.75	0.041	  148.97	 99.84
 262.00	 260.00	 8.1948	34.1384	26.5720	 1.42	 61.66	0.040	  148.95	 99.84
 263.00	 260.99	 8.1922	34.1384	26.5725	 1.42	 61.57	0.040	  148.92	 99.84
 264.00	 261.98	 8.1889	34.1387	26.5732	 1.41	 61.40	0.040	  148.89	 99.84
 265.00	 262.98	 8.1832	34.1393	26.5745	 1.40	 60.87	0.040	  148.91	 99.84
 266.00	 263.97	 8.1760	34.1401	26.5763	 1.38	 59.88	0.040	  148.91	 99.84
 267.00	 264.96	 8.1698	34.1409	26.5779	 1.35	 58.57	0.040	  148.94	 99.84
 268.00	 265.95	 8.1546	34.1445	26.5830	 1.32	 57.35	0.042	  148.93	 99.84
 269.00	 266.94	 8.1122	34.1510	26.5944	 1.30	 56.40	0.041	  148.90	 99.84
 270.00	 267.93	 8.0741	34.1569	26.6047	 1.28	 55.48	0.040	  148.93	 99.85
 271.00	 268.93	 8.0535	34.1593	26.6097	 1.26	 54.65	0.040	  148.97	 99.85
 272.00	 269.92	 8.0410	34.1603	26.6124	 1.24	 54.00	0.040	  148.95	 99.85
 273.00	 270.91	 8.0403	34.1625	26.6142	 1.23	 53.46	0.041	  148.96	 99.85
 274.00	 271.90	 8.0399	34.1640	26.6154	 1.22	 53.06	0.040	  148.99	 99.86
 275.00	 272.89	 8.0407	34.1652	26.6163	 1.21	 52.76	0.040	  148.88	 99.87
 276.00	 273.88	 8.0415	34.1665	26.6172	 1.21	 52.51	0.040	  148.94	 99.86
 277.00	 274.88	 8.0425	34.1675	26.6179	 1.20	 52.33	0.040	  148.99	 99.87
 278.00	 275.87	 8.0429	34.1680	26.6182	 1.20	 52.19	0.041	  148.93	 99.87
 279.00	 276.86	 8.0423	34.1687	26.6188	 1.20	 52.06	0.041	  148.94	 99.88
 280.00	 277.85	 8.0423	34.1689	26.6190	 1.20	 51.99	0.040	  148.95	 99.87
 281.00	 278.84	 8.0424	34.1690	26.6191	 1.19	 51.82	0.041	  148.90	 99.88
 282.00	 279.83	 8.0425	34.1694	26.6194	 1.19	 51.64	0.040	  148.94	 99.88
 283.00	 280.83	 8.0424	34.1701	26.6200	 1.18	 51.32	0.040	  148.91	 99.88
 284.00	 281.82	 8.0419	34.1709	26.6207	 1.17	 51.00	0.040	  148.91	 99.88
 285.00	 282.81	 8.0403	34.1720	26.6218	 1.17	 50.74	0.040	  148.88	 99.88
 286.00	 283.80	 8.0381	34.1734	26.6233	 1.16	 50.44	0.040	  148.89	 99.88
 287.00	 284.79	 8.0345	34.1753	26.6253	 1.15	 50.00	0.040	  148.90	 99.88
 288.00	 285.78	 8.0321	34.1764	26.6265	 1.14	 49.65	0.040	  148.94	 99.88
 289.00	 286.78	 8.0299	34.1771	26.6275	 1.13	 49.27	0.040	  148.91	 99.88
 290.00	 287.77	 8.0290	34.1774	26.6278	 1.12	 48.79	0.040	  148.96	 99.88
 291.00	 288.76	 8.0250	34.1786	26.6293	 1.11	 48.30	0.041	  148.90	 99.88
 292.00	 289.75	 8.0135	34.1805	26.6326	 1.10	 47.80	0.040	  148.86	 99.88
 293.00	 290.74	 7.9980	34.1835	26.6372	 1.09	 47.55	0.041	  148.94	 99.88
 294.00	 291.73	 7.9847	34.1854	26.6407	 1.08	 46.90	0.040	  148.91	 99.88
 295.00	 292.73	 7.9666	34.1866	26.6443	 1.06	 45.93	0.040	  148.91	 99.88
 296.00	 293.72	 7.9508	34.1877	26.6476	 1.05	 45.50	0.040	  148.94	 99.89
 297.00	 294.71	 7.9398	34.1887	26.6499	 1.04	 45.14	0.040	  148.89	 99.89
 298.00	 295.70	 7.9274	34.1887	26.6518	 1.03	 44.97	0.041	  148.88	 99.89
 299.00	 296.69	 7.9091	34.1906	26.6560	 1.03	 44.84	0.040	  148.88	 99.89
 300.00	 297.68	 7.8955	34.1920	26.6591	 1.02	 44.39	0.041	  148.89	 99.89
 301.00	 298.67	 7.8804	34.1930	26.6621	 1.01	 43.89	0.041	  148.93	 99.90
 302.00	 299.67	 7.8676	34.1944	26.6651	 1.00	 43.64	0.040	  148.92	 99.90
 303.00	 300.66	 7.8657	34.1947	26.6656	 1.00	 43.50	0.040	  148.99	 99.90
 304.00	 301.65	 7.8654	34.1948	26.6658	 0.99	 43.25	0.040	  148.89	 99.90
 305.00	 302.64	 7.8606	34.1947	26.6664	 0.99	 43.09	0.040	  148.92	 99.90
 306.00	 303.63	 7.8467	34.1956	26.6692	 0.99	 42.94	0.040	  148.91	 99.90
 307.00	 304.62	 7.8373	34.1966	26.6713	 0.98	 42.73	0.041	  148.89	 99.90
 308.00	 305.62	 7.8276	34.1976	26.6736	 0.98	 42.46	0.041	  148.86	 99.90
 309.00	 306.61	 7.8246	34.1978	26.6742	 0.97	 42.11	0.040	  148.92	 99.90
 310.00	 307.60	 7.8133	34.1984	26.6763	 0.96	 41.70	0.040	  148.84	 99.90
 311.00	 308.59	 7.7954	34.1987	26.6791	 0.95	 41.33	0.040	  148.83	 99.90
 312.00	 309.58	 7.7768	34.2014	26.6840	 0.94	 41.04	0.041	  148.85	 99.90
 313.00	 310.57	 7.7731	34.2013	26.6845	 0.94	 40.74	0.042	  148.94	 99.90
 314.00	 311.56	 7.7679	34.2016	26.6855	 0.93	 40.40	0.042	  148.90	 65.61
 315.00	 312.56	 7.7456	34.2007	26.6880	 0.92	 40.21	0.041	  148.87	 99.17
 316.00	 313.55	 7.7230	34.2043	26.6942	 0.92	 40.02	0.040	  148.87	 99.90
 317.00	 314.54	 7.7208	34.2047	26.6948	 0.92	 39.82	0.040	  148.86	 99.91
 318.00	 315.53	 7.7203	34.2049	26.6951	 0.91	 39.74	0.041	  148.89	 99.91
 319.00	 316.52	 7.7166	34.2044	26.6952	 0.91	 39.63	0.041	  148.92	 99.91
 320.00	 317.51	 7.7058	34.2046	26.6969	 0.91	 39.54	0.041	  148.85	 99.91
 321.00	 318.50	 7.7034	34.2051	26.6977	 0.91	 39.37	0.041	  148.82	 99.91
 322.00	 319.50	 7.7017	34.2047	26.6977	 0.90	 39.24	0.040	  148.85	 99.91
 323.00	 320.49	 7.6864	34.2048	26.6999	 0.90	 39.10	0.041	  148.80	 99.92
 324.00	 321.48	 7.6804	34.2055	26.7014	 0.90	 39.05	0.040	  148.93	 99.91
 325.00	 322.47	 7.6778	34.2055	26.7018	 0.90	 38.98	0.041	  148.85	 99.91
 326.00	 323.46	 7.6727	34.2057	26.7027	 0.89	 38.84	0.041	  148.83	 99.91
 327.00	 324.45	 7.6681	34.2060	26.7036	 0.89	 38.69	0.040	  148.80	 99.92
 328.00	 325.44	 7.6629	34.2059	26.7043	 0.88	 38.48	0.041	  148.76	 99.92
 329.00	 326.44	 7.6505	34.2062	26.7063	 0.88	 38.18	0.041	  148.82	 99.92
 330.00	 327.43	 7.6265	34.2070	26.7104	 0.87	 37.80	0.040	  148.86	 99.92
 331.00	 328.42	 7.6024	34.2079	26.7146	 0.86	 37.33	0.041	  148.84	 99.92
 332.00	 329.41	 7.5835	34.2091	26.7182	 0.85	 37.05	0.040	  148.84	 99.92
 333.00	 330.40	 7.5661	34.2100	26.7215	 0.85	 36.99	0.040	  148.82	 99.92
 334.00	 331.39	 7.5575	34.2108	26.7233	 0.85	 36.82	0.040	  148.79	 99.93
 335.00	 332.38	 7.5531	34.2106	26.7238	 0.84	 36.54	0.040	  148.80	 99.93
 336.00	 333.38	 7.5339	34.2099	26.7260	 0.84	 36.38	0.041	  148.85	 99.93
 337.00	 334.37	 7.5261	34.2110	26.7280	 0.84	 36.37	0.040	  148.84	 99.93
 338.00	 335.36	 7.5252	34.2108	26.7280	 0.83	 36.12	0.040	  148.84	 99.93
 339.00	 336.35	 7.5219	34.2107	26.7284	 0.83	 36.10	0.040	  148.81	 99.93
 340.00	 337.34	 7.5158	34.2114	26.7299	 0.83	 35.89	0.041	  148.76	 99.93
 341.00	 338.33	 7.5090	34.2113	26.7307	 0.82	 35.74	0.042	  148.84	 99.93
 342.00	 339.32	 7.4970	34.2123	26.7333	 0.82	 35.69	0.040	  148.83	 99.93
 343.00	 340.32	 7.4915	34.2133	26.7349	 0.82	 35.62	0.040	  148.78	 99.93
 344.00	 341.31	 7.4888	34.2139	26.7357	 0.81	 35.34	0.040	  148.80	 99.93
 345.00	 342.30	 7.4864	34.2145	26.7365	 0.81	 35.15	0.040	  148.82	 99.93
 346.00	 343.29	 7.4829	34.2149	26.7374	 0.81	 35.05	0.041	  148.72	 99.93
 347.00	 344.28	 7.4791	34.2153	26.7382	 0.81	 35.15	0.042	  148.71	 99.93
 348.00	 345.27	 7.4757	34.2156	26.7390	 0.81	 35.06	0.040	  148.82	 99.93
 349.00	 346.26	 7.4709	34.2157	26.7398	 0.80	 34.92	0.040	  148.79	 99.93
 350.00	 347.26	 7.4651	34.2163	26.7411	 0.80	 34.75	0.040	  148.76	 99.93
 351.00	 348.25	 7.4590	34.2167	26.7423	 0.79	 34.47	0.040	  148.73	 99.93
 352.00	 349.24	 7.4515	34.2166	26.7433	 0.79	 34.26	0.041	  148.79	 99.93
 353.00	 350.23	 7.4393	34.2172	26.7455	 0.78	 34.14	0.042	  148.75	 99.93
 354.00	 351.22	 7.4323	34.2177	26.7468	 0.78	 33.95	0.041	  148.72	 99.93
 355.00	 352.21	 7.4193	34.2178	26.7488	 0.78	 33.85	0.040	  148.80	 99.93
 356.00	 353.20	 7.4117	34.2186	26.7505	 0.77	 33.71	0.041	  148.75	 99.93
 357.00	 354.19	 7.4046	34.2191	26.7519	 0.77	 33.61	0.040	  148.75	 99.93
 358.00	 355.19	 7.4024	34.2191	26.7522	 0.77	 33.48	0.040	  148.69	 99.93
 359.00	 356.18	 7.3989	34.2190	26.7527	 0.77	 33.29	0.040	  148.75	 99.93
 360.00	 357.17	 7.3933	34.2189	26.7534	 0.76	 33.05	0.040	  148.73	 99.93
 361.00	 358.16	 7.3782	34.2193	26.7558	 0.76	 32.96	0.040	  148.75	 99.93
 362.00	 359.15	 7.3677	34.2197	26.7577	 0.75	 32.83	0.040	  148.74	 99.93
 363.00	 360.14	 7.3598	34.2203	26.7593	 0.75	 32.63	0.040	  148.71	 99.93
 364.00	 361.13	 7.3502	34.2204	26.7607	 0.74	 32.40	0.040	  148.74	 99.93
 365.00	 362.12	 7.3345	34.2201	26.7627	 0.74	 32.19	0.040	  148.72	 99.93
 366.00	 363.12	 7.3192	34.2210	26.7656	 0.74	 31.99	0.040	  148.70	 99.93
 367.00	 364.11	 7.3041	34.2201	26.7670	 0.73	 31.80	0.040	  148.77	 99.93
 368.00	 365.10	 7.2791	34.2213	26.7714	 0.72	 31.45	0.040	  148.74	 99.93
 369.00	 366.09	 7.2607	34.2229	26.7753	 0.72	 31.12	0.040	  148.70	 99.94
 370.00	 367.08	 7.2482	34.2237	26.7777	 0.71	 30.88	0.040	  148.73	 99.94
 371.00	 368.07	 7.2380	34.2241	26.7794	 0.71	 30.70	0.040	  148.69	 99.94
 372.00	 369.06	 7.2233	34.2236	26.7811	 0.70	 30.48	0.042	  148.72	 99.94
 373.00	 370.05	 7.2129	34.2249	26.7836	 0.70	 30.31	0.042	  148.72	 99.94
 374.00	 371.05	 7.2068	34.2257	26.7851	 0.69	 30.15	0.041	  148.71	 99.94
 375.00	 372.04	 7.2022	34.2270	26.7868	 0.69	 29.95	0.040	  148.70	 99.94
 376.00	 373.03	 7.2006	34.2276	26.7875	 0.68	 29.77	0.040	  148.71	 99.95
 377.00	 374.02	 7.1918	34.2274	26.7885	 0.68	 29.66	0.040	  148.73	 99.95
 378.00	 375.01	 7.1848	34.2278	26.7899	 0.68	 29.66	0.040	  148.68	 99.95
 379.00	 376.00	 7.1827	34.2279	26.7902	 0.68	 29.56	0.040	  148.72	 99.95
 380.00	 376.99	 7.1811	34.2280	26.7906	 0.68	 29.57	0.040	  148.71	 99.95
 381.00	 377.98	 7.1804	34.2282	26.7908	 0.68	 29.42	0.040	  148.77	 99.95
 382.00	 378.98	 7.1778	34.2285	26.7914	 0.67	 29.20	0.040	  148.74	 99.95
 383.00	 379.97	 7.1728	34.2289	26.7925	 0.67	 29.10	0.042	  148.69	 99.95
 384.00	 380.96	 7.1601	34.2302	26.7953	 0.67	 28.98	0.040	  148.71	 99.95
 385.00	 381.95	 7.1574	34.2304	26.7958	 0.66	 28.76	0.040	  148.72	 99.95
 386.00	 382.94	 7.1519	34.2307	26.7968	 0.66	 28.58	0.040	  148.67	 99.95
 387.00	 383.93	 7.1413	34.2312	26.7987	 0.65	 28.32	0.040	  148.63	 99.95
 388.00	 384.92	 7.1211	34.2331	26.8030	 0.64	 28.00	0.040	  148.70	 99.95
 389.00	 385.91	 7.1081	34.2339	26.8055	 0.64	 27.75	0.040	  148.69	 99.95
 390.00	 386.90	 7.1027	34.2344	26.8066	 0.64	 27.62	0.041	  148.66	 99.95
 391.00	 387.90	 7.1007	34.2347	26.8071	 0.63	 27.44	0.042	  148.71	 99.95
 392.00	 388.89	 7.0979	34.2347	26.8075	 0.62	 27.13	0.041	  148.65	 99.95
 393.00	 389.88	 7.0821	34.2344	26.8094	 0.62	 26.97	0.040	  148.67	 99.95
 394.00	 390.87	 7.0569	34.2375	26.8154	 0.61	 26.73	0.040	  148.67	 99.95
 395.00	 391.86	 7.0448	34.2390	26.8182	 0.61	 26.37	0.040	  148.69	 99.95
 396.00	 392.85	 7.0344	34.2390	26.8197	 0.60	 25.92	0.040	  148.68	 99.95
 397.00	 393.84	 7.0118	34.2403	26.8238	 0.59	 25.62	0.040	  148.66	 99.95
 398.00	 394.83	 7.0065	34.2417	26.8256	 0.59	 25.55	0.040	  148.69	 99.95
 399.00	 395.82	 6.9969	34.2416	26.8269	 0.59	 25.50	0.040	  148.67	 99.95
 400.00	 396.82	 6.9931	34.2426	26.8282	 0.59	 25.49	0.040	  148.63	 99.95
 401.00	 397.81	 6.9903	34.2428	26.8287	 0.59	 25.46	0.040	  148.69	 99.95
 402.00	 398.80	 6.9888	34.2431	26.8293	 0.58	 25.36	0.040	  148.65	 99.95
 403.00	 399.79	 6.9871	34.2431	26.8295	 0.58	 25.04	0.040	  148.59	 99.96
 404.00	 400.78	 6.9791	34.2437	26.8310	 0.57	 24.82	0.040	  148.67	 99.95
 405.00	 401.77	 6.9719	34.2439	26.8322	 0.57	 24.64	0.042	  148.61	 99.95
 406.00	 402.76	 6.9619	34.2449	26.8344	 0.56	 24.51	0.041	  148.65	 99.95
 407.00	 403.75	 6.9534	34.2449	26.8356	 0.56	 24.40	0.040	  148.64	 99.96
 408.00	 404.74	 6.9425	34.2460	26.8379	 0.56	 24.32	0.040	  148.60	 99.95
 409.00	 405.73	 6.9347	34.2469	26.8397	 0.56	 24.24	0.040	  148.60	 99.95
 410.00	 406.73	 6.9299	34.2478	26.8410	 0.55	 24.03	0.040	  148.59	 99.96
 411.00	 407.72	 6.9255	34.2482	26.8420	 0.55	 23.91	0.040	  148.60	 99.96
 412.00	 408.71	 6.9250	34.2484	26.8422	 0.55	 23.82	0.040	  148.62	 99.96
 413.00	 409.70	 6.9236	34.2484	26.8425	 0.55	 23.88	0.040	  148.57	 99.97
 414.00	 410.69	 6.9206	34.2487	26.8431	 0.55	 23.79	0.040	  148.56	 99.96
 415.00	 411.68	 6.9194	34.2488	26.8434	 0.55	 23.71	0.041	  148.56	 99.96
 416.00	 412.67	 6.9180	34.2490	26.8437	 0.54	 23.67	0.042	  148.55	 99.96
 417.00	 413.66	 6.9162	34.2491	26.8440	 0.54	 23.67	0.042	  148.55	 99.96
 418.00	 414.65	 6.9154	34.2491	26.8442	 0.54	 23.60	0.041	  148.54	 99.96
 419.00	 415.64	 6.9118	34.2491	26.8447	 0.54	 23.52	0.040	  148.51	 99.97
 420.00	 416.64	 6.9070	34.2495	26.8457	 0.54	 23.40	0.040	  148.56	 99.96
 421.00	 417.63	 6.9014	34.2497	26.8466	 0.53	 23.26	0.040	  148.53	 99.96
 422.00	 418.62	 6.8889	34.2497	26.8483	 0.53	 23.04	0.040	  148.46	 99.96
 423.00	 419.61	 6.8709	34.2510	26.8517	 0.53	 22.85	0.040	  148.50	 99.96
 424.00	 420.60	 6.8637	34.2515	26.8532	 0.52	 22.73	0.040	  148.48	 99.97
 425.00	 421.59	 6.8447	34.2515	26.8558	 0.52	 22.54	0.040	  148.52	 99.97
 426.00	 422.58	 6.8244	34.2527	26.8594	 0.51	 22.39	0.040	  148.49	 99.97
 427.00	 423.57	 6.8180	34.2535	26.8609	 0.51	 22.26	0.040	  148.51	 99.97
 428.00	 424.56	 6.8116	34.2536	26.8619	 0.51	 22.04	0.041	  148.52	 99.97
