wcoa21_data_management/01_CRUISE_METADATA/00_OCADS_data/CTD_downcasts/WCOA_2021_CTD_downcasts/dRB2102_CTD_085_01_F.txt
* Sea-Bird SBE 9 Data:
* Software Version Seasave V 7.26.7.107
* Vessel: NOAA Ship Ronald H. Brown
* Cruise: RB2102, West Coast Ocean Acidification (WCOA) 2021
* Dates: 20210622 to 20210723
* Region: NE Pacific, USA West Coast
* Ports: San Diego, CA to Port Angeles, WA to San Diego, CA
* Chief Scientists: R. Feely, NOAA PMEL; D. Greeley, NOAA PMEL; B. Carter, NOAA PMEL / UW CICOES
*END*
[from data line 2347]
2352.00	2321.45	 1.8131	34.6368	27.7077	 2.12	 92.33	0.040	  158.26	 99.93
2353.00	2322.43	 1.8132	34.6369	27.7078	 2.13	 92.67	0.040	  158.25	 99.93
2354.00	2323.41	 1.8126	34.6369	27.7078	 2.13	 92.40	0.040	  158.23	 99.93
2355.00	2324.40	 1.8119	34.6370	27.7079	 2.13	 92.36	0.040	  158.24	 99.93
2356.00	2325.38	 1.8118	34.6370	27.7079	 2.13	 92.63	0.040	  158.25	 99.93
2357.00	2326.36	 1.8117	34.6371	27.7080	 2.13	 92.74	0.040	  158.23	 99.93
2358.00	2327.34	 1.8121	34.6371	27.7080	 2.13	 92.50	0.040	  158.24	 99.93
2359.00	2328.32	 1.8125	34.6371	27.7080	 2.13	 92.39	0.040	  158.28	 99.93
2360.00	2329.30	 1.8126	34.6370	27.7079	 2.13	 92.55	0.040	  158.20	 99.93
2361.00	2330.28	 1.8129	34.6369	27.7078	 2.13	 92.54	0.040	  158.23	 99.93
2362.00	2331.27	 1.8130	34.6369	27.7079	 2.14	 92.80	0.040	  158.22	 99.93
2363.00	2332.25	 1.8131	34.6370	27.7079	 2.13	 92.73	0.040	  158.21	 99.93
2364.00	2333.23	 1.8126	34.6370	27.7080	 2.13	 92.54	0.040	  158.24	 99.93
2365.00	2334.21	 1.8123	34.6370	27.7080	 2.13	 92.47	0.040	  158.16	 99.93
2366.00	2335.19	 1.8125	34.6372	27.7081	 2.12	 92.33	0.040	  158.21	 99.93
2367.00	2336.17	 1.8126	34.6371	27.7080	 2.13	 92.55	0.040	  158.24	 99.93
2368.00	2337.16	 1.8127	34.6370	27.7080	 2.13	 92.50	0.040	  158.21	 99.93
2369.00	2338.14	 1.8135	34.6369	27.7078	 2.13	 92.49	0.040	  158.19	 99.93
2370.00	2339.12	 1.8145	34.6370	27.7078	 2.13	 92.65	0.040	  158.19	 99.93
2371.00	2340.10	 1.8150	34.6369	27.7078	 2.13	 92.57	0.040	  158.24	 99.93
2372.00	2341.08	 1.8152	34.6369	27.7077	 2.12	 92.19	0.040	  158.19	 99.93
2373.00	2342.06	 1.8145	34.6371	27.7079	 2.12	 92.26	0.040	  158.25	 99.93
2374.00	2343.04	 1.8156	34.6370	27.7078	 2.12	 92.09	0.040	  158.28	 99.93
2375.00	2344.03	 1.8158	34.6368	27.7076	 2.12	 92.23	0.040	  158.24	 99.93
2376.00	2345.01	 1.8158	34.6368	27.7076	 2.12	 92.34	0.040	  158.23	 99.93
2377.00	2345.99	 1.8163	34.6368	27.7076	 2.13	 92.42	0.040	  158.21	 99.93
2378.00	2346.97	 1.8163	34.6369	27.7077	 2.13	 92.49	0.040	  158.18	 99.93
2379.00	2347.95	 1.8173	34.6367	27.7074	 2.13	 92.35	0.040	  158.23	 99.93
2380.00	2348.93	 1.8173	34.6366	27.7074	 2.13	 92.61	0.040	  158.19	 99.93
2381.00	2349.91	 1.8163	34.6367	27.7075	 2.12	 92.19	0.040	  158.22	 99.93
2382.00	2350.90	 1.8150	34.6370	27.7079	 2.12	 92.20	0.040	  158.21	 99.93
2383.00	2351.88	 1.8152	34.6370	27.7079	 2.13	 92.49	0.040	  158.19	 99.93
2384.00	2352.86	 1.8150	34.6369	27.7078	 2.13	 92.54	0.040	  158.21	 99.93
2385.00	2353.84	 1.8145	34.6370	27.7080	 2.14	 92.81	0.040	  158.23	 99.93
2386.00	2354.82	 1.8131	34.6372	27.7082	 2.14	 92.84	0.040	  158.18	 99.93
2387.00	2355.80	 1.8125	34.6372	27.7083	 2.14	 92.82	0.040	  158.17	 99.94
2388.00	2356.79	 1.8124	34.6375	27.7085	 2.13	 92.68	0.040	  158.18	 99.93
2389.00	2357.77	 1.8122	34.6373	27.7083	 2.14	 92.85	0.040	  158.19	 99.93
2390.00	2358.75	 1.8123	34.6373	27.7084	 2.13	 92.75	0.040	  158.17	 99.93
2391.00	2359.73	 1.8120	34.6373	27.7084	 2.13	 92.65	0.040	  158.15	 99.93
2392.00	2360.71	 1.8114	34.6375	27.7086	 2.14	 92.91	0.040	  158.16	 99.93
2393.00	2361.69	 1.8114	34.6373	27.7085	 2.14	 93.11	0.040	  158.13	 99.93
2394.00	2362.67	 1.8109	34.6375	27.7087	 2.14	 93.18	0.040	  158.12	 99.93
2395.00	2363.66	 1.8106	34.6376	27.7088	 2.14	 92.96	0.040	  158.15	 99.93
2396.00	2364.64	 1.8106	34.6376	27.7088	 2.14	 93.12	0.040	  158.15	 99.94
2397.00	2365.62	 1.8106	34.6375	27.7087	 2.14	 93.02	0.040	  158.12	 99.93
2398.00	2366.60	 1.8099	34.6377	27.7089	 2.14	 93.15	0.040	  158.11	 99.93
2399.00	2367.58	 1.8097	34.6377	27.7089	 2.14	 92.98	0.040	  158.12	 99.93
2400.00	2368.56	 1.8097	34.6378	27.7090	 2.14	 93.01	0.040	  158.14	 99.93
2401.00	2369.54	 1.8103	34.6376	27.7088	 2.14	 93.17	0.040	  158.08	 99.93
2402.00	2370.52	 1.8101	34.6377	27.7089	 2.14	 93.16	0.040	  158.15	 99.93
2403.00	2371.51	 1.8098	34.6378	27.7090	 2.14	 93.10	0.040	  158.11	 99.93
2404.00	2372.49	 1.8096	34.6379	27.7091	 2.15	 93.35	0.040	  158.13	 99.93
2405.00	2373.47	 1.8094	34.6380	27.7092	 2.14	 93.18	0.040	  158.10	 99.93
2406.00	2374.45	 1.8093	34.6379	27.7092	 2.15	 93.27	0.040	  158.10	 99.93
2407.00	2375.43	 1.8094	34.6378	27.7091	 2.15	 93.33	0.040	  158.07	 99.93
2408.00	2376.41	 1.8087	34.6379	27.7092	 2.15	 93.62	0.040	  158.15	 99.93
2409.00	2377.39	 1.8071	34.6381	27.7095	 2.16	 93.69	0.040	  158.14	 99.93
2410.00	2378.38	 1.8068	34.6382	27.7096	 2.15	 93.56	0.040	  158.13	 99.93
2411.00	2379.36	 1.8068	34.6380	27.7095	 2.15	 93.40	0.040	  158.15	 99.93
2412.00	2380.34	 1.8069	34.6382	27.7097	 2.15	 93.44	0.040	  158.12	 99.93
2413.00	2381.32	 1.8060	34.6383	27.7098	 2.16	 93.67	0.040	  158.04	 99.93
2414.00	2382.30	 1.8053	34.6383	27.7099	 2.15	 93.45	0.040	  158.12	 99.93
2415.00	2383.28	 1.8053	34.6384	27.7099	 2.15	 93.54	0.040	  158.07	 99.93
2416.00	2384.26	 1.8055	34.6382	27.7098	 2.16	 93.67	0.040	  158.10	 99.93
2417.00	2385.24	 1.8044	34.6385	27.7101	 2.15	 93.61	0.040	  158.10	 99.93
2418.00	2386.23	 1.8044	34.6385	27.7101	 2.16	 93.69	0.040	  158.04	 99.94
2419.00	2387.21	 1.8045	34.6385	27.7101	 2.16	 93.85	0.040	  157.98	 99.93
2420.00	2388.19	 1.8045	34.6386	27.7102	 2.16	 93.67	0.040	  158.02	 99.93
2421.00	2389.17	 1.8043	34.6387	27.7103	 2.15	 93.53	0.040	  158.01	 99.93
2422.00	2390.15	 1.8044	34.6386	27.7102	 2.16	 93.80	0.040	  157.99	 99.93
2423.00	2391.13	 1.8040	34.6385	27.7101	 2.16	 94.06	0.040	  158.05	 99.93
2424.00	2392.11	 1.8036	34.6386	27.7103	 2.16	 94.05	0.040	  157.98	 99.93
2425.00	2393.10	 1.8022	34.6392	27.7109	 2.17	 94.14	0.040	  157.98	 99.93
2426.00	2394.08	 1.8021	34.6389	27.7107	 2.16	 93.70	0.040	  157.98	 99.93
2427.00	2395.06	 1.8019	34.6389	27.7107	 2.15	 93.53	0.040	  158.10	 99.93
2428.00	2396.04	 1.8014	34.6389	27.7107	 2.16	 94.07	0.040	  158.03	 99.93
2429.00	2397.02	 1.8007	34.6390	27.7109	 2.16	 94.08	0.040	  157.97	 99.93
2430.00	2398.00	 1.8015	34.6389	27.7107	 2.17	 94.19	0.040	  157.93	 99.93
2431.00	2398.98	 1.8001	34.6393	27.7111	 2.18	 94.60	0.040	  158.01	 99.93
2432.00	2399.96	 1.7998	34.6391	27.7110	 2.16	 94.05	0.040	  157.98	 99.93
2433.00	2400.95	 1.7992	34.6393	27.7112	 2.16	 93.93	0.040	  158.03	 99.93
2434.00	2401.93	 1.7993	34.6392	27.7111	 2.17	 94.14	0.040	  157.97	 99.93
2435.00	2402.91	 1.7996	34.6393	27.7112	 2.17	 94.32	0.040	  158.00	 99.93
2436.00	2403.89	 1.7997	34.6392	27.7111	 2.17	 94.42	0.040	  158.05	 99.93
2437.00	2404.87	 1.7996	34.6393	27.7112	 2.17	 94.41	0.040	  157.95	 99.93
2438.00	2405.85	 1.8001	34.6391	27.7110	 2.17	 94.14	0.040	  157.96	 99.93
2439.00	2406.83	 1.8006	34.6393	27.7111	 2.17	 94.08	0.040	  158.03	 99.93
2440.00	2407.81	 1.8013	34.6391	27.7110	 2.17	 94.13	0.040	  158.01	 99.93
2441.00	2408.80	 1.8009	34.6393	27.7112	 2.16	 94.07	0.040	  157.96	 99.93
2442.00	2409.78	 1.8010	34.6393	27.7111	 2.17	 94.38	0.040	  158.05	 80.68
2443.00	2410.76	 1.8015	34.6390	27.7109	 2.17	 94.27	0.040	  158.01	101.51
2444.00	2411.74	 1.8010	34.6391	27.7110	 2.17	 94.41	0.040	  158.00	 99.93
2445.00	2412.72	 1.8008	34.6393	27.7112	 2.17	 94.28	0.040	  158.02	 99.93
2446.00	2413.70	 1.8013	34.6393	27.7112	 2.16	 93.69	0.040	  158.07	 99.93
2447.00	2414.68	 1.8019	34.6392	27.7111	 2.16	 93.89	0.040	  157.99	 99.93
2448.00	2415.66	 1.8029	34.6391	27.7109	 2.17	 94.18	0.040	  158.00	 99.93
2449.00	2416.64	 1.8023	34.6390	27.7109	 2.17	 94.34	0.040	  157.98	 99.93
2450.00	2417.63	 1.8020	34.6392	27.7110	 2.17	 94.26	0.040	  158.00	 99.93
2451.00	2418.61	 1.8021	34.6393	27.7111	 2.16	 93.98	0.040	  157.94	 99.93
2452.00	2419.59	 1.8022	34.6393	27.7112	 2.17	 94.37	0.040	  158.03	 99.93
2453.00	2420.57	 1.8024	34.6392	27.7110	 2.16	 94.03	0.040	  158.00	 99.93
2454.00	2421.55	 1.8025	34.6391	27.7110	 2.16	 93.96	0.040	  157.97	 99.93
2455.00	2422.53	 1.8028	34.6391	27.7110	 2.17	 94.14	0.040	  157.99	 99.93
2456.00	2423.51	 1.8026	34.6392	27.7111	 2.17	 94.10	0.040	  157.99	 99.93
2457.00	2424.49	 1.8030	34.6391	27.7109	 2.17	 94.11	0.040	  157.98	 99.93
2458.00	2425.47	 1.8030	34.6393	27.7111	 2.17	 94.41	0.040	  157.99	 99.93
2459.00	2426.46	 1.8030	34.6392	27.7111	 2.18	 94.52	0.040	  157.99	 99.93
2460.00	2427.44	 1.8033	34.6392	27.7110	 2.16	 93.93	0.040	  157.94	 99.93
2461.00	2428.42	 1.8031	34.6393	27.7111	 2.17	 94.15	0.040	  157.97	 99.93
2462.00	2429.40	 1.8028	34.6392	27.7111	 2.17	 94.18	0.040	  158.00	 99.93
2463.00	2430.38	 1.8032	34.6391	27.7110	 2.17	 94.26	0.040	  157.92	 99.93
2464.00	2431.36	 1.8031	34.6393	27.7111	 2.17	 94.39	0.040	  157.99	 99.93
2465.00	2432.34	 1.8034	34.6392	27.7111	 2.17	 94.11	0.040	  157.91	 99.94
2466.00	2433.32	 1.8032	34.6394	27.7112	 2.17	 94.40	0.040	  157.98	 99.93
2467.00	2434.30	 1.8033	34.6394	27.7112	 2.17	 94.36	0.040	  157.94	 99.93
2468.00	2435.29	 1.8031	34.6394	27.7113	 2.17	 94.22	0.040	  157.91	 99.93
2469.00	2436.27	 1.8032	34.6394	27.7112	 2.17	 94.27	0.040	  157.89	 99.93
2470.00	2437.25	 1.8034	34.6393	27.7111	 2.17	 94.23	0.040	  157.94	 99.93
2471.00	2438.23	 1.8037	34.6391	27.7110	 2.17	 94.37	0.040	  157.95	 99.93
2472.00	2439.21	 1.8035	34.6392	27.7111	 2.17	 94.33	0.040	  157.89	 99.93
2473.00	2440.19	 1.8036	34.6392	27.7111	 2.17	 94.26	0.040	  157.86	 99.93
2474.00	2441.17	 1.8036	34.6393	27.7111	 2.17	 94.47	0.040	  157.93	 99.93
2475.00	2442.15	 1.8036	34.6394	27.7112	 2.17	 94.13	0.040	  157.93	 99.93
2476.00	2443.13	 1.8036	34.6394	27.7112	 2.16	 94.03	0.040	  157.95	 99.93
2477.00	2444.12	 1.8038	34.6393	27.7111	 2.17	 94.29	0.040	  157.93	 99.93
2478.00	2445.10	 1.8039	34.6391	27.7110	 2.17	 94.41	0.040	  157.95	 99.93
2479.00	2446.08	 1.8035	34.6394	27.7113	 2.17	 94.50	0.040	  157.94	 99.93
2480.00	2447.06	 1.8031	34.6394	27.7114	 2.18	 94.66	0.040	  157.91	 99.93
2481.00	2448.04	 1.8031	34.6394	27.7114	 2.18	 94.68	0.040	  157.86	 99.93
2482.00	2449.02	 1.8030	34.6395	27.7115	 2.17	 94.32	0.040	  157.84	 99.93
2483.00	2450.00	 1.8027	34.6394	27.7114	 2.17	 94.40	0.040	  157.93	 99.93
2484.00	2450.98	 1.8020	34.6396	27.7116	 2.17	 94.41	0.040	  157.94	 99.93
2485.00	2451.96	 1.8024	34.6397	27.7117	 2.17	 94.35	0.040	  157.88	 99.93
2486.00	2452.94	 1.8024	34.6395	27.7115	 2.18	 94.56	0.040	  157.84	 99.93
2487.00	2453.93	 1.8017	34.6395	27.7115	 2.18	 94.76	0.040	  157.85	 99.93
2488.00	2454.91	 1.8017	34.6397	27.7117	 2.18	 94.69	0.040	  157.82	 99.94
2489.00	2455.89	 1.8018	34.6395	27.7116	 2.18	 94.54	0.040	  157.84	 99.93
2490.00	2456.87	 1.8013	34.6397	27.7118	 2.18	 94.56	0.040	  157.90	 99.93
2491.00	2457.85	 1.8013	34.6397	27.7117	 2.18	 94.63	0.040	  157.91	 99.93
2492.00	2458.83	 1.8011	34.6398	27.7119	 2.18	 94.67	0.040	  157.87	 99.93
2493.00	2459.81	 1.8007	34.6399	27.7120	 2.18	 94.58	0.040	  157.83	 99.93
2494.00	2460.79	 1.8006	34.6396	27.7118	 2.18	 94.73	0.040	  157.84	 99.93
2495.00	2461.77	 1.7989	34.6400	27.7122	 2.18	 94.87	0.040	  157.81	 99.93
2496.00	2462.75	 1.7976	34.6403	27.7126	 2.19	 95.00	0.040	  157.84	 99.93
2497.00	2463.74	 1.7974	34.6403	27.7126	 2.20	 95.40	0.040	  157.85	 99.93
2498.00	2464.72	 1.7970	34.6404	27.7127	 2.20	 95.41	0.040	  157.91	 99.93
2499.00	2465.70	 1.7953	34.6405	27.7129	 2.20	 95.40	0.040	  157.81	 99.93
2500.00	2466.68	 1.7936	34.6406	27.7131	 2.20	 95.70	0.040	  157.80	 99.93
2501.00	2467.66	 1.7861	34.6412	27.7142	 2.22	 96.28	0.039	  157.81	 99.93
2502.00	2468.64	 1.7835	34.6416	27.7147	 2.22	 96.35	0.040	  157.79	 99.93
2503.00	2469.62	 1.7824	34.6418	27.7149	 2.22	 96.63	0.040	  157.79	 99.93
2504.00	2470.60	 1.7797	34.6418	27.7151	 2.24	 97.15	0.040	  157.79	 99.93
2505.00	2471.58	 1.7674	34.6433	27.7173	 2.25	 97.94	0.040	  157.78	 99.93
2506.00	2472.56	 1.7578	34.6443	27.7188	 2.27	 98.79	0.040	  157.80	 99.93
2507.00	2473.54	 1.7553	34.6447	27.7193	 2.29	 99.42	0.040	  157.77	 99.93
2508.00	2474.53	 1.7537	34.6450	27.7196	 2.29	 99.37	0.040	  157.76	 99.93
2509.00	2475.51	 1.7522	34.6453	27.7199	 2.28	 98.94	0.040	  157.84	 99.93
2510.00	2476.49	 1.7520	34.6452	27.7199	 2.28	 99.10	0.040	  157.75	 99.93
2511.00	2477.47	 1.7518	34.6453	27.7200	 2.29	 99.45	0.040	  157.75	 99.93
2512.00	2478.45	 1.7512	34.6454	27.7201	 2.28	 99.25	0.040	  157.75	 99.93
2513.00	2479.43	 1.7509	34.6454	27.7202	 2.28	 99.25	0.040	  157.79	 99.93
2514.00	2480.41	 1.7498	34.6455	27.7203	 2.29	 99.50	0.040	  157.76	 99.93
2515.00	2481.39	 1.7466	34.6458	27.7208	 2.30	 99.96	0.040	  157.75	 99.93
2516.00	2482.37	 1.7407	34.6465	27.7218	 2.30	100.01	0.040	  157.74	 99.93
2517.00	2483.35	 1.7389	34.6468	27.7222	 2.31	100.27	0.040	  157.78	 99.93
2518.00	2484.33	 1.7383	34.6470	27.7224	 2.32	100.73	0.040	  157.75	 99.93
2519.00	2485.32	 1.7380	34.6470	27.7224	 2.31	100.37	0.040	  157.79	 99.93
2520.00	2486.30	 1.7385	34.6468	27.7223	 2.31	100.26	0.040	  157.76	 99.93
2521.00	2487.28	 1.7385	34.6469	27.7223	 2.31	100.35	0.040	  157.77	 99.93
2522.00	2488.26	 1.7386	34.6471	27.7225	 2.31	100.47	0.040	  157.76	 99.93
2523.00	2489.24	 1.7403	34.6470	27.7222	 2.31	100.60	0.040	  157.76	 99.93
2524.00	2490.22	 1.7390	34.6470	27.7224	 2.31	100.41	0.040	  157.79	 99.93
2525.00	2491.20	 1.7383	34.6471	27.7225	 2.31	100.23	0.040	  157.75	 99.93
2526.00	2492.18	 1.7374	34.6473	27.7227	 2.31	100.46	0.040	  157.71	 99.93
2527.00	2493.16	 1.7370	34.6473	27.7228	 2.31	100.41	0.040	  157.81	 99.93
2528.00	2494.14	 1.7364	34.6473	27.7228	 2.31	100.47	0.040	  157.74	 99.93
2529.00	2495.12	 1.7364	34.6472	27.7228	 2.32	100.62	0.040	  157.74	 99.93
2530.00	2496.10	 1.7369	34.6472	27.7227	 2.32	100.64	0.040	  157.69	 99.93
2531.00	2497.09	 1.7370	34.6472	27.7228	 2.32	100.72	0.040	  157.72	 99.93
2532.00	2498.07	 1.7368	34.6472	27.7228	 2.32	100.68	0.040	  157.75	 99.93
2533.00	2499.05	 1.7361	34.6475	27.7230	 2.31	100.60	0.040	  157.75	 99.93
2534.00	2500.03	 1.7358	34.6475	27.7231	 2.32	100.61	0.040	  157.73	 99.93
2535.00	2501.01	 1.7353	34.6475	27.7231	 2.32	100.69	0.040	  157.73	 99.93
2536.00	2501.99	 1.7345	34.6477	27.7233	 2.32	100.92	0.040	  157.73	 99.93
2537.00	2502.97	 1.7342	34.6475	27.7232	 2.33	101.29	0.040	  157.72	 99.93
2538.00	2503.95	 1.7333	34.6478	27.7235	 2.33	101.06	0.040	  157.75	 99.93
2539.00	2504.93	 1.7331	34.6479	27.7236	 2.32	100.79	0.040	  157.67	 99.93
2540.00	2505.91	 1.7331	34.6478	27.7236	 2.33	101.04	0.040	  157.66	 99.93
2541.00	2506.89	 1.7332	34.6478	27.7236	 2.32	100.99	0.040	  157.65	 99.93
2542.00	2507.87	 1.7336	34.6477	27.7235	 2.32	100.92	0.040	  157.71	 99.93
2543.00	2508.85	 1.7336	34.6477	27.7235	 2.32	100.82	0.040	  157.73	 99.93
2544.00	2509.84	 1.7336	34.6478	27.7236	 2.32	100.96	0.040	  157.70	 99.93
2545.00	2510.82	 1.7339	34.6477	27.7235	 2.33	101.04	0.040	  157.65	 99.93
2546.00	2511.80	 1.7334	34.6478	27.7236	 2.33	101.08	0.040	  157.63	 99.93
2547.00	2512.78	 1.7326	34.6481	27.7238	 2.33	101.10	0.040	  157.68	 99.93
2548.00	2513.76	 1.7329	34.6481	27.7238	 2.33	101.21	0.040	  157.68	 99.93
2549.00	2514.74	 1.7326	34.6481	27.7239	 2.33	101.10	0.040	  157.67	 99.93
2550.00	2515.72	 1.7326	34.6480	27.7238	 2.33	101.04	0.040	  157.70	 99.93
2551.00	2516.70	 1.7326	34.6479	27.7237	 2.32	101.02	0.040	  157.70	 99.93
2552.00	2517.68	 1.7327	34.6479	27.7238	 2.32	101.03	0.040	  157.68	 99.93
2553.00	2518.66	 1.7329	34.6480	27.7238	 2.33	101.29	0.040	  157.68	 99.93
2554.00	2519.64	 1.7327	34.6479	27.7238	 2.33	101.39	0.040	  157.63	 99.93
2555.00	2520.62	 1.7325	34.6481	27.7239	 2.33	101.30	0.040	  157.66	 99.93
2556.00	2521.60	 1.7325	34.6481	27.7239	 2.33	101.05	0.040	  157.64	 99.93
2557.00	2522.58	 1.7323	34.6480	27.7239	 2.33	101.20	0.039	  157.64	 99.93
2558.00	2523.57	 1.7319	34.6481	27.7240	 2.33	101.41	0.040	  157.60	 99.93
2559.00	2524.55	 1.7307	34.6481	27.7241	 2.33	101.39	0.040	  157.62	 99.93
2560.00	2525.53	 1.7286	34.6483	27.7244	 2.34	101.67	0.040	  157.70	 99.93
2561.00	2526.51	 1.7260	34.6486	27.7249	 2.34	101.90	0.040	  157.62	 99.93
2562.00	2527.49	 1.7240	34.6489	27.7252	 2.35	102.32	0.040	  157.60	 99.93
2563.00	2528.47	 1.7229	34.6490	27.7254	 2.37	102.93	0.040	  157.64	 99.93
2564.00	2529.45	 1.7196	34.6490	27.7257	 2.36	102.62	0.040	  157.54	 99.93
