wcoa21_data_management/01_CRUISE_METADATA/00_OCADS_data/CTD_downcasts/WCOA_2021_CTD_downcasts/dRB2102_CTD_111_01_F.txt
* Sea-Bird SBE 9 Data:
* Software Version Seasave V 7.26.7.107
* Vessel: NOAA Ship Ronald H. Brown
* Cruise: RB2102, West Coast Ocean Acidification (WCOA) 2021
* Dates: 20210622 to 20210723
* Region: NE Pacific, USA West Coast
* Ports: San Diego, CA to Port Angeles, WA to San Diego, CA
* Chief Scientists: R. Feely, NOAA PMEL; D. Greeley, NOAA PMEL; B. Carter, NOAA PMEL / UW CICOES
*END*
[from data line 1921]
1924.00	1901.50	 2.2040	34.5988	27.6446	 1.56	 67.70	0.040	  140.91	 99.96
1925.00	1902.48	 2.1999	34.5991	27.6452	 1.56	 67.93	0.040	  140.94	 99.96
1926.00	1903.46	 2.1978	34.5993	27.6455	 1.57	 68.31	0.040	  140.91	 99.96
1927.00	1904.45	 2.1914	34.5997	27.6463	 1.58	 68.49	0.040	  140.95	 99.96
1928.00	1905.43	 2.1857	34.6004	27.6474	 1.58	 68.71	0.040	  140.92	 99.95
1929.00	1906.42	 2.1830	34.6006	27.6477	 1.58	 68.88	0.040	  140.95	 99.95
1930.00	1907.40	 2.1825	34.6007	27.6479	 1.59	 68.95	0.040	  140.90	 99.96
1931.00	1908.38	 2.1814	34.6007	27.6480	 1.58	 68.79	0.040	  140.92	 99.95
1932.00	1909.37	 2.1801	34.6009	27.6482	 1.58	 68.67	0.040	  140.91	 99.95
1933.00	1910.35	 2.1773	34.6012	27.6487	 1.59	 69.02	0.040	  140.92	 99.96
1934.00	1911.34	 2.1765	34.6014	27.6489	 1.59	 69.14	0.040	  140.93	 99.95
1935.00	1912.32	 2.1765	34.6013	27.6488	 1.59	 69.09	0.040	  140.90	 99.95
1936.00	1913.30	 2.1759	34.6014	27.6490	 1.59	 69.12	0.040	  140.90	 99.95
1937.00	1914.29	 2.1749	34.6017	27.6493	 1.59	 69.18	0.040	  140.89	 99.95
1938.00	1915.27	 2.1742	34.6017	27.6494	 1.60	 69.34	0.040	  140.93	 99.95
1939.00	1916.25	 2.1725	34.6018	27.6496	 1.60	 69.33	0.040	  140.91	 99.95
1940.00	1917.24	 2.1703	34.6021	27.6500	 1.60	 69.55	0.040	  140.83	 99.95
1941.00	1918.22	 2.1680	34.6023	27.6503	 1.61	 69.99	0.040	  140.86	 99.95
1942.00	1919.21	 2.1609	34.6032	27.6516	 1.62	 70.23	0.040	  140.90	 99.95
1943.00	1920.19	 2.1599	34.6033	27.6518	 1.62	 70.32	0.040	  140.89	 99.95
1944.00	1921.17	 2.1593	34.6034	27.6519	 1.61	 70.16	0.040	  140.88	 99.95
1945.00	1922.16	 2.1593	34.6034	27.6519	 1.62	 70.26	0.040	  140.91	 99.95
1946.00	1923.14	 2.1588	34.6035	27.6520	 1.62	 70.31	0.040	  140.82	 99.96
1947.00	1924.12	 2.1587	34.6035	27.6521	 1.62	 70.28	0.040	  140.87	 99.95
1948.00	1925.11	 2.1586	34.6036	27.6522	 1.62	 70.39	0.041	  140.88	 99.95
1949.00	1926.09	 2.1586	34.6037	27.6522	 1.62	 70.42	0.041	  140.85	 99.95
1950.00	1927.08	 2.1586	34.6036	27.6522	 1.62	 70.27	0.040	  140.80	 99.95
1951.00	1928.06	 2.1584	34.6038	27.6523	 1.62	 70.36	0.040	  140.83	 99.95
1952.00	1929.04	 2.1582	34.6038	27.6524	 1.62	 70.37	0.040	  140.84	 99.95
1953.00	1930.03	 2.1577	34.6039	27.6525	 1.62	 70.35	0.040	  140.85	 99.95
1954.00	1931.01	 2.1575	34.6039	27.6525	 1.62	 70.32	0.040	  140.87	 99.95
1955.00	1931.99	 2.1567	34.6040	27.6527	 1.63	 70.64	0.040	  140.82	 99.95
1956.00	1932.98	 2.1551	34.6040	27.6528	 1.64	 71.12	0.040	  140.87	 99.95
1957.00	1933.96	 2.1511	34.6049	27.6538	 1.65	 71.71	0.040	  140.80	 99.95
1958.00	1934.94	 2.1461	34.6055	27.6547	 1.66	 72.04	0.040	  140.82	 99.95
1959.00	1935.93	 2.1421	34.6060	27.6555	 1.66	 72.15	0.040	  140.83	 99.95
1960.00	1936.91	 2.1366	34.6068	27.6565	 1.67	 72.63	0.040	  140.81	 99.95
1961.00	1937.90	 2.1351	34.6070	27.6568	 1.67	 72.76	0.040	  140.80	 99.95
1962.00	1938.88	 2.1343	34.6070	27.6569	 1.67	 72.66	0.040	  140.81	 99.95
1963.00	1939.86	 2.1340	34.6072	27.6570	 1.67	 72.46	0.040	  140.80	 99.95
1964.00	1940.85	 2.1338	34.6072	27.6571	 1.67	 72.52	0.040	  140.80	 99.95
1965.00	1941.83	 2.1336	34.6071	27.6570	 1.67	 72.58	0.040	  140.78	 99.95
1966.00	1942.81	 2.1333	34.6072	27.6571	 1.67	 72.56	0.040	  140.82	 99.95
1967.00	1943.80	 2.1329	34.6073	27.6572	 1.67	 72.64	0.040	  140.82	 99.95
1968.00	1944.78	 2.1319	34.6074	27.6574	 1.68	 72.93	0.040	  140.81	 99.95
1969.00	1945.77	 2.1314	34.6073	27.6574	 1.67	 72.77	0.040	  140.85	 99.95
1970.00	1946.75	 2.1295	34.6075	27.6577	 1.67	 72.74	0.040	  140.79	 99.95
1971.00	1947.73	 2.1281	34.6078	27.6581	 1.67	 72.76	0.040	  140.79	 99.95
1972.00	1948.72	 2.1282	34.6077	27.6580	 1.67	 72.67	0.040	  140.84	 99.95
1973.00	1949.70	 2.1289	34.6075	27.6578	 1.67	 72.66	0.040	  140.78	 99.95
1974.00	1950.68	 2.1284	34.6077	27.6580	 1.67	 72.77	0.040	  140.76	 99.95
1975.00	1951.67	 2.1286	34.6077	27.6580	 1.67	 72.72	0.040	  140.76	 99.95
1976.00	1952.65	 2.1282	34.6076	27.6579	 1.68	 72.82	0.040	  140.72	 99.95
1977.00	1953.63	 2.1263	34.6080	27.6584	 1.68	 73.14	0.040	  140.77	 99.95
1978.00	1954.62	 2.1249	34.6082	27.6587	 1.69	 73.33	0.040	  140.81	 99.95
1979.00	1955.60	 2.1230	34.6084	27.6590	 1.69	 73.57	0.040	  140.81	 99.95
1980.00	1956.58	 2.1204	34.6088	27.6595	 1.70	 73.77	0.040	  140.74	 99.95
1981.00	1957.57	 2.1186	34.6091	27.6599	 1.70	 74.07	0.040	  140.74	 99.95
1982.00	1958.55	 2.1171	34.6093	27.6602	 1.71	 74.14	0.040	  140.75	 99.95
1983.00	1959.54	 2.1156	34.6096	27.6606	 1.71	 74.21	0.040	  140.68	 99.95
1984.00	1960.52	 2.1149	34.6097	27.6607	 1.71	 74.41	0.040	  140.76	 99.95
1985.00	1961.50	 2.1146	34.6098	27.6608	 1.71	 74.21	0.040	  140.81	 99.95
1986.00	1962.49	 2.1143	34.6098	27.6609	 1.71	 74.26	0.040	  140.72	 99.95
1987.00	1963.47	 2.1141	34.6099	27.6610	 1.71	 74.23	0.040	  140.71	 99.95
1988.00	1964.45	 2.1143	34.6099	27.6609	 1.71	 74.31	0.040	  140.73	 99.95
1989.00	1965.44	 2.1142	34.6098	27.6609	 1.72	 74.57	0.040	  140.69	 99.95
1990.00	1966.42	 2.1141	34.6099	27.6610	 1.72	 74.60	0.040	  140.74	 99.95
1991.00	1967.40	 2.1138	34.6100	27.6611	 1.71	 74.48	0.040	  140.68	 99.95
1992.00	1968.39	 2.1134	34.6100	27.6611	 1.71	 74.48	0.040	  140.74	 99.95
1993.00	1969.37	 2.1131	34.6102	27.6613	 1.72	 74.76	0.040	  140.72	 99.95
1994.00	1970.35	 2.1129	34.6102	27.6613	 1.72	 74.59	0.040	  140.74	 99.95
1995.00	1971.34	 2.1126	34.6101	27.6613	 1.71	 74.50	0.040	  140.74	 99.95
1996.00	1972.32	 2.1126	34.6101	27.6613	 1.71	 74.51	0.040	  140.65	 99.95
1997.00	1973.31	 2.1124	34.6103	27.6615	 1.72	 74.58	0.040	  140.68	 99.95
1998.00	1974.29	 2.1120	34.6104	27.6616	 1.72	 74.70	0.040	  140.72	 99.95
1999.00	1975.27	 2.1116	34.6103	27.6615	 1.72	 74.65	0.040	  140.68	 99.95
2000.00	1976.26	 2.1098	34.6105	27.6618	 1.72	 74.69	0.040	  140.72	 99.95
2001.00	1977.24	 2.1084	34.6106	27.6621	 1.72	 74.79	0.040	  140.69	 99.95
2002.00	1978.22	 2.1083	34.6108	27.6622	 1.72	 74.92	0.040	  140.65	 99.95
2003.00	1979.21	 2.1082	34.6108	27.6622	 1.73	 75.15	0.040	  140.64	 99.95
2004.00	1980.19	 2.1083	34.6108	27.6622	 1.72	 74.94	0.040	  140.74	 99.95
2005.00	1981.17	 2.1083	34.6109	27.6623	 1.72	 74.79	0.040	  140.66	 99.95
2006.00	1982.16	 2.1084	34.6108	27.6623	 1.72	 74.95	0.040	  140.59	 99.95
2007.00	1983.14	 2.1087	34.6109	27.6623	 1.72	 74.95	0.040	  140.65	 99.95
2008.00	1984.12	 2.1087	34.6107	27.6621	 1.72	 74.93	0.040	  140.63	 99.95
2009.00	1985.11	 2.1082	34.6108	27.6623	 1.72	 74.95	0.040	  140.67	 99.95
2010.00	1986.09	 2.1079	34.6109	27.6624	 1.73	 75.05	0.040	  140.68	 99.95
2011.00	1987.07	 2.1077	34.6109	27.6624	 1.73	 74.99	0.040	  140.69	 99.95
2012.00	1988.06	 2.1075	34.6109	27.6624	 1.73	 75.00	0.040	  140.65	 99.95
2013.00	1989.04	 2.1070	34.6110	27.6626	 1.73	 75.01	0.040	  140.66	 99.95
2014.00	1990.02	 2.1072	34.6109	27.6625	 1.72	 74.92	0.040	  140.68	 99.95
2015.00	1991.01	 2.1073	34.6109	27.6625	 1.73	 74.99	0.040	  140.64	 99.95
2016.00	1991.99	 2.1072	34.6110	27.6626	 1.73	 75.01	0.040	  140.66	 99.95
2017.00	1992.97	 2.1073	34.6110	27.6626	 1.72	 74.88	0.040	  140.63	 99.95
2018.00	1993.96	 2.1072	34.6111	27.6626	 1.73	 75.15	0.040	  140.67	 99.95
2019.00	1994.94	 2.1067	34.6111	27.6627	 1.73	 75.12	0.040	  140.59	 99.95
2020.00	1995.92	 2.1048	34.6113	27.6630	 1.73	 75.20	0.040	  140.63	 99.95
2021.00	1996.91	 2.1042	34.6114	27.6631	 1.73	 75.30	0.040	  140.65	 99.95
2022.00	1997.89	 2.1042	34.6113	27.6631	 1.73	 75.35	0.040	  140.65	 99.95
2023.00	1998.87	 2.1044	34.6114	27.6631	 1.74	 75.45	0.040	  140.65	 99.95
2024.00	1999.86	 2.1050	34.6113	27.6630	 1.74	 75.51	0.040	  140.61	 99.95
2025.00	2000.84	 2.1048	34.6113	27.6631	 1.74	 75.44	0.040	  140.64	 99.95
2026.00	2001.83	 2.1047	34.6115	27.6632	 1.73	 75.28	0.040	  140.67	 99.95
2027.00	2002.81	 2.1053	34.6114	27.6631	 1.73	 75.36	0.040	  140.59	 99.95
2028.00	2003.79	 2.1040	34.6114	27.6632	 1.74	 75.45	0.040	  140.59	 99.95
2029.00	2004.78	 2.1039	34.6116	27.6634	 1.74	 75.55	0.040	  140.67	 99.95
2030.00	2005.76	 2.1038	34.6117	27.6634	 1.74	 75.70	0.040	  140.62	 99.95
2031.00	2006.74	 2.1039	34.6115	27.6633	 1.75	 75.89	0.040	  140.62	 99.95
2032.00	2007.73	 2.1007	34.6124	27.6643	 1.75	 76.09	0.040	  140.61	 99.95
2033.00	2008.71	 2.1006	34.6124	27.6643	 1.76	 76.27	0.040	  140.61	 99.95
2034.00	2009.69	 2.0996	34.6125	27.6645	 1.75	 75.92	0.040	  140.61	 99.95
2035.00	2010.68	 2.0999	34.6124	27.6643	 1.75	 76.13	0.040	  140.60	 99.95
2036.00	2011.66	 2.1000	34.6123	27.6643	 1.76	 76.35	0.040	  140.59	 99.95
2037.00	2012.64	 2.1000	34.6124	27.6643	 1.75	 76.19	0.040	  140.56	 99.95
2038.00	2013.63	 2.1002	34.6124	27.6643	 1.75	 76.03	0.040	  140.61	 99.95
2039.00	2014.61	 2.1003	34.6125	27.6644	 1.75	 76.14	0.040	  140.60	 99.95
2040.00	2015.59	 2.1004	34.6124	27.6644	 1.75	 76.26	0.040	  140.62	 99.95
2041.00	2016.58	 2.1002	34.6124	27.6644	 1.75	 76.08	0.040	  140.60	 99.95
2042.00	2017.56	 2.0993	34.6124	27.6645	 1.75	 76.13	0.040	  140.60	 99.95
2043.00	2018.54	 2.0990	34.6125	27.6645	 1.75	 76.22	0.040	  140.60	 99.95
2044.00	2019.53	 2.0990	34.6126	27.6647	 1.75	 76.20	0.040	  140.60	 99.95
2045.00	2020.51	 2.0992	34.6126	27.6647	 1.75	 76.03	0.040	  140.65	 99.95
2046.00	2021.49	 2.0989	34.6124	27.6645	 1.75	 76.25	0.040	  140.59	 99.95
2047.00	2022.47	 2.0983	34.6125	27.6647	 1.76	 76.36	0.040	  140.61	 99.95
2048.00	2023.46	 2.0981	34.6125	27.6647	 1.75	 76.15	0.040	  140.59	 99.95
2049.00	2024.44	 2.0977	34.6125	27.6647	 1.75	 76.13	0.040	  140.64	 99.95
2050.00	2025.42	 2.0974	34.6126	27.6648	 1.76	 76.31	0.040	  140.57	 99.95
2051.00	2026.41	 2.0967	34.6127	27.6650	 1.76	 76.32	0.040	  140.59	 99.95
2052.00	2027.39	 2.0957	34.6127	27.6651	 1.76	 76.31	0.040	  140.58	 99.95
2053.00	2028.37	 2.0936	34.6129	27.6654	 1.76	 76.61	0.040	  140.58	 99.95
2054.00	2029.36	 2.0888	34.6131	27.6660	 1.77	 77.06	0.040	  140.62	 99.95
2055.00	2030.34	 2.0826	34.6137	27.6669	 1.78	 77.54	0.040	  140.57	 99.95
2056.00	2031.32	 2.0750	34.6146	27.6682	 1.79	 77.66	0.040	  140.59	 99.95
2057.00	2032.31	 2.0709	34.6151	27.6689	 1.79	 77.85	0.040	  140.58	 99.95
2058.00	2033.29	 2.0685	34.6153	27.6693	 1.80	 78.30	0.040	  140.56	 99.95
2059.00	2034.27	 2.0661	34.6157	27.6697	 1.80	 78.38	0.040	  140.51	 99.95
2060.00	2035.26	 2.0642	34.6158	27.6700	 1.81	 78.49	0.040	  140.59	 99.95
2061.00	2036.24	 2.0636	34.6160	27.6702	 1.81	 78.80	0.040	  140.60	 99.95
2062.00	2037.22	 2.0616	34.6161	27.6705	 1.81	 78.66	0.040	  140.57	 99.95
2063.00	2038.21	 2.0596	34.6163	27.6708	 1.81	 78.71	0.040	  140.60	 99.95
2064.00	2039.19	 2.0589	34.6164	27.6709	 1.81	 78.60	0.040	  140.54	 99.95
2065.00	2040.17	 2.0586	34.6164	27.6709	 1.81	 78.82	0.040	  140.56	 99.95
2066.00	2041.16	 2.0577	34.6166	27.6712	 1.82	 79.00	0.040	  140.52	 99.95
2067.00	2042.14	 2.0569	34.6168	27.6715	 1.81	 78.83	0.040	  140.48	 99.95
2068.00	2043.12	 2.0570	34.6167	27.6713	 1.81	 78.80	0.040	  140.53	 99.95
2069.00	2044.11	 2.0559	34.6168	27.6715	 1.81	 78.83	0.040	  140.55	 99.95
2070.00	2045.09	 2.0544	34.6170	27.6718	 1.81	 78.74	0.040	  140.48	 99.95
2071.00	2046.07	 2.0542	34.6170	27.6718	 1.81	 78.85	0.040	  140.53	 99.95
2072.00	2047.06	 2.0543	34.6170	27.6718	 1.82	 79.00	0.040	  140.50	 99.95
2073.00	2048.04	 2.0541	34.6171	27.6719	 1.82	 79.03	0.040	  140.54	 99.95
2074.00	2049.02	 2.0535	34.6172	27.6720	 1.82	 79.10	0.040	  140.51	 99.95
2075.00	2050.01	 2.0535	34.6171	27.6720	 1.82	 79.05	0.040	  140.53	 99.95
2076.00	2050.99	 2.0537	34.6172	27.6721	 1.82	 79.10	0.040	  140.58	 99.94
2077.00	2051.97	 2.0534	34.6171	27.6720	 1.82	 79.07	0.040	  140.50	 99.95
2078.00	2052.95	 2.0528	34.6172	27.6721	 1.82	 79.11	0.040	  140.49	 99.95
2079.00	2053.94	 2.0525	34.6174	27.6724	 1.82	 79.26	0.040	  140.52	 99.95
2080.00	2054.92	 2.0523	34.6174	27.6723	 1.83	 79.31	0.040	  140.47	 99.95
2081.00	2055.90	 2.0498	34.6174	27.6725	 1.83	 79.38	0.040	  140.44	 99.95
2082.00	2056.89	 2.0478	34.6177	27.6729	 1.83	 79.74	0.040	  140.48	 99.94
2083.00	2057.87	 2.0460	34.6180	27.6733	 1.83	 79.57	0.040	  140.49	 99.95
2084.00	2058.85	 2.0440	34.6181	27.6735	 1.83	 79.61	0.040	  140.46	 99.95
2085.00	2059.84	 2.0437	34.6182	27.6737	 1.84	 79.80	0.040	  140.47	 99.95
2086.00	2060.82	 2.0437	34.6181	27.6736	 1.84	 79.89	0.040	  140.50	 99.95
2087.00	2061.80	 2.0422	34.6183	27.6739	 1.84	 80.14	0.040	  140.51	 99.95
2088.00	2062.79	 2.0384	34.6184	27.6743	 1.85	 80.28	0.040	  140.44	 99.95
2089.00	2063.77	 2.0320	34.6191	27.6753	 1.85	 80.45	0.040	  140.49	 99.94
2090.00	2064.75	 2.0275	34.6196	27.6761	 1.86	 80.85	0.040	  140.44	 99.95
2091.00	2065.73	 2.0236	34.6197	27.6765	 1.86	 80.96	0.040	  140.47	 99.94
2092.00	2066.72	 2.0177	34.6201	27.6773	 1.87	 81.48	0.040	  140.47	 99.94
2093.00	2067.70	 2.0083	34.6211	27.6788	 1.89	 82.19	0.040	  140.46	 99.95
2094.00	2068.68	 1.9995	34.6221	27.6802	 1.90	 82.75	0.040	  140.47	 99.94
2095.00	2069.67	 1.9958	34.6227	27.6810	 1.91	 82.92	0.040	  140.44	 99.94
2096.00	2070.65	 1.9949	34.6227	27.6811	 1.91	 82.89	0.040	  140.47	 99.94
2097.00	2071.63	 1.9945	34.6228	27.6812	 1.91	 83.06	0.040	  140.46	 99.94
2098.00	2072.62	 1.9935	34.6230	27.6815	 1.91	 82.91	0.040	  140.42	 99.94
2099.00	2073.60	 1.9930	34.6231	27.6816	 1.91	 82.91	0.040	  140.44	 99.94
2100.00	2074.58	 1.9930	34.6231	27.6815	 1.91	 82.91	0.040	  140.46	 99.94
2101.00	2075.57	 1.9929	34.6232	27.6817	 1.91	 83.07	0.040	  140.41	 99.94
2102.00	2076.55	 1.9928	34.6233	27.6817	 1.92	 83.24	0.040	  140.36	 99.94
2103.00	2077.53	 1.9925	34.6234	27.6819	 1.91	 83.06	0.040	  140.46	 99.94
2104.00	2078.51	 1.9925	34.6234	27.6819	 1.91	 83.03	0.040	  140.36	 99.94
2105.00	2079.50	 1.9925	34.6234	27.6819	 1.91	 83.04	0.040	  140.47	 99.94
2106.00	2080.48	 1.9925	34.6235	27.6820	 1.91	 83.05	0.040	  140.42	 99.94
2107.00	2081.46	 1.9929	34.6234	27.6818	 1.91	 82.99	0.040	  140.40	 99.94
2108.00	2082.45	 1.9932	34.6235	27.6819	 1.91	 82.98	0.040	  140.40	 99.93
2109.00	2083.43	 1.9929	34.6233	27.6818	 1.91	 83.12	0.040	  140.42	 99.93
2110.00	2084.41	 1.9928	34.6235	27.6819	 1.91	 83.10	0.040	  140.42	 99.94
2111.00	2085.40	 1.9906	34.6237	27.6823	 1.91	 83.12	0.040	  140.40	 99.94
2112.00	2086.38	 1.9896	34.6237	27.6824	 1.91	 83.15	0.040	  140.39	 99.94
2113.00	2087.36	 1.9883	34.6240	27.6828	 1.92	 83.48	0.040	  140.39	 99.94
2114.00	2088.34	 1.9877	34.6240	27.6828	 1.93	 83.74	0.040	  140.41	 99.94
2115.00	2089.33	 1.9874	34.6240	27.6828	 1.93	 83.68	0.040	  140.41	 99.94
2116.00	2090.31	 1.9848	34.6242	27.6832	 1.93	 84.07	0.040	  140.39	 99.94
2117.00	2091.29	 1.9805	34.6244	27.6837	 1.94	 84.29	0.040	  140.40	 99.94
2118.00	2092.28	 1.9740	34.6253	27.6849	 1.94	 84.31	0.040	  140.38	 99.94
2119.00	2093.26	 1.9736	34.6255	27.6851	 1.95	 84.58	0.040	  140.38	 99.94
2120.00	2094.24	 1.9722	34.6254	27.6851	 1.95	 84.82	0.040	  140.42	 99.94
2121.00	2095.23	 1.9709	34.6256	27.6854	 1.95	 84.83	0.040	  140.36	 99.05
2122.00	2096.21	 1.9708	34.6258	27.6855	 1.96	 85.06	0.040	  140.33	100.02
2123.00	2097.19	 1.9702	34.6259	27.6857	 1.95	 84.83	0.040	  140.33	 99.93
2124.00	2098.17	 1.9705	34.6259	27.6857	 1.95	 84.54	0.040	  140.32	 99.93
2125.00	2099.16	 1.9702	34.6259	27.6857	 1.95	 84.79	0.040	  140.29	 99.94
2126.00	2100.14	 1.9699	34.6259	27.6857	 1.96	 84.98	0.040	  140.35	 99.93
2127.00	2101.12	 1.9690	34.6259	27.6858	 1.96	 85.18	0.040	  140.36	 99.93
2128.00	2102.11	 1.9685	34.6259	27.6859	 1.96	 85.10	0.040	  140.37	 99.93
2129.00	2103.09	 1.9671	34.6262	27.6862	 1.95	 84.93	0.040	  140.38	 99.93
2130.00	2104.07	 1.9665	34.6264	27.6865	 1.96	 85.06	0.040	  140.31	 99.93
2131.00	2105.05	 1.9667	34.6262	27.6863	 1.96	 84.96	0.040	  140.29	 99.93
2132.00	2106.04	 1.9660	34.6263	27.6864	 1.96	 84.97	0.040	  140.33	 95.71
2133.00	2107.02	 1.9659	34.6263	27.6865	 1.96	 84.99	0.040	  140.41	 99.89
2134.00	2108.00	 1.9657	34.6263	27.6865	 1.96	 85.05	0.040	  140.35	 99.93
2135.00	2108.99	 1.9652	34.6265	27.6866	 1.96	 85.08	0.040	  140.28	 97.14
