wcoa21_data_management/01_CRUISE_METADATA/00_OCADS_data/CTD_downcasts/WCOA_2021_CTD_downcasts/dRB2102_CTD_113_01_F.txt
* Sea-Bird SBE 9 Data:
* Software Version Seasave V 7.26.7.107
* Vessel: NOAA Ship Ronald H. Brown
* Cruise: RB2102, West Coast Ocean Acidification (WCOA) 2021
* Dates: 20210622 to 20210723
* Region: NE Pacific, USA West Coast
* Ports: San Diego, CA to Port Angeles, WA to San Diego, CA
* Chief Scientists: R. Feely, NOAA PMEL; D. Greeley, NOAA PMEL; B. Carter, NOAA PMEL / UW CICOES
*END*
[from data line 427]
 430.00	 426.48	 7.6611	34.2647	26.7522	 0.66	 28.68	0.040	  163.65	 99.95
 431.00	 427.47	 7.6573	34.2651	26.7532	 0.66	 28.56	0.041	  163.60	 99.95
 432.00	 428.46	 7.6570	34.2649	26.7530	 0.65	 28.44	0.041	  163.54	 99.95
 433.00	 429.45	 7.6566	34.2647	26.7530	 0.65	 28.34	0.040	  163.60	 99.95
 434.00	 430.44	 7.6468	34.2649	26.7545	 0.65	 28.39	0.040	  163.58	 99.95
 435.00	 431.43	 7.6384	34.2658	26.7564	 0.65	 28.35	0.040	  163.54	 99.95
 436.00	 432.42	 7.6320	34.2647	26.7566	 0.65	 28.32	0.040	  163.52	 99.95
 437.00	 433.41	 7.6163	34.2650	26.7591	 0.65	 28.10	0.040	  163.50	 99.95
 438.00	 434.40	 7.6026	34.2648	26.7609	 0.65	 28.13	0.040	  163.52	 99.95
 439.00	 435.39	 7.5918	34.2649	26.7625	 0.65	 28.19	0.040	  163.59	 99.95
 440.00	 436.38	 7.5771	34.2645	26.7643	 0.64	 28.03	0.040	  163.52	 99.95
 441.00	 437.38	 7.5746	34.2645	26.7647	 0.64	 27.96	0.041	  163.48	 99.95
 442.00	 438.37	 7.5724	34.2641	26.7647	 0.65	 28.15	0.041	  163.47	 99.95
 443.00	 439.36	 7.5536	34.2620	26.7657	 0.65	 28.07	0.040	  163.48	 99.96
 444.00	 440.35	 7.5286	34.2624	26.7697	 0.64	 27.91	0.040	  163.51	 99.95
 445.00	 441.34	 7.5251	34.2629	26.7705	 0.64	 27.92	0.040	  163.55	 99.96
 446.00	 442.33	 7.5127	34.2614	26.7711	 0.64	 27.91	0.040	  163.51	 99.96
 447.00	 443.32	 7.4957	34.2603	26.7727	 0.64	 27.81	0.041	  163.47	 99.96
 448.00	 444.31	 7.4879	34.2605	26.7740	 0.64	 27.86	0.041	  163.51	 99.96
 449.00	 445.30	 7.4857	34.2605	26.7744	 0.64	 27.79	0.040	  163.53	 99.95
 450.00	 446.29	 7.4807	34.2602	26.7748	 0.64	 27.65	0.040	  163.50	 99.96
 451.00	 447.28	 7.4749	34.2607	26.7760	 0.63	 27.58	0.040	  163.46	 99.96
 452.00	 448.27	 7.4729	34.2610	26.7766	 0.63	 27.28	0.040	  163.46	 99.96
 453.00	 449.26	 7.4700	34.2621	26.7779	 0.62	 27.11	0.040	  163.50	 99.96
 454.00	 450.25	 7.4650	34.2628	26.7791	 0.62	 27.08	0.041	  163.44	 99.96
 455.00	 451.25	 7.4466	34.2614	26.7807	 0.61	 26.67	0.042	  163.42	 99.96
 456.00	 452.24	 7.4305	34.2634	26.7845	 0.60	 26.25	0.042	  163.47	 99.96
 457.00	 453.23	 7.4309	34.2657	26.7863	 0.60	 26.15	0.040	  163.47	 99.96
 458.00	 454.22	 7.4202	34.2665	26.7884	 0.60	 26.01	0.040	  163.42	 99.97
 459.00	 455.21	 7.4021	34.2663	26.7908	 0.59	 25.83	0.040	  163.43	 99.96
 460.00	 456.20	 7.4070	34.2692	26.7925	 0.60	 25.96	0.040	  163.44	 99.96
 461.00	 457.19	 7.4088	34.2695	26.7925	 0.60	 26.20	0.040	  163.40	 99.96
 462.00	 458.18	 7.3910	34.2658	26.7921	 0.61	 26.35	0.040	  163.45	 99.97
 463.00	 459.17	 7.3720	34.2633	26.7928	 0.61	 26.48	0.040	  163.35	 99.98
 464.00	 460.16	 7.3615	34.2623	26.7935	 0.61	 26.33	0.040	  163.42	 99.97
 465.00	 461.15	 7.3567	34.2633	26.7950	 0.60	 26.24	0.040	  163.45	 99.97
 466.00	 462.14	 7.3500	34.2631	26.7958	 0.60	 26.27	0.041	  163.38	 99.96
 467.00	 463.13	 7.3476	34.2629	26.7960	 0.60	 26.18	0.041	  163.38	 99.97
 468.00	 464.12	 7.3478	34.2633	26.7963	 0.59	 25.82	0.040	  163.35	 99.97
 469.00	 465.11	 7.3495	34.2644	26.7969	 0.59	 25.68	0.041	  163.43	 99.97
 470.00	 466.10	 7.3494	34.2653	26.7976	 0.59	 25.78	0.042	  163.34	 99.97
 471.00	 467.10	 7.3510	34.2660	26.7980	 0.59	 25.60	0.041	  163.38	 99.97
 472.00	 468.09	 7.3541	34.2667	26.7981	 0.58	 25.41	0.040	  163.35	 99.97
 473.00	 469.08	 7.3525	34.2672	26.7988	 0.58	 25.43	0.040	  163.37	 99.97
 474.00	 470.07	 7.3513	34.2675	26.7992	 0.59	 25.57	0.040	  163.36	 99.97
 475.00	 471.06	 7.3503	34.2672	26.7991	 0.59	 25.68	0.041	  163.33	 99.98
 476.00	 472.05	 7.3495	34.2673	26.7993	 0.59	 25.46	0.040	  163.44	 75.59
 477.00	 473.04	 7.3503	34.2675	26.7993	 0.58	 25.15	0.040	  163.31	100.08
 478.00	 474.03	 7.3493	34.2674	26.7994	 0.58	 25.36	0.040	  163.42	 99.97
 479.00	 475.02	 7.3547	34.2692	26.8001	 0.58	 25.32	0.040	  163.37	 99.97
 480.00	 476.01	 7.3624	34.2697	26.7995	 0.58	 25.13	0.040	  163.33	 99.97
 481.00	 477.00	 7.3642	34.2705	26.7999	 0.58	 25.10	0.040	  163.31	 99.98
 482.00	 477.99	 7.3631	34.2700	26.7996	 0.58	 25.03	0.041	  163.32	 99.98
 483.00	 478.98	 7.3621	34.2697	26.7995	 0.57	 24.62	0.041	  163.31	 99.97
 484.00	 479.97	 7.3509	34.2706	26.8018	 0.56	 24.30	0.040	  163.26	 99.98
 485.00	 480.96	 7.3383	34.2705	26.8035	 0.55	 24.01	0.041	  163.32	 99.97
 486.00	 481.95	 7.3297	34.2705	26.8047	 0.53	 23.24	0.042	  163.26	 99.98
 487.00	 482.94	 7.3026	34.2653	26.8044	 0.52	 22.52	0.040	  163.27	 99.98
 488.00	 483.93	 7.2594	34.2603	26.8065	 0.51	 22.28	0.040	  163.35	 99.98
 489.00	 484.92	 7.2351	34.2582	26.8083	 0.50	 21.75	0.040	  163.30	 99.98
 490.00	 485.92	 7.2182	34.2562	26.8091	 0.49	 21.22	0.041	  163.35	 99.98
 491.00	 486.91	 7.1579	34.2526	26.8147	 0.49	 21.27	0.041	  163.30	 99.98
 492.00	 487.90	 7.1490	34.2557	26.8183	 0.49	 21.22	0.040	  163.28	 99.98
 493.00	 488.89	 7.1478	34.2559	26.8187	 0.49	 21.39	0.041	  163.30	 99.98
 494.00	 489.88	 7.1459	34.2563	26.8193	 0.50	 21.78	0.041	  163.34	 99.98
 495.00	 490.87	 7.1406	34.2573	26.8208	 0.50	 21.76	0.040	  163.26	 99.98
 496.00	 491.86	 7.1408	34.2591	26.8222	 0.50	 21.67	0.040	  163.31	 99.98
 497.00	 492.85	 7.1358	34.2602	26.8238	 0.50	 21.76	0.040	  163.34	 99.98
 498.00	 493.84	 7.1314	34.2619	26.8257	 0.50	 21.60	0.041	  163.27	 99.98
 499.00	 494.83	 7.1281	34.2621	26.8264	 0.49	 21.36	0.041	  163.26	 99.98
 500.00	 495.82	 7.1190	34.2625	26.8279	 0.49	 21.40	0.040	  163.25	 99.98
 501.00	 496.81	 7.1131	34.2629	26.8291	 0.49	 21.28	0.040	  163.25	 99.98
 502.00	 497.80	 7.1126	34.2631	26.8294	 0.49	 21.16	0.041	  163.27	 99.98
 503.00	 498.79	 7.1124	34.2631	26.8294	 0.49	 21.18	0.041	  163.28	 99.98
 504.00	 499.78	 7.1102	34.2633	26.8299	 0.48	 20.98	0.040	  163.25	 99.98
 505.00	 500.77	 7.1084	34.2636	26.8304	 0.49	 21.17	0.040	  163.27	 99.98
 506.00	 501.76	 7.1072	34.2634	26.8304	 0.49	 21.10	0.040	  163.15	 99.98
 507.00	 502.75	 7.1029	34.2639	26.8314	 0.48	 20.89	0.040	  163.26	 99.98
 508.00	 503.74	 7.1007	34.2638	26.8316	 0.48	 20.91	0.040	  163.24	 99.98
 509.00	 504.73	 7.0963	34.2641	26.8325	 0.49	 21.15	0.040	  163.22	 99.98
 510.00	 505.72	 7.0902	34.2654	26.8343	 0.48	 21.06	0.041	  163.25	 99.98
 511.00	 506.71	 7.0880	34.2667	26.8357	 0.48	 21.06	0.041	  163.17	 99.98
 512.00	 507.70	 7.0870	34.2671	26.8362	 0.49	 21.44	0.040	  163.18	 99.98
 513.00	 508.70	 7.0862	34.2678	26.8368	 0.49	 21.30	0.040	  163.17	 99.98
 514.00	 509.69	 7.0873	34.2685	26.8372	 0.48	 20.98	0.040	  163.24	 99.98
 515.00	 510.68	 7.0881	34.2691	26.8376	 0.49	 21.25	0.040	  163.18	 99.98
 516.00	 511.67	 7.0885	34.2691	26.8376	 0.49	 21.33	0.040	  163.14	 99.98
 517.00	 512.66	 7.0890	34.2696	26.8379	 0.49	 21.43	0.040	  163.17	 99.98
 518.00	 513.65	 7.0883	34.2708	26.8390	 0.50	 21.75	0.040	  163.10	 99.98
 519.00	 514.64	 7.0923	34.2731	26.8402	 0.50	 21.65	0.041	  163.11	 99.98
 520.00	 515.63	 7.0907	34.2727	26.8402	 0.50	 21.55	0.041	  163.10	 99.98
 521.00	 516.62	 7.0876	34.2725	26.8405	 0.50	 21.89	0.040	  163.10	 99.98
 522.00	 517.61	 7.0845	34.2730	26.8412	 0.50	 21.76	0.040	  163.15	 99.98
 523.00	 518.60	 7.0814	34.2740	26.8425	 0.50	 21.66	0.042	  163.10	 99.98
 524.00	 519.59	 7.0807	34.2744	26.8430	 0.50	 21.66	0.041	  163.14	 99.98
 525.00	 520.58	 7.0545	34.2744	26.8465	 0.49	 21.47	0.040	  163.08	 99.98
 526.00	 521.57	 7.0294	34.2764	26.8516	 0.49	 21.33	0.040	  163.06	 99.98
 527.00	 522.56	 7.0189	34.2759	26.8526	 0.49	 21.42	0.040	  163.14	 99.98
 528.00	 523.55	 7.0058	34.2760	26.8545	 0.48	 21.04	0.042	  163.12	 99.98
 529.00	 524.54	 7.0051	34.2760	26.8547	 0.47	 20.52	0.041	  163.08	 99.98
 530.00	 525.53	 6.9708	34.2737	26.8575	 0.47	 20.56	0.041	  163.11	 99.98
 531.00	 526.52	 6.9368	34.2753	26.8634	 0.47	 20.40	0.041	  163.13	 99.98
 532.00	 527.51	 6.9098	34.2758	26.8675	 0.47	 20.23	0.040	  163.09	 99.98
 533.00	 528.50	 6.8984	34.2774	26.8703	 0.47	 20.32	0.040	  163.11	 99.98
 534.00	 529.49	 6.8905	34.2771	26.8712	 0.46	 20.18	0.041	  163.13	 99.98
 535.00	 530.48	 6.8805	34.2762	26.8718	 0.46	 20.00	0.041	  163.07	 99.98
 536.00	 531.47	 6.8699	34.2758	26.8729	 0.46	 20.13	0.041	  163.06	 99.98
 537.00	 532.46	 6.8588	34.2754	26.8742	 0.47	 20.25	0.040	  163.09	 99.98
 538.00	 533.45	 6.8534	34.2760	26.8754	 0.47	 20.25	0.041	  163.06	 99.98
 539.00	 534.44	 6.8502	34.2756	26.8755	 0.47	 20.30	0.041	  163.11	 99.98
 540.00	 535.43	 6.8463	34.2753	26.8758	 0.47	 20.25	0.040	  163.06	 99.98
 541.00	 536.42	 6.8398	34.2748	26.8763	 0.47	 20.23	0.041	  163.02	 99.98
 542.00	 537.41	 6.8316	34.2748	26.8774	 0.47	 20.26	0.041	  163.11	 99.99
 543.00	 538.40	 6.8294	34.2749	26.8778	 0.46	 20.05	0.040	  163.03	 99.98
 544.00	 539.40	 6.8269	34.2747	26.8780	 0.46	 19.89	0.040	  163.05	 99.98
 545.00	 540.39	 6.8236	34.2750	26.8786	 0.46	 20.11	0.040	  163.09	 99.99
 546.00	 541.38	 6.8208	34.2747	26.8788	 0.46	 20.15	0.042	  163.05	 99.98
 547.00	 542.37	 6.8121	34.2745	26.8798	 0.46	 20.03	0.041	  163.00	 99.98
 548.00	 543.36	 6.8046	34.2743	26.8807	 0.46	 19.99	0.041	  163.08	 99.98
 549.00	 544.35	 6.7961	34.2738	26.8815	 0.46	 20.03	0.042	  162.98	 99.99
 550.00	 545.34	 6.7906	34.2739	26.8823	 0.46	 19.86	0.041	  162.99	 99.98
 551.00	 546.33	 6.7905	34.2742	26.8826	 0.46	 19.89	0.040	  162.90	 99.99
 552.00	 547.32	 6.7842	34.2739	26.8832	 0.46	 19.82	0.040	  162.94	 99.99
 553.00	 548.31	 6.7776	34.2750	26.8849	 0.45	 19.48	0.040	  162.98	 99.98
 554.00	 549.30	 6.7723	34.2759	26.8864	 0.44	 19.35	0.040	  162.94	 99.99
 555.00	 550.29	 6.7712	34.2777	26.8880	 0.44	 19.30	0.040	  162.92	 99.99
 556.00	 551.28	 6.7718	34.2781	26.8882	 0.44	 19.24	0.040	  162.97	 99.99
 557.00	 552.27	 6.7679	34.2786	26.8891	 0.44	 19.24	0.040	  162.91	 99.99
 558.00	 553.26	 6.7593	34.2786	26.8903	 0.44	 19.14	0.040	  162.90	 99.99
 559.00	 554.25	 6.7538	34.2790	26.8914	 0.43	 18.81	0.040	  162.93	 99.99
 560.00	 555.24	 6.7385	34.2788	26.8933	 0.43	 18.77	0.040	  162.93	 99.99
 561.00	 556.23	 6.7216	34.2800	26.8965	 0.43	 18.81	0.040	  162.95	 99.99
 562.00	 557.22	 6.7095	34.2801	26.8982	 0.43	 18.67	0.040	  162.92	 99.99
 563.00	 558.21	 6.6939	34.2804	26.9005	 0.43	 18.68	0.041	  162.96	 99.99
 564.00	 559.20	 6.6825	34.2798	26.9016	 0.43	 18.74	0.041	  162.90	 99.99
 565.00	 560.19	 6.6739	34.2797	26.9027	 0.43	 18.53	0.041	  162.91	 99.99
 566.00	 561.18	 6.6588	34.2790	26.9041	 0.43	 18.57	0.042	  162.96	 99.99
 567.00	 562.17	 6.6430	34.2799	26.9070	 0.43	 18.55	0.041	  162.87	 99.99
 568.00	 563.16	 6.6405	34.2802	26.9075	 0.42	 18.30	0.040	  162.89	 99.99
 569.00	 564.15	 6.6397	34.2803	26.9077	 0.42	 18.33	0.040	  162.94	 99.99
 570.00	 565.14	 6.6387	34.2803	26.9079	 0.42	 18.25	0.040	  162.94	 99.99
 571.00	 566.13	 6.6330	34.2804	26.9087	 0.42	 18.17	0.040	  162.91	 99.99
 572.00	 567.12	 6.6235	34.2808	26.9103	 0.42	 18.15	0.042	  162.96	 99.99
 573.00	 568.11	 6.6110	34.2805	26.9118	 0.42	 18.13	0.040	  162.88	 99.99
 574.00	 569.10	 6.5987	34.2798	26.9128	 0.42	 18.12	0.040	  162.92	 99.99
 575.00	 570.09	 6.5670	34.2798	26.9170	 0.41	 17.93	0.040	  162.95	 99.99
 576.00	 571.08	 6.5545	34.2812	26.9198	 0.41	 17.98	0.041	  162.89	 99.99
 577.00	 572.07	 6.5534	34.2812	26.9200	 0.41	 17.87	0.041	  162.91	 99.99
 578.00	 573.06	 6.5521	34.2814	26.9203	 0.40	 17.54	0.040	  162.92	 99.99
 579.00	 574.05	 6.5498	34.2816	26.9208	 0.41	 17.64	0.041	  162.90	 99.99
 580.00	 575.04	 6.5450	34.2817	26.9215	 0.41	 17.62	0.041	  162.89	 99.99
 581.00	 576.03	 6.5289	34.2827	26.9244	 0.40	 17.46	0.040	  162.82	100.00
 582.00	 577.02	 6.5240	34.2832	26.9255	 0.40	 17.60	0.040	  162.86	100.00
 583.00	 578.01	 6.5212	34.2833	26.9259	 0.40	 17.46	0.040	  162.85	100.00
 584.00	 579.00	 6.5154	34.2836	26.9269	 0.40	 17.21	0.041	  162.80	100.00
 585.00	 579.99	 6.5113	34.2840	26.9278	 0.40	 17.43	0.041	  162.83	100.00
 586.00	 580.98	 6.5058	34.2843	26.9287	 0.40	 17.37	0.040	  162.85	100.00
 587.00	 581.97	 6.4943	34.2848	26.9306	 0.39	 17.01	0.041	  162.84	100.00
 588.00	 582.96	 6.4869	34.2855	26.9322	 0.39	 16.81	0.041	  162.87	100.00
 589.00	 583.95	 6.4759	34.2865	26.9344	 0.39	 16.95	0.040	  162.85	100.00
 590.00	 584.94	 6.4693	34.2867	26.9355	 0.39	 16.81	0.040	  162.77	 99.99
 591.00	 585.93	 6.4608	34.2871	26.9369	 0.39	 16.74	0.041	  162.83	100.00
 592.00	 586.92	 6.4554	34.2874	26.9378	 0.39	 16.86	0.041	  162.85	100.00
 593.00	 587.91	 6.4513	34.2876	26.9386	 0.38	 16.67	0.040	  162.77	100.00
 594.00	 588.90	 6.4468	34.2878	26.9393	 0.38	 16.60	0.041	  162.85	100.00
 595.00	 589.89	 6.4439	34.2880	26.9399	 0.38	 16.72	0.041	  162.82	100.00
 596.00	 590.88	 6.4413	34.2880	26.9402	 0.38	 16.56	0.040	  162.81	100.00
 597.00	 591.87	 6.4292	34.2876	26.9415	 0.38	 16.39	0.042	  162.73	100.00
 598.00	 592.86	 6.4140	34.2890	26.9446	 0.38	 16.53	0.042	  162.74	100.00
 599.00	 593.85	 6.4088	34.2892	26.9455	 0.38	 16.36	0.040	  162.72	100.00
 600.00	 594.84	 6.4039	34.2895	26.9463	 0.37	 16.20	0.040	  162.77	100.00
 601.00	 595.83	 6.4015	34.2897	26.9468	 0.38	 16.37	0.040	  162.68	100.00
 602.00	 596.82	 6.3989	34.2898	26.9472	 0.38	 16.33	0.040	  162.71	100.00
 603.00	 597.81	 6.3956	34.2900	26.9478	 0.37	 16.26	0.040	  162.72	100.00
 604.00	 598.80	 6.3942	34.2902	26.9482	 0.38	 16.36	0.040	  162.68	100.00
 605.00	 599.79	 6.3913	34.2903	26.9486	 0.37	 16.20	0.041	  162.65	100.00
 606.00	 600.78	 6.3887	34.2903	26.9490	 0.37	 15.88	0.042	  162.65	100.00
 607.00	 601.77	 6.3565	34.2899	26.9529	 0.37	 15.97	0.040	  162.68	100.00
 608.00	 602.76	 6.3312	34.2911	26.9571	 0.37	 15.92	0.040	  162.67	100.00
 609.00	 603.75	 6.3036	34.2915	26.9610	 0.36	 15.75	0.040	  162.65	100.00
 610.00	 604.74	 6.2756	34.2943	26.9668	 0.35	 15.43	0.040	  162.70	100.00
 611.00	 605.73	 6.2545	34.2947	26.9698	 0.35	 15.28	0.040	  162.66	100.00
 612.00	 606.72	 6.2274	34.2965	26.9747	 0.35	 15.03	0.041	  162.64	100.00
 613.00	 607.71	 6.2010	34.2998	26.9807	 0.34	 14.71	0.041	  162.66	100.00
 614.00	 608.70	 6.1918	34.3009	26.9828	 0.34	 14.81	0.040	  162.62	100.00
 615.00	 609.69	 6.1859	34.3007	26.9834	 0.34	 14.68	0.041	  162.62	100.00
 616.00	 610.68	 6.1783	34.3024	26.9857	 0.33	 14.53	0.040	  162.62	100.00
 617.00	 611.67	 6.1675	34.3032	26.9878	 0.33	 14.46	0.040	  162.63	100.00
 618.00	 612.66	 6.1521	34.3043	26.9906	 0.33	 14.18	0.040	  162.63	100.00
 619.00	 613.65	 6.1370	34.3054	26.9934	 0.33	 14.21	0.041	  162.62	100.00
 620.00	 614.64	 6.1291	34.3065	26.9952	 0.33	 14.22	0.042	  162.60	100.00
 621.00	 615.63	 6.1241	34.3071	26.9963	 0.33	 14.18	0.042	  162.62	100.00
 622.00	 616.62	 6.1190	34.3075	26.9973	 0.32	 14.08	0.041	  162.59	100.00
 623.00	 617.61	 6.1148	34.3081	26.9983	 0.32	 14.03	0.041	  162.62	100.00
 624.00	 618.60	 6.1136	34.3083	26.9987	 0.32	 14.07	0.041	  162.61	100.00
 625.00	 619.59	 6.1128	34.3085	26.9989	 0.32	 13.77	0.041	  162.58	100.00
 626.00	 620.58	 6.1093	34.3086	26.9995	 0.32	 13.96	0.041	  162.57	100.00
 627.00	 621.57	 6.1033	34.3090	27.0006	 0.32	 14.07	0.040	  162.65	100.00
 628.00	 622.56	 6.0991	34.3098	27.0017	 0.32	 13.87	0.041	  162.59	100.00
 629.00	 623.55	 6.0759	34.3092	27.0042	 0.31	 13.70	0.042	  162.55	100.00
 630.00	 624.54	 6.0482	34.3121	27.0100	 0.32	 13.78	0.041	  162.63	100.00
 631.00	 625.53	 6.0432	34.3123	27.0108	 0.32	 13.80	0.041	  162.55	100.00
 632.00	 626.52	 6.0412	34.3126	27.0113	 0.32	 13.75	0.042	  162.56	100.00
 633.00	 627.51	 6.0389	34.3127	27.0117	 0.32	 13.94	0.042	  162.59	100.00
 634.00	 628.50	 6.0368	34.3126	27.0119	 0.31	 13.46	0.041	  162.51	100.00
 635.00	 629.49	 6.0297	34.3131	27.0132	 0.30	 12.99	0.040	  162.50	100.00
 636.00	 630.48	 5.9821	34.3123	27.0185	 0.31	 13.37	0.040	  162.53	100.00
 637.00	 631.47	 5.9426	34.3181	27.0280	 0.31	 13.43	0.041	  162.50	100.00
 638.00	 632.46	 5.9291	34.3197	27.0310	 0.30	 13.21	0.042	  162.53	100.00
 639.00	 633.45	 5.9156	34.3206	27.0334	 0.30	 13.06	0.041	  162.49	100.00
 640.00	 634.44	 5.9038	34.3216	27.0357	 0.30	 13.10	0.041	  162.51	100.00
 641.00	 635.43	 5.8954	34.3223	27.0373	 0.30	 12.94	0.042	  162.51	100.00
 642.00	 636.42	 5.8855	34.3232	27.0393	 0.30	 13.11	0.041	  162.37	100.00
