wcoa21_data_management/01_CRUISE_METADATA/00_OCADS_data/CTD_downcasts/WCOA_2021_CTD_downcasts/dRB2102_CTD_035_01_F.txt
* Sea-Bird SBE 9 Data:
* Software Version Seasave V 7.26.7.107
* Vessel: NOAA Ship Ronald H. Brown
* Cruise: RB2102, West Coast Ocean Acidification (WCOA) 2021
* Dates: 20210622 to 20210723
* Region: NE Pacific, USA West Coast
* Ports: San Diego, CA to Port Angeles, WA to San Diego, CA
* Chief Scientists: R. Feely, NOAA PMEL; D. Greeley, NOAA PMEL; B. Carter, NOAA PMEL / UW CICOES
*END*
[from data line 1281]
1284.00	1269.53	 3.0505	34.4746	27.4693	 0.55	 23.76	0.040	  137.76	 91.44
1285.00	1270.51	 3.0501	34.4750	27.4696	 0.55	 23.89	0.040	  137.70	 90.40
1286.00	1271.50	 3.0490	34.4751	27.4698	 0.55	 23.98	0.042	  137.73	 89.12
1287.00	1272.48	 3.0480	34.4752	27.4700	 0.55	 24.02	0.041	  137.74	 87.85
1288.00	1273.47	 3.0484	34.4753	27.4701	 0.55	 24.09	0.041	  137.68	 86.80
1289.00	1274.46	 3.0487	34.4755	27.4702	 0.56	 24.24	0.041	  137.75	 85.90
1290.00	1275.44	 3.0496	34.4762	27.4707	 0.56	 24.47	0.042	  137.66	 84.96
1291.00	1276.43	 3.0492	34.4764	27.4709	 0.56	 24.54	0.042	  137.66	 83.85
1292.00	1277.41	 3.0486	34.4764	27.4710	 0.57	 24.60	0.040	  137.70	 82.83
1293.00	1278.40	 3.0477	34.4764	27.4711	 0.56	 24.54	0.040	  137.70	 81.87
1294.00	1279.38	 3.0447	34.4764	27.4714	 0.56	 24.54	0.041	  137.67	 80.73
1295.00	1280.37	 3.0397	34.4766	27.4720	 0.56	 24.56	0.040	  137.72	 79.62
1296.00	1281.36	 3.0326	34.4767	27.4727	 0.57	 24.59	0.040	  137.66	 78.62
1297.00	1282.34	 3.0269	34.4770	27.4734	 0.57	 24.64	0.041	  137.67	 77.68
1298.00	1283.33	 3.0238	34.4776	27.4742	 0.57	 24.74	0.040	  137.66	 76.81
1299.00	1284.31	 3.0237	34.4776	27.4742	 0.57	 24.71	0.040	  137.68	 75.91
1300.00	1285.30	 3.0237	34.4777	27.4743	 0.57	 24.68	0.040	  137.74	 75.00
1301.00	1286.28	 3.0235	34.4778	27.4744	 0.57	 24.76	0.040	  137.65	 74.11
1302.00	1287.27	 3.0235	34.4778	27.4744	 0.57	 24.84	0.040	  137.66	 73.01
1303.00	1288.26	 3.0233	34.4777	27.4744	 0.57	 24.79	0.040	  137.70	 71.87
1304.00	1289.24	 3.0243	34.4778	27.4744	 0.57	 24.80	0.040	  137.65	 70.68
1305.00	1290.23	 3.0196	34.4783	27.4752	 0.57	 24.90	0.040	  137.74	 69.88
1306.00	1291.21	 3.0139	34.4786	27.4760	 0.57	 24.90	0.040	  137.66	 69.07
1307.00	1292.20	 3.0031	34.4789	27.4772	 0.57	 24.88	0.040	  137.75	 68.17
1308.00	1293.18	 2.9947	34.4794	27.4784	 0.57	 24.88	0.040	  137.67	 67.15
1309.00	1294.17	 2.9929	34.4794	27.4785	 0.57	 24.94	0.041	  137.69	 65.84
1310.00	1295.15	 2.9914	34.4794	27.4786	 0.58	 25.01	0.041	  137.70	 64.74
1311.00	1296.14	 2.9890	34.4799	27.4793	 0.58	 25.08	0.041	  137.65	 63.80
1312.00	1297.13	 2.9882	34.4803	27.4796	 0.58	 25.15	0.041	  137.65	 62.71
1313.00	1298.11	 2.9877	34.4805	27.4798	 0.58	 25.17	0.040	  137.63	 61.66
1314.00	1299.10	 2.9874	34.4805	27.4799	 0.58	 25.20	0.040	  137.55	 60.82
1315.00	1300.08	 2.9873	34.4810	27.4803	 0.58	 25.30	0.040	  137.61	 59.98
1316.00	1301.07	 2.9881	34.4809	27.4802	 0.58	 25.31	0.040	  137.68	 59.17
1317.00	1302.05	 2.9881	34.4808	27.4801	 0.58	 25.33	0.040	  137.57	 58.00
1318.00	1303.04	 2.9887	34.4812	27.4803	 0.58	 25.37	0.040	  137.57	 56.79
1319.00	1304.02	 2.9896	34.4810	27.4801	 0.58	 25.39	0.041	  137.64	 55.82
1320.00	1305.01	 2.9894	34.4814	27.4804	 0.58	 25.41	0.040	  137.57	 54.94
1321.00	1306.00	 2.9891	34.4815	27.4806	 0.59	 25.46	0.040	  137.53	 53.72
1322.00	1306.98	 2.9883	34.4818	27.4809	 0.59	 25.57	0.040	  137.53	 52.75
1323.00	1307.97	 2.9888	34.4816	27.4807	 0.59	 25.61	0.040	  137.51	 51.81
1324.00	1308.95	 2.9845	34.4825	27.4818	 0.59	 25.73	0.040	  137.50	 51.07
1325.00	1309.94	 2.9757	34.4844	27.4841	 0.60	 25.87	0.041	  137.52	 50.01
1326.00	1310.92	 2.9722	34.4844	27.4844	 0.60	 25.99	0.041	  137.48	 48.82
1327.00	1311.91	 2.9688	34.4844	27.4847	 0.60	 26.18	0.040	  137.54	 47.86
1328.00	1312.89	 2.9646	34.4852	27.4858	 0.60	 26.21	0.040	  137.49	 46.81
1329.00	1313.88	 2.9647	34.4853	27.4858	 0.61	 26.37	0.041	  137.50	 45.64
1330.00	1314.87	 2.9640	34.4853	27.4859	 0.61	 26.52	0.040	  137.50	 44.80
1331.00	1315.85	 2.9630	34.4854	27.4861	 0.61	 26.52	0.040	  137.51	 43.86
1332.00	1316.84	 2.9629	34.4855	27.4862	 0.61	 26.58	0.041	  137.48	 42.85
1333.00	1317.82	 2.9620	34.4856	27.4864	 0.61	 26.56	0.040	  137.50	 41.80
1334.00	1318.81	 2.9615	34.4856	27.4864	 0.61	 26.55	0.040	  137.49	 40.66
1335.00	1319.79	 2.9610	34.4856	27.4864	 0.61	 26.59	0.040	  137.52	 39.90
1336.00	1320.78	 2.9608	34.4856	27.4865	 0.61	 26.55	0.041	  137.46	 39.06
1337.00	1321.76	 2.9600	34.4857	27.4867	 0.61	 26.59	0.041	  137.48	 38.07
1338.00	1322.75	 2.9600	34.4856	27.4866	 0.61	 26.53	0.040	  137.46	 36.82
1339.00	1323.73	 2.9583	34.4857	27.4868	 0.61	 26.53	0.041	  137.50	 35.82
1340.00	1324.72	 2.9568	34.4859	27.4871	 0.61	 26.59	0.040	  137.49	 34.83
1341.00	1325.71	 2.9557	34.4861	27.4873	 0.61	 26.65	0.040	  137.48	 33.95
1342.00	1326.69	 2.9552	34.4861	27.4874	 0.61	 26.64	0.040	  137.48	 32.87
1343.00	1327.68	 2.9553	34.4862	27.4875	 0.61	 26.71	0.040	  137.45	 31.75
1344.00	1328.66	 2.9547	34.4862	27.4876	 0.61	 26.68	0.040	  137.46	 30.92
1345.00	1329.65	 2.9517	34.4863	27.4879	 0.62	 26.76	0.041	  137.49	 29.94
1346.00	1330.63	 2.9472	34.4868	27.4887	 0.62	 26.74	0.040	  137.51	 28.82
1347.00	1331.62	 2.9462	34.4868	27.4888	 0.62	 26.75	0.041	  137.49	 27.75
1348.00	1332.60	 2.9447	34.4870	27.4892	 0.62	 26.75	0.041	  137.49	 26.90
1349.00	1333.59	 2.9390	34.4871	27.4897	 0.62	 26.76	0.040	  137.45	 25.89
1350.00	1334.57	 2.9369	34.4872	27.4900	 0.62	 26.77	0.040	  137.49	 24.88
1351.00	1335.56	 2.9342	34.4872	27.4902	 0.62	 26.77	0.040	  137.45	 23.77
1352.00	1336.55	 2.9316	34.4873	27.4906	 0.62	 26.79	0.040	  137.50	 22.81
1353.00	1337.53	 2.9233	34.4882	27.4920	 0.62	 26.85	0.041	  137.48	 21.78
1354.00	1338.52	 2.9225	34.4884	27.4923	 0.62	 26.96	0.040	  137.47	 20.85
1355.00	1339.50	 2.9215	34.4886	27.4925	 0.62	 27.03	0.040	  137.46	 19.94
1356.00	1340.49	 2.9215	34.4887	27.4926	 0.62	 27.03	0.041	  137.47	 18.86
1357.00	1341.47	 2.9219	34.4887	27.4925	 0.62	 27.04	0.040	  137.44	 17.90
1358.00	1342.46	 2.9225	34.4886	27.4924	 0.62	 27.00	0.040	  137.51	 16.98
1359.00	1343.44	 2.9229	34.4886	27.4924	 0.62	 27.04	0.040	  137.44	 15.91
1360.00	1344.43	 2.9216	34.4887	27.4926	 0.62	 27.05	0.041	  137.53	 14.95
1361.00	1345.41	 2.9181	34.4889	27.4931	 0.62	 27.04	0.041	  137.49	 13.84
1362.00	1346.40	 2.9188	34.4888	27.4930	 0.62	 27.07	0.041	  137.46	 12.94
1363.00	1347.38	 2.9194	34.4888	27.4929	 0.62	 27.05	0.040	  137.47	 11.91
1364.00	1348.37	 2.9206	34.4887	27.4927	 0.62	 27.03	0.041	  137.49	 11.07
1365.00	1349.36	 2.9141	34.4891	27.4936	 0.62	 27.02	0.040	  137.40	 10.12
1366.00	1350.34	 2.9158	34.4890	27.4934	 0.62	 26.96	0.041	  137.41	  9.09
1367.00	1351.33	 2.9151	34.4884	27.4930	 0.62	 26.85	0.040	  137.33	  8.14
