wcoa21_data_management/01_CRUISE_METADATA/00_OCADS_data/CTD_downcasts/WCOA_2021_CTD_downcasts/dRB2102_CTD_038_01_F.txt
* Sea-Bird SBE 9 Data:
* Software Version Seasave V 7.26.7.107
* Vessel: NOAA Ship Ronald H. Brown
* Cruise: RB2102, West Coast Ocean Acidification (WCOA) 2021
* Dates: 20210622 to 20210723
* Region: NE Pacific, USA West Coast
* Ports: San Diego, CA to Port Angeles, WA to San Diego, CA
* Chief Scientists: R. Feely, NOAA PMEL; D. Greeley, NOAA PMEL; B. Carter, NOAA PMEL / UW CICOES
*END*
[from data line 1067]
1070.00	1058.38	 3.5849	34.4037	27.3613	 0.41	 17.79	0.041	  165.76	 31.95
1071.00	1059.37	 3.5854	34.4036	27.3611	 0.41	 17.87	0.040	  165.78	 30.03
1072.00	1060.35	 3.5865	34.4035	27.3610	 0.41	 17.86	0.041	  165.73	 28.73
1073.00	1061.34	 3.5869	34.4033	27.3608	 0.41	 17.85	0.042	  165.66	 27.87
1074.00	1062.33	 3.5867	34.4035	27.3610	 0.41	 17.86	0.041	  165.70	 27.41
1075.00	1063.31	 3.5883	34.4035	27.3608	 0.41	 17.90	0.041	  165.72	 25.81
1076.00	1064.30	 3.5864	34.4035	27.3610	 0.41	 17.82	0.041	  165.71	 25.09
1077.00	1065.29	 3.5865	34.4036	27.3611	 0.41	 17.92	0.040	  165.68	 23.99
1078.00	1066.27	 3.5853	34.4036	27.3612	 0.41	 17.88	0.040	  165.65	 22.99
1079.00	1067.26	 3.5834	34.4039	27.3616	 0.41	 17.90	0.041	  165.68	 21.87
1080.00	1068.25	 3.5812	34.4043	27.3622	 0.41	 17.87	0.041	  165.64	 20.97
1081.00	1069.23	 3.5823	34.4043	27.3621	 0.41	 17.86	0.040	  165.66	 19.98
1082.00	1070.22	 3.5836	34.4039	27.3617	 0.41	 17.82	0.041	  165.61	 18.96
1083.00	1071.21	 3.5821	34.4042	27.3620	 0.41	 17.80	0.042	  165.64	 18.16
1084.00	1072.19	 3.5834	34.4039	27.3617	 0.41	 17.79	0.040	  165.62	 17.06
1085.00	1073.18	 3.5769	34.4048	27.3630	 0.41	 17.86	0.041	  165.61	 16.42
1086.00	1074.17	 3.5675	34.4064	27.3652	 0.41	 17.98	0.040	  165.59	 15.85
1087.00	1075.15	 3.5680	34.4060	27.3649	 0.41	 17.95	0.041	  165.60	 14.85
1088.00	1076.14	 3.5607	34.4072	27.3666	 0.41	 17.98	0.041	  165.57	 13.66
1089.00	1077.13	 3.5606	34.4071	27.3665	 0.41	 17.97	0.040	  165.31	 12.93
1090.00	1078.11	 3.5580	34.4078	27.3673	 0.41	 18.01	0.041	  165.32	 12.24
1091.00	1079.10	 3.5574	34.4079	27.3675	 0.42	 18.05	0.041	  165.04	 12.28
1092.00	1080.09	 3.5545	34.4086	27.3683	 0.42	 18.08	0.044	  164.77	 12.71
