wcoa21_data_management/01_CRUISE_METADATA/00_OCADS_data/CTD_downcasts/WCOA_2021_CTD_downcasts/dRB2102_CTD_110_01_F.txt
* Sea-Bird SBE 9 Data:
* Software Version Seasave V 7.26.7.107
* Vessel: NOAA Ship Ronald H. Brown
* Cruise: RB2102, West Coast Ocean Acidification (WCOA) 2021
* Dates: 20210622 to 20210723
* Region: NE Pacific, USA West Coast
* Ports: San Diego, CA to Port Angeles, WA to San Diego, CA
* Chief Scientists: R. Feely, NOAA PMEL; D. Greeley, NOAA PMEL; B. Carter, NOAA PMEL / UW CICOES
*END*
[from data line 214]
 216.00	 214.35	 8.3238	34.0382	26.4733	 2.08	 90.29	0.040	  147.67	 99.73
 217.00	 215.34	 8.2891	34.0394	26.4795	 2.07	 90.10	0.040	  147.66	 99.73
 218.00	 216.33	 8.2634	34.0416	26.4851	 2.06	 89.84	0.040	  147.61	 99.73
 219.00	 217.33	 8.2514	34.0427	26.4878	 2.06	 89.62	0.040	  147.67	 99.74
 220.00	 218.32	 8.2479	34.0434	26.4888	 2.06	 89.46	0.040	  147.69	 99.74
 221.00	 219.31	 8.2455	34.0435	26.4893	 2.05	 89.26	0.040	  147.64	 99.75
 222.00	 220.30	 8.2414	34.0435	26.4900	 2.04	 88.78	0.040	  147.66	 99.75
 223.00	 221.29	 8.2290	34.0430	26.4914	 2.03	 88.14	0.040	  147.62	 99.76
 224.00	 222.28	 8.1917	34.0431	26.4971	 2.02	 87.93	0.040	  147.68	 99.76
 225.00	 223.28	 8.1555	34.0435	26.5029	 2.01	 87.57	0.040	  147.64	 99.76
 226.00	 224.27	 8.1355	34.0434	26.5058	 2.00	 87.05	0.040	  147.70	 99.76
 227.00	 225.26	 8.1028	34.0437	26.5109	 1.99	 86.44	0.040	  147.64	 99.76
 228.00	 226.25	 8.0753	34.0466	26.5173	 1.97	 85.72	0.040	  147.63	 99.76
 229.00	 227.24	 8.0704	34.0467	26.5181	 1.95	 84.67	0.040	  147.66	 99.76
 230.00	 228.24	 8.0551	34.0480	26.5214	 1.92	 83.71	0.040	  147.66	 99.76
 231.00	 229.23	 8.0374	34.0515	26.5268	 1.91	 83.10	0.040	  147.67	 99.76
 232.00	 230.22	 8.0245	34.0545	26.5311	 1.89	 82.05	0.040	  147.69	 99.76
 233.00	 231.21	 8.0152	34.0545	26.5325	 1.87	 81.28	0.040	  147.67	 99.78
 234.00	 232.20	 7.9940	34.0554	26.5363	 1.85	 80.61	0.040	  147.63	 99.78
 235.00	 233.19	 7.9687	34.0557	26.5403	 1.85	 80.33	0.040	  147.62	 99.78
 236.00	 234.19	 7.9517	34.0572	26.5440	 1.83	 79.83	0.040	  147.63	 99.78
 237.00	 235.18	 7.9455	34.0577	26.5453	 1.82	 79.17	0.041	  147.63	 99.78
 238.00	 236.17	 7.9351	34.0584	26.5474	 1.80	 78.49	0.041	  147.66	 99.78
 239.00	 237.16	 7.9096	34.0613	26.5534	 1.79	 77.85	0.040	  147.70	 99.78
 240.00	 238.15	 7.8989	34.0622	26.5557	 1.77	 77.17	0.040	  147.64	 99.78
 241.00	 239.14	 7.8890	34.0633	26.5581	 1.76	 76.72	0.040	  147.63	 99.79
 242.00	 240.14	 7.8792	34.0635	26.5596	 1.75	 76.32	0.040	  147.59	 99.79
 243.00	 241.13	 7.8686	34.0650	26.5624	 1.75	 76.06	0.040	  147.63	 99.80
 244.00	 242.12	 7.8638	34.0656	26.5636	 1.74	 75.86	0.040	  147.66	 99.80
 245.00	 243.11	 7.8584	34.0658	26.5645	 1.73	 75.45	0.040	  147.61	 99.80
 246.00	 244.10	 7.8426	34.0669	26.5677	 1.72	 74.74	0.040	  147.61	 99.80
 247.00	 245.09	 7.8289	34.0671	26.5699	 1.71	 74.21	0.040	  147.66	 99.80
 248.00	 246.09	 7.8176	34.0686	26.5727	 1.70	 73.79	0.040	  147.69	 99.80
 249.00	 247.08	 7.8108	34.0689	26.5740	 1.69	 73.33	0.040	  147.64	 99.80
 250.00	 248.07	 7.8004	34.0699	26.5763	 1.68	 73.02	0.040	  147.70	 99.80
 251.00	 249.06	 7.7932	34.0696	26.5771	 1.67	 72.76	0.040	  147.63	 99.80
 252.00	 250.05	 7.7837	34.0708	26.5795	 1.67	 72.52	0.040	  147.66	 99.80
 253.00	 251.05	 7.7745	34.0714	26.5813	 1.66	 72.31	0.040	  147.63	 99.80
 254.00	 252.04	 7.7694	34.0722	26.5827	 1.65	 71.62	0.040	  147.56	 99.81
 255.00	 253.03	 7.7384	34.0702	26.5856	 1.63	 71.06	0.040	  147.60	 99.82
 256.00	 254.02	 7.7184	34.0726	26.5904	 1.63	 70.87	0.040	  147.59	 99.81
 257.00	 255.01	 7.7089	34.0730	26.5921	 1.62	 70.54	0.040	  147.55	 99.82
 258.00	 256.00	 7.7022	34.0728	26.5930	 1.61	 70.09	0.040	  147.57	 99.82
 259.00	 257.00	 7.6970	34.0739	26.5946	 1.60	 69.78	0.040	  147.64	 99.82
 260.00	 257.99	 7.6758	34.0738	26.5976	 1.60	 69.56	0.040	  147.61	 99.83
 261.00	 258.98	 7.6519	34.0746	26.6016	 1.59	 69.11	0.040	  147.63	 99.83
 262.00	 259.97	 7.6278	34.0747	26.6052	 1.58	 68.59	0.040	  147.61	 99.83
 263.00	 260.96	 7.6162	34.0764	26.6082	 1.57	 68.28	0.040	  147.64	 99.83
 264.00	 261.95	 7.6093	34.0763	26.6091	 1.56	 67.98	0.040	  147.61	 99.83
 265.00	 262.94	 7.5981	34.0761	26.6106	 1.56	 67.89	0.040	  147.64	 99.83
 266.00	 263.94	 7.5834	34.0772	26.6136	 1.56	 67.73	0.040	  147.63	 99.83
 267.00	 264.93	 7.5750	34.0773	26.6149	 1.54	 67.08	0.040	  147.60	 99.83
 268.00	 265.92	 7.5465	34.0765	26.6183	 1.53	 66.69	0.040	  147.59	 99.83
 269.00	 266.91	 7.5231	34.0762	26.6215	 1.53	 66.64	0.040	  147.62	 99.83
 270.00	 267.90	 7.5061	34.0771	26.6246	 1.53	 66.77	0.040	  147.64	 99.83
 271.00	 268.89	 7.4886	34.0764	26.6266	 1.54	 66.95	0.040	  147.58	 99.83
 272.00	 269.89	 7.4597	34.0728	26.6278	 1.55	 67.27	0.040	  147.63	 99.83
 273.00	 270.88	 7.4069	34.0711	26.6340	 1.56	 68.02	0.040	  147.59	 99.83
 274.00	 271.87	 7.3434	34.0674	26.6400	 1.58	 68.92	0.040	  147.58	 99.83
 275.00	 272.86	 7.3021	34.0640	26.6432	 1.59	 69.28	0.040	  147.60	 99.83
 276.00	 273.85	 7.2676	34.0620	26.6464	 1.58	 68.53	0.040	  147.55	 99.83
 277.00	 274.84	 7.2544	34.0625	26.6487	 1.56	 67.65	0.040	  147.56	 99.83
 278.00	 275.84	 7.2315	34.0647	26.6536	 1.54	 67.04	0.040	  147.60	 99.83
 279.00	 276.83	 7.2066	34.0684	26.6599	 1.52	 66.22	0.040	  147.59	 99.83
 280.00	 277.82	 7.1971	34.0725	26.6646	 1.48	 64.39	0.040	  147.59	 99.83
 281.00	 278.81	 7.1940	34.0755	26.6674	 1.46	 63.53	0.040	  147.56	 99.83
 282.00	 279.80	 7.1972	34.0774	26.6684	 1.45	 63.20	0.040	  147.55	 99.83
 283.00	 280.79	 7.1932	34.0766	26.6684	 1.45	 62.96	0.040	  147.58	 99.84
 284.00	 281.78	 7.1808	34.0769	26.6703	 1.44	 62.72	0.040	  147.63	 99.84
 285.00	 282.78	 7.1714	34.0776	26.6722	 1.44	 62.74	0.040	  147.57	 99.85
 286.00	 283.77	 7.1649	34.0778	26.6732	 1.44	 62.59	0.041	  147.56	 99.85
 287.00	 284.76	 7.1550	34.0763	26.6734	 1.43	 62.19	0.041	  147.59	 99.85
 288.00	 285.75	 7.1510	34.0773	26.6748	 1.42	 61.58	0.040	  147.57	 99.85
 289.00	 286.74	 7.1495	34.0787	26.6762	 1.41	 61.20	0.040	  147.57	 99.85
 290.00	 287.73	 7.1276	34.0780	26.6786	 1.40	 60.97	0.040	  147.50	 99.85
 291.00	 288.72	 7.1066	34.0787	26.6821	 1.39	 60.52	0.040	  147.56	 99.85
 292.00	 289.72	 7.0811	34.0784	26.6854	 1.38	 59.97	0.040	  147.51	 99.85
 293.00	 290.71	 7.0691	34.0809	26.6890	 1.36	 59.22	0.040	  147.54	 99.85
 294.00	 291.70	 7.0613	34.0816	26.6906	 1.34	 58.44	0.040	  147.57	 99.85
 295.00	 292.69	 7.0385	34.0842	26.6959	 1.33	 57.84	0.040	  147.57	 99.85
 296.00	 293.68	 7.0178	34.0851	26.6994	 1.32	 57.25	0.040	  147.54	 99.85
 297.00	 294.67	 7.0016	34.0869	26.7030	 1.31	 57.04	0.040	  147.54	 99.86
 298.00	 295.67	 7.0002	34.0868	26.7032	 1.31	 56.85	0.040	  147.53	 99.86
 299.00	 296.66	 6.9959	34.0866	26.7036	 1.30	 56.71	0.040	  147.62	 99.87
 300.00	 297.65	 6.9881	34.0863	26.7044	 1.30	 56.47	0.040	  147.52	 99.87
 301.00	 298.64	 6.9720	34.0858	26.7062	 1.29	 56.25	0.040	  147.56	 99.87
 302.00	 299.63	 6.9535	34.0867	26.7095	 1.28	 55.76	0.040	  147.53	 99.88
 303.00	 300.62	 6.9273	34.0860	26.7125	 1.27	 55.12	0.040	  147.50	 99.88
 304.00	 301.61	 6.8993	34.0881	26.7180	 1.26	 54.75	0.040	  147.61	 99.88
 305.00	 302.61	 6.8905	34.0889	26.7199	 1.25	 54.48	0.040	  147.47	 99.88
 306.00	 303.60	 6.8861	34.0889	26.7205	 1.25	 54.28	0.040	  147.57	 99.88
 307.00	 304.59	 6.8771	34.0898	26.7223	 1.24	 54.10	0.040	  147.54	 99.88
 308.00	 305.58	 6.8727	34.0900	26.7232	 1.24	 53.85	0.041	  147.55	 99.88
 309.00	 306.57	 6.8656	34.0897	26.7239	 1.23	 53.48	0.041	  147.51	 99.88
 310.00	 307.56	 6.8423	34.0899	26.7272	 1.22	 53.16	0.040	  147.55	 99.88
 311.00	 308.55	 6.8332	34.0914	26.7296	 1.21	 52.77	0.040	  147.53	 99.88
 312.00	 309.55	 6.8198	34.0905	26.7307	 1.21	 52.50	0.040	  147.57	 99.88
 313.00	 310.54	 6.8061	34.0925	26.7341	 1.21	 52.41	0.040	  147.49	 99.88
 314.00	 311.53	 6.8041	34.0928	26.7347	 1.20	 52.35	0.040	  147.56	 99.88
 315.00	 312.52	 6.8025	34.0931	26.7351	 1.20	 52.24	0.040	  147.53	 99.88
 316.00	 313.51	 6.7995	34.0930	26.7355	 1.20	 52.00	0.040	  147.53	 99.88
 317.00	 314.50	 6.7917	34.0933	26.7368	 1.19	 51.75	0.040	  147.54	 99.88
 318.00	 315.49	 6.7863	34.0937	26.7378	 1.19	 51.74	0.040	  147.53	 99.88
 319.00	 316.48	 6.7829	34.0942	26.7387	 1.19	 51.57	0.040	  147.52	 99.88
 320.00	 317.48	 6.7783	34.0938	26.7390	 1.18	 51.38	0.040	  147.47	 99.89
 321.00	 318.47	 6.7712	34.0942	26.7403	 1.18	 51.27	0.040	  147.53	 99.88
 322.00	 319.46	 6.7655	34.0945	26.7413	 1.17	 51.09	0.040	  147.51	 99.89
 323.00	 320.45	 6.7608	34.0949	26.7423	 1.17	 50.86	0.040	  147.47	 99.89
 324.00	 321.44	 6.7513	34.0948	26.7435	 1.16	 50.38	0.040	  147.51	 99.89
 325.00	 322.43	 6.7400	34.0942	26.7445	 1.14	 49.64	0.040	  147.52	 99.89
 326.00	 323.42	 6.6853	34.0938	26.7515	 1.13	 49.22	0.040	  147.48	 99.89
 327.00	 324.42	 6.6614	34.0968	26.7570	 1.13	 49.04	0.040	  147.43	 99.89
 328.00	 325.41	 6.6548	34.0969	26.7580	 1.12	 48.91	0.040	  147.55	 99.90
 329.00	 326.40	 6.6490	34.0972	26.7590	 1.12	 48.86	0.040	  147.47	 99.90
 330.00	 327.39	 6.6456	34.0975	26.7597	 1.12	 48.75	0.040	  147.48	 99.90
 331.00	 328.38	 6.6408	34.0974	26.7603	 1.12	 48.53	0.040	  147.53	 99.90
 332.00	 329.37	 6.6340	34.0976	26.7614	 1.11	 48.16	0.040	  147.48	 99.90
 333.00	 330.36	 6.6236	34.0996	26.7643	 1.10	 47.68	0.040	  147.52	 99.90
 334.00	 331.35	 6.6075	34.0975	26.7648	 1.08	 47.13	0.040	  147.45	 99.90
 335.00	 332.35	 6.5729	34.0990	26.7706	 1.07	 46.74	0.040	  147.46	 99.90
 336.00	 333.34	 6.5547	34.0985	26.7726	 1.07	 46.60	0.040	  147.48	 99.90
 337.00	 334.33	 6.5396	34.0995	26.7754	 1.07	 46.39	0.040	  147.54	 99.90
 338.00	 335.32	 6.5286	34.0993	26.7767	 1.06	 46.19	0.040	  147.50	 99.90
 339.00	 336.31	 6.5218	34.1011	26.7790	 1.06	 46.08	0.040	  147.42	 99.90
 340.00	 337.30	 6.5140	34.0999	26.7791	 1.06	 45.91	0.040	  147.52	 99.90
 341.00	 338.29	 6.4997	34.1017	26.7824	 1.05	 45.73	0.040	  147.48	 99.90
 342.00	 339.28	 6.4945	34.1028	26.7840	 1.04	 45.40	0.040	  147.50	 99.90
 343.00	 340.28	 6.4925	34.1028	26.7843	 1.04	 45.06	0.040	  147.48	 99.91
 344.00	 341.27	 6.4851	34.1025	26.7850	 1.03	 44.67	0.040	  147.48	 99.90
 345.00	 342.26	 6.4676	34.1030	26.7877	 1.02	 44.31	0.040	  147.40	 99.90
 346.00	 343.25	 6.4559	34.1043	26.7902	 1.02	 44.28	0.040	  147.50	 99.91
 347.00	 344.24	 6.4473	34.1047	26.7917	 1.02	 44.16	0.040	  147.50	 99.91
 348.00	 345.23	 6.4400	34.1054	26.7932	 1.01	 43.98	0.040	  147.41	 99.91
 349.00	 346.22	 6.4284	34.1056	26.7949	 1.01	 43.90	0.040	  147.51	 99.91
 350.00	 347.21	 6.4243	34.1067	26.7963	 1.00	 43.69	0.040	  147.44	 99.91
 351.00	 348.21	 6.4158	34.1053	26.7964	 0.99	 43.22	0.040	  147.43	 99.92
 352.00	 349.20	 6.3803	34.1051	26.8008	 0.99	 42.90	0.040	  147.47	 99.91
 353.00	 350.19	 6.3701	34.1066	26.8033	 0.98	 42.69	0.040	  147.47	 99.92
 354.00	 351.18	 6.3651	34.1066	26.8040	 0.98	 42.52	0.040	  147.50	 99.92
 355.00	 352.17	 6.3573	34.1062	26.8047	 0.97	 42.40	0.040	  147.45	 99.92
 356.00	 353.16	 6.3471	34.1055	26.8054	 0.97	 42.21	0.040	  147.40	 99.91
 357.00	 354.15	 6.3371	34.1072	26.8081	 0.97	 42.02	0.040	  147.43	 99.92
 358.00	 355.14	 6.3227	34.1084	26.8109	 0.97	 42.01	0.040	  147.40	 99.92
 359.00	 356.13	 6.3152	34.1093	26.8126	 0.97	 42.00	0.040	  147.41	 99.92
 360.00	 357.13	 6.3160	34.1103	26.8133	 0.96	 41.68	0.040	  147.41	 99.93
 361.00	 358.12	 6.3078	34.1098	26.8140	 0.95	 41.34	0.040	  147.42	 99.93
 362.00	 359.11	 6.3017	34.1094	26.8145	 0.95	 41.16	0.040	  147.36	 99.93
 363.00	 360.10	 6.2899	34.1092	26.8159	 0.94	 40.89	0.040	  147.50	 99.93
 364.00	 361.09	 6.2808	34.1107	26.8182	 0.94	 40.71	0.040	  147.36	 99.93
 365.00	 362.08	 6.2761	34.1112	26.8192	 0.94	 40.74	0.040	  147.44	 99.93
 366.00	 363.07	 6.2673	34.1112	26.8203	 0.93	 40.48	0.040	  147.39	 99.93
 367.00	 364.06	 6.2558	34.1115	26.8221	 0.93	 40.52	0.040	  147.36	 99.93
 368.00	 365.06	 6.2481	34.1118	26.8233	 0.93	 40.52	0.040	  147.37	 99.93
 369.00	 366.05	 6.2421	34.1119	26.8242	 0.93	 40.41	0.040	  147.37	 99.93
 370.00	 367.04	 6.2356	34.1110	26.8243	 0.93	 40.37	0.040	  147.36	 99.93
 371.00	 368.03	 6.2089	34.1074	26.8249	 0.92	 40.13	0.040	  147.42	 99.93
 372.00	 369.02	 6.1921	34.1118	26.8305	 0.92	 39.94	0.040	  147.40	 99.93
 373.00	 370.01	 6.1898	34.1111	26.8303	 0.92	 39.86	0.040	  147.28	 99.93
 374.00	 371.00	 6.1742	34.1084	26.8302	 0.92	 39.99	0.042	  147.32	 99.93
 375.00	 371.99	 6.1549	34.1081	26.8324	 0.92	 40.06	0.041	  147.37	 99.93
 376.00	 372.98	 6.1243	34.1073	26.8356	 0.92	 40.08	0.040	  147.40	 99.93
 377.00	 373.98	 6.1050	34.1060	26.8371	 0.92	 40.02	0.040	  147.32	 99.93
 378.00	 374.97	 6.0927	34.1056	26.8383	 0.91	 39.69	0.040	  147.31	 99.93
 379.00	 375.96	 6.0874	34.1073	26.8404	 0.90	 39.11	0.040	  147.30	 99.93
 380.00	 376.95	 6.0958	34.1119	26.8429	 0.89	 38.51	0.040	  147.36	 99.93
 381.00	 377.94	 6.0998	34.1122	26.8427	 0.88	 38.08	0.040	  147.27	 99.93
 382.00	 378.93	 6.1127	34.1196	26.8469	 0.87	 37.88	0.040	  147.44	 99.93
 383.00	 379.92	 6.1144	34.1201	26.8470	 0.86	 37.59	0.040	  147.33	 99.93
 384.00	 380.91	 6.1161	34.1205	26.8472	 0.86	 37.45	0.040	  147.34	 99.93
 385.00	 381.90	 6.1169	34.1212	26.8477	 0.86	 37.36	0.041	  147.32	 99.93
 386.00	 382.89	 6.1156	34.1216	26.8482	 0.85	 37.10	0.040	  147.33	 99.93
 387.00	 383.89	 6.1131	34.1212	26.8482	 0.85	 37.00	0.040	  147.31	 99.93
 388.00	 384.88	 6.1049	34.1217	26.8496	 0.85	 36.89	0.040	  147.28	 99.93
 389.00	 385.87	 6.1033	34.1218	26.8499	 0.84	 36.73	0.040	  147.33	 99.93
 390.00	 386.86	 6.0996	34.1221	26.8506	 0.85	 36.79	0.040	  147.28	 99.93
 391.00	 387.85	 6.0983	34.1222	26.8508	 0.84	 36.68	0.040	  147.29	 99.94
 392.00	 388.84	 6.0967	34.1222	26.8511	 0.84	 36.63	0.040	  147.23	 99.94
 393.00	 389.83	 6.0954	34.1225	26.8515	 0.84	 36.51	0.040	  147.30	 79.68
 394.00	 390.82	 6.0940	34.1222	26.8514	 0.84	 36.34	0.040	  147.25	 99.72
 395.00	 391.81	 6.0816	34.1229	26.8536	 0.83	 36.13	0.042	  147.20	 99.94
 396.00	 392.80	 6.0738	34.1239	26.8553	 0.83	 35.91	0.041	  147.20	 99.94
 397.00	 393.80	 6.0645	34.1222	26.8552	 0.82	 35.74	0.040	  147.21	 99.94
 398.00	 394.79	 6.0449	34.1229	26.8582	 0.82	 35.58	0.040	  147.27	 99.94
 399.00	 395.78	 6.0377	34.1245	26.8604	 0.82	 35.48	0.040	  147.27	 99.94
 400.00	 396.77	 6.0331	34.1246	26.8610	 0.81	 35.32	0.040	  147.25	 99.94
 401.00	 397.76	 6.0231	34.1252	26.8628	 0.81	 35.20	0.040	  147.24	 99.94
 402.00	 398.75	 6.0183	34.1256	26.8638	 0.81	 35.09	0.040	  147.27	 99.94
 403.00	 399.74	 6.0141	34.1259	26.8645	 0.80	 34.82	0.040	  147.24	 99.94
 404.00	 400.73	 6.0075	34.1254	26.8649	 0.80	 34.61	0.040	  147.26	 99.94
 405.00	 401.72	 5.9838	34.1265	26.8688	 0.79	 34.39	0.040	  147.27	 99.94
 406.00	 402.71	 5.9730	34.1279	26.8713	 0.79	 34.31	0.040	  147.20	 99.95
 407.00	 403.71	 5.9695	34.1286	26.8723	 0.79	 34.17	0.040	  147.25	 99.95
 408.00	 404.70	 5.9662	34.1286	26.8727	 0.78	 34.08	0.040	  147.19	 99.95
 409.00	 405.69	 5.9650	34.1292	26.8733	 0.78	 33.93	0.040	  147.25	 99.95
 410.00	 406.68	 5.9647	34.1290	26.8732	 0.78	 33.85	0.040	  147.19	 99.95
 411.00	 407.67	 5.9617	34.1289	26.8736	 0.77	 33.59	0.040	  147.22	 99.95
 412.00	 408.66	 5.9565	34.1289	26.8742	 0.77	 33.44	0.040	  147.23	 99.95
 413.00	 409.65	 5.9403	34.1314	26.8782	 0.76	 33.17	0.040	  147.16	 99.95
 414.00	 410.64	 5.9367	34.1331	26.8800	 0.75	 32.77	0.040	  147.17	 87.01
 415.00	 411.63	 5.9224	34.1359	26.8840	 0.74	 32.37	0.040	  147.20	101.08
 416.00	 412.62	 5.9197	34.1363	26.8846	 0.74	 32.29	0.040	  147.17	 99.95
 417.00	 413.61	 5.9194	34.1365	26.8849	 0.74	 32.25	0.041	  147.20	 99.95
 418.00	 414.61	 5.9189	34.1365	26.8850	 0.74	 32.19	0.042	  147.13	 99.95
 419.00	 415.60	 5.9178	34.1369	26.8854	 0.74	 32.30	0.041	  147.17	 99.95
 420.00	 416.59	 5.9173	34.1368	26.8855	 0.74	 32.12	0.040	  147.25	 99.95
 421.00	 417.58	 5.9160	34.1370	26.8857	 0.74	 32.04	0.040	  147.12	 99.95
 422.00	 418.57	 5.9136	34.1371	26.8861	 0.74	 31.99	0.040	  147.16	 99.95
 423.00	 419.56	 5.9077	34.1376	26.8873	 0.73	 31.63	0.040	  147.13	 99.95
 424.00	 420.55	 5.8968	34.1394	26.8901	 0.72	 31.32	0.041	  147.13	 99.95
 425.00	 421.54	 5.8953	34.1401	26.8908	 0.72	 31.24	0.041	  147.09	 99.95
 426.00	 422.53	 5.8911	34.1408	26.8919	 0.71	 31.03	0.040	  147.13	 99.95
 427.00	 423.52	 5.8879	34.1418	26.8931	 0.71	 30.86	0.040	  147.12	 99.95
