wcoa21_data_management/01_CRUISE_METADATA/00_OCADS_data/CTD_downcasts/WCOA_2021_CTD_downcasts/dRB2102_CTD_060_01_F.txt
* Sea-Bird SBE 9 Data:
* Software Version Seasave V 7.26.7.107
* Vessel: NOAA Ship Ronald H. Brown
* Cruise: RB2102, West Coast Ocean Acidification (WCOA) 2021
* Dates: 20210622 to 20210723
* Region: NE Pacific, USA West Coast
* Ports: San Diego, CA to Port Angeles, WA to San Diego, CA
* Chief Scientists: R. Feely, NOAA PMEL; D. Greeley, NOAA PMEL; B. Carter, NOAA PMEL / UW CICOES
*END*
[from data line 2347]
2350.00	2318.64	 1.7948	34.6253	27.6998	 1.91	 82.79	0.040	  136.80	 99.95
2351.00	2319.62	 1.7945	34.6252	27.6997	 1.90	 82.78	0.040	  136.78	 99.95
2352.00	2320.60	 1.7938	34.6252	27.6998	 1.91	 82.85	0.040	  136.79	 99.95
2353.00	2321.58	 1.7935	34.6253	27.6999	 1.90	 82.77	0.040	  136.78	 99.95
2354.00	2322.56	 1.7932	34.6254	27.7000	 1.90	 82.71	0.042	  136.80	 99.95
2355.00	2323.54	 1.7931	34.6256	27.7002	 1.91	 82.84	0.041	  136.81	 99.95
2356.00	2324.52	 1.7931	34.6254	27.7000	 1.91	 82.87	0.040	  136.78	 99.95
2357.00	2325.51	 1.7930	34.6254	27.7000	 1.91	 82.85	0.040	  136.78	 99.95
2358.00	2326.49	 1.7928	34.6254	27.7001	 1.91	 82.92	0.040	  136.72	 99.95
2359.00	2327.47	 1.7927	34.6257	27.7003	 1.91	 82.91	0.040	  136.77	 99.95
2360.00	2328.45	 1.7926	34.6257	27.7003	 1.91	 82.89	0.040	  136.77	 99.95
2361.00	2329.43	 1.7926	34.6257	27.7004	 1.91	 82.91	0.040	  136.79	 99.95
2362.00	2330.41	 1.7927	34.6257	27.7003	 1.91	 82.94	0.040	  136.79	 99.95
2363.00	2331.39	 1.7926	34.6256	27.7003	 1.91	 82.93	0.040	  136.76	 99.95
2364.00	2332.37	 1.7919	34.6257	27.7004	 1.91	 83.00	0.040	  136.78	 99.95
2365.00	2333.35	 1.7917	34.6256	27.7003	 1.91	 82.96	0.040	  136.77	 99.95
2366.00	2334.34	 1.7916	34.6256	27.7004	 1.91	 82.93	0.040	  136.78	 99.95
2367.00	2335.32	 1.7913	34.6257	27.7005	 1.91	 83.02	0.039	  136.75	 99.95
2368.00	2336.30	 1.7912	34.6257	27.7005	 1.91	 82.97	0.040	  136.73	 99.95
2369.00	2337.28	 1.7912	34.6258	27.7005	 1.91	 83.00	0.040	  136.76	 99.95
2370.00	2338.26	 1.7912	34.6258	27.7006	 1.91	 83.01	0.039	  136.78	 99.95
2371.00	2339.24	 1.7909	34.6257	27.7005	 1.91	 82.98	0.040	  136.81	 99.95
2372.00	2340.22	 1.7905	34.6258	27.7006	 1.91	 82.97	0.040	  136.79	 99.95
2373.00	2341.20	 1.7903	34.6259	27.7008	 1.91	 83.05	0.040	  136.73	 99.95
2374.00	2342.19	 1.7902	34.6260	27.7008	 1.91	 83.04	0.040	  136.78	 99.95
2375.00	2343.17	 1.7902	34.6260	27.7008	 1.91	 83.04	0.040	  136.75	 99.95
2376.00	2344.15	 1.7899	34.6260	27.7008	 1.91	 83.08	0.040	  136.78	 99.95
2377.00	2345.13	 1.7893	34.6261	27.7010	 1.91	 83.10	0.040	  136.72	 99.95
2378.00	2346.11	 1.7893	34.6261	27.7010	 1.91	 83.02	0.040	  136.73	 99.95
2379.00	2347.09	 1.7893	34.6261	27.7010	 1.91	 83.16	0.040	  136.72	 99.95
2380.00	2348.07	 1.7894	34.6261	27.7010	 1.91	 83.14	0.040	  136.76	 99.95
2381.00	2349.05	 1.7893	34.6262	27.7011	 1.91	 83.18	0.040	  136.73	 99.95
2382.00	2350.03	 1.7889	34.6263	27.7012	 1.91	 83.18	0.040	  136.80	 99.95
2383.00	2351.02	 1.7884	34.6263	27.7013	 1.91	 83.19	0.040	  136.70	 99.95
2384.00	2352.00	 1.7882	34.6264	27.7013	 1.92	 83.24	0.040	  136.73	 99.95
2385.00	2352.98	 1.7881	34.6264	27.7014	 1.92	 83.36	0.040	  136.72	 99.95
2386.00	2353.96	 1.7876	34.6267	27.7017	 1.92	 83.59	0.040	  136.77	 99.95
2387.00	2354.94	 1.7876	34.6266	27.7016	 1.92	 83.50	0.040	  136.74	 99.95
2388.00	2355.92	 1.7877	34.6268	27.7017	 1.92	 83.52	0.040	  136.74	 99.95
2389.00	2356.90	 1.7877	34.6268	27.7017	 1.92	 83.55	0.040	  136.74	 99.95
2390.00	2357.88	 1.7877	34.6267	27.7017	 1.92	 83.49	0.040	  136.74	 70.90
2391.00	2358.86	 1.7877	34.6267	27.7017	 1.92	 83.55	0.040	  136.75	 94.61
2392.00	2359.84	 1.7876	34.6267	27.7017	 1.92	 83.55	0.040	  136.77	 99.64
2393.00	2360.83	 1.7876	34.6266	27.7016	 1.92	 83.61	0.040	  136.72	 99.95
2394.00	2361.81	 1.7876	34.6268	27.7018	 1.92	 83.57	0.039	  136.70	 99.95
2395.00	2362.79	 1.7876	34.6268	27.7018	 1.92	 83.61	0.040	  136.73	 99.95
2396.00	2363.77	 1.7878	34.6268	27.7018	 1.93	 83.69	0.040	  136.74	 99.95
2397.00	2364.75	 1.7877	34.6267	27.7017	 1.93	 83.77	0.040	  136.70	 99.95
2398.00	2365.73	 1.7862	34.6270	27.7021	 1.93	 83.76	0.040	  136.70	 99.95
2399.00	2366.71	 1.7851	34.6272	27.7024	 1.93	 83.71	0.040	  136.70	 99.95
2400.00	2367.69	 1.7853	34.6271	27.7022	 1.93	 83.72	0.040	  136.66	 99.95
2401.00	2368.67	 1.7852	34.6272	27.7023	 1.93	 83.81	0.040	  136.67	 99.95
2402.00	2369.66	 1.7853	34.6271	27.7022	 1.93	 83.77	0.040	  136.71	 99.95
2403.00	2370.64	 1.7853	34.6270	27.7022	 1.93	 83.83	0.040	  136.73	 99.95
2404.00	2371.62	 1.7854	34.6270	27.7022	 1.93	 83.82	0.040	  136.69	 99.95
2405.00	2372.60	 1.7853	34.6272	27.7024	 1.93	 83.72	0.040	  136.62	 99.95
2406.00	2373.58	 1.7852	34.6272	27.7023	 1.93	 83.71	0.040	  136.75	 99.95
2407.00	2374.56	 1.7850	34.6272	27.7024	 1.93	 83.73	0.040	  136.75	 99.95
2408.00	2375.54	 1.7849	34.6271	27.7023	 1.93	 83.75	0.040	  136.75	 99.95
2409.00	2376.52	 1.7848	34.6272	27.7024	 1.93	 83.79	0.040	  136.77	 99.95
2410.00	2377.50	 1.7848	34.6272	27.7024	 1.93	 83.76	0.040	  136.69	 99.95
2411.00	2378.48	 1.7846	34.6273	27.7025	 1.93	 83.76	0.040	  136.70	 99.95
2412.00	2379.47	 1.7847	34.6273	27.7025	 1.93	 83.73	0.040	  136.73	 99.95
2413.00	2380.45	 1.7847	34.6272	27.7025	 1.93	 83.72	0.040	  136.75	 99.95
2414.00	2381.43	 1.7843	34.6273	27.7025	 1.93	 83.74	0.040	  136.72	 99.95
2415.00	2382.41	 1.7841	34.6272	27.7025	 1.93	 83.77	0.040	  136.66	 99.95
2416.00	2383.39	 1.7836	34.6274	27.7027	 1.93	 83.74	0.040	  136.65	 99.95
2417.00	2384.37	 1.7834	34.6274	27.7027	 1.93	 83.70	0.040	  136.70	 99.95
2418.00	2385.35	 1.7833	34.6275	27.7028	 1.93	 83.74	0.039	  136.69	 99.95
2419.00	2386.33	 1.7832	34.6275	27.7029	 1.93	 83.74	0.040	  136.67	 99.95
2420.00	2387.31	 1.7833	34.6275	27.7028	 1.93	 83.78	0.040	  136.66	 99.95
2421.00	2388.29	 1.7831	34.6275	27.7029	 1.93	 83.89	0.040	  136.61	 99.95
2422.00	2389.27	 1.7827	34.6276	27.7030	 1.93	 83.85	0.039	  136.63	 99.95
2423.00	2390.26	 1.7823	34.6276	27.7030	 1.93	 83.82	0.039	  136.60	 99.95
2424.00	2391.24	 1.7818	34.6277	27.7031	 1.93	 84.00	0.040	  136.71	 99.95
2425.00	2392.22	 1.7815	34.6278	27.7032	 1.93	 83.94	0.040	  136.71	 99.95
2426.00	2393.20	 1.7814	34.6279	27.7033	 1.93	 83.92	0.040	  136.68	 99.95
2427.00	2394.18	 1.7813	34.6278	27.7032	 1.93	 83.96	0.039	  136.70	 99.95
2428.00	2395.16	 1.7812	34.6278	27.7033	 1.93	 83.97	0.040	  136.68	 99.95
2429.00	2396.14	 1.7810	34.6279	27.7034	 1.93	 84.01	0.040	  136.64	 99.95
2430.00	2397.12	 1.7808	34.6279	27.7034	 1.93	 83.97	0.040	  136.67	 99.95
2431.00	2398.10	 1.7804	34.6280	27.7035	 1.93	 84.07	0.040	  136.66	 99.95
2432.00	2399.08	 1.7805	34.6280	27.7035	 1.94	 84.09	0.040	  136.61	 99.95
2433.00	2400.06	 1.7805	34.6281	27.7036	 1.94	 84.15	0.040	  136.72	 99.95
2434.00	2401.05	 1.7803	34.6281	27.7036	 1.94	 84.18	0.040	  136.66	 99.95
2435.00	2402.03	 1.7800	34.6281	27.7037	 1.94	 84.28	0.040	  136.61	 99.95
2436.00	2403.01	 1.7795	34.6283	27.7038	 1.94	 84.15	0.040	  136.70	 99.95
2437.00	2403.99	 1.7789	34.6283	27.7039	 1.94	 84.29	0.040	  136.71	 99.95
2438.00	2404.97	 1.7786	34.6284	27.7040	 1.94	 84.25	0.040	  136.62	 99.95
2439.00	2405.95	 1.7785	34.6283	27.7039	 1.94	 84.27	0.041	  136.62	 99.95
2440.00	2406.93	 1.7785	34.6283	27.7040	 1.94	 84.32	0.041	  136.59	 99.95
2441.00	2407.91	 1.7785	34.6285	27.7041	 1.94	 84.38	0.040	  136.61	 99.95
2442.00	2408.89	 1.7785	34.6284	27.7040	 1.94	 84.41	0.040	  136.63	 99.95
2443.00	2409.87	 1.7778	34.6285	27.7041	 1.94	 84.42	0.040	  136.66	 99.95
2444.00	2410.85	 1.7775	34.6285	27.7042	 1.94	 84.36	0.040	  136.59	 99.95
2445.00	2411.83	 1.7775	34.6285	27.7042	 1.94	 84.40	0.040	  136.64	 99.95
2446.00	2412.82	 1.7776	34.6286	27.7043	 1.94	 84.37	0.040	  136.65	 99.95
2447.00	2413.80	 1.7777	34.6285	27.7042	 1.94	 84.42	0.040	  136.60	 99.95
2448.00	2414.78	 1.7776	34.6287	27.7044	 1.94	 84.41	0.040	  136.63	 99.95
2449.00	2415.76	 1.7776	34.6286	27.7043	 1.94	 84.42	0.040	  136.59	 99.95
2450.00	2416.74	 1.7775	34.6286	27.7043	 1.94	 84.39	0.040	  136.64	 99.95
2451.00	2417.72	 1.7776	34.6285	27.7043	 1.94	 84.45	0.040	  136.59	 99.95
2452.00	2418.70	 1.7777	34.6286	27.7043	 1.94	 84.46	0.040	  136.58	 99.95
2453.00	2419.68	 1.7775	34.6287	27.7044	 1.95	 84.58	0.040	  136.62	 99.95
2454.00	2420.66	 1.7774	34.6287	27.7045	 1.94	 84.36	0.040	  136.68	 99.95
2455.00	2421.64	 1.7773	34.6287	27.7045	 1.94	 84.34	0.040	  136.57	 99.95
2456.00	2422.62	 1.7773	34.6287	27.7045	 1.95	 84.55	0.040	  136.58	 99.95
2457.00	2423.60	 1.7773	34.6288	27.7045	 1.95	 84.57	0.040	  136.62	 99.95
2458.00	2424.59	 1.7773	34.6287	27.7045	 1.95	 84.65	0.040	  136.55	 99.95
2459.00	2425.57	 1.7770	34.6289	27.7046	 1.95	 84.61	0.040	  136.63	 99.95
2460.00	2426.55	 1.7768	34.6288	27.7046	 1.95	 84.55	0.040	  136.55	 99.95
2461.00	2427.53	 1.7767	34.6290	27.7047	 1.95	 84.61	0.040	  136.60	 99.95
2462.00	2428.51	 1.7766	34.6290	27.7048	 1.95	 84.62	0.040	  136.49	 99.95
2463.00	2429.49	 1.7767	34.6289	27.7047	 1.95	 84.62	0.040	  136.56	 99.95
2464.00	2430.47	 1.7767	34.6289	27.7047	 1.95	 84.62	0.039	  136.61	 99.95
2465.00	2431.45	 1.7767	34.6289	27.7047	 1.95	 84.67	0.040	  136.58	 99.95
2466.00	2432.43	 1.7766	34.6290	27.7048	 1.95	 84.69	0.040	  136.61	 99.95
2467.00	2433.41	 1.7765	34.6291	27.7049	 1.95	 84.73	0.040	  136.62	 99.95
2468.00	2434.39	 1.7765	34.6291	27.7049	 1.95	 84.72	0.040	  136.60	 99.95
2469.00	2435.37	 1.7766	34.6292	27.7050	 1.95	 84.70	0.040	  136.61	 99.95
2470.00	2436.35	 1.7767	34.6290	27.7048	 1.95	 84.68	0.040	  136.59	 99.95
2471.00	2437.33	 1.7767	34.6290	27.7049	 1.95	 84.77	0.040	  136.59	 99.95
2472.00	2438.32	 1.7767	34.6292	27.7050	 1.95	 84.82	0.040	  136.55	 99.95
2473.00	2439.30	 1.7766	34.6292	27.7051	 1.95	 84.74	0.040	  136.52	 99.95
2474.00	2440.28	 1.7765	34.6292	27.7050	 1.95	 84.81	0.040	  136.52	 99.95
2475.00	2441.26	 1.7765	34.6292	27.7051	 1.95	 84.82	0.040	  136.60	 99.95
2476.00	2442.24	 1.7764	34.6292	27.7051	 1.95	 84.81	0.040	  136.55	 99.95
2477.00	2443.22	 1.7765	34.6291	27.7050	 1.95	 84.83	0.040	  136.60	 99.95
2478.00	2444.20	 1.7765	34.6292	27.7051	 1.95	 84.79	0.040	  136.55	 99.95
2479.00	2445.18	 1.7764	34.6293	27.7052	 1.95	 84.87	0.040	  136.56	 99.95
2480.00	2446.16	 1.7764	34.6292	27.7051	 1.95	 84.84	0.040	  136.53	 99.95
2481.00	2447.14	 1.7763	34.6292	27.7051	 1.95	 84.88	0.040	  136.55	 99.95
2482.00	2448.12	 1.7761	34.6294	27.7053	 1.96	 85.00	0.040	  136.56	 99.95
2483.00	2449.10	 1.7757	34.6294	27.7053	 1.95	 84.91	0.040	  136.54	 99.95
2484.00	2450.08	 1.7754	34.6294	27.7054	 1.95	 84.95	0.040	  136.58	 99.95
2485.00	2451.06	 1.7747	34.6295	27.7055	 1.95	 84.90	0.040	  136.48	 99.95
2486.00	2452.04	 1.7743	34.6296	27.7056	 1.95	 84.90	0.040	  136.53	 99.95
2487.00	2453.03	 1.7742	34.6296	27.7056	 1.95	 84.95	0.040	  136.55	 99.95
2488.00	2454.01	 1.7743	34.6295	27.7056	 1.95	 84.90	0.040	  136.54	 99.95
2489.00	2454.99	 1.7742	34.6296	27.7056	 1.95	 84.89	0.040	  136.61	 99.95
2490.00	2455.97	 1.7738	34.6296	27.7057	 1.96	 84.96	0.040	  136.52	 99.95
2491.00	2456.95	 1.7735	34.6295	27.7056	 1.95	 84.92	0.040	  136.52	 99.95
2492.00	2457.93	 1.7726	34.6295	27.7057	 1.96	 84.99	0.040	  136.53	 99.95
2493.00	2458.91	 1.7724	34.6297	27.7059	 1.96	 85.04	0.040	  136.55	 99.95
2494.00	2459.89	 1.7724	34.6297	27.7059	 1.96	 84.97	0.040	  136.56	 99.95
2495.00	2460.87	 1.7724	34.6298	27.7059	 1.96	 85.04	0.040	  136.50	 99.95
2496.00	2461.85	 1.7725	34.6297	27.7059	 1.96	 85.06	0.040	  136.52	 99.95
2497.00	2462.83	 1.7726	34.6297	27.7059	 1.96	 85.07	0.040	  136.54	 99.95
2498.00	2463.81	 1.7724	34.6298	27.7060	 1.96	 85.00	0.040	  136.53	 99.95
2499.00	2464.79	 1.7723	34.6298	27.7060	 1.96	 85.06	0.040	  136.56	 99.95
2500.00	2465.77	 1.7720	34.6298	27.7060	 1.96	 85.14	0.040	  136.54	 99.95
2501.00	2466.75	 1.7714	34.6299	27.7062	 1.96	 85.19	0.040	  136.56	 99.95
2502.00	2467.73	 1.7711	34.6300	27.7063	 1.96	 85.26	0.039	  136.51	 99.95
2503.00	2468.72	 1.7709	34.6302	27.7064	 1.96	 85.18	0.040	  136.54	 99.95
2504.00	2469.70	 1.7708	34.6304	27.7066	 1.96	 85.25	0.040	  136.54	 99.95
2505.00	2470.68	 1.7708	34.6303	27.7066	 1.96	 85.28	0.040	  136.53	 99.95
2506.00	2471.66	 1.7706	34.6302	27.7065	 1.96	 85.27	0.040	  136.54	 99.95
2507.00	2472.64	 1.7697	34.6304	27.7067	 1.96	 85.30	0.040	  136.53	 99.95
2508.00	2473.62	 1.7697	34.6303	27.7067	 1.97	 85.44	0.040	  136.52	 99.95
2509.00	2474.60	 1.7696	34.6305	27.7068	 1.97	 85.60	0.040	  136.53	 99.95
2510.00	2475.58	 1.7696	34.6304	27.7068	 1.97	 85.50	0.040	  136.47	 99.95
2511.00	2476.56	 1.7694	34.6305	27.7069	 1.97	 85.51	0.040	  136.51	 99.95
2512.00	2477.54	 1.7694	34.6305	27.7068	 1.97	 85.52	0.040	  136.53	 99.95
2513.00	2478.52	 1.7689	34.6306	27.7069	 1.97	 85.58	0.040	  136.49	 99.95
2514.00	2479.50	 1.7685	34.6305	27.7070	 1.97	 85.50	0.040	  136.46	 99.95
2515.00	2480.48	 1.7683	34.6306	27.7070	 1.97	 85.49	0.040	  136.49	 99.95
2516.00	2481.46	 1.7683	34.6306	27.7071	 1.97	 85.46	0.040	  136.50	 99.95
2517.00	2482.44	 1.7683	34.6307	27.7072	 1.97	 85.49	0.040	  136.55	 99.95
2518.00	2483.42	 1.7685	34.6306	27.7070	 1.97	 85.59	0.040	  136.54	 99.95
2519.00	2484.40	 1.7679	34.6307	27.7072	 1.97	 85.67	0.040	  136.50	 99.95
2520.00	2485.38	 1.7671	34.6309	27.7074	 1.97	 85.70	0.040	  136.52	 99.95
2521.00	2486.36	 1.7671	34.6309	27.7074	 1.97	 85.68	0.040	  136.46	 99.95
2522.00	2487.35	 1.7670	34.6311	27.7075	 1.97	 85.69	0.040	  136.48	 99.95
2523.00	2488.33	 1.7671	34.6309	27.7074	 1.97	 85.63	0.040	  136.52	 99.95
2524.00	2489.31	 1.7670	34.6309	27.7074	 1.97	 85.70	0.040	  136.49	 99.95
2525.00	2490.29	 1.7666	34.6311	27.7076	 1.98	 85.84	0.040	  136.50	 99.95
2526.00	2491.27	 1.7665	34.6310	27.7076	 1.97	 85.76	0.040	  136.54	 99.95
2527.00	2492.25	 1.7666	34.6310	27.7075	 1.97	 85.68	0.040	  136.52	 99.95
2528.00	2493.23	 1.7666	34.6310	27.7076	 1.97	 85.66	0.040	  136.48	 99.95
2529.00	2494.21	 1.7661	34.6310	27.7076	 1.97	 85.66	0.040	  136.53	 99.95
2530.00	2495.19	 1.7658	34.6310	27.7076	 1.97	 85.71	0.040	  136.48	 99.95
2531.00	2496.17	 1.7652	34.6311	27.7078	 1.97	 85.75	0.040	  136.48	 99.95
2532.00	2497.15	 1.7645	34.6312	27.7079	 1.97	 85.74	0.040	  136.47	 99.95
2533.00	2498.13	 1.7638	34.6313	27.7081	 1.97	 85.80	0.040	  136.51	 99.95
2534.00	2499.11	 1.7635	34.6313	27.7081	 1.98	 85.86	0.040	  136.48	 99.95
2535.00	2500.09	 1.7633	34.6313	27.7081	 1.98	 85.89	0.040	  136.50	 99.95
2536.00	2501.07	 1.7634	34.6313	27.7081	 1.98	 85.91	0.040	  136.50	 99.95
2537.00	2502.05	 1.7634	34.6314	27.7082	 1.98	 85.85	0.040	  136.46	 99.95
2538.00	2503.03	 1.7634	34.6314	27.7082	 1.98	 86.02	0.040	  136.49	 99.95
2539.00	2504.01	 1.7622	34.6314	27.7083	 1.98	 85.91	0.040	  136.45	 99.95
2540.00	2504.99	 1.7616	34.6318	27.7086	 1.98	 85.83	0.040	  136.49	 99.95
2541.00	2505.97	 1.7614	34.6317	27.7086	 1.98	 85.93	0.040	  136.49	 99.95
2542.00	2506.95	 1.7615	34.6316	27.7085	 1.98	 86.01	0.040	  136.49	 99.95
2543.00	2507.93	 1.7616	34.6317	27.7086	 1.98	 86.22	0.040	  136.48	 99.95
2544.00	2508.91	 1.7617	34.6317	27.7086	 1.98	 86.14	0.040	  136.51	 99.95
2545.00	2509.89	 1.7618	34.6317	27.7086	 1.98	 86.08	0.040	  136.41	 99.95
2546.00	2510.88	 1.7619	34.6317	27.7086	 1.98	 86.15	0.040	  136.48	 99.95
2547.00	2511.86	 1.7619	34.6318	27.7087	 1.98	 86.25	0.039	  136.48	 99.95
2548.00	2512.84	 1.7620	34.6318	27.7086	 1.98	 86.14	0.040	  136.44	 99.95
2549.00	2513.82	 1.7620	34.6318	27.7087	 1.98	 86.09	0.040	  136.46	 99.95
2550.00	2514.80	 1.7622	34.6316	27.7085	 1.98	 86.19	0.040	  136.47	 99.95
2551.00	2515.78	 1.7618	34.6318	27.7087	 1.99	 86.26	0.040	  136.43	 99.95
2552.00	2516.76	 1.7613	34.6320	27.7089	 1.99	 86.35	0.040	  136.42	 99.95
2553.00	2517.74	 1.7608	34.6320	27.7089	 1.99	 86.32	0.040	  136.45	 99.95
2554.00	2518.72	 1.7606	34.6321	27.7091	 1.99	 86.36	0.040	  136.41	 99.95
2555.00	2519.70	 1.7604	34.6322	27.7092	 1.99	 86.29	0.040	  136.40	 99.95
2556.00	2520.68	 1.7604	34.6321	27.7091	 1.99	 86.29	0.040	  136.46	 99.95
2557.00	2521.66	 1.7605	34.6320	27.7090	 1.99	 86.40	0.040	  136.45	 99.95
2558.00	2522.64	 1.7605	34.6320	27.7090	 1.99	 86.43	0.040	  136.46	 99.95
2559.00	2523.62	 1.7605	34.6320	27.7090	 1.99	 86.41	0.040	  136.48	 99.95
2560.00	2524.60	 1.7602	34.6322	27.7092	 1.99	 86.39	0.040	  136.44	 99.95
2561.00	2525.58	 1.7601	34.6322	27.7092	 1.99	 86.37	0.040	  136.43	 99.95
2562.00	2526.56	 1.7598	34.6323	27.7094	 1.99	 86.47	0.040	  136.46	 99.95
