wcoa21_data_management/01_CRUISE_METADATA/00_OCADS_data/CTD_downcasts/WCOA_2021_CTD_downcasts/dRB2102_CTD_053_01_F.txt
* Sea-Bird SBE 9 Data:
* Software Version Seasave V 7.26.7.107
* Vessel: NOAA Ship Ronald H. Brown
* Cruise: RB2102, West Coast Ocean Acidification (WCOA) 2021
* Dates: 20210622 to 20210723
* Region: NE Pacific, USA West Coast
* Ports: San Diego, CA to Port Angeles, WA to San Diego, CA
* Chief Scientists: R. Feely, NOAA PMEL; D. Greeley, NOAA PMEL; B. Carter, NOAA PMEL / UW CICOES
*END*
[from data line 1067]
1071.00	1059.67	 3.6510	34.4143	27.3633	 0.41	 17.80	0.040	  163.64	100.00
1072.00	1060.66	 3.6501	34.4146	27.3637	 0.41	 17.85	0.041	  163.60	100.00
1073.00	1061.65	 3.6463	34.4153	27.3646	 0.41	 17.95	0.041	  163.62	100.00
1074.00	1062.63	 3.6415	34.4160	27.3656	 0.42	 18.11	0.040	  163.61	100.00
1075.00	1063.62	 3.6401	34.4161	27.3658	 0.41	 18.02	0.040	  163.61	100.00
1076.00	1064.61	 3.6387	34.4163	27.3662	 0.41	 18.02	0.040	  163.59	100.00
1077.00	1065.59	 3.6355	34.4169	27.3670	 0.41	 18.03	0.041	  163.63	100.00
1078.00	1066.58	 3.6328	34.4172	27.3675	 0.41	 18.02	0.041	  163.59	100.00
1079.00	1067.57	 3.6317	34.4173	27.3676	 0.42	 18.07	0.041	  163.58	100.00
1080.00	1068.55	 3.6308	34.4173	27.3678	 0.42	 18.15	0.040	  163.61	100.00
1081.00	1069.54	 3.6303	34.4175	27.3680	 0.42	 18.31	0.041	  163.58	100.00
1082.00	1070.53	 3.6297	34.4176	27.3681	 0.42	 18.32	0.042	  163.69	100.00
1083.00	1071.52	 3.6291	34.4177	27.3683	 0.42	 18.25	0.042	  163.63	100.00
1084.00	1072.50	 3.6258	34.4179	27.3688	 0.42	 18.26	0.041	  163.65	100.00
1085.00	1073.49	 3.6233	34.4185	27.3695	 0.42	 18.26	0.041	  163.61	100.00
1086.00	1074.48	 3.6220	34.4185	27.3697	 0.42	 18.27	0.041	  163.56	100.00
1087.00	1075.46	 3.6151	34.4195	27.3711	 0.42	 18.28	0.040	  163.55	100.00
1088.00	1076.45	 3.6137	34.4199	27.3716	 0.42	 18.40	0.040	  163.55	100.00
1089.00	1077.44	 3.6109	34.4202	27.3721	 0.43	 18.57	0.040	  163.60	100.00
1090.00	1078.42	 3.6072	34.4206	27.3728	 0.43	 18.52	0.040	  163.63	100.00
1091.00	1079.41	 3.6042	34.4210	27.3734	 0.43	 18.48	0.040	  163.59	100.00
1092.00	1080.40	 3.6006	34.4212	27.3739	 0.43	 18.51	0.040	  163.56	100.00
1093.00	1081.38	 3.5972	34.4219	27.3748	 0.43	 18.50	0.040	  163.56	100.00
1094.00	1082.37	 3.5959	34.4221	27.3751	 0.43	 18.52	0.040	  163.50	100.00
1095.00	1083.36	 3.5953	34.4221	27.3751	 0.43	 18.59	0.041	  163.53	100.00
1096.00	1084.34	 3.5945	34.4224	27.3754	 0.43	 18.74	0.041	  163.58	100.00
1097.00	1085.33	 3.5902	34.4229	27.3763	 0.43	 18.70	0.041	  163.59	100.00
1098.00	1086.32	 3.5818	34.4232	27.3774	 0.43	 18.75	0.041	  163.53	100.00
1099.00	1087.30	 3.5756	34.4241	27.3787	 0.43	 18.72	0.041	  163.49	100.00
1100.00	1088.29	 3.5752	34.4241	27.3788	 0.43	 18.67	0.041	  163.49	100.00
1101.00	1089.28	 3.5752	34.4242	27.3788	 0.43	 18.63	0.042	  163.49	100.00
1102.00	1090.26	 3.5753	34.4241	27.3787	 0.43	 18.76	0.041	  163.50	100.00
1103.00	1091.25	 3.5754	34.4242	27.3788	 0.43	 18.74	0.040	  163.50	100.00
1104.00	1092.24	 3.5753	34.4242	27.3788	 0.43	 18.67	0.041	  163.47	100.00
1105.00	1093.22	 3.5751	34.4242	27.3789	 0.43	 18.52	0.040	  163.51	100.00
1106.00	1094.21	 3.5747	34.4244	27.3790	 0.43	 18.64	0.040	  163.48	100.00
1107.00	1095.20	 3.5745	34.4242	27.3789	 0.43	 18.78	0.040	  163.47	100.00
1108.00	1096.18	 3.5728	34.4247	27.3795	 0.43	 18.80	0.041	  163.42	100.00
1109.00	1097.17	 3.5692	34.4248	27.3799	 0.43	 18.75	0.042	  163.34	100.00
1110.00	1098.16	 3.5670	34.4251	27.3804	 0.43	 18.79	0.042	  163.39	100.00
1111.00	1099.15	 3.5612	34.4256	27.3814	 0.43	 18.78	0.042	  163.48	100.00
1112.00	1100.13	 3.5551	34.4265	27.3826	 0.43	 18.81	0.042	  163.46	100.00
1113.00	1101.12	 3.5508	34.4269	27.3834	 0.44	 18.94	0.041	  163.43	100.00
1114.00	1102.11	 3.5482	34.4273	27.3840	 0.44	 19.07	0.041	  163.41	100.00
1115.00	1103.09	 3.5468	34.4275	27.3843	 0.44	 19.01	0.041	  163.45	100.00
1116.00	1104.08	 3.5462	34.4276	27.3845	 0.44	 19.00	0.040	  163.47	100.00
1117.00	1105.07	 3.5453	34.4277	27.3846	 0.44	 19.03	0.040	  163.43	100.00
1118.00	1106.05	 3.5419	34.4281	27.3853	 0.44	 19.12	0.041	  163.43	100.00
1119.00	1107.04	 3.5388	34.4287	27.3861	 0.44	 19.05	0.041	  163.41	100.00
1120.00	1108.03	 3.5386	34.4288	27.3862	 0.44	 19.03	0.040	  163.39	100.00
1121.00	1109.01	 3.5352	34.4291	27.3867	 0.44	 19.06	0.040	  163.47	100.00
1122.00	1110.00	 3.5349	34.4293	27.3869	 0.44	 19.14	0.041	  163.42	100.00
1123.00	1110.99	 3.5344	34.4292	27.3869	 0.44	 19.33	0.041	  163.40	100.00
1124.00	1111.97	 3.5335	34.4294	27.3872	 0.44	 19.23	0.041	  163.39	100.00
1125.00	1112.96	 3.5327	34.4298	27.3875	 0.44	 19.17	0.041	  163.37	100.00
1126.00	1113.95	 3.5329	34.4297	27.3875	 0.44	 19.13	0.040	  163.41	100.00
1127.00	1114.93	 3.5324	34.4299	27.3877	 0.44	 19.19	0.040	  163.39	100.00
1128.00	1115.92	 3.5323	34.4299	27.3877	 0.44	 19.26	0.041	  163.39	100.00
1129.00	1116.91	 3.5317	34.4298	27.3877	 0.44	 19.28	0.041	  163.38	100.00
1130.00	1117.89	 3.5312	34.4300	27.3879	 0.44	 19.25	0.041	  163.38	100.00
1131.00	1118.88	 3.5298	34.4300	27.3880	 0.44	 19.29	0.040	  163.44	100.00
1132.00	1119.87	 3.5292	34.4304	27.3884	 0.45	 19.46	0.040	  163.41	100.00
1133.00	1120.85	 3.5287	34.4307	27.3887	 0.45	 19.42	0.040	  163.37	100.00
1134.00	1121.84	 3.5287	34.4307	27.3887	 0.44	 19.34	0.040	  163.40	100.00
1135.00	1122.83	 3.5289	34.4308	27.3888	 0.44	 19.22	0.040	  163.34	100.00
1136.00	1123.81	 3.5292	34.4307	27.3887	 0.45	 19.38	0.040	  163.39	100.00
1137.00	1124.80	 3.5292	34.4304	27.3885	 0.45	 19.51	0.040	  163.38	100.00
1138.00	1125.78	 3.5270	34.4308	27.3890	 0.45	 19.53	0.040	  163.36	100.00
1139.00	1126.77	 3.5234	34.4317	27.3901	 0.45	 19.52	0.041	  163.38	100.00
1140.00	1127.76	 3.5219	34.4319	27.3904	 0.45	 19.54	0.040	  163.36	100.00
1141.00	1128.74	 3.5209	34.4320	27.3905	 0.45	 19.58	0.040	  163.32	100.00
1142.00	1129.73	 3.5198	34.4323	27.3909	 0.45	 19.58	0.041	  163.38	100.00
1143.00	1130.72	 3.5179	34.4326	27.3913	 0.45	 19.59	0.041	  163.36	100.00
1144.00	1131.70	 3.5152	34.4330	27.3920	 0.45	 19.71	0.040	  163.33	100.00
1145.00	1132.69	 3.5167	34.4330	27.3917	 0.46	 19.82	0.040	  163.33	100.00
1146.00	1133.68	 3.5142	34.4329	27.3920	 0.45	 19.77	0.040	  163.34	100.00
1147.00	1134.66	 3.5088	34.4338	27.3932	 0.46	 19.79	0.040	  163.31	100.00
1148.00	1135.65	 3.5026	34.4342	27.3941	 0.46	 19.95	0.040	  163.27	100.00
1149.00	1136.64	 3.4960	34.4352	27.3955	 0.46	 20.09	0.041	  163.27	100.00
1150.00	1137.62	 3.4905	34.4356	27.3964	 0.46	 20.05	0.041	  163.31	100.00
1151.00	1138.61	 3.4776	34.4372	27.3989	 0.46	 20.12	0.041	  163.32	100.00
1152.00	1139.60	 3.4723	34.4379	27.4000	 0.47	 20.23	0.040	  163.31	100.00
1153.00	1140.58	 3.4710	34.4383	27.4004	 0.47	 20.38	0.041	  163.26	100.00
1154.00	1141.57	 3.4671	34.4383	27.4008	 0.47	 20.34	0.041	  163.26	100.00
1155.00	1142.56	 3.4616	34.4390	27.4019	 0.47	 20.38	0.041	  163.31	100.00
1156.00	1143.54	 3.4566	34.4396	27.4029	 0.47	 20.51	0.041	  163.24	100.00
1157.00	1144.53	 3.4556	34.4399	27.4032	 0.47	 20.46	0.040	  163.25	100.00
1158.00	1145.52	 3.4559	34.4399	27.4032	 0.47	 20.46	0.040	  163.20	100.00
1159.00	1146.50	 3.4556	34.4397	27.4031	 0.47	 20.45	0.040	  163.27	100.00
1160.00	1147.49	 3.4542	34.4401	27.4035	 0.47	 20.45	0.040	  163.29	100.00
1161.00	1148.48	 3.4534	34.4400	27.4036	 0.47	 20.49	0.040	  163.27	100.00
1162.00	1149.46	 3.4507	34.4403	27.4041	 0.47	 20.48	0.040	  163.28	100.00
1163.00	1150.45	 3.4489	34.4406	27.4045	 0.47	 20.50	0.040	  163.28	100.00
1164.00	1151.43	 3.4485	34.4408	27.4046	 0.47	 20.47	0.040	  163.26	100.00
1165.00	1152.42	 3.4486	34.4408	27.4046	 0.47	 20.49	0.040	  163.23	100.00
1166.00	1153.41	 3.4479	34.4408	27.4047	 0.47	 20.49	0.040	  163.26	 67.09
1167.00	1154.39	 3.4447	34.4411	27.4053	 0.47	 20.52	0.040	  163.26	 99.38
1168.00	1155.38	 3.4442	34.4412	27.4054	 0.47	 20.53	0.041	  163.24	100.00
1169.00	1156.37	 3.4439	34.4412	27.4055	 0.47	 20.50	0.041	  163.19	100.00
1170.00	1157.35	 3.4431	34.4415	27.4058	 0.47	 20.60	0.041	  163.23	100.00
1171.00	1158.34	 3.4385	34.4417	27.4063	 0.48	 20.71	0.042	  163.17	100.00
1172.00	1159.33	 3.4325	34.4424	27.4075	 0.48	 20.72	0.041	  163.17	100.00
1173.00	1160.31	 3.4262	34.4429	27.4085	 0.48	 20.72	0.041	  163.21	100.00
1174.00	1161.30	 3.4221	34.4432	27.4092	 0.48	 20.78	0.041	  163.18	100.00
1175.00	1162.29	 3.4172	34.4438	27.4101	 0.48	 20.77	0.040	  163.15	100.00
1176.00	1163.27	 3.4140	34.4440	27.4106	 0.48	 20.80	0.040	  163.13	100.00
1177.00	1164.26	 3.4115	34.4444	27.4111	 0.48	 20.92	0.040	  163.19	100.00
1178.00	1165.24	 3.4065	34.4448	27.4119	 0.48	 21.05	0.041	  163.17	100.00
1179.00	1166.23	 3.3936	34.4467	27.4147	 0.49	 21.10	0.041	  163.14	100.00
1180.00	1167.22	 3.3909	34.4468	27.4150	 0.49	 21.29	0.041	  163.13	100.00
1181.00	1168.20	 3.3844	34.4473	27.4161	 0.49	 21.29	0.042	  163.16	100.00
1182.00	1169.19	 3.3787	34.4479	27.4170	 0.49	 21.25	0.040	  163.14	100.00
1183.00	1170.18	 3.3672	34.4486	27.4187	 0.49	 21.39	0.041	  163.16	100.00
1184.00	1171.16	 3.3664	34.4490	27.4191	 0.50	 21.55	0.040	  163.17	100.00
1185.00	1172.15	 3.3619	34.4493	27.4198	 0.49	 21.45	0.040	  163.14	100.00
1186.00	1173.14	 3.3586	34.4496	27.4203	 0.49	 21.46	0.040	  163.16	100.00
1187.00	1174.12	 3.3566	34.4499	27.4207	 0.49	 21.48	0.041	  163.14	100.00
1188.00	1175.11	 3.3495	34.4502	27.4217	 0.49	 21.48	0.041	  163.15	100.00
1189.00	1176.09	 3.3456	34.4507	27.4224	 0.49	 21.50	0.041	  163.10	100.00
1190.00	1177.08	 3.3437	34.4509	27.4228	 0.50	 21.53	0.041	  163.15	100.00
1191.00	1178.07	 3.3416	34.4511	27.4231	 0.50	 21.52	0.040	  163.15	100.00
1192.00	1179.05	 3.3391	34.4512	27.4235	 0.50	 21.62	0.041	  163.09	100.00
1193.00	1180.04	 3.3374	34.4515	27.4239	 0.50	 21.62	0.040	  163.13	100.00
1194.00	1181.03	 3.3357	34.4518	27.4242	 0.49	 21.45	0.040	  163.13	100.00
1195.00	1182.01	 3.3357	34.4517	27.4242	 0.50	 21.64	0.040	  163.16	100.00
1196.00	1183.00	 3.3355	34.4516	27.4242	 0.50	 21.69	0.040	  163.13	100.00
1197.00	1183.99	 3.3343	34.4518	27.4244	 0.50	 21.60	0.040	  163.14	100.00
1198.00	1184.97	 3.3345	34.4517	27.4244	 0.50	 21.52	0.040	  163.10	100.00
1199.00	1185.96	 3.3350	34.4518	27.4244	 0.50	 21.66	0.041	  163.14	100.00
1200.00	1186.94	 3.3345	34.4518	27.4244	 0.50	 21.54	0.041	  163.12	100.00
1201.00	1187.93	 3.3341	34.4519	27.4245	 0.50	 21.69	0.040	  163.10	100.00
1202.00	1188.92	 3.3340	34.4520	27.4246	 0.50	 21.73	0.040	  163.09	100.00
1203.00	1189.90	 3.3336	34.4520	27.4247	 0.50	 21.55	0.040	  163.08	100.00
1204.00	1190.89	 3.3333	34.4520	27.4248	 0.50	 21.57	0.040	  163.10	100.00
1205.00	1191.88	 3.3325	34.4521	27.4249	 0.50	 21.65	0.040	  163.08	100.00
1206.00	1192.86	 3.3331	34.4520	27.4248	 0.50	 21.62	0.041	  163.11	100.00
1207.00	1193.85	 3.3331	34.4520	27.4248	 0.50	 21.80	0.042	  163.08	100.00
1208.00	1194.83	 3.3329	34.4521	27.4249	 0.50	 21.53	0.040	  163.02	100.00
1209.00	1195.82	 3.3328	34.4522	27.4250	 0.50	 21.54	0.041	  163.11	100.00
1210.00	1196.81	 3.3328	34.4520	27.4249	 0.50	 21.61	0.041	  163.14	100.00
1211.00	1197.79	 3.3327	34.4522	27.4250	 0.50	 21.70	0.040	  163.10	100.00
1212.00	1198.78	 3.3331	34.4519	27.4248	 0.50	 21.58	0.041	  163.10	100.00
1213.00	1199.77	 3.3330	34.4521	27.4250	 0.50	 21.58	0.042	  163.00	100.00
1214.00	1200.75	 3.3329	34.4521	27.4249	 0.50	 21.69	0.040	  163.03	100.00
1215.00	1201.74	 3.3325	34.4521	27.4250	 0.50	 21.73	0.040	  163.13	100.00
1216.00	1202.72	 3.3321	34.4523	27.4252	 0.50	 21.70	0.040	  163.06	100.00
1217.00	1203.71	 3.3318	34.4523	27.4252	 0.50	 21.70	0.041	  163.06	100.00
1218.00	1204.70	 3.3310	34.4524	27.4254	 0.50	 21.82	0.042	  163.02	100.00
1219.00	1205.68	 3.3302	34.4524	27.4255	 0.50	 21.67	0.041	  163.00	100.00
1220.00	1206.67	 3.3284	34.4528	27.4260	 0.50	 21.69	0.040	  163.05	100.00
1221.00	1207.66	 3.3284	34.4526	27.4258	 0.50	 21.89	0.040	  163.02	100.00
1222.00	1208.64	 3.3273	34.4529	27.4262	 0.50	 21.79	0.040	  163.01	100.00
1223.00	1209.63	 3.3266	34.4528	27.4262	 0.50	 21.82	0.040	  163.03	100.00
1224.00	1210.61	 3.3244	34.4530	27.4266	 0.50	 21.83	0.040	  162.99	100.00
1225.00	1211.60	 3.3220	34.4534	27.4271	 0.50	 21.91	0.040	  162.98	100.00
1226.00	1212.59	 3.3217	34.4535	27.4272	 0.50	 21.93	0.041	  163.03	100.00
1227.00	1213.57	 3.3196	34.4537	27.4276	 0.50	 21.84	0.041	  162.98	100.00
1228.00	1214.56	 3.3187	34.4539	27.4278	 0.51	 22.00	0.040	  163.00	100.00
1229.00	1215.55	 3.3179	34.4540	27.4280	 0.51	 22.04	0.041	  162.98	100.00
1230.00	1216.53	 3.3167	34.4542	27.4283	 0.51	 22.09	0.040	  163.00	100.00
1231.00	1217.52	 3.3133	34.4544	27.4287	 0.51	 22.09	0.040	  163.04	100.00
1232.00	1218.50	 3.3130	34.4546	27.4289	 0.51	 22.09	0.040	  162.99	100.00
1233.00	1219.49	 3.3106	34.4548	27.4294	 0.51	 22.15	0.040	  162.98	100.00
1234.00	1220.48	 3.3083	34.4551	27.4298	 0.51	 22.12	0.041	  162.95	100.00
1235.00	1221.46	 3.3078	34.4551	27.4299	 0.51	 22.18	0.041	  162.89	100.00
1236.00	1222.45	 3.3078	34.4552	27.4299	 0.51	 22.19	0.040	  162.95	100.00
1237.00	1223.43	 3.3072	34.4552	27.4299	 0.51	 22.14	0.040	  162.97	100.00
1238.00	1224.42	 3.3071	34.4552	27.4300	 0.51	 22.20	0.040	  162.93	100.00
1239.00	1225.41	 3.3071	34.4553	27.4301	 0.51	 22.18	0.040	  162.95	100.00
1240.00	1226.39	 3.3073	34.4552	27.4300	 0.51	 22.17	0.041	  162.92	100.00
1241.00	1227.38	 3.3070	34.4551	27.4300	 0.51	 22.24	0.041	  162.95	100.00
1242.00	1228.36	 3.3059	34.4554	27.4303	 0.51	 22.28	0.040	  162.88	100.00
1243.00	1229.35	 3.3034	34.4555	27.4306	 0.51	 22.36	0.041	  162.96	100.00
1244.00	1230.34	 3.2996	34.4558	27.4312	 0.51	 22.30	0.041	  162.94	100.00
1245.00	1231.32	 3.2980	34.4561	27.4316	 0.51	 22.38	0.041	  162.97	100.00
1246.00	1232.31	 3.2961	34.4562	27.4319	 0.51	 22.34	0.041	  163.02	100.00
1247.00	1233.30	 3.2947	34.4564	27.4322	 0.51	 22.35	0.040	  162.95	100.00
1248.00	1234.28	 3.2933	34.4566	27.4325	 0.52	 22.41	0.040	  162.88	100.00
1249.00	1235.27	 3.2906	34.4567	27.4328	 0.52	 22.46	0.040	  162.94	100.00
1250.00	1236.25	 3.2819	34.4574	27.4342	 0.52	 22.62	0.041	  162.89	100.00
1251.00	1237.24	 3.2741	34.4582	27.4356	 0.52	 22.64	0.040	  162.88	100.00
1252.00	1238.23	 3.2725	34.4586	27.4360	 0.52	 22.60	0.040	  162.85	100.00
1253.00	1239.21	 3.2721	34.4586	27.4360	 0.52	 22.60	0.040	  162.88	100.00
1254.00	1240.20	 3.2712	34.4584	27.4360	 0.52	 22.68	0.041	  162.80	100.00
1255.00	1241.18	 3.2652	34.4591	27.4371	 0.52	 22.75	0.041	  162.89	100.00
1256.00	1242.17	 3.2623	34.4594	27.4377	 0.52	 22.76	0.041	  162.89	100.00
1257.00	1243.16	 3.2607	34.4596	27.4380	 0.52	 22.81	0.041	  162.83	100.00
1258.00	1244.14	 3.2580	34.4601	27.4386	 0.53	 22.88	0.041	  162.84	100.00
1259.00	1245.13	 3.2559	34.4603	27.4390	 0.53	 22.88	0.041	  162.88	100.00
1260.00	1246.11	 3.2544	34.4604	27.4392	 0.53	 22.98	0.041	  162.83	100.00
1261.00	1247.10	 3.2524	34.4604	27.4394	 0.53	 23.06	0.041	  162.88	100.00
1262.00	1248.09	 3.2489	34.4610	27.4402	 0.53	 22.96	0.041	  162.85	100.00
1263.00	1249.07	 3.2467	34.4614	27.4407	 0.53	 23.05	0.041	  162.88	100.00
1264.00	1250.06	 3.2459	34.4615	27.4409	 0.53	 23.09	0.041	  162.84	100.00
1265.00	1251.04	 3.2449	34.4616	27.4411	 0.53	 23.05	0.040	  162.87	100.00
1266.00	1252.03	 3.2408	34.4619	27.4417	 0.53	 23.16	0.040	  162.88	100.00
1267.00	1253.02	 3.2377	34.4622	27.4422	 0.53	 23.14	0.040	  162.88	100.00
1268.00	1254.00	 3.2366	34.4624	27.4425	 0.53	 23.14	0.041	  162.83	100.00
1269.00	1254.99	 3.2343	34.4625	27.4428	 0.54	 23.29	0.041	  162.86	100.00
1270.00	1255.97	 3.2301	34.4628	27.4434	 0.54	 23.29	0.040	  162.86	100.00
1271.00	1256.96	 3.2233	34.4634	27.4446	 0.53	 23.24	0.040	  162.83	100.00
1272.00	1257.95	 3.2184	34.4640	27.4455	 0.54	 23.41	0.040	  162.82	100.00
1273.00	1258.93	 3.2168	34.4642	27.4458	 0.54	 23.41	0.041	  162.84	100.00
1274.00	1259.92	 3.2144	34.4645	27.4462	 0.54	 23.52	0.040	  162.80	100.00
1275.00	1260.90	 3.2120	34.4649	27.4468	 0.54	 23.67	0.040	  162.82	100.00
1276.00	1261.89	 3.2111	34.4649	27.4469	 0.54	 23.60	0.040	  162.77	100.00
1277.00	1262.88	 3.2084	34.4651	27.4474	 0.54	 23.60	0.040	  162.85	100.00
1278.00	1263.86	 3.2068	34.4654	27.4477	 0.54	 23.64	0.040	  162.80	100.00
1279.00	1264.85	 3.2025	34.4656	27.4483	 0.54	 23.66	0.040	  162.81	100.00
1280.00	1265.83	 3.1996	34.4661	27.4490	 0.54	 23.67	0.041	  162.78	100.00
1281.00	1266.82	 3.1983	34.4661	27.4491	 0.55	 23.74	0.041	  162.79	100.00
1282.00	1267.81	 3.1943	34.4666	27.4498	 0.55	 23.87	0.040	  162.80	100.00
1283.00	1268.79	 3.1932	34.4668	27.4502	 0.55	 23.84	0.040	  162.75	100.00
