wcoa21_data_management/01_CRUISE_METADATA/00_OCADS_data/CTD_downcasts/WCOA_2021_CTD_downcasts/dRB2102_CTD_126_02_F.txt
* Sea-Bird SBE 9 Data:
* Software Version Seasave V 7.26.7.107
* Vessel: NOAA Ship Ronald H. Brown
* Cruise: RB2102, West Coast Ocean Acidification (WCOA) 2021
* Dates: 20210622 to 20210723
* Region: NE Pacific, USA West Coast
* Ports: San Diego, CA to Port Angeles, WA to San Diego, CA
* Chief Scientists: R. Feely, NOAA PMEL; D. Greeley, NOAA PMEL; B. Carter, NOAA PMEL / UW CICOES
*END*
[from data line 214]
 217.00	 215.35	 9.2382	34.1838	26.4446	 1.62	 70.65	0.040	  130.14	 99.76
 218.00	 216.34	 9.2384	34.1859	26.4462	 1.61	 69.88	0.040	  130.16	 99.76
 219.00	 217.33	 9.2376	34.1878	26.4479	 1.59	 68.98	0.040	  130.13	 99.76
 220.00	 218.32	 9.2370	34.1890	26.4489	 1.57	 68.11	0.040	  130.17	 99.76
 221.00	 219.32	 9.2332	34.1934	26.4530	 1.55	 67.38	0.040	  130.13	 99.76
 222.00	 220.31	 9.2357	34.1968	26.4552	 1.54	 67.13	0.040	  130.13	 99.77
 223.00	 221.30	 9.2359	34.1983	26.4565	 1.54	 67.20	0.041	  130.17	 99.77
 224.00	 222.29	 9.2333	34.1981	26.4567	 1.55	 67.34	0.041	  130.12	 99.78
 225.00	 223.28	 9.2248	34.1986	26.4585	 1.54	 67.16	0.040	  130.15	 99.78
 226.00	 224.28	 9.2225	34.1991	26.4593	 1.54	 67.02	0.040	  130.14	 99.78
 227.00	 225.27	 9.2203	34.1992	26.4598	 1.54	 67.19	0.040	  130.15	 99.78
 228.00	 226.26	 9.2176	34.1990	26.4600	 1.55	 67.29	0.040	  130.09	 99.78
 229.00	 227.25	 9.2114	34.1992	26.4612	 1.55	 67.35	0.040	  130.06	 99.78
 230.00	 228.24	 9.2078	34.1985	26.4612	 1.55	 67.60	0.040	  130.12	 99.78
 231.00	 229.24	 9.1973	34.1982	26.4627	 1.56	 68.02	0.040	  130.13	 99.78
 232.00	 230.23	 9.1877	34.1970	26.4634	 1.57	 68.18	0.040	  130.06	 99.78
 233.00	 231.22	 9.1681	34.1954	26.4653	 1.56	 67.79	0.040	  130.07	 99.78
 234.00	 232.21	 9.1570	34.1956	26.4672	 1.54	 66.88	0.040	  130.04	 99.78
 235.00	 233.20	 9.1526	34.1983	26.4701	 1.52	 66.24	0.040	  130.09	 99.78
 236.00	 234.19	 9.1589	34.2029	26.4727	 1.52	 65.92	0.040	  130.08	 99.78
 237.00	 235.19	 9.1620	34.2051	26.4738	 1.51	 65.83	0.040	  130.12	 99.78
 238.00	 236.18	 9.1595	34.2047	26.4740	 1.51	 65.91	0.040	  130.04	 99.78
 239.00	 237.17	 9.1562	34.2048	26.4746	 1.51	 65.90	0.040	  130.03	 99.78
 240.00	 238.16	 9.1567	34.2050	26.4747	 1.52	 66.03	0.040	  130.08	 99.78
 241.00	 239.15	 9.1557	34.2048	26.4748	 1.51	 65.90	0.041	  129.97	 99.78
 242.00	 240.14	 9.1552	34.2049	26.4749	 1.52	 65.92	0.040	  129.96	 99.78
 243.00	 241.14	 9.1544	34.2047	26.4749	 1.52	 66.13	0.040	  130.03	 99.78
 244.00	 242.13	 9.1473	34.2037	26.4752	 1.52	 66.16	0.040	  129.95	 99.78
 245.00	 243.12	 9.1414	34.2031	26.4757	 1.52	 66.21	0.040	  130.00	 99.78
 246.00	 244.11	 9.1382	34.2029	26.4762	 1.52	 66.26	0.040	  130.00	 99.78
 247.00	 245.10	 9.1361	34.2030	26.4765	 1.52	 65.94	0.040	  130.03	 99.78
 248.00	 246.09	 9.1347	34.2034	26.4771	 1.50	 65.31	0.040	  130.02	 99.78
 249.00	 247.09	 9.1352	34.2042	26.4777	 1.48	 64.60	0.040	  129.98	 99.78
 250.00	 248.08	 9.1361	34.2079	26.4805	 1.47	 63.98	0.040	  129.94	 99.78
 251.00	 249.07	 9.1324	34.2104	26.4830	 1.47	 63.93	0.040	  130.00	 99.78
 252.00	 250.06	 9.1291	34.2111	26.4841	 1.47	 63.88	0.040	  130.05	 99.78
 253.00	 251.05	 9.1290	34.2112	26.4843	 1.46	 63.68	0.040	  129.96	 99.79
 254.00	 252.05	 9.1288	34.2118	26.4848	 1.46	 63.55	0.040	  130.01	 99.79
 255.00	 253.04	 9.1282	34.2120	26.4850	 1.46	 63.38	0.040	  129.92	 99.79
 256.00	 254.03	 9.1292	34.2124	26.4852	 1.45	 63.01	0.040	  130.00	 99.79
 257.00	 255.02	 9.1307	34.2133	26.4857	 1.44	 62.76	0.040	  130.02	 99.79
 258.00	 256.01	 9.1283	34.2141	26.4867	 1.44	 62.64	0.040	  129.94	 99.79
 259.00	 257.00	 9.1275	34.2147	26.4873	 1.44	 62.52	0.040	  129.95	 99.80
 260.00	 258.00	 9.1194	34.2148	26.4887	 1.43	 62.14	0.040	  129.93	 99.80
 261.00	 258.99	 9.1211	34.2170	26.4902	 1.42	 61.69	0.040	  129.97	 99.80
 262.00	 259.98	 9.1154	34.2164	26.4906	 1.41	 61.31	0.040	  129.99	 99.80
 263.00	 260.97	 9.1138	34.2187	26.4927	 1.39	 60.69	0.040	  129.95	 99.80
 264.00	 261.96	 9.1276	34.2218	26.4929	 1.38	 59.91	0.041	  130.00	 99.80
 265.00	 262.95	 9.1360	34.2242	26.4935	 1.37	 59.62	0.041	  129.92	 99.80
 266.00	 263.95	 9.1413	34.2267	26.4946	 1.38	 59.98	0.040	  129.94	 99.80
 267.00	 264.94	 9.1374	34.2261	26.4948	 1.39	 60.37	0.040	  129.96	 99.80
 268.00	 265.93	 9.1185	34.2240	26.4962	 1.40	 60.72	0.040	  129.93	 99.80
 269.00	 266.92	 9.1142	34.2228	26.4960	 1.40	 61.04	0.040	  129.91	 99.80
 270.00	 267.91	 9.1060	34.2215	26.4963	 1.42	 61.71	0.040	  129.95	 99.80
 271.00	 268.90	 9.0932	34.2190	26.4964	 1.43	 62.25	0.040	  129.90	 99.80
 272.00	 269.89	 9.0882	34.2174	26.4959	 1.43	 62.38	0.040	  129.96	 99.80
 273.00	 270.89	 9.0680	34.2141	26.4966	 1.42	 61.73	0.040	  129.97	 99.80
 274.00	 271.88	 9.0583	34.2146	26.4985	 1.40	 61.04	0.040	  129.98	 99.80
 275.00	 272.87	 9.0593	34.2179	26.5010	 1.40	 60.70	0.040	  129.94	 99.80
 276.00	 273.86	 9.0597	34.2196	26.5023	 1.40	 60.88	0.040	  129.93	 99.80
 277.00	 274.85	 9.0523	34.2186	26.5027	 1.40	 61.08	0.040	  129.92	 99.80
 278.00	 275.84	 9.0492	34.2187	26.5032	 1.40	 61.02	0.040	  129.87	 99.80
 279.00	 276.84	 9.0484	34.2185	26.5033	 1.40	 61.01	0.040	  129.92	 99.80
 280.00	 277.83	 9.0459	34.2184	26.5036	 1.40	 61.06	0.040	  129.91	 99.80
 281.00	 278.82	 9.0442	34.2185	26.5039	 1.41	 61.13	0.040	  129.88	 99.80
 282.00	 279.81	 9.0445	34.2187	26.5041	 1.40	 60.93	0.041	  129.91	 99.80
 283.00	 280.80	 9.0452	34.2187	26.5040	 1.40	 60.89	0.041	  129.93	 99.80
 284.00	 281.79	 9.0454	34.2187	26.5040	 1.40	 60.92	0.040	  129.85	 99.80
 285.00	 282.79	 9.0477	34.2189	26.5038	 1.40	 60.88	0.040	  129.88	 99.80
 286.00	 283.78	 9.0469	34.2188	26.5038	 1.40	 60.81	0.040	  129.89	 99.80
 287.00	 284.77	 9.0468	34.2188	26.5039	 1.40	 60.92	0.040	  129.87	 99.80
 288.00	 285.76	 9.0462	34.2188	26.5040	 1.40	 60.83	0.040	  129.82	 99.80
 289.00	 286.75	 9.0471	34.2193	26.5042	 1.39	 60.53	0.040	  129.83	 99.80
 290.00	 287.74	 9.0473	34.2197	26.5045	 1.38	 60.20	0.040	  129.88	 99.80
 291.00	 288.73	 9.0415	34.2211	26.5066	 1.38	 60.12	0.040	  129.82	 99.80
 292.00	 289.73	 9.0321	34.2223	26.5090	 1.38	 60.18	0.040	  129.83	 99.81
 293.00	 290.72	 9.0265	34.2214	26.5093	 1.39	 60.44	0.041	  129.85	 99.80
 294.00	 291.71	 9.0138	34.2199	26.5101	 1.39	 60.61	0.041	  129.89	 99.80
 295.00	 292.70	 9.0091	34.2196	26.5107	 1.39	 60.60	0.040	  129.84	 99.80
 296.00	 293.69	 9.0088	34.2195	26.5106	 1.39	 60.66	0.040	  129.89	 99.80
 297.00	 294.68	 9.0077	34.2194	26.5107	 1.39	 60.54	0.040	  129.90	 99.81
 298.00	 295.68	 9.0074	34.2193	26.5107	 1.39	 60.40	0.040	  129.79	 99.81
 299.00	 296.67	 9.0074	34.2194	26.5108	 1.39	 60.48	0.040	  129.75	 99.81
 300.00	 297.66	 9.0067	34.2192	26.5108	 1.39	 60.33	0.040	  129.83	 99.80
 301.00	 298.65	 9.0031	34.2190	26.5113	 1.38	 60.24	0.040	  129.84	 99.80
 302.00	 299.64	 8.9928	34.2185	26.5125	 1.38	 60.13	0.040	  129.83	 99.81
 303.00	 300.63	 8.9839	34.2191	26.5144	 1.38	 60.01	0.040	  129.79	 99.81
 304.00	 301.62	 8.9815	34.2200	26.5155	 1.38	 59.84	0.040	  129.80	 99.81
 305.00	 302.62	 8.9810	34.2204	26.5159	 1.37	 59.78	0.040	  129.78	 99.81
 306.00	 303.61	 8.9740	34.2201	26.5168	 1.37	 59.62	0.040	  129.78	 99.81
 307.00	 304.60	 8.9661	34.2209	26.5187	 1.37	 59.52	0.040	  129.78	 99.81
 308.00	 305.59	 8.9648	34.2209	26.5189	 1.37	 59.63	0.040	  129.76	 99.81
 309.00	 306.58	 8.9636	34.2211	26.5193	 1.36	 59.36	0.040	  129.73	 99.82
 310.00	 307.57	 8.9618	34.2214	26.5198	 1.35	 58.61	0.040	  129.76	 99.81
 311.00	 308.56	 8.9573	34.2233	26.5220	 1.33	 57.74	0.040	  129.75	 99.81
 312.00	 309.56	 8.9521	34.2250	26.5242	 1.31	 57.00	0.040	  129.75	 99.82
 313.00	 310.55	 8.9514	34.2293	26.5277	 1.30	 56.64	0.040	  129.85	 99.81
 314.00	 311.54	 8.9400	34.2295	26.5297	 1.29	 56.02	0.040	  129.80	 99.82
 315.00	 312.53	 8.9412	34.2313	26.5309	 1.27	 55.28	0.040	  129.74	 99.83
 316.00	 313.52	 8.9482	34.2349	26.5326	 1.25	 54.39	0.040	  129.77	 99.83
 317.00	 314.51	 8.9572	34.2384	26.5340	 1.23	 53.42	0.042	  129.75	 99.83
 318.00	 315.50	 8.9663	34.2422	26.5355	 1.21	 52.49	0.040	  129.77	 99.83
 319.00	 316.50	 8.9792	34.2465	26.5369	 1.20	 52.04	0.040	  129.77	 99.83
 320.00	 317.49	 8.9879	34.2499	26.5382	 1.20	 52.17	0.041	  129.74	 99.83
 321.00	 318.48	 8.9882	34.2507	26.5388	 1.20	 52.31	0.041	  129.76	 99.83
 322.00	 319.47	 8.9835	34.2502	26.5392	 1.21	 52.48	0.041	  129.73	 99.83
 323.00	 320.46	 8.9818	34.2499	26.5392	 1.22	 52.90	0.042	  129.76	 99.83
 324.00	 321.45	 8.9718	34.2478	26.5392	 1.23	 53.40	0.041	  129.78	 99.83
 325.00	 322.44	 8.9413	34.2444	26.5413	 1.23	 53.71	0.040	  129.72	 99.83
 326.00	 323.44	 8.9265	34.2433	26.5428	 1.24	 54.01	0.040	  129.69	 99.84
 327.00	 324.43	 8.9069	34.2404	26.5436	 1.24	 53.90	0.040	  129.78	 99.84
 328.00	 325.42	 8.8717	34.2377	26.5471	 1.21	 52.75	0.040	  129.78	 99.84
 329.00	 326.41	 8.8627	34.2398	26.5502	 1.17	 50.75	0.041	  129.78	 99.83
 330.00	 327.40	 8.8731	34.2490	26.5558	 1.12	 48.70	0.040	  129.72	 99.83
 331.00	 328.39	 8.8983	34.2564	26.5576	 1.08	 46.94	0.040	  129.78	 99.83
 332.00	 329.38	 8.9377	34.2680	26.5605	 1.05	 45.79	0.041	  129.73	 99.83
 333.00	 330.37	 8.9738	34.2756	26.5608	 1.04	 45.33	0.042	  129.75	 99.84
 334.00	 331.37	 8.9912	34.2796	26.5611	 1.04	 45.35	0.042	  129.76	 99.84
 335.00	 332.36	 8.9949	34.2805	26.5613	 1.04	 45.39	0.042	  129.73	 99.85
 336.00	 333.35	 8.9934	34.2809	26.5619	 1.04	 45.38	0.042	  129.77	 99.85
 337.00	 334.34	 8.9888	34.2807	26.5625	 1.04	 45.20	0.042	  129.79	 99.85
 338.00	 335.33	 8.9839	34.2814	26.5638	 1.03	 44.98	0.042	  129.79	 99.85
 339.00	 336.32	 8.9850	34.2829	26.5648	 1.03	 44.98	0.042	  129.81	 99.85
 340.00	 337.31	 8.9849	34.2831	26.5650	 1.03	 44.90	0.042	  129.78	 99.85
 341.00	 338.30	 8.9838	34.2837	26.5657	 1.03	 44.84	0.042	  129.76	 99.85
 342.00	 339.30	 8.9821	34.2837	26.5659	 1.03	 44.83	0.042	  129.75	 99.85
 343.00	 340.29	 8.9754	34.2832	26.5667	 1.03	 44.86	0.042	  129.84	 99.85
 344.00	 341.28	 8.9681	34.2822	26.5670	 1.03	 44.77	0.042	  129.78	 99.85
 345.00	 342.27	 8.9505	34.2826	26.5701	 1.03	 44.81	0.042	  129.79	 99.85
 346.00	 343.26	 8.9510	34.2829	26.5703	 1.03	 44.84	0.042	  129.83	 99.86
 347.00	 344.25	 8.9531	34.2828	26.5699	 1.03	 44.71	0.042	  129.86	 99.85
 348.00	 345.24	 8.9478	34.2819	26.5701	 1.03	 44.69	0.042	  129.85	 99.86
 349.00	 346.23	 8.9410	34.2816	26.5709	 1.03	 45.02	0.042	  129.80	 99.86
 350.00	 347.23	 8.9468	34.2823	26.5705	 1.04	 45.44	0.042	  129.78	 99.86
 351.00	 348.22	 8.9265	34.2781	26.5705	 1.05	 45.50	0.042	  129.82	 99.85
 352.00	 349.21	 8.9213	34.2776	26.5710	 1.05	 45.67	0.042	  129.84	 99.86
 353.00	 350.20	 8.9123	34.2770	26.5720	 1.07	 46.43	0.042	  129.80	 99.86
 354.00	 351.19	 8.8859	34.2734	26.5733	 1.11	 48.29	0.042	  129.83	 99.86
 355.00	 352.18	 8.8340	34.2657	26.5754	 1.17	 50.96	0.042	  129.78	 99.86
 356.00	 353.17	 8.7530	34.2497	26.5755	 1.21	 52.75	0.042	  129.74	 99.85
 357.00	 354.16	 8.6728	34.2401	26.5805	 1.22	 53.09	0.042	  129.77	 99.86
 358.00	 355.16	 8.6414	34.2356	26.5819	 1.22	 52.98	0.041	  129.76	 99.85
 359.00	 356.15	 8.6221	34.2336	26.5833	 1.21	 52.79	0.040	  129.85	 99.85
 360.00	 357.14	 8.6035	34.2318	26.5847	 1.21	 52.55	0.042	  129.76	 99.85
 361.00	 358.13	 8.5922	34.2308	26.5858	 1.20	 52.23	0.042	  129.75	 99.85
 362.00	 359.12	 8.5813	34.2299	26.5868	 1.18	 51.40	0.042	  129.78	 99.84
 363.00	 360.11	 8.5761	34.2319	26.5891	 1.16	 50.31	0.041	  129.75	 99.85
 364.00	 361.10	 8.5840	34.2371	26.5920	 1.14	 49.49	0.041	  129.80	 99.84
 365.00	 362.09	 8.5931	34.2406	26.5933	 1.14	 49.44	0.042	  129.73	 99.84
 366.00	 363.09	 8.5989	34.2423	26.5938	 1.14	 49.43	0.042	  129.70	 99.85
 367.00	 364.08	 8.5956	34.2410	26.5933	 1.13	 48.97	0.041	  129.78	 99.85
 368.00	 365.07	 8.6008	34.2436	26.5946	 1.11	 48.33	0.041	  129.79	 99.85
 369.00	 366.06	 8.5980	34.2448	26.5959	 1.09	 47.50	0.041	  129.72	 99.85
 370.00	 367.05	 8.5930	34.2453	26.5971	 1.07	 46.76	0.040	  129.74	 99.85
 371.00	 368.04	 8.5670	34.2502	26.6050	 1.07	 46.45	0.040	  129.75	 99.85
 372.00	 369.03	 8.5589	34.2513	26.6071	 1.06	 46.27	0.040	  129.77	 99.85
 373.00	 370.02	 8.5583	34.2522	26.6080	 1.06	 46.10	0.041	  129.74	 99.85
 374.00	 371.01	 8.5597	34.2531	26.6084	 1.05	 45.53	0.042	  129.81	 99.85
 375.00	 372.01	 8.5603	34.2538	26.6089	 1.03	 44.71	0.041	  129.81	 99.85
 376.00	 373.00	 8.5587	34.2566	26.6114	 1.01	 43.85	0.040	  129.78	 99.85
 377.00	 373.99	 8.5523	34.2583	26.6137	 0.99	 43.25	0.040	  129.81	 99.85
 378.00	 374.98	 8.5298	34.2610	26.6193	 0.98	 42.73	0.041	  129.74	 99.85
 379.00	 375.97	 8.5153	34.2620	26.6223	 0.98	 42.48	0.042	  129.79	 99.86
 380.00	 376.96	 8.5020	34.2640	26.6259	 0.97	 42.41	0.041	  129.82	 99.86
 381.00	 377.95	 8.4981	34.2647	26.6271	 0.97	 42.18	0.041	  129.81	 99.87
 382.00	 378.94	 8.4936	34.2655	26.6284	 0.97	 42.04	0.042	  129.78	 99.87
 383.00	 379.93	 8.4912	34.2659	26.6291	 0.96	 41.73	0.041	  129.85	 99.87
 384.00	 380.93	 8.4858	34.2667	26.6306	 0.95	 41.38	0.041	  129.78	 99.88
 385.00	 381.92	 8.4771	34.2678	26.6328	 0.94	 40.87	0.042	  129.82	 99.88
 386.00	 382.91	 8.4650	34.2698	26.6362	 0.93	 40.59	0.041	  129.79	 99.88
 387.00	 383.90	 8.4570	34.2704	26.6380	 0.93	 40.60	0.041	  129.81	 99.88
 388.00	 384.89	 8.4507	34.2704	26.6390	 0.93	 40.57	0.042	  129.79	 99.88
 389.00	 385.88	 8.4495	34.2705	26.6392	 0.94	 40.72	0.041	  129.81	 99.88
 390.00	 386.87	 8.4506	34.2707	26.6392	 0.94	 40.85	0.041	  129.81	 99.88
 391.00	 387.86	 8.4435	34.2691	26.6391	 0.94	 40.92	0.042	  129.77	 99.88
 392.00	 388.85	 8.4351	34.2688	26.6402	 0.94	 40.89	0.042	  129.73	 99.88
 393.00	 389.84	 8.4303	34.2682	26.6404	 0.94	 40.89	0.042	  129.79	 99.88
 394.00	 390.84	 8.4288	34.2684	26.6408	 0.94	 40.92	0.042	  129.75	 99.88
 395.00	 391.83	 8.4276	34.2683	26.6409	 0.94	 40.91	0.042	  129.72	 99.88
 396.00	 392.82	 8.3923	34.2649	26.6437	 0.94	 40.88	0.042	  129.76	 99.88
 397.00	 393.81	 8.3580	34.2627	26.6472	 0.94	 40.76	0.040	  129.81	 99.88
 398.00	 394.80	 8.3376	34.2620	26.6497	 0.93	 40.55	0.040	  129.84	 99.88
 399.00	 395.79	 8.3273	34.2618	26.6511	 0.93	 40.32	0.040	  129.78	 99.88
 400.00	 396.78	 8.3170	34.2625	26.6533	 0.92	 40.15	0.042	  129.77	 99.88
 401.00	 397.77	 8.3122	34.2632	26.6546	 0.92	 40.02	0.041	  129.73	 99.88
 402.00	 398.76	 8.3120	34.2640	26.6552	 0.92	 39.87	0.041	  129.77	 99.88
 403.00	 399.75	 8.3101	34.2644	26.6558	 0.92	 40.06	0.040	  129.76	 99.88
 404.00	 400.75	 8.3024	34.2626	26.6556	 0.93	 40.30	0.040	  129.76	 99.88
 405.00	 401.74	 8.2638	34.2603	26.6596	 0.93	 40.43	0.041	  129.82	 99.88
 406.00	 402.73	 8.2564	34.2594	26.6601	 0.93	 40.49	0.042	  129.79	 99.88
 407.00	 403.72	 8.2453	34.2574	26.6602	 0.93	 40.45	0.041	  129.82	 99.88
 408.00	 404.71	 8.2290	34.2569	26.6623	 0.93	 40.43	0.040	  129.79	 99.88
 409.00	 405.70	 8.1756	34.2508	26.6655	 0.93	 40.34	0.040	  129.78	 99.88
 410.00	 406.69	 8.1018	34.2465	26.6731	 0.92	 40.06	0.040	  129.78	 99.88
 411.00	 407.68	 8.0589	34.2470	26.6799	 0.92	 39.82	0.040	  129.84	 99.88
 412.00	 408.67	 8.0510	34.2480	26.6819	 0.91	 39.62	0.041	  129.77	 99.88
 413.00	 409.66	 8.0486	34.2481	26.6823	 0.91	 39.48	0.041	  129.78	 99.88
 414.00	 410.66	 8.0487	34.2486	26.6827	 0.91	 39.39	0.040	  129.82	 99.88
 415.00	 411.65	 8.0476	34.2488	26.6830	 0.90	 39.31	0.042	  129.82	 99.88
 416.00	 412.64	 8.0417	34.2486	26.6838	 0.90	 39.19	0.042	  129.82	 99.88
 417.00	 413.63	 8.0397	34.2490	26.6844	 0.90	 38.99	0.041	  129.79	 99.88
 418.00	 414.62	 8.0408	34.2497	26.6848	 0.89	 38.81	0.041	  129.77	 99.89
 419.00	 415.61	 8.0410	34.2515	26.6863	 0.89	 38.64	0.041	  129.70	 99.88
 420.00	 416.60	 8.0458	34.2527	26.6865	 0.89	 38.58	0.041	  129.77	 99.88
 421.00	 417.59	 8.0465	34.2528	26.6865	 0.88	 38.49	0.041	  129.80	 99.88
 422.00	 418.58	 8.0520	34.2542	26.6867	 0.89	 38.53	0.041	  129.77	 99.88
 423.00	 419.57	 8.0450	34.2524	26.6864	 0.88	 38.39	0.041	  129.80	 99.89
 424.00	 420.56	 8.0423	34.2536	26.6877	 0.88	 38.14	0.041	  129.77	 99.89
 425.00	 421.56	 8.0423	34.2541	26.6882	 0.87	 38.03	0.042	  129.76	 99.89
 426.00	 422.55	 8.0392	34.2545	26.6890	 0.86	 37.59	0.041	  129.81	 99.89
 427.00	 423.54	 8.0406	34.2562	26.6901	 0.85	 36.84	0.041	  129.82	 99.89
 428.00	 424.53	 8.0331	34.2584	26.6929	 0.83	 36.28	0.041	  129.81	 99.89
