wcoa21_data_management/01_CRUISE_METADATA/00_OCADS_data/CTD_downcasts/WCOA_2021_CTD_downcasts/dRB2102_CTD_054_01_F.txt
* Sea-Bird SBE 9 Data:
* Software Version Seasave V 7.26.7.107
* Vessel: NOAA Ship Ronald H. Brown
* Cruise: RB2102, West Coast Ocean Acidification (WCOA) 2021
* Dates: 20210622 to 20210723
* Region: NE Pacific, USA West Coast
* Ports: San Diego, CA to Port Angeles, WA to San Diego, CA
* Chief Scientists: R. Feely, NOAA PMEL; D. Greeley, NOAA PMEL; B. Carter, NOAA PMEL / UW CICOES
*END*
[from data line 427]
 430.00	 426.11	 6.5574	34.1225	26.7923	 0.98	 42.79	0.041	  141.62	 99.93
 431.00	 427.10	 6.5565	34.1225	26.7925	 0.98	 42.71	0.041	  141.62	 99.93
 432.00	 428.09	 6.5538	34.1228	26.7931	 0.98	 42.67	0.041	  141.60	 99.93
 433.00	 429.08	 6.5530	34.1231	26.7934	 0.98	 42.64	0.041	  141.59	 99.93
 434.00	 430.07	 6.5509	34.1232	26.7938	 0.98	 42.53	0.040	  141.62	 99.93
 435.00	 431.06	 6.5490	34.1236	26.7943	 0.98	 42.50	0.041	  141.61	 99.93
 436.00	 432.05	 6.5484	34.1236	26.7944	 0.97	 42.37	0.041	  141.62	 99.93
 437.00	 433.04	 6.5431	34.1236	26.7952	 0.98	 42.42	0.040	  141.55	 99.93
 438.00	 434.02	 6.5385	34.1242	26.7963	 0.97	 42.31	0.040	  141.67	 99.93
 439.00	 435.01	 6.5368	34.1245	26.7967	 0.97	 42.12	0.040	  141.62	 99.93
 440.00	 436.00	 6.5339	34.1248	26.7974	 0.97	 42.16	0.041	  141.56	 99.93
 441.00	 436.99	 6.5310	34.1252	26.7981	 0.97	 42.01	0.041	  141.61	 99.93
 442.00	 437.98	 6.5291	34.1255	26.7986	 0.96	 41.87	0.041	  141.62	 99.93
 443.00	 438.97	 6.5247	34.1261	26.7996	 0.96	 41.81	0.041	  141.55	 99.93
 444.00	 439.96	 6.5218	34.1263	26.8002	 0.96	 41.72	0.041	  141.59	 99.93
 445.00	 440.95	 6.5162	34.1268	26.8013	 0.95	 41.46	0.041	  141.60	 99.93
 446.00	 441.94	 6.5115	34.1272	26.8023	 0.95	 41.37	0.041	  141.55	 99.93
 447.00	 442.93	 6.4997	34.1274	26.8040	 0.95	 41.14	0.041	  141.66	 99.93
 448.00	 443.92	 6.4863	34.1290	26.8070	 0.94	 41.01	0.042	  141.60	 99.94
 449.00	 444.91	 6.4815	34.1294	26.8080	 0.94	 40.96	0.041	  141.60	 99.93
 450.00	 445.90	 6.4798	34.1296	26.8083	 0.94	 40.75	0.041	  141.60	 99.93
 451.00	 446.89	 6.4780	34.1298	26.8088	 0.94	 40.71	0.041	  141.64	 99.94
 452.00	 447.88	 6.4746	34.1299	26.8093	 0.93	 40.62	0.042	  141.62	 99.94
 453.00	 448.87	 6.4712	34.1304	26.8101	 0.94	 40.68	0.042	  141.54	 99.94
 454.00	 449.86	 6.4699	34.1306	26.8105	 0.93	 40.64	0.041	  141.59	 99.94
 455.00	 450.85	 6.4692	34.1306	26.8106	 0.93	 40.60	0.041	  141.55	 99.94
 456.00	 451.84	 6.4673	34.1310	26.8112	 0.93	 40.56	0.041	  141.63	 99.94
 457.00	 452.83	 6.4670	34.1307	26.8110	 0.93	 40.48	0.041	  141.58	 99.94
 458.00	 453.82	 6.4668	34.1309	26.8112	 0.93	 40.44	0.041	  141.63	 99.94
 459.00	 454.81	 6.4642	34.1310	26.8116	 0.93	 40.33	0.041	  141.57	 99.94
 460.00	 455.80	 6.4622	34.1312	26.8121	 0.93	 40.24	0.041	  141.62	 99.94
 461.00	 456.79	 6.4565	34.1314	26.8130	 0.92	 40.06	0.041	  141.56	 99.94
 462.00	 457.78	 6.4497	34.1318	26.8142	 0.92	 39.94	0.040	  141.57	 99.94
 463.00	 458.77	 6.4410	34.1329	26.8162	 0.91	 39.78	0.041	  141.62	 99.94
 464.00	 459.76	 6.4338	34.1336	26.8177	 0.91	 39.70	0.041	  141.56	 99.94
 465.00	 460.75	 6.4293	34.1339	26.8186	 0.91	 39.48	0.041	  141.58	 99.94
 466.00	 461.74	 6.4253	34.1343	26.8193	 0.90	 39.32	0.041	  141.55	 99.95
 467.00	 462.73	 6.4185	34.1352	26.8210	 0.90	 39.10	0.041	  141.63	 99.94
 468.00	 463.72	 6.4137	34.1355	26.8219	 0.90	 39.02	0.040	  141.56	 99.94
 469.00	 464.71	 6.4110	34.1360	26.8226	 0.89	 38.91	0.041	  141.51	 99.95
 470.00	 465.70	 6.4067	34.1359	26.8231	 0.89	 38.53	0.041	  141.58	 99.95
 471.00	 466.69	 6.3928	34.1370	26.8258	 0.88	 38.42	0.041	  141.54	 99.94
 472.00	 467.68	 6.3841	34.1382	26.8279	 0.88	 38.37	0.040	  141.57	 99.95
 473.00	 468.67	 6.3822	34.1384	26.8283	 0.88	 38.18	0.041	  141.56	 99.95
 474.00	 469.66	 6.3806	34.1386	26.8286	 0.88	 38.06	0.040	  141.62	 99.95
 475.00	 470.65	 6.3784	34.1387	26.8290	 0.87	 38.00	0.041	  141.53	 99.95
 476.00	 471.64	 6.3729	34.1395	26.8304	 0.87	 37.92	0.041	  141.61	 99.95
 477.00	 472.63	 6.3713	34.1396	26.8307	 0.87	 37.76	0.040	  141.53	 99.95
 478.00	 473.62	 6.3687	34.1399	26.8313	 0.87	 37.71	0.040	  141.56	 99.95
 479.00	 474.61	 6.3646	34.1401	26.8320	 0.87	 37.62	0.041	  141.61	 99.95
 480.00	 475.60	 6.3619	34.1407	26.8328	 0.86	 37.55	0.040	  141.51	 99.95
 481.00	 476.59	 6.3585	34.1409	26.8334	 0.86	 37.40	0.040	  141.60	 99.95
 482.00	 477.58	 6.3544	34.1415	26.8345	 0.86	 37.34	0.041	  141.51	 99.95
 483.00	 478.56	 6.3510	34.1420	26.8353	 0.86	 37.21	0.042	  141.51	 99.95
 484.00	 479.55	 6.3476	34.1426	26.8362	 0.85	 36.98	0.041	  141.55	 99.95
 485.00	 480.54	 6.3454	34.1427	26.8366	 0.85	 36.76	0.040	  141.58	 99.95
 486.00	 481.53	 6.3377	34.1435	26.8382	 0.84	 36.57	0.041	  141.55	 99.95
 487.00	 482.52	 6.3236	34.1440	26.8404	 0.84	 36.39	0.040	  141.55	 99.95
 488.00	 483.51	 6.3097	34.1465	26.8442	 0.83	 36.20	0.040	  141.51	 99.95
 489.00	 484.50	 6.3071	34.1469	26.8449	 0.83	 36.18	0.040	  141.50	 99.95
 490.00	 485.49	 6.3059	34.1468	26.8450	 0.83	 36.03	0.040	  141.52	 99.95
 491.00	 486.48	 6.3045	34.1469	26.8452	 0.83	 35.91	0.041	  141.48	 99.95
 492.00	 487.47	 6.3044	34.1469	26.8453	 0.82	 35.87	0.041	  141.51	 99.95
 493.00	 488.46	 6.3040	34.1469	26.8453	 0.82	 35.73	0.040	  141.52	 99.95
 494.00	 489.45	 6.2997	34.1470	26.8459	 0.82	 35.73	0.040	  141.59	 99.95
 495.00	 490.44	 6.2959	34.1477	26.8470	 0.82	 35.56	0.041	  141.49	 99.95
 496.00	 491.43	 6.2943	34.1478	26.8473	 0.82	 35.61	0.041	  141.50	 99.95
 497.00	 492.42	 6.2933	34.1486	26.8481	 0.82	 35.51	0.041	  141.55	 99.95
 498.00	 493.41	 6.2921	34.1494	26.8489	 0.81	 35.34	0.041	  141.55	 99.95
 499.00	 494.40	 6.2868	34.1509	26.8507	 0.81	 35.33	0.041	  141.49	 99.95
 500.00	 495.39	 6.2816	34.1513	26.8517	 0.81	 35.16	0.041	  141.51	 99.95
 501.00	 496.38	 6.2767	34.1519	26.8529	 0.81	 35.14	0.042	  141.50	 99.95
 502.00	 497.37	 6.2736	34.1521	26.8534	 0.81	 35.03	0.041	  141.53	 99.95
 503.00	 498.36	 6.2720	34.1521	26.8537	 0.81	 35.02	0.040	  141.57	 99.95
 504.00	 499.35	 6.2708	34.1523	26.8540	 0.80	 34.91	0.040	  141.55	 99.95
 505.00	 500.34	 6.2682	34.1525	26.8545	 0.80	 34.85	0.040	  141.51	 99.95
 506.00	 501.33	 6.2642	34.1525	26.8550	 0.80	 34.74	0.041	  141.56	 99.95
 507.00	 502.32	 6.2557	34.1535	26.8569	 0.79	 34.51	0.041	  141.46	 99.95
 508.00	 503.31	 6.2426	34.1544	26.8593	 0.79	 34.32	0.041	  141.51	 99.95
 509.00	 504.29	 6.2141	34.1559	26.8641	 0.78	 34.01	0.041	  141.50	 99.95
 510.00	 505.28	 6.1841	34.1568	26.8687	 0.78	 33.86	0.042	  141.53	 99.95
 511.00	 506.27	 6.1781	34.1576	26.8701	 0.77	 33.56	0.040	  141.55	 99.96
 512.00	 507.26	 6.1780	34.1574	26.8700	 0.77	 33.46	0.041	  141.43	 99.96
 513.00	 508.25	 6.1738	34.1573	26.8704	 0.77	 33.37	0.041	  141.53	 99.96
 514.00	 509.24	 6.1493	34.1576	26.8738	 0.76	 33.25	0.040	  141.45	 99.96
 515.00	 510.23	 6.1400	34.1598	26.8767	 0.76	 32.96	0.040	  141.51	 99.96
 516.00	 511.22	 6.1372	34.1606	26.8777	 0.75	 32.65	0.040	  141.48	 99.96
 517.00	 512.21	 6.1331	34.1624	26.8796	 0.75	 32.50	0.041	  141.50	 99.96
 518.00	 513.20	 6.1225	34.1625	26.8811	 0.74	 32.39	0.041	  141.44	 99.96
 519.00	 514.19	 6.1183	34.1626	26.8817	 0.74	 32.36	0.041	  141.45	 99.97
 520.00	 515.18	 6.1167	34.1624	26.8818	 0.74	 32.28	0.042	  141.46	 99.97
 521.00	 516.17	 6.1105	34.1622	26.8824	 0.74	 32.15	0.042	  141.47	 99.97
 522.00	 517.16	 6.1056	34.1627	26.8835	 0.74	 32.14	0.042	  141.47	 99.97
 523.00	 518.15	 6.1035	34.1625	26.8836	 0.73	 31.95	0.041	  141.47	 99.97
 524.00	 519.14	 6.0886	34.1625	26.8854	 0.73	 31.84	0.041	  141.50	 99.97
 525.00	 520.13	 6.0811	34.1645	26.8880	 0.73	 31.78	0.041	  141.44	 99.97
 526.00	 521.12	 6.0780	34.1647	26.8886	 0.73	 31.58	0.040	  141.42	 99.97
 527.00	 522.11	 6.0722	34.1649	26.8895	 0.72	 31.48	0.041	  141.51	 99.97
 528.00	 523.10	 6.0640	34.1657	26.8911	 0.72	 31.39	0.041	  141.45	 99.97
 529.00	 524.08	 6.0561	34.1659	26.8923	 0.72	 31.34	0.040	  141.51	 99.97
 530.00	 525.07	 6.0490	34.1661	26.8933	 0.72	 31.17	0.041	  141.38	 99.98
 531.00	 526.06	 6.0412	34.1666	26.8947	 0.71	 31.03	0.041	  141.41	 99.98
 532.00	 527.05	 6.0323	34.1671	26.8963	 0.71	 30.96	0.040	  141.43	 99.98
 533.00	 528.04	 6.0264	34.1680	26.8977	 0.71	 30.74	0.041	  141.40	 99.98
 534.00	 529.03	 6.0210	34.1692	26.8993	 0.70	 30.58	0.040	  141.46	 99.98
 535.00	 530.02	 6.0114	34.1697	26.9010	 0.70	 30.39	0.042	  141.41	 99.98
 536.00	 531.01	 5.9842	34.1694	26.9042	 0.69	 30.16	0.042	  141.48	 99.98
 537.00	 532.00	 5.9544	34.1707	26.9089	 0.69	 30.13	0.041	  141.39	 99.98
 538.00	 532.99	 5.9309	34.1700	26.9113	 0.69	 30.09	0.041	  141.50	 99.98
 539.00	 533.98	 5.9264	34.1702	26.9120	 0.69	 30.07	0.041	  141.42	 99.98
 540.00	 534.97	 5.9206	34.1706	26.9131	 0.69	 29.81	0.040	  141.42	 99.98
 541.00	 535.96	 5.9227	34.1722	26.9141	 0.68	 29.62	0.040	  141.44	 99.98
 542.00	 536.95	 5.9191	34.1715	26.9140	 0.68	 29.49	0.040	  141.42	 99.98
 543.00	 537.94	 5.8883	34.1707	26.9172	 0.67	 29.21	0.040	  141.45	 99.98
 544.00	 538.93	 5.8668	34.1736	26.9222	 0.67	 29.22	0.040	  141.46	 99.98
 545.00	 539.91	 5.8563	34.1748	26.9244	 0.67	 29.10	0.041	  141.45	 99.98
 546.00	 540.90	 5.8456	34.1743	26.9254	 0.66	 28.89	0.041	  141.41	 99.98
 547.00	 541.89	 5.8157	34.1740	26.9288	 0.66	 28.91	0.042	  141.44	 99.98
 548.00	 542.88	 5.8071	34.1748	26.9305	 0.66	 28.85	0.041	  141.41	 99.98
 549.00	 543.87	 5.8037	34.1744	26.9307	 0.66	 28.75	0.041	  141.45	 99.98
 550.00	 544.86	 5.7961	34.1749	26.9319	 0.66	 28.67	0.042	  141.45	 99.98
 551.00	 545.85	 5.7914	34.1744	26.9321	 0.66	 28.66	0.040	  141.47	 99.98
 552.00	 546.84	 5.7640	34.1730	26.9344	 0.66	 28.61	0.040	  141.42	 99.98
 553.00	 547.83	 5.7394	34.1747	26.9388	 0.66	 28.56	0.040	  141.44	 99.98
 554.00	 548.82	 5.7365	34.1751	26.9394	 0.65	 28.43	0.041	  141.43	 99.98
 555.00	 549.81	 5.7355	34.1751	26.9396	 0.65	 28.30	0.040	  141.47	 99.98
 556.00	 550.80	 5.7338	34.1753	26.9399	 0.65	 28.35	0.041	  141.32	 99.98
 557.00	 551.79	 5.7329	34.1754	26.9401	 0.65	 28.29	0.041	  141.36	 99.98
 558.00	 552.78	 5.7326	34.1753	26.9402	 0.65	 28.29	0.041	  141.46	 99.98
 559.00	 553.77	 5.7323	34.1754	26.9403	 0.65	 28.29	0.042	  141.40	 99.98
 560.00	 554.75	 5.7312	34.1756	26.9406	 0.65	 28.22	0.041	  141.39	 99.98
 561.00	 555.74	 5.7299	34.1756	26.9407	 0.65	 28.23	0.041	  141.42	 99.98
 562.00	 556.73	 5.7153	34.1746	26.9417	 0.65	 28.18	0.040	  141.43	 99.98
 563.00	 557.72	 5.6973	34.1753	26.9445	 0.65	 28.07	0.040	  141.44	 99.98
 564.00	 558.71	 5.6765	34.1758	26.9474	 0.65	 28.07	0.041	  141.39	 99.98
 565.00	 559.70	 5.6624	34.1759	26.9493	 0.64	 27.82	0.040	  141.39	 99.98
 566.00	 560.69	 5.6391	34.1765	26.9526	 0.64	 27.71	0.041	  141.47	 99.98
 567.00	 561.68	 5.6293	34.1773	26.9544	 0.64	 27.67	0.041	  141.41	 99.98
 568.00	 562.67	 5.6254	34.1775	26.9550	 0.63	 27.59	0.040	  141.46	 99.98
 569.00	 563.66	 5.6234	34.1774	26.9552	 0.64	 27.64	0.040	  141.38	 99.98
 570.00	 564.65	 5.6224	34.1774	26.9553	 0.63	 27.54	0.041	  141.40	 99.98
 571.00	 565.64	 5.6219	34.1774	26.9554	 0.63	 27.52	0.040	  141.40	 99.98
 572.00	 566.63	 5.6182	34.1771	26.9556	 0.63	 27.59	0.040	  141.43	 99.98
 573.00	 567.62	 5.6139	34.1770	26.9560	 0.63	 27.43	0.040	  141.39	 99.98
 574.00	 568.60	 5.6121	34.1773	26.9566	 0.63	 27.47	0.040	  141.40	 99.98
 575.00	 569.59	 5.6125	34.1779	26.9570	 0.63	 27.43	0.040	  141.42	 99.98
 576.00	 570.58	 5.6072	34.1777	26.9575	 0.63	 27.51	0.040	  141.42	 99.98
 577.00	 571.57	 5.6029	34.1767	26.9572	 0.63	 27.46	0.040	  141.40	 99.98
 578.00	 572.56	 5.5998	34.1768	26.9577	 0.63	 27.45	0.040	  141.43	 99.98
 579.00	 573.55	 5.6001	34.1774	26.9581	 0.63	 27.36	0.041	  141.41	 99.98
 580.00	 574.54	 5.5978	34.1777	26.9586	 0.63	 27.24	0.040	  141.39	 99.98
 581.00	 575.53	 5.5968	34.1789	26.9597	 0.63	 27.24	0.042	  141.37	 99.98
 582.00	 576.52	 5.5955	34.1793	26.9602	 0.63	 27.22	0.041	  141.41	 99.98
 583.00	 577.51	 5.5959	34.1792	26.9601	 0.62	 27.18	0.040	  141.39	 99.98
 584.00	 578.50	 5.5953	34.1794	26.9603	 0.62	 27.12	0.040	  141.40	 99.98
 585.00	 579.49	 5.5962	34.1797	26.9604	 0.62	 27.11	0.040	  141.33	 99.98
 586.00	 580.48	 5.5959	34.1793	26.9602	 0.62	 27.16	0.040	  141.30	 99.98
 587.00	 581.46	 5.5951	34.1797	26.9606	 0.62	 27.15	0.040	  141.41	 99.98
 588.00	 582.45	 5.5930	34.1788	26.9602	 0.62	 27.11	0.041	  141.39	 99.98
 589.00	 583.44	 5.5893	34.1790	26.9608	 0.62	 27.08	0.042	  141.35	 99.98
 590.00	 584.43	 5.5892	34.1786	26.9605	 0.62	 27.15	0.042	  141.41	 99.98
 591.00	 585.42	 5.5829	34.1790	26.9615	 0.62	 27.08	0.041	  141.36	 99.98
 592.00	 586.41	 5.5801	34.1789	26.9619	 0.62	 27.04	0.041	  141.40	 99.98
 593.00	 587.40	 5.5745	34.1791	26.9627	 0.62	 26.99	0.042	  141.32	 99.98
 594.00	 588.39	 5.5689	34.1785	26.9629	 0.62	 27.05	0.042	  141.34	 99.98
 595.00	 589.38	 5.5626	34.1792	26.9642	 0.62	 26.97	0.042	  141.37	 99.98
 596.00	 590.37	 5.5503	34.1789	26.9655	 0.62	 26.88	0.041	  141.36	 99.98
 597.00	 591.36	 5.5372	34.1795	26.9675	 0.62	 26.85	0.041	  141.32	 99.98
 598.00	 592.35	 5.5266	34.1803	26.9694	 0.62	 26.78	0.040	  141.40	 99.98
 599.00	 593.33	 5.5250	34.1802	26.9695	 0.61	 26.68	0.040	  141.30	 99.98
 600.00	 594.32	 5.5086	34.1798	26.9712	 0.61	 26.68	0.040	  141.40	 99.98
 601.00	 595.31	 5.4990	34.1801	26.9726	 0.61	 26.71	0.040	  141.36	 99.98
 602.00	 596.30	 5.4902	34.1800	26.9736	 0.61	 26.66	0.041	  141.31	 99.98
 603.00	 597.29	 5.4823	34.1807	26.9751	 0.61	 26.60	0.042	  141.37	 99.98
 604.00	 598.28	 5.4793	34.1810	26.9757	 0.61	 26.38	0.042	  141.28	 99.98
 605.00	 599.27	 5.4686	34.1815	26.9774	 0.60	 26.30	0.042	  141.28	 99.98
 606.00	 600.26	 5.4535	34.1816	26.9792	 0.60	 26.25	0.041	  141.29	 99.98
 607.00	 601.25	 5.4411	34.1817	26.9808	 0.60	 26.20	0.041	  141.32	 99.98
 608.00	 602.24	 5.4225	34.1826	26.9837	 0.60	 26.12	0.041	  141.33	 99.98
 609.00	 603.23	 5.4092	34.1813	26.9843	 0.60	 26.16	0.040	  141.30	 99.98
 610.00	 604.21	 5.3905	34.1802	26.9857	 0.60	 26.19	0.040	  141.30	 99.99
 611.00	 605.20	 5.3780	34.1792	26.9864	 0.60	 26.03	0.040	  141.35	 99.99
 612.00	 606.19	 5.3480	34.1769	26.9880	 0.60	 25.89	0.041	  141.33	 99.99
 613.00	 607.18	 5.3275	34.1822	26.9947	 0.60	 25.91	0.040	  141.28	 99.99
 614.00	 608.17	 5.3310	34.1834	26.9952	 0.59	 25.67	0.040	  141.33	 99.99
 615.00	 609.16	 5.3318	34.1841	26.9957	 0.58	 25.40	0.040	  141.30	 99.99
 616.00	 610.15	 5.3336	34.1852	26.9964	 0.58	 25.25	0.041	  141.30	 99.99
 617.00	 611.14	 5.3383	34.1866	26.9969	 0.58	 25.13	0.041	  141.29	 99.99
 618.00	 612.13	 5.3451	34.1884	26.9975	 0.57	 24.95	0.040	  141.26	 99.99
 619.00	 613.12	 5.3486	34.1891	26.9978	 0.57	 24.93	0.040	  141.36	 99.99
 620.00	 614.10	 5.3482	34.1891	26.9978	 0.57	 24.71	0.040	  141.28	 99.99
 621.00	 615.09	 5.3497	34.1897	26.9981	 0.57	 24.60	0.040	  141.26	 99.99
 622.00	 616.08	 5.3532	34.1909	26.9986	 0.56	 24.56	0.040	  141.24	 99.99
 623.00	 617.07	 5.3638	34.1932	26.9992	 0.56	 24.41	0.041	  141.23	 99.99
 624.00	 618.06	 5.3690	34.1942	26.9995	 0.56	 24.28	0.041	  141.25	 99.99
 625.00	 619.05	 5.3701	34.1948	26.9998	 0.56	 24.18	0.041	  141.28	100.00
 626.00	 620.04	 5.3775	34.1965	27.0002	 0.55	 24.07	0.040	  141.26	 99.99
 627.00	 621.03	 5.3727	34.1958	27.0003	 0.55	 24.08	0.040	  141.25	100.00
 628.00	 622.02	 5.3809	34.1974	27.0006	 0.55	 23.95	0.041	  141.21	100.00
 629.00	 623.01	 5.3824	34.1980	27.0009	 0.55	 23.84	0.041	  141.23	100.00
 630.00	 623.99	 5.3836	34.1980	27.0008	 0.55	 23.93	0.042	  141.15	100.00
 631.00	 624.98	 5.3795	34.1967	27.0002	 0.55	 23.88	0.041	  141.20	 99.99
 632.00	 625.97	 5.3823	34.1982	27.0011	 0.55	 23.74	0.040	  141.22	 99.99
 633.00	 626.96	 5.3868	34.1985	27.0008	 0.54	 23.69	0.040	  141.18	100.00
 634.00	 627.95	 5.3886	34.1992	27.0011	 0.55	 23.73	0.040	  141.20	100.00
 635.00	 628.94	 5.3883	34.1992	27.0012	 0.54	 23.62	0.040	  141.27	100.00
 636.00	 629.93	 5.3902	34.1994	27.0012	 0.54	 23.45	0.040	  141.21	100.00
 637.00	 630.92	 5.3914	34.2020	27.0031	 0.54	 23.27	0.040	  141.20	 99.99
 638.00	 631.91	 5.3907	34.2053	27.0058	 0.53	 22.99	0.040	  141.21	100.00
 639.00	 632.90	 5.3908	34.2063	27.0066	 0.52	 22.82	0.040	  141.23	100.00
 640.00	 633.88	 5.3846	34.2084	27.0090	 0.52	 22.73	0.040	  141.18	100.00
 641.00	 634.87	 5.3800	34.2103	27.0111	 0.51	 22.39	0.040	  141.21	100.00
 642.00	 635.86	 5.3773	34.2109	27.0119	 0.51	 22.35	0.042	  141.20	100.00
