wcoa21_data_management/01_CRUISE_METADATA/00_OCADS_data/CTD_downcasts/WCOA_2021_CTD_downcasts/dRB2102_CTD_109_01_F.txt
* Sea-Bird SBE 9 Data:
* Software Version Seasave V 7.26.7.107
* Vessel: NOAA Ship Ronald H. Brown
* Cruise: RB2102, West Coast Ocean Acidification (WCOA) 2021
* Dates: 20210622 to 20210723
* Region: NE Pacific, USA West Coast
* Ports: San Diego, CA to Port Angeles, WA to San Diego, CA
* Chief Scientists: R. Feely, NOAA PMEL; D. Greeley, NOAA PMEL; B. Carter, NOAA PMEL / UW CICOES
*END*
[from data line 3414]
3418.00	3366.54	 1.5558	34.6698	27.7597	 2.89	125.63	0.040	  143.10	 99.91
3419.00	3367.51	 1.5558	34.6698	27.7597	 2.88	125.21	0.040	  143.08	 99.91
3420.00	3368.49	 1.5555	34.6698	27.7598	 2.88	124.98	0.040	  143.09	 99.91
3421.00	3369.47	 1.5553	34.6697	27.7597	 2.88	125.32	0.040	  143.08	 99.91
3422.00	3370.45	 1.5546	34.6698	27.7599	 2.89	125.71	0.040	  143.09	 99.91
3423.00	3371.42	 1.5543	34.6698	27.7599	 2.89	125.71	0.040	  143.05	 99.91
3424.00	3372.40	 1.5543	34.6699	27.7600	 2.89	125.70	0.040	  143.11	 99.91
3425.00	3373.38	 1.5543	34.6699	27.7599	 2.89	125.66	0.040	  143.07	 99.91
3426.00	3374.35	 1.5543	34.6698	27.7599	 2.88	125.14	0.040	  143.06	 99.91
3427.00	3375.33	 1.5542	34.6700	27.7601	 2.88	125.19	0.039	  143.05	 99.91
3428.00	3376.31	 1.5542	34.6698	27.7600	 2.89	125.53	0.039	  143.06	 99.91
3429.00	3377.29	 1.5542	34.6698	27.7599	 2.89	125.52	0.040	  142.97	 99.91
3430.00	3378.26	 1.5537	34.6701	27.7602	 2.90	125.82	0.040	  143.01	 99.91
3431.00	3379.24	 1.5533	34.6700	27.7601	 2.90	125.90	0.039	  143.04	 99.91
3432.00	3380.22	 1.5525	34.6701	27.7603	 2.90	125.95	0.039	  143.04	 99.91
3433.00	3381.19	 1.5526	34.6701	27.7603	 2.90	125.88	0.040	  143.09	 99.90
3434.00	3382.17	 1.5524	34.6701	27.7603	 2.89	125.59	0.040	  143.02	 99.91
3435.00	3383.15	 1.5523	34.6702	27.7604	 2.89	125.75	0.040	  143.11	 99.91
3436.00	3384.13	 1.5521	34.6702	27.7605	 2.89	125.50	0.040	  143.06	 99.91
3437.00	3385.10	 1.5521	34.6703	27.7605	 2.89	125.50	0.039	  143.03	 99.91
3438.00	3386.08	 1.5522	34.6702	27.7604	 2.89	125.49	0.039	  143.07	 99.91
3439.00	3387.06	 1.5524	34.6701	27.7604	 2.89	125.62	0.040	  143.06	 99.91
3440.00	3388.03	 1.5525	34.6700	27.7603	 2.90	125.88	0.040	  143.08	 99.91
3441.00	3389.01	 1.5525	34.6701	27.7604	 2.90	125.92	0.040	  143.04	 99.91
3442.00	3389.99	 1.5526	34.6701	27.7603	 2.90	126.11	0.040	  143.06	 99.91
3443.00	3390.97	 1.5527	34.6702	27.7604	 2.90	125.90	0.040	  143.03	 99.91
3444.00	3391.94	 1.5528	34.6702	27.7604	 2.89	125.42	0.040	  143.06	 99.90
3445.00	3392.92	 1.5528	34.6701	27.7604	 2.89	125.39	0.039	  143.07	 99.91
3446.00	3393.90	 1.5527	34.6701	27.7604	 2.90	126.09	0.040	  143.03	 99.91
3447.00	3394.87	 1.5529	34.6700	27.7603	 2.91	126.33	0.039	  143.06	 99.91
3448.00	3395.85	 1.5527	34.6701	27.7604	 2.90	125.91	0.040	  143.08	 99.91
3449.00	3396.83	 1.5528	34.6701	27.7604	 2.89	125.62	0.039	  143.10	 99.91
3450.00	3397.81	 1.5529	34.6701	27.7604	 2.90	126.08	0.040	  142.99	 99.91
3451.00	3398.78	 1.5531	34.6701	27.7604	 2.90	126.02	0.040	  143.05	 99.91
3452.00	3399.76	 1.5530	34.6703	27.7606	 2.88	125.05	0.040	  143.03	 99.91
3453.00	3400.74	 1.5532	34.6703	27.7605	 2.88	125.33	0.040	  143.05	 99.91
3454.00	3401.71	 1.5534	34.6701	27.7604	 2.90	125.90	0.040	  143.09	 99.91
3455.00	3402.69	 1.5534	34.6702	27.7605	 2.90	125.98	0.039	  142.98	 99.90
3456.00	3403.67	 1.5532	34.6702	27.7605	 2.90	126.07	0.040	  142.99	 99.91
3457.00	3404.65	 1.5527	34.6703	27.7607	 2.90	126.15	0.040	  143.01	 99.91
3458.00	3405.62	 1.5524	34.6703	27.7606	 2.90	125.99	0.040	  143.07	 99.91
3459.00	3406.60	 1.5522	34.6703	27.7607	 2.89	125.80	0.040	  143.08	 99.91
3460.00	3407.58	 1.5523	34.6704	27.7607	 2.89	125.71	0.040	  143.01	 99.91
3461.00	3408.55	 1.5524	34.6703	27.7607	 2.90	126.06	0.040	  143.04	 99.91
3462.00	3409.53	 1.5525	34.6703	27.7607	 2.90	126.04	0.040	  143.03	 99.90
3463.00	3410.51	 1.5526	34.6702	27.7606	 2.90	126.03	0.039	  143.13	 99.91
3464.00	3411.48	 1.5527	34.6703	27.7606	 2.90	126.07	0.040	  143.03	 99.91
3465.00	3412.46	 1.5528	34.6702	27.7606	 2.90	125.80	0.040	  143.09	 99.91
3466.00	3413.44	 1.5528	34.6704	27.7607	 2.90	125.82	0.040	  143.02	 99.91
3467.00	3414.42	 1.5525	34.6703	27.7607	 2.90	125.98	0.040	  143.06	 99.91
3468.00	3415.39	 1.5523	34.6702	27.7607	 2.90	126.12	0.040	  143.04	 99.91
3469.00	3416.37	 1.5521	34.6704	27.7608	 2.90	126.19	0.040	  143.09	 99.91
3470.00	3417.35	 1.5521	34.6705	27.7609	 2.90	126.13	0.040	  143.06	 99.91
3471.00	3418.32	 1.5522	34.6705	27.7609	 2.90	126.15	0.040	  143.09	 99.90
3472.00	3419.30	 1.5522	34.6705	27.7609	 2.90	125.85	0.039	  143.03	 99.91
3473.00	3420.28	 1.5521	34.6705	27.7610	 2.90	125.99	0.039	  143.07	 99.91
3474.00	3421.25	 1.5521	34.6705	27.7610	 2.90	126.18	0.039	  143.07	 99.91
3475.00	3422.23	 1.5520	34.6703	27.7608	 2.90	126.12	0.039	  143.05	 99.91
3476.00	3423.21	 1.5517	34.6705	27.7610	 2.90	126.19	0.040	  143.04	 99.91
3477.00	3424.19	 1.5514	34.6705	27.7610	 2.90	126.21	0.040	  143.05	 99.91
3478.00	3425.16	 1.5513	34.6705	27.7611	 2.91	126.23	0.040	  143.00	 99.91
3479.00	3426.14	 1.5509	34.6705	27.7611	 2.91	126.25	0.039	  143.07	 99.91
3480.00	3427.12	 1.5505	34.6706	27.7612	 2.91	126.27	0.040	  143.04	 99.91
3481.00	3428.09	 1.5505	34.6705	27.7611	 2.91	126.39	0.039	  143.06	 99.91
3482.00	3429.07	 1.5503	34.6706	27.7612	 2.91	126.62	0.039	  143.06	 99.91
3483.00	3430.05	 1.5503	34.6705	27.7612	 2.92	126.69	0.040	  143.03	 99.91
3484.00	3431.02	 1.5503	34.6706	27.7612	 2.91	126.66	0.040	  143.05	 99.90
3485.00	3432.00	 1.5503	34.6707	27.7613	 2.91	126.50	0.040	  143.10	 99.91
3486.00	3432.98	 1.5503	34.6707	27.7613	 2.90	126.13	0.040	  143.04	 99.90
3487.00	3433.96	 1.5501	34.6708	27.7615	 2.91	126.34	0.040	  142.99	 99.91
3488.00	3434.93	 1.5500	34.6707	27.7613	 2.91	126.51	0.039	  143.06	 99.90
3489.00	3435.91	 1.5497	34.6707	27.7614	 2.91	126.43	0.039	  143.05	 99.91
3490.00	3436.89	 1.5495	34.6707	27.7614	 2.91	126.46	0.039	  143.06	 99.91
3491.00	3437.86	 1.5493	34.6707	27.7614	 2.91	126.51	0.040	  143.02	 99.91
3492.00	3438.84	 1.5489	34.6709	27.7616	 2.92	126.81	0.040	  143.02	 99.91
3493.00	3439.82	 1.5486	34.6708	27.7616	 2.92	126.74	0.040	  143.02	 99.91
3494.00	3440.79	 1.5482	34.6710	27.7617	 2.91	126.50	0.040	  142.97	 99.91
3495.00	3441.77	 1.5483	34.6709	27.7617	 2.91	126.64	0.040	  143.04	 99.91
3496.00	3442.75	 1.5483	34.6710	27.7618	 2.92	126.92	0.039	  143.07	 99.90
3497.00	3443.72	 1.5484	34.6711	27.7618	 2.92	126.74	0.039	  142.99	 99.90
3498.00	3444.70	 1.5485	34.6710	27.7618	 2.91	126.50	0.040	  143.07	 99.90
3499.00	3445.68	 1.5487	34.6709	27.7616	 2.92	126.72	0.040	  143.02	 99.91
3500.00	3446.66	 1.5488	34.6709	27.7617	 2.91	126.59	0.039	  142.99	 99.91
3501.00	3447.63	 1.5489	34.6709	27.7617	 2.91	126.61	0.040	  143.05	 99.91
3502.00	3448.61	 1.5490	34.6709	27.7617	 2.92	126.75	0.040	  143.02	 99.91
3503.00	3449.59	 1.5489	34.6710	27.7617	 2.91	126.61	0.040	  143.02	 99.91
3504.00	3450.56	 1.5488	34.6710	27.7618	 2.91	126.64	0.040	  142.97	 99.91
3505.00	3451.54	 1.5488	34.6709	27.7617	 2.92	126.68	0.040	  142.96	 99.91
3506.00	3452.52	 1.5487	34.6708	27.7617	 2.92	126.77	0.040	  143.02	 99.91
3507.00	3453.49	 1.5486	34.6710	27.7618	 2.92	126.79	0.040	  143.08	 99.91
3508.00	3454.47	 1.5485	34.6710	27.7618	 2.92	126.81	0.039	  143.01	 99.91
3509.00	3455.45	 1.5486	34.6711	27.7619	 2.92	126.98	0.040	  143.06	 99.91
3510.00	3456.42	 1.5485	34.6710	27.7619	 2.92	126.87	0.040	  143.03	 99.90
3511.00	3457.40	 1.5485	34.6711	27.7619	 2.92	126.70	0.039	  143.01	 99.91
3512.00	3458.38	 1.5484	34.6711	27.7619	 2.92	126.88	0.040	  143.04	 99.91
3513.00	3459.35	 1.5484	34.6711	27.7620	 2.92	126.90	0.040	  142.99	 99.91
3514.00	3460.33	 1.5486	34.6709	27.7618	 2.92	126.92	0.039	  142.94	 99.90
3515.00	3461.31	 1.5483	34.6710	27.7619	 2.92	127.08	0.040	  143.01	 99.91
3516.00	3462.28	 1.5481	34.6712	27.7621	 2.92	127.01	0.040	  142.96	 99.91
3517.00	3463.26	 1.5482	34.6711	27.7620	 2.91	126.65	0.040	  143.03	 99.91
3518.00	3464.24	 1.5483	34.6712	27.7621	 2.92	127.00	0.040	  142.98	 99.91
3519.00	3465.22	 1.5484	34.6711	27.7620	 2.92	127.01	0.040	  143.06	 99.91
3520.00	3466.19	 1.5484	34.6712	27.7621	 2.92	126.78	0.040	  143.02	 99.91
3521.00	3467.17	 1.5484	34.6710	27.7620	 2.92	126.92	0.039	  143.00	 99.90
3522.00	3468.15	 1.5485	34.6710	27.7619	 2.93	127.13	0.040	  143.02	 99.91
3523.00	3469.12	 1.5486	34.6711	27.7620	 2.93	127.15	0.040	  142.94	 99.91
3524.00	3470.10	 1.5486	34.6711	27.7620	 2.92	126.98	0.039	  142.95	 99.91
3525.00	3471.08	 1.5486	34.6712	27.7622	 2.92	127.10	0.040	  142.96	 99.91
3526.00	3472.05	 1.5487	34.6713	27.7622	 2.93	127.31	0.040	  142.95	 99.91
3527.00	3473.03	 1.5488	34.6712	27.7621	 2.92	127.01	0.039	  143.01	 99.91
3528.00	3474.01	 1.5488	34.6712	27.7621	 2.91	126.64	0.040	  142.95	 99.91
3529.00	3474.98	 1.5490	34.6710	27.7620	 2.92	127.01	0.040	  142.92	 99.91
3530.00	3475.96	 1.5491	34.6710	27.7620	 2.93	127.36	0.039	  142.92	 99.91
3531.00	3476.94	 1.5491	34.6711	27.7620	 2.93	127.13	0.039	  142.94	 99.91
3532.00	3477.91	 1.5491	34.6711	27.7621	 2.92	126.91	0.040	  142.97	 99.91
3533.00	3478.89	 1.5489	34.6712	27.7622	 2.91	126.61	0.039	  142.89	 99.92
3534.00	3479.87	 1.5487	34.6713	27.7622	 2.91	126.54	0.039	  142.92	 99.91
3535.00	3480.84	 1.5487	34.6711	27.7621	 2.92	126.89	0.040	  142.93	 99.91
3536.00	3481.82	 1.5487	34.6711	27.7621	 2.93	127.13	0.040	  142.96	 99.91
3537.00	3482.80	 1.5491	34.6710	27.7620	 2.93	127.36	0.039	  142.89	 99.91
3538.00	3483.77	 1.5487	34.6713	27.7623	 2.95	128.02	0.039	  142.89	 99.91
3539.00	3484.75	 1.5486	34.6713	27.7623	 2.94	127.75	0.040	  142.94	 99.91
3540.00	3485.73	 1.5486	34.6714	27.7623	 2.92	126.76	0.040	  143.00	 99.92
3541.00	3486.70	 1.5487	34.6713	27.7623	 2.93	127.35	0.040	  143.03	 99.91
3542.00	3487.68	 1.5487	34.6713	27.7623	 2.90	126.14	0.040	  142.91	 99.91
3543.00	3488.66	 1.5487	34.6714	27.7624	 2.90	126.20	0.040	  142.92	 99.91
3544.00	3489.63	 1.5488	34.6712	27.7623	 2.93	127.14	0.040	  142.95	 99.91
3545.00	3490.61	 1.5489	34.6712	27.7622	 2.93	127.25	0.040	  142.91	 99.91
3546.00	3491.59	 1.5488	34.6714	27.7624	 2.93	127.45	0.040	  143.03	 99.91
3547.00	3492.56	 1.5489	34.6713	27.7623	 2.92	126.86	0.040	  143.04	 99.92
3548.00	3493.54	 1.5488	34.6713	27.7624	 2.92	126.92	0.040	  142.93	 99.91
3549.00	3494.52	 1.5487	34.6713	27.7624	 2.93	127.13	0.040	  142.96	 99.91
3550.00	3495.49	 1.5486	34.6714	27.7625	 2.92	127.07	0.040	  142.94	 99.91
3551.00	3496.47	 1.5488	34.6712	27.7623	 2.93	127.31	0.040	  142.93	 99.92
3552.00	3497.45	 1.5488	34.6713	27.7624	 2.93	127.49	0.040	  142.91	 99.92
3553.00	3498.42	 1.5486	34.6715	27.7626	 2.93	127.38	0.039	  142.96	 99.92
3554.00	3499.40	 1.5486	34.6714	27.7625	 2.91	126.42	0.039	  142.98	 99.91
3555.00	3500.38	 1.5484	34.6715	27.7626	 2.93	127.10	0.040	  142.96	 99.91
3556.00	3501.35	 1.5482	34.6715	27.7626	 2.94	127.68	0.040	  142.96	 99.91
3557.00	3502.33	 1.5481	34.6714	27.7625	 2.93	127.25	0.040	  142.93	 99.91
3558.00	3503.31	 1.5477	34.6714	27.7626	 2.93	127.28	0.040	  142.90	 99.91
3559.00	3504.28	 1.5477	34.6714	27.7626	 2.93	127.46	0.040	  142.90	 99.91
3560.00	3505.26	 1.5476	34.6714	27.7626	 2.93	127.27	0.040	  142.99	 99.91
3561.00	3506.24	 1.5473	34.6716	27.7628	 2.93	127.18	0.040	  142.89	 99.91
3562.00	3507.21	 1.5468	34.6716	27.7629	 2.94	127.92	0.040	  142.92	 99.91
3563.00	3508.19	 1.5469	34.6715	27.7627	 2.94	127.75	0.040	  142.92	 99.91
3564.00	3509.17	 1.5470	34.6714	27.7627	 2.93	127.51	0.040	  142.95	 99.91
3565.00	3510.14	 1.5467	34.6716	27.7628	 2.94	127.69	0.040	  142.92	 99.91
3566.00	3511.12	 1.5465	34.6717	27.7629	 2.93	127.48	0.040	  142.88	 99.91
3567.00	3512.10	 1.5466	34.6715	27.7628	 2.93	127.50	0.040	  142.91	 99.91
3568.00	3513.07	 1.5465	34.6717	27.7629	 2.94	127.74	0.039	  142.92	 99.91
3569.00	3514.05	 1.5466	34.6716	27.7629	 2.94	127.90	0.040	  142.91	 99.91
3570.00	3515.03	 1.5465	34.6717	27.7630	 2.94	127.71	0.039	  142.93	 99.91
3571.00	3516.00	 1.5459	34.6717	27.7631	 2.95	128.12	0.039	  142.97	 99.92
3572.00	3516.98	 1.5454	34.6718	27.7631	 2.94	127.69	0.039	  142.93	 99.91
3573.00	3517.96	 1.5456	34.6718	27.7631	 2.93	127.33	0.039	  142.94	 99.91
3574.00	3518.93	 1.5455	34.6718	27.7632	 2.94	127.91	0.039	  142.89	 99.91
3575.00	3519.91	 1.5454	34.6717	27.7631	 2.94	127.81	0.040	  142.93	 99.91
3576.00	3520.89	 1.5452	34.6718	27.7632	 2.94	127.83	0.040	  142.92	 99.92
3577.00	3521.86	 1.5452	34.6718	27.7632	 2.94	127.76	0.040	  142.92	 99.91
3578.00	3522.84	 1.5453	34.6719	27.7633	 2.94	127.65	0.039	  142.89	 99.91
3579.00	3523.82	 1.5454	34.6718	27.7632	 2.94	127.74	0.039	  142.95	 99.91
3580.00	3524.79	 1.5454	34.6718	27.7632	 2.94	127.93	0.039	  142.94	 99.91
3581.00	3525.77	 1.5456	34.6717	27.7631	 2.95	128.04	0.040	  142.94	 99.92
3582.00	3526.74	 1.5456	34.6717	27.7632	 2.95	128.11	0.039	  142.90	 99.91
3583.00	3527.72	 1.5456	34.6719	27.7633	 2.95	128.11	0.040	  142.92	 99.91
3584.00	3528.70	 1.5454	34.6718	27.7633	 2.94	127.87	0.040	  142.90	 99.92
3585.00	3529.67	 1.5452	34.6720	27.7634	 2.94	127.72	0.039	  142.98	 99.91
3586.00	3530.65	 1.5449	34.6720	27.7634	 2.94	127.89	0.039	  142.93	 99.91
3587.00	3531.63	 1.5449	34.6719	27.7634	 2.95	128.16	0.039	  142.95	 99.91
3588.00	3532.60	 1.5447	34.6719	27.7634	 2.95	128.24	0.040	  142.89	 99.91
3589.00	3533.58	 1.5446	34.6721	27.7636	 2.95	128.32	0.040	  142.86	 99.92
3590.00	3534.56	 1.5446	34.6720	27.7635	 2.95	128.05	0.040	  142.91	 99.92
3591.00	3535.53	 1.5447	34.6720	27.7635	 2.94	127.70	0.039	  142.84	 99.92
3592.00	3536.51	 1.5447	34.6722	27.7637	 2.94	127.89	0.040	  142.89	 99.91
3593.00	3537.49	 1.5449	34.6719	27.7635	 2.94	127.94	0.040	  142.93	 99.91
3594.00	3538.46	 1.5451	34.6719	27.7634	 2.95	128.24	0.040	  142.90	 99.91
3595.00	3539.44	 1.5449	34.6720	27.7635	 2.96	128.43	0.040	  142.86	 99.91
3596.00	3540.42	 1.5449	34.6721	27.7636	 2.95	128.12	0.040	  142.87	 99.91
3597.00	3541.39	 1.5450	34.6721	27.7636	 2.95	128.09	0.039	  142.87	 99.91
3598.00	3542.37	 1.5450	34.6721	27.7636	 2.95	128.14	0.040	  142.86	 99.92
3599.00	3543.34	 1.5448	34.6721	27.7636	 2.95	128.01	0.040	  142.87	 99.92
3600.00	3544.32	 1.5448	34.6722	27.7637	 2.95	128.23	0.040	  142.86	 99.91
3601.00	3545.30	 1.5449	34.6720	27.7636	 2.95	128.25	0.040	  142.87	 99.91
3602.00	3546.27	 1.5447	34.6721	27.7637	 2.96	128.46	0.040	  142.85	 99.92
3603.00	3547.25	 1.5448	34.6720	27.7636	 2.95	128.25	0.040	  142.85	 99.91
3604.00	3548.23	 1.5448	34.6721	27.7636	 2.94	127.86	0.040	  142.88	 99.92
3605.00	3549.20	 1.5449	34.6721	27.7637	 2.95	128.16	0.039	  142.90	 99.91
3606.00	3550.18	 1.5447	34.6721	27.7637	 2.95	128.17	0.039	  142.86	 99.91
3607.00	3551.16	 1.5437	34.6722	27.7638	 2.95	128.29	0.039	  142.89	 99.91
3608.00	3552.13	 1.5434	34.6723	27.7639	 2.96	128.44	0.039	  142.89	 99.91
3609.00	3553.11	 1.5433	34.6723	27.7640	 2.94	127.96	0.040	  142.92	 99.92
3610.00	3554.09	 1.5433	34.6722	27.7639	 2.94	127.87	0.040	  142.88	 99.92
3611.00	3555.06	 1.5433	34.6723	27.7640	 2.95	128.28	0.039	  142.92	 99.91
3612.00	3556.04	 1.5431	34.6722	27.7639	 2.96	128.41	0.039	  142.88	 99.91
3613.00	3557.01	 1.5430	34.6722	27.7639	 2.96	128.71	0.041	  142.86	 99.91
3614.00	3557.99	 1.5428	34.6724	27.7641	 2.97	128.94	0.040	  142.84	 99.91
3615.00	3558.97	 1.5428	34.6724	27.7642	 2.95	128.05	0.039	  142.90	 99.91
3616.00	3559.94	 1.5429	34.6724	27.7641	 2.96	128.81	0.040	  142.86	 99.92
3617.00	3560.92	 1.5431	34.6723	27.7640	 2.97	128.97	0.040	  142.82	 99.93
3618.00	3561.90	 1.5432	34.6723	27.7641	 2.95	128.05	0.040	  142.90	 99.91
3619.00	3562.87	 1.5432	34.6724	27.7641	 2.96	128.43	0.040	  142.93	 99.91
3620.00	3563.85	 1.5432	34.6724	27.7641	 2.95	128.28	0.040	  142.93	 99.91
3621.00	3564.83	 1.5434	34.6722	27.7640	 2.95	128.36	0.039	  142.89	 99.92
3622.00	3565.80	 1.5435	34.6722	27.7640	 2.96	128.65	0.039	  142.88	 99.92
3623.00	3566.78	 1.5435	34.6724	27.7641	 2.96	128.62	0.040	  142.86	 99.91
3624.00	3567.75	 1.5435	34.6724	27.7642	 2.94	127.97	0.040	  142.89	 99.91
3625.00	3568.73	 1.5436	34.6724	27.7641	 2.95	128.40	0.039	  142.88	 99.91
3626.00	3569.71	 1.5437	34.6724	27.7641	 2.95	128.18	0.040	  142.88	 99.91
3627.00	3570.68	 1.5438	34.6724	27.7641	 2.95	128.20	0.040	  142.92	 99.91
3628.00	3571.66	 1.5440	34.6723	27.7640	 2.96	128.67	0.040	  142.92	 99.91
3629.00	3572.64	 1.5440	34.6724	27.7641	 2.97	129.02	0.040	  142.90	 99.91
