wcoa21_data_management/01_CRUISE_METADATA/00_OCADS_data/CTD_downcasts/WCOA_2021_CTD_downcasts/dRB2102_CTD_095_01_F.txt
* Sea-Bird SBE 9 Data:
* Software Version Seasave V 7.26.7.107
* Vessel: NOAA Ship Ronald H. Brown
* Cruise: RB2102, West Coast Ocean Acidification (WCOA) 2021
* Dates: 20210622 to 20210723
* Region: NE Pacific, USA West Coast
* Ports: San Diego, CA to Port Angeles, WA to San Diego, CA
* Chief Scientists: R. Feely, NOAA PMEL; D. Greeley, NOAA PMEL; B. Carter, NOAA PMEL / UW CICOES
*END*
[from data line 2987]
2990.00	2947.26	 1.6320	34.6604	27.7439	 2.62	113.79	0.039	  163.61	 99.92
2991.00	2948.24	 1.6317	34.6606	27.7441	 2.62	113.95	0.040	  163.59	 99.93
2992.00	2949.22	 1.6318	34.6605	27.7440	 2.62	113.94	0.040	  163.61	 99.93
2993.00	2950.20	 1.6322	34.6604	27.7439	 2.62	113.89	0.040	  163.62	 99.93
2994.00	2951.18	 1.6317	34.6606	27.7441	 2.62	113.72	0.040	  163.66	 99.93
2995.00	2952.15	 1.6314	34.6606	27.7441	 2.63	114.22	0.040	  163.60	 99.93
2996.00	2953.13	 1.6311	34.6606	27.7442	 2.63	114.10	0.040	  163.64	 99.93
2997.00	2954.11	 1.6311	34.6605	27.7441	 2.62	113.93	0.040	  163.58	 99.93
2998.00	2955.09	 1.6311	34.6604	27.7440	 2.62	113.79	0.040	  163.60	 99.93
2999.00	2956.07	 1.6309	34.6606	27.7442	 2.62	113.67	0.040	  163.60	 99.93
3000.00	2957.05	 1.6309	34.6607	27.7443	 2.63	114.19	0.040	  163.59	 99.92
3001.00	2958.03	 1.6308	34.6606	27.7442	 2.63	114.39	0.039	  163.56	 99.93
3002.00	2959.01	 1.6305	34.6606	27.7443	 2.63	114.13	0.040	  163.59	 99.93
3003.00	2959.99	 1.6305	34.6607	27.7443	 2.62	114.04	0.040	  163.56	 99.93
3004.00	2960.96	 1.6306	34.6605	27.7442	 2.62	114.03	0.040	  163.62	 99.93
3005.00	2961.94	 1.6302	34.6607	27.7444	 2.63	114.11	0.040	  163.59	 99.93
3006.00	2962.92	 1.6299	34.6607	27.7444	 2.63	114.16	0.040	  163.58	 99.93
3007.00	2963.90	 1.6296	34.6607	27.7445	 2.63	114.23	0.039	  163.61	 99.92
3008.00	2964.88	 1.6292	34.6608	27.7446	 2.63	114.11	0.040	  163.63	 99.92
3009.00	2965.86	 1.6295	34.6606	27.7444	 2.63	114.08	0.040	  163.54	 99.93
3010.00	2966.84	 1.6293	34.6608	27.7445	 2.62	114.06	0.040	  163.57	 99.92
3011.00	2967.82	 1.6291	34.6609	27.7447	 2.63	114.44	0.040	  163.58	 99.93
3012.00	2968.80	 1.6291	34.6609	27.7446	 2.63	114.38	0.040	  163.51	 99.93
3013.00	2969.77	 1.6287	34.6608	27.7446	 2.63	114.25	0.040	  163.66	 99.92
3014.00	2970.75	 1.6283	34.6609	27.7447	 2.63	114.20	0.040	  163.54	 99.93
3015.00	2971.73	 1.6282	34.6609	27.7448	 2.63	114.26	0.040	  163.65	 99.92
3016.00	2972.71	 1.6281	34.6609	27.7447	 2.63	114.47	0.040	  163.60	 99.93
3017.00	2973.69	 1.6280	34.6608	27.7447	 2.63	114.43	0.040	  163.62	 99.92
3018.00	2974.67	 1.6287	34.6609	27.7448	 2.63	114.42	0.040	  163.50	 99.93
3019.00	2975.65	 1.6283	34.6610	27.7448	 2.63	114.41	0.040	  163.62	 99.92
3020.00	2976.63	 1.6279	34.6610	27.7449	 2.63	114.32	0.040	  163.66	 99.92
3021.00	2977.60	 1.6277	34.6610	27.7449	 2.64	114.54	0.040	  163.53	 99.92
3022.00	2978.58	 1.6276	34.6611	27.7450	 2.64	114.55	0.040	  163.51	 99.93
3023.00	2979.56	 1.6274	34.6611	27.7450	 2.64	114.52	0.040	  163.53	 99.92
3024.00	2980.54	 1.6279	34.6608	27.7448	 2.64	114.53	0.040	  163.62	 99.92
3025.00	2981.52	 1.6290	34.6610	27.7448	 2.64	114.56	0.039	  163.47	 99.93
3026.00	2982.50	 1.6267	34.6612	27.7451	 2.63	114.28	0.039	  163.57	 99.92
3027.00	2983.48	 1.6262	34.6611	27.7452	 2.64	114.62	0.040	  163.60	 99.93
3028.00	2984.46	 1.6253	34.6612	27.7453	 2.64	114.75	0.040	  163.51	 99.92
3029.00	2985.43	 1.6248	34.6614	27.7454	 2.64	114.64	0.040	  163.58	 99.92
3030.00	2986.41	 1.6247	34.6612	27.7453	 2.64	114.71	0.040	  163.60	 99.93
3031.00	2987.39	 1.6244	34.6612	27.7454	 2.64	114.84	0.039	  163.51	 99.93
3032.00	2988.37	 1.6240	34.6615	27.7456	 2.64	114.80	0.040	  163.52	 99.93
3033.00	2989.35	 1.6244	34.6613	27.7454	 2.64	114.79	0.040	  163.59	 99.92
3034.00	2990.33	 1.6265	34.6611	27.7451	 2.64	114.72	0.040	  163.57	 99.92
3035.00	2991.31	 1.6240	34.6614	27.7456	 2.64	114.78	0.040	  163.59	 99.92
3036.00	2992.29	 1.6237	34.6615	27.7457	 2.64	114.72	0.040	  163.47	 99.93
3037.00	2993.26	 1.6235	34.6614	27.7457	 2.64	114.79	0.040	  163.52	 99.92
3038.00	2994.24	 1.6231	34.6615	27.7458	 2.65	114.97	0.040	  163.52	 99.92
3039.00	2995.22	 1.6228	34.6616	27.7458	 2.65	114.96	0.040	  163.55	 99.93
3040.00	2996.20	 1.6231	34.6614	27.7457	 2.64	114.93	0.040	  163.54	 99.93
3041.00	2997.18	 1.6246	34.6615	27.7456	 2.64	114.87	0.040	  163.60	 99.92
3042.00	2998.16	 1.6229	34.6617	27.7459	 2.65	115.09	0.040	  163.52	 99.92
3043.00	2999.14	 1.6228	34.6617	27.7459	 2.65	115.17	0.040	  163.53	 99.93
3044.00	3000.11	 1.6228	34.6617	27.7460	 2.64	114.84	0.040	  163.54	 99.92
3045.00	3001.09	 1.6229	34.6616	27.7459	 2.64	114.92	0.040	  163.51	 99.92
3046.00	3002.07	 1.6229	34.6616	27.7459	 2.65	115.09	0.040	  163.52	 99.92
3047.00	3003.05	 1.6228	34.6616	27.7459	 2.65	115.15	0.040	  163.52	 99.93
3048.00	3004.03	 1.6227	34.6616	27.7459	 2.65	115.24	0.040	  163.54	 99.92
3049.00	3005.01	 1.6223	34.6616	27.7460	 2.66	115.48	0.040	  163.48	 99.93
3050.00	3005.99	 1.6220	34.6616	27.7460	 2.66	115.41	0.040	  163.47	 99.92
3051.00	3006.97	 1.6218	34.6617	27.7461	 2.65	115.35	0.040	  163.44	 99.92
3052.00	3007.94	 1.6221	34.6616	27.7460	 2.65	115.31	0.040	  163.46	 99.92
3053.00	3008.92	 1.6218	34.6618	27.7462	 2.65	115.12	0.040	  163.52	 99.93
3054.00	3009.90	 1.6219	34.6617	27.7461	 2.66	115.39	0.040	  163.51	 99.92
3055.00	3010.88	 1.6219	34.6619	27.7462	 2.66	115.48	0.040	  163.52	 99.92
3056.00	3011.86	 1.6219	34.6618	27.7462	 2.65	115.25	0.040	  163.49	 99.92
3057.00	3012.84	 1.6219	34.6616	27.7461	 2.65	115.19	0.040	  163.49	 99.92
3058.00	3013.82	 1.6218	34.6619	27.7463	 2.65	115.15	0.040	  163.44	 99.93
3059.00	3014.79	 1.6218	34.6618	27.7462	 2.65	115.13	0.040	  163.53	 99.92
3060.00	3015.77	 1.6218	34.6618	27.7462	 2.66	115.38	0.040	  163.52	 99.92
3061.00	3016.75	 1.6219	34.6618	27.7462	 2.66	115.42	0.039	  163.49	 99.92
3062.00	3017.73	 1.6222	34.6617	27.7461	 2.65	115.26	0.040	  163.45	 99.92
3063.00	3018.71	 1.6220	34.6619	27.7463	 2.65	115.35	0.040	  163.52	 99.93
3064.00	3019.69	 1.6211	34.6620	27.7465	 2.66	115.40	0.040	  163.48	 99.92
3065.00	3020.67	 1.6209	34.6620	27.7465	 2.65	115.30	0.040	  163.49	 99.93
3066.00	3021.64	 1.6208	34.6619	27.7465	 2.66	115.49	0.040	  163.44	 99.92
3067.00	3022.62	 1.6208	34.6618	27.7463	 2.66	115.45	0.040	  163.44	 99.92
3068.00	3023.60	 1.6208	34.6619	27.7465	 2.66	115.41	0.040	  163.47	 99.92
3069.00	3024.58	 1.6207	34.6618	27.7464	 2.66	115.38	0.040	  163.46	 99.92
3070.00	3025.56	 1.6204	34.6620	27.7465	 2.66	115.42	0.040	  163.46	 99.93
3071.00	3026.54	 1.6202	34.6620	27.7466	 2.66	115.54	0.040	  163.50	 99.92
3072.00	3027.52	 1.6201	34.6619	27.7465	 2.66	115.49	0.040	  163.47	 99.92
3073.00	3028.49	 1.6196	34.6620	27.7466	 2.66	115.54	0.040	  163.51	 99.92
3074.00	3029.47	 1.6193	34.6621	27.7467	 2.66	115.53	0.040	  163.43	 99.92
3075.00	3030.45	 1.6192	34.6620	27.7467	 2.66	115.62	0.040	  163.47	 99.92
3076.00	3031.43	 1.6191	34.6620	27.7467	 2.66	115.59	0.040	  163.42	 99.92
3077.00	3032.41	 1.6189	34.6621	27.7468	 2.66	115.65	0.040	  163.40	 99.92
3078.00	3033.39	 1.6188	34.6622	27.7469	 2.66	115.68	0.040	  163.42	 99.92
3079.00	3034.37	 1.6190	34.6620	27.7467	 2.66	115.66	0.040	  163.40	 99.93
3080.00	3035.34	 1.6187	34.6621	27.7468	 2.66	115.73	0.040	  163.37	 99.93
3081.00	3036.32	 1.6187	34.6621	27.7468	 2.66	115.68	0.040	  163.49	 99.93
3082.00	3037.30	 1.6186	34.6624	27.7470	 2.66	115.49	0.039	  163.45	 99.93
3083.00	3038.28	 1.6186	34.6623	27.7470	 2.67	115.94	0.039	  163.41	 99.93
3084.00	3039.26	 1.6186	34.6623	27.7470	 2.66	115.68	0.040	  163.47	 99.92
3085.00	3040.24	 1.6185	34.6623	27.7470	 2.66	115.76	0.040	  163.41	 99.92
3086.00	3041.22	 1.6183	34.6623	27.7471	 2.67	115.91	0.040	  163.48	 99.93
3087.00	3042.19	 1.6192	34.6621	27.7469	 2.67	115.93	0.040	  163.42	 99.92
3088.00	3043.17	 1.6185	34.6623	27.7471	 2.67	115.83	0.040	  163.38	 99.92
3089.00	3044.15	 1.6179	34.6624	27.7472	 2.67	116.22	0.040	  163.40	 99.92
3090.00	3045.13	 1.6178	34.6624	27.7472	 2.68	116.41	0.040	  163.37	 99.93
3091.00	3046.11	 1.6178	34.6624	27.7472	 2.68	116.26	0.040	  163.41	 99.92
3092.00	3047.09	 1.6179	34.6623	27.7471	 2.67	116.21	0.040	  163.41	 99.93
3093.00	3048.06	 1.6176	34.6624	27.7473	 2.67	116.22	0.039	  163.39	 99.92
3094.00	3049.04	 1.6173	34.6626	27.7474	 2.67	116.21	0.040	  163.40	 99.92
3095.00	3050.02	 1.6174	34.6626	27.7474	 2.67	116.19	0.040	  163.38	 99.92
3096.00	3051.00	 1.6175	34.6625	27.7474	 2.67	116.16	0.040	  163.38	 99.92
3097.00	3051.98	 1.6174	34.6625	27.7473	 2.68	116.29	0.040	  163.39	 99.92
3098.00	3052.96	 1.6174	34.6624	27.7473	 2.68	116.28	0.040	  163.41	 99.92
3099.00	3053.94	 1.6173	34.6626	27.7475	 2.67	116.22	0.040	  163.41	 99.93
3100.00	3054.91	 1.6173	34.6626	27.7475	 2.67	116.21	0.040	  163.35	 99.93
3101.00	3055.89	 1.6172	34.6625	27.7474	 2.68	116.40	0.040	  163.44	 99.93
3102.00	3056.87	 1.6172	34.6626	27.7475	 2.68	116.38	0.040	  163.36	 99.92
3103.00	3057.85	 1.6169	34.6625	27.7475	 2.68	116.37	0.040	  163.35	 99.93
3104.00	3058.83	 1.6162	34.6627	27.7476	 2.68	116.43	0.040	  163.39	 99.93
3105.00	3059.81	 1.6161	34.6627	27.7477	 2.68	116.49	0.040	  163.35	 99.92
3106.00	3060.78	 1.6161	34.6627	27.7477	 2.68	116.46	0.040	  163.42	 99.92
3107.00	3061.76	 1.6158	34.6629	27.7479	 2.68	116.38	0.040	  163.33	 99.93
3108.00	3062.74	 1.6157	34.6629	27.7478	 2.68	116.49	0.040	  163.35	 99.92
3109.00	3063.72	 1.6158	34.6628	27.7478	 2.69	116.71	0.040	  163.33	 99.92
3110.00	3064.70	 1.6158	34.6628	27.7478	 2.69	116.69	0.040	  163.35	 99.92
3111.00	3065.68	 1.6156	34.6628	27.7478	 2.69	116.69	0.040	  163.35	 99.92
3112.00	3066.65	 1.6155	34.6629	27.7479	 2.69	116.77	0.040	  163.38	 99.92
3113.00	3067.63	 1.6154	34.6629	27.7479	 2.69	116.97	0.040	  163.38	 99.92
3114.00	3068.61	 1.6151	34.6630	27.7480	 2.69	116.89	0.039	  163.36	 99.92
3115.00	3069.59	 1.6149	34.6630	27.7481	 2.69	116.94	0.040	  163.33	 99.92
3116.00	3070.57	 1.6150	34.6630	27.7480	 2.70	117.12	0.040	  163.33	 99.92
3117.00	3071.55	 1.6150	34.6629	27.7479	 2.69	116.97	0.040	  163.31	 99.92
3118.00	3072.52	 1.6148	34.6630	27.7481	 2.69	116.93	0.040	  163.35	 99.92
3119.00	3073.50	 1.6146	34.6630	27.7481	 2.69	116.98	0.040	  163.36	 99.92
3120.00	3074.48	 1.6141	34.6630	27.7481	 2.69	117.00	0.040	  163.35	 99.92
3121.00	3075.46	 1.6130	34.6632	27.7484	 2.69	117.07	0.040	  163.35	 99.92
3122.00	3076.44	 1.6130	34.6632	27.7484	 2.70	117.13	0.040	  163.28	 99.92
3123.00	3077.42	 1.6127	34.6632	27.7484	 2.69	117.09	0.040	  163.36	 99.92
3124.00	3078.39	 1.6126	34.6632	27.7484	 2.70	117.11	0.040	  163.33	 99.92
3125.00	3079.37	 1.6126	34.6632	27.7484	 2.70	117.13	0.039	  163.27	 99.92
3126.00	3080.35	 1.6126	34.6632	27.7485	 2.70	117.15	0.040	  163.29	 99.92
3127.00	3081.33	 1.6126	34.6633	27.7486	 2.70	117.11	0.040	  163.33	 99.92
3128.00	3082.31	 1.6123	34.6634	27.7486	 2.70	117.16	0.040	  163.32	 99.92
3129.00	3083.29	 1.6122	34.6633	27.7486	 2.70	117.24	0.040	  163.29	 99.92
3130.00	3084.26	 1.6117	34.6633	27.7486	 2.70	117.22	0.040	  163.26	 99.92
3131.00	3085.24	 1.6114	34.6633	27.7486	 2.70	117.24	0.039	  163.28	 99.92
3132.00	3086.22	 1.6113	34.6634	27.7488	 2.70	117.26	0.040	  163.32	 99.91
3133.00	3087.20	 1.6113	34.6635	27.7488	 2.70	117.28	0.040	  163.36	 99.92
3134.00	3088.18	 1.6114	34.6634	27.7488	 2.70	117.24	0.040	  163.33	 99.92
3135.00	3089.16	 1.6113	34.6635	27.7488	 2.70	117.29	0.040	  163.30	 99.92
3136.00	3090.13	 1.6113	34.6634	27.7488	 2.70	117.36	0.040	  163.29	 99.92
3137.00	3091.11	 1.6114	34.6633	27.7487	 2.70	117.36	0.040	  163.28	 99.93
3138.00	3092.09	 1.6108	34.6634	27.7488	 2.70	117.38	0.040	  163.31	 99.92
3139.00	3093.07	 1.6107	34.6634	27.7489	 2.70	117.39	0.040	  163.36	 99.92
3140.00	3094.05	 1.6106	34.6636	27.7490	 2.70	117.41	0.039	  163.28	 99.92
3141.00	3095.03	 1.6107	34.6635	27.7489	 2.70	117.43	0.039	  163.23	 99.92
3142.00	3096.00	 1.6107	34.6635	27.7489	 2.70	117.45	0.040	  163.30	 99.93
3143.00	3096.98	 1.6108	34.6634	27.7489	 2.70	117.47	0.040	  163.27	 99.93
3144.00	3097.96	 1.6108	34.6636	27.7490	 2.70	117.49	0.040	  163.28	 99.92
3145.00	3098.94	 1.6110	34.6634	27.7488	 2.70	117.51	0.040	  163.27	 99.92
3146.00	3099.92	 1.6110	34.6634	27.7489	 2.70	117.52	0.040	  163.29	 99.92
3147.00	3100.89	 1.6109	34.6635	27.7490	 2.71	117.54	0.040	  163.28	 99.92
3148.00	3101.87	 1.6108	34.6635	27.7490	 2.70	117.50	0.040	  163.32	 99.92
3149.00	3102.85	 1.6102	34.6637	27.7491	 2.71	117.55	0.040	  163.26	 99.91
3150.00	3103.83	 1.6095	34.6637	27.7492	 2.71	117.67	0.039	  163.29	 99.93
3151.00	3104.81	 1.6090	34.6637	27.7493	 2.71	117.62	0.040	  163.24	 99.92
3152.00	3105.79	 1.6086	34.6637	27.7493	 2.71	117.64	0.040	  163.25	 99.93
3153.00	3106.76	 1.6086	34.6636	27.7492	 2.71	117.64	0.040	  163.28	 99.92
3154.00	3107.74	 1.6081	34.6638	27.7494	 2.71	117.69	0.040	  163.24	 99.92
3155.00	3108.72	 1.6076	34.6639	27.7496	 2.71	117.79	0.039	  163.23	 99.92
3156.00	3109.70	 1.6076	34.6637	27.7494	 2.71	117.66	0.039	  163.30	 99.92
3157.00	3110.68	 1.6075	34.6639	27.7496	 2.71	117.74	0.039	  163.24	 99.92
3158.00	3111.66	 1.6070	34.6639	27.7496	 2.71	117.76	0.039	  163.29	 99.92
3159.00	3112.63	 1.6069	34.6639	27.7496	 2.71	117.78	0.040	  163.23	 99.92
3160.00	3113.61	 1.6069	34.6638	27.7496	 2.71	117.80	0.040	  163.21	 99.92
3161.00	3114.59	 1.6068	34.6639	27.7497	 2.71	117.87	0.040	  163.21	 99.92
3162.00	3115.57	 1.6068	34.6639	27.7497	 2.71	117.86	0.040	  163.24	 99.92
3163.00	3116.55	 1.6065	34.6639	27.7497	 2.71	117.85	0.040	  163.22	 99.61
3164.00	3117.52	 1.6064	34.6639	27.7497	 2.71	117.93	0.039	  163.22	 99.97
3165.00	3118.50	 1.6056	34.6640	27.7498	 2.71	117.92	0.040	  163.26	 99.92
3166.00	3119.48	 1.6054	34.6642	27.7500	 2.72	117.99	0.040	  163.27	 99.92
3167.00	3120.46	 1.6044	34.6642	27.7501	 2.71	117.94	0.040	  163.25	 99.92
3168.00	3121.44	 1.6040	34.6641	27.7501	 2.71	117.95	0.040	  163.21	 99.92
3169.00	3122.41	 1.6037	34.6641	27.7501	 2.72	118.07	0.040	  163.20	 99.92
3170.00	3123.39	 1.6036	34.6642	27.7502	 2.72	118.11	0.040	  163.22	 99.92
3171.00	3124.37	 1.6036	34.6642	27.7502	 2.72	118.36	0.040	  163.21	 99.92
3172.00	3125.35	 1.6037	34.6642	27.7502	 2.72	118.04	0.039	  163.13	 99.93
3173.00	3126.33	 1.6036	34.6642	27.7502	 2.72	118.16	0.040	  163.25	 99.92
3174.00	3127.31	 1.6034	34.6643	27.7503	 2.72	118.26	0.040	  163.26	 99.92
3175.00	3128.28	 1.6034	34.6642	27.7502	 2.72	118.14	0.040	  163.20	 99.92
3176.00	3129.26	 1.6030	34.6643	27.7504	 2.72	118.25	0.040	  163.22	 99.92
3177.00	3130.24	 1.6026	34.6644	27.7505	 2.72	118.24	0.040	  163.20	 99.92
3178.00	3131.22	 1.6026	34.6644	27.7505	 2.72	118.33	0.040	  163.17	 99.92
3179.00	3132.20	 1.6024	34.6644	27.7505	 2.73	118.51	0.040	  163.18	 99.92
3180.00	3133.17	 1.6018	34.6644	27.7505	 2.73	118.50	0.040	  163.16	 99.93
3181.00	3134.15	 1.6012	34.6644	27.7506	 2.73	118.45	0.040	  163.18	 99.92
3182.00	3135.13	 1.6008	34.6645	27.7507	 2.73	118.53	0.040	  163.16	 99.92
3183.00	3136.11	 1.6006	34.6644	27.7506	 2.73	118.46	0.040	  163.20	 99.91
3184.00	3137.09	 1.6005	34.6646	27.7508	 2.73	118.46	0.040	  163.18	 99.92
3185.00	3138.06	 1.6003	34.6646	27.7509	 2.73	118.64	0.040	  163.17	 99.92
3186.00	3139.04	 1.6003	34.6645	27.7508	 2.73	118.63	0.040	  163.17	 99.92
3187.00	3140.02	 1.5997	34.6646	27.7509	 2.73	118.51	0.040	  163.23	 99.92
3188.00	3141.00	 1.5996	34.6646	27.7509	 2.72	118.40	0.040	  163.13	 99.92
3189.00	3141.98	 1.5994	34.6646	27.7510	 2.73	118.50	0.040	  163.13	 99.92
3190.00	3142.95	 1.5993	34.6647	27.7510	 2.73	118.84	0.040	  163.17	 99.92
3191.00	3143.93	 1.5993	34.6646	27.7510	 2.74	118.94	0.040	  163.14	 99.92
3192.00	3144.91	 1.5993	34.6646	27.7510	 2.73	118.67	0.040	  163.13	 99.92
3193.00	3145.89	 1.6000	34.6646	27.7509	 2.73	118.64	0.040	  163.16	 99.92
3194.00	3146.87	 1.5997	34.6647	27.7511	 2.73	118.59	0.040	  163.12	 99.92
3195.00	3147.84	 1.5989	34.6647	27.7511	 2.74	118.89	0.040	  163.17	 99.92
3196.00	3148.82	 1.5986	34.6648	27.7512	 2.72	118.25	0.040	  163.12	 99.91
3197.00	3149.80	 1.5986	34.6648	27.7512	 2.73	118.67	0.040	  163.13	 99.93
3198.00	3150.78	 1.5986	34.6648	27.7512	 2.74	119.08	0.040	  163.13	 99.92
3199.00	3151.76	 1.5987	34.6647	27.7511	 2.73	118.70	0.040	  163.17	 99.92
3200.00	3152.73	 1.5989	34.6646	27.7510	 2.73	118.68	0.040	  163.18	 99.92
3201.00	3153.71	 1.5987	34.6647	27.7511	 2.73	118.60	0.040	  163.13	 99.92
3202.00	3154.69	 1.5985	34.6647	27.7512	 2.73	118.55	0.040	  163.13	 99.92
