wcoa21_data_management/01_CRUISE_METADATA/00_OCADS_data/CTD_downcasts/WCOA_2021_CTD_downcasts/dRB2102_CTD_020_01_F.txt
* Sea-Bird SBE 9 Data:
* Software Version Seasave V 7.26.7.107
* Vessel: NOAA Ship Ronald H. Brown
* Cruise: RB2102, West Coast Ocean Acidification (WCOA) 2021
* Dates: 20210622 to 20210723
* Region: NE Pacific, USA West Coast
* Ports: San Diego, CA to Port Angeles, WA to San Diego, CA
* Chief Scientists: R. Feely, NOAA PMEL; D. Greeley, NOAA PMEL; B. Carter, NOAA PMEL / UW CICOES
*END*
[from data line 214]
 217.00	 215.06	 6.4504	33.9818	26.6928	 1.63	 70.97	0.040	  199.50	 45.97
 218.00	 216.05	 6.4499	33.9818	26.6928	 1.63	 71.02	0.040	  199.57	 44.95
 219.00	 217.04	 6.4504	33.9818	26.6928	 1.64	 71.13	0.040	  199.56	 43.95
 220.00	 218.04	 6.4502	33.9819	26.6929	 1.64	 71.19	0.042	  199.51	 42.98
 221.00	 219.03	 6.4479	33.9819	26.6932	 1.64	 71.16	0.040	  199.51	 42.00
 222.00	 220.02	 6.4440	33.9827	26.6944	 1.64	 71.23	0.040	  199.51	 40.96
 223.00	 221.01	 6.4428	33.9828	26.6946	 1.64	 71.23	0.040	  199.51	 39.96
 224.00	 222.00	 6.4417	33.9830	26.6950	 1.64	 71.27	0.040	  199.50	 38.98
 225.00	 222.99	 6.4446	33.9828	26.6944	 1.64	 71.40	0.040	  199.49	 37.96
 226.00	 223.98	 6.4438	33.9830	26.6947	 1.64	 71.40	0.040	  199.47	 36.96
 227.00	 224.97	 6.4410	33.9834	26.6954	 1.64	 71.39	0.040	  199.49	 35.97
 228.00	 225.96	 6.4404	33.9836	26.6956	 1.64	 71.26	0.041	  199.49	 34.92
 229.00	 226.95	 6.4393	33.9837	26.6958	 1.64	 71.17	0.041	  199.49	 33.90
 230.00	 227.94	 6.4382	33.9838	26.6961	 1.64	 71.18	0.040	  199.45	 32.86
 231.00	 228.93	 6.4370	33.9839	26.6963	 1.63	 71.07	0.041	  199.48	 31.85
 232.00	 229.92	 6.4338	33.9843	26.6971	 1.64	 71.14	0.042	  199.43	 30.93
 233.00	 230.91	 6.4350	33.9845	26.6971	 1.63	 71.10	0.041	  199.48	 29.93
 234.00	 231.90	 6.4374	33.9840	26.6964	 1.63	 71.09	0.040	  199.47	 28.88
 235.00	 232.89	 6.4376	33.9841	26.6964	 1.63	 70.91	0.041	  199.42	 27.80
 236.00	 233.88	 6.4366	33.9842	26.6967	 1.62	 70.66	0.041	  199.45	 26.73
 237.00	 234.87	 6.4361	33.9842	26.6968	 1.62	 70.50	0.040	  199.42	 25.76
 238.00	 235.86	 6.4357	33.9841	26.6968	 1.62	 70.38	0.040	  199.40	 24.84
 239.00	 236.85	 6.4333	33.9848	26.6976	 1.62	 70.27	0.040	  199.44	 23.89
 240.00	 237.84	 6.4317	33.9848	26.6979	 1.61	 70.23	0.040	  199.39	 22.89
 241.00	 238.84	 6.4321	33.9847	26.6977	 1.62	 70.27	0.040	  199.40	 21.86
 242.00	 239.83	 6.4312	33.9847	26.6979	 1.61	 70.22	0.040	  199.42	 20.68
 243.00	 240.82	 6.4305	33.9848	26.6980	 1.61	 69.96	0.040	  199.43	 19.47
 244.00	 241.81	 6.4283	33.9850	26.6985	 1.60	 69.75	0.041	  199.41	 18.44
 245.00	 242.80	 6.4265	33.9849	26.6987	 1.59	 69.32	0.040	  199.35	 17.40
 246.00	 243.79	 6.4278	33.9849	26.6985	 1.59	 69.21	0.040	  199.34	 16.37
 247.00	 244.78	 6.4277	33.9851	26.6987	 1.59	 69.29	0.040	  199.30	 15.40
 248.00	 245.77	 6.4274	33.9851	26.6987	 1.59	 69.29	0.041	  199.26	 14.37
 249.00	 246.76	 6.4268	33.9850	26.6988	 1.59	 69.21	0.040	  199.23	 13.34
 250.00	 247.75	 6.4272	33.9849	26.6986	 1.59	 69.28	0.041	  199.20	 12.31
 251.00	 248.74	 6.4271	33.9849	26.6987	 1.59	 69.37	0.040	  199.15	 11.30
 252.00	 249.73	 6.4263	33.9851	26.6989	 1.59	 69.32	0.041	  199.08	 10.33
 253.00	 250.72	 6.4234	33.9856	26.6997	 1.58	 68.83	0.040	  198.55	  9.39
