wcoa21_data_management/01_CRUISE_METADATA/00_OCADS_data/CTD_downcasts/WCOA_2021_CTD_downcasts/dRB2102_CTD_107_01_F.txt
* Sea-Bird SBE 9 Data:
* Software Version Seasave V 7.26.7.107
* Vessel: NOAA Ship Ronald H. Brown
* Cruise: RB2102, West Coast Ocean Acidification (WCOA) 2021
* Dates: 20210622 to 20210723
* Region: NE Pacific, USA West Coast
* Ports: San Diego, CA to Port Angeles, WA to San Diego, CA
* Chief Scientists: R. Feely, NOAA PMEL; D. Greeley, NOAA PMEL; B. Carter, NOAA PMEL / UW CICOES
*END*
[from data line 1921]
1924.00	1901.36	 2.1749	34.5975	27.6459	 1.52	 66.00	0.040	  155.35	 99.97
1925.00	1902.35	 2.1734	34.5977	27.6461	 1.52	 66.05	0.040	  155.34	 99.97
1926.00	1903.33	 2.1727	34.5980	27.6464	 1.52	 66.14	0.040	  155.34	 99.97
1927.00	1904.31	 2.1717	34.5977	27.6463	 1.52	 66.19	0.040	  155.33	 99.96
1928.00	1905.30	 2.1705	34.5979	27.6465	 1.52	 66.21	0.040	  155.34	 99.96
1929.00	1906.28	 2.1692	34.5977	27.6465	 1.52	 66.26	0.040	  155.36	 99.97
1930.00	1907.26	 2.1685	34.5980	27.6468	 1.53	 66.40	0.040	  155.31	 99.96
1931.00	1908.25	 2.1675	34.5981	27.6470	 1.53	 66.32	0.040	  155.37	 99.96
1932.00	1909.23	 2.1663	34.5981	27.6471	 1.53	 66.28	0.040	  155.32	 99.97
1933.00	1910.22	 2.1653	34.5981	27.6471	 1.53	 66.39	0.040	  155.29	 99.97
1934.00	1911.20	 2.1627	34.5987	27.6478	 1.53	 66.60	0.040	  155.30	 99.97
1935.00	1912.18	 2.1621	34.5989	27.6480	 1.53	 66.59	0.040	  155.27	 99.97
1936.00	1913.17	 2.1617	34.5990	27.6481	 1.54	 66.85	0.040	  155.35	 99.97
1937.00	1914.15	 2.1614	34.5989	27.6481	 1.54	 66.79	0.040	  155.25	 99.97
1938.00	1915.13	 2.1605	34.5990	27.6482	 1.53	 66.65	0.040	  155.32	 99.97
1939.00	1916.12	 2.1595	34.5991	27.6484	 1.53	 66.70	0.040	  155.23	 99.96
1940.00	1917.10	 2.1572	34.5989	27.6484	 1.54	 66.81	0.040	  155.34	 99.97
1941.00	1918.09	 2.1550	34.5992	27.6489	 1.54	 66.97	0.040	  155.31	 99.97
1942.00	1919.07	 2.1540	34.5995	27.6492	 1.54	 67.03	0.040	  155.31	 99.96
1943.00	1920.05	 2.1544	34.5993	27.6490	 1.54	 67.09	0.040	  155.36	 99.96
1944.00	1921.04	 2.1524	34.5995	27.6493	 1.54	 67.13	0.040	  155.22	 99.97
1945.00	1922.02	 2.1517	34.5996	27.6495	 1.54	 67.14	0.040	  155.29	 99.96
1946.00	1923.00	 2.1515	34.5999	27.6498	 1.56	 67.65	0.040	  155.33	 99.97
1947.00	1923.99	 2.1513	34.5999	27.6498	 1.56	 67.60	0.040	  155.28	 99.96
1948.00	1924.97	 2.1506	34.6000	27.6499	 1.55	 67.33	0.040	  155.23	 99.97
1949.00	1925.95	 2.1498	34.6004	27.6503	 1.55	 67.48	0.040	  155.27	 99.96
1950.00	1926.94	 2.1492	34.6007	27.6506	 1.56	 67.79	0.040	  155.33	 99.96
1951.00	1927.92	 2.1488	34.6008	27.6507	 1.56	 67.87	0.040	  155.26	 99.96
1952.00	1928.91	 2.1478	34.6009	27.6509	 1.56	 67.75	0.040	  155.30	 99.96
1953.00	1929.89	 2.1464	34.6011	27.6511	 1.56	 67.98	0.040	  155.28	 99.96
1954.00	1930.87	 2.1459	34.6011	27.6512	 1.57	 68.15	0.040	  155.29	 99.96
1955.00	1931.86	 2.1453	34.6011	27.6513	 1.57	 68.07	0.040	  155.29	 99.96
1956.00	1932.84	 2.1454	34.6015	27.6516	 1.57	 68.07	0.040	  155.28	 99.96
1957.00	1933.82	 2.1456	34.6014	27.6515	 1.57	 68.35	0.040	  155.28	 99.96
1958.00	1934.81	 2.1456	34.6016	27.6516	 1.58	 68.45	0.040	  155.31	 99.95
1959.00	1935.79	 2.1447	34.6017	27.6518	 1.57	 68.33	0.040	  155.27	 99.96
1960.00	1936.77	 2.1443	34.6016	27.6518	 1.57	 68.36	0.040	  155.30	 99.95
1961.00	1937.76	 2.1430	34.6016	27.6519	 1.57	 68.34	0.040	  155.24	 99.96
1962.00	1938.74	 2.1418	34.6017	27.6521	 1.57	 68.43	0.040	  155.28	 99.96
1963.00	1939.73	 2.1402	34.6018	27.6523	 1.58	 68.68	0.040	  155.18	 99.96
1964.00	1940.71	 2.1392	34.6021	27.6526	 1.58	 68.69	0.040	  155.21	 99.96
1965.00	1941.69	 2.1388	34.6022	27.6527	 1.58	 68.73	0.040	  155.21	 99.96
1966.00	1942.68	 2.1382	34.6023	27.6529	 1.58	 68.75	0.040	  155.23	 99.96
1967.00	1943.66	 2.1375	34.6024	27.6529	 1.58	 68.69	0.040	  155.26	 99.96
1968.00	1944.64	 2.1367	34.6023	27.6530	 1.58	 68.71	0.040	  155.24	 99.96
1969.00	1945.63	 2.1360	34.6025	27.6532	 1.58	 68.75	0.040	  155.29	 99.95
1970.00	1946.61	 2.1356	34.6024	27.6532	 1.58	 68.83	0.040	  155.26	 99.96
1971.00	1947.59	 2.1343	34.6026	27.6534	 1.59	 68.94	0.040	  155.26	 99.96
1972.00	1948.58	 2.1321	34.6026	27.6536	 1.59	 69.11	0.040	  155.18	 99.95
1973.00	1949.56	 2.1287	34.6026	27.6539	 1.59	 69.14	0.040	  155.19	 99.95
1974.00	1950.54	 2.1267	34.6029	27.6543	 1.59	 69.08	0.040	  155.20	 99.96
1975.00	1951.53	 2.1248	34.6028	27.6543	 1.59	 69.19	0.040	  155.10	 99.96
1976.00	1952.51	 2.1225	34.6033	27.6549	 1.59	 69.28	0.040	  155.14	 99.95
1977.00	1953.50	 2.1220	34.6035	27.6551	 1.60	 69.34	0.040	  155.13	 99.95
1978.00	1954.48	 2.1221	34.6036	27.6552	 1.60	 69.42	0.040	  155.16	 99.96
1979.00	1955.46	 2.1222	34.6036	27.6552	 1.60	 69.49	0.040	  155.19	 99.95
1980.00	1956.45	 2.1214	34.6038	27.6554	 1.60	 69.56	0.040	  155.08	 99.96
1981.00	1957.43	 2.1199	34.6039	27.6556	 1.60	 69.66	0.040	  155.14	 99.95
1982.00	1958.41	 2.1197	34.6043	27.6560	 1.61	 69.83	0.040	  155.11	 99.96
1983.00	1959.40	 2.1190	34.6045	27.6562	 1.61	 69.98	0.040	  155.15	 99.95
1984.00	1960.38	 2.1175	34.6046	27.6564	 1.61	 70.11	0.040	  155.11	 99.95
1985.00	1961.36	 2.1175	34.6049	27.6567	 1.62	 70.21	0.040	  155.12	 99.95
1986.00	1962.35	 2.1168	34.6047	27.6566	 1.61	 70.11	0.040	  155.10	 99.95
1987.00	1963.33	 2.1145	34.6050	27.6570	 1.61	 70.15	0.040	  155.11	 99.95
1988.00	1964.31	 2.1136	34.6049	27.6570	 1.62	 70.23	0.040	  155.16	 99.95
1989.00	1965.30	 2.1133	34.6051	27.6571	 1.62	 70.30	0.040	  155.13	 99.95
1990.00	1966.28	 2.1134	34.6052	27.6572	 1.62	 70.38	0.040	  155.10	 99.95
1991.00	1967.26	 2.1131	34.6052	27.6573	 1.62	 70.53	0.040	  155.12	 99.95
1992.00	1968.25	 2.1133	34.6055	27.6575	 1.62	 70.52	0.040	  155.13	 99.95
1993.00	1969.23	 2.1109	34.6054	27.6576	 1.62	 70.59	0.040	  155.09	 99.95
1994.00	1970.21	 2.1090	34.6057	27.6581	 1.63	 70.74	0.040	  155.10	 99.95
1995.00	1971.20	 2.1083	34.6058	27.6582	 1.63	 70.80	0.040	  155.10	 99.95
1996.00	1972.18	 2.1075	34.6057	27.6582	 1.63	 70.86	0.040	  155.14	 99.95
1997.00	1973.16	 2.1060	34.6057	27.6583	 1.63	 70.82	0.040	  155.07	 99.96
1998.00	1974.15	 2.1051	34.6060	27.6586	 1.63	 70.82	0.041	  155.07	 99.95
1999.00	1975.13	 2.1045	34.6062	27.6588	 1.63	 70.80	0.041	  155.06	 99.95
2000.00	1976.12	 2.1038	34.6064	27.6590	 1.64	 71.07	0.040	  155.08	 99.95
2001.00	1977.10	 2.1031	34.6064	27.6591	 1.64	 71.36	0.040	  155.07	 99.95
2002.00	1978.08	 2.1023	34.6065	27.6592	 1.64	 71.12	0.040	  155.07	 99.95
2003.00	1979.07	 2.1018	34.6067	27.6594	 1.64	 71.25	0.040	  155.09	 99.95
2004.00	1980.05	 2.1016	34.6068	27.6595	 1.64	 71.23	0.040	  155.07	 99.95
2005.00	1981.03	 2.1015	34.6068	27.6596	 1.64	 71.27	0.040	  155.12	 99.95
2006.00	1982.02	 2.1015	34.6068	27.6596	 1.64	 71.42	0.040	  155.06	 99.95
2007.00	1983.00	 2.1008	34.6068	27.6596	 1.65	 71.58	0.040	  155.06	 99.95
2008.00	1983.98	 2.0984	34.6071	27.6600	 1.65	 71.61	0.040	  155.05	 99.95
2009.00	1984.97	 2.0962	34.6076	27.6606	 1.65	 71.66	0.040	  155.02	 99.95
2010.00	1985.95	 2.0958	34.6076	27.6607	 1.65	 71.86	0.040	  155.04	 99.95
2011.00	1986.93	 2.0954	34.6075	27.6607	 1.66	 72.00	0.040	  155.08	 99.95
2012.00	1987.92	 2.0950	34.6076	27.6607	 1.65	 71.84	0.040	  155.03	 99.95
2013.00	1988.90	 2.0946	34.6076	27.6608	 1.65	 71.92	0.040	  155.06	 99.95
2014.00	1989.88	 2.0939	34.6077	27.6609	 1.65	 71.92	0.040	  155.05	 99.95
2015.00	1990.87	 2.0932	34.6080	27.6612	 1.66	 72.05	0.040	  155.03	 99.95
2016.00	1991.85	 2.0927	34.6081	27.6614	 1.66	 72.16	0.040	  155.04	 99.95
2017.00	1992.83	 2.0924	34.6083	27.6615	 1.66	 72.12	0.040	  155.03	 99.95
2018.00	1993.82	 2.0917	34.6082	27.6615	 1.66	 72.32	0.040	  155.04	 99.95
2019.00	1994.80	 2.0901	34.6081	27.6616	 1.66	 72.28	0.040	  154.97	 99.95
2020.00	1995.78	 2.0894	34.6083	27.6618	 1.66	 72.25	0.040	  155.04	 99.95
2021.00	1996.77	 2.0892	34.6083	27.6618	 1.66	 72.32	0.040	  155.04	 99.95
2022.00	1997.75	 2.0893	34.6087	27.6621	 1.67	 72.50	0.040	  154.98	 99.95
2023.00	1998.73	 2.0895	34.6090	27.6623	 1.67	 72.71	0.040	  155.01	 99.95
2024.00	1999.72	 2.0890	34.6091	27.6625	 1.67	 72.70	0.040	  154.97	 99.95
2025.00	2000.70	 2.0881	34.6089	27.6624	 1.68	 72.85	0.040	  154.99	 99.95
2026.00	2001.68	 2.0871	34.6090	27.6625	 1.68	 72.91	0.040	  155.00	 99.95
2027.00	2002.67	 2.0869	34.6091	27.6627	 1.67	 72.74	0.040	  155.01	 99.95
2028.00	2003.65	 2.0864	34.6093	27.6629	 1.68	 72.93	0.040	  155.00	 99.95
2029.00	2004.63	 2.0856	34.6093	27.6630	 1.68	 72.94	0.040	  154.98	 99.95
2030.00	2005.62	 2.0849	34.6095	27.6631	 1.68	 72.91	0.040	  155.03	 99.95
2031.00	2006.60	 2.0830	34.6096	27.6634	 1.68	 73.01	0.040	  154.99	 99.95
2032.00	2007.58	 2.0821	34.6097	27.6635	 1.68	 72.99	0.040	  154.93	 99.95
2033.00	2008.57	 2.0818	34.6096	27.6635	 1.69	 73.24	0.040	  154.98	 99.95
2034.00	2009.55	 2.0815	34.6097	27.6636	 1.69	 73.35	0.040	  154.98	 99.95
2035.00	2010.53	 2.0813	34.6097	27.6636	 1.68	 73.21	0.040	  155.07	 99.95
2036.00	2011.52	 2.0812	34.6097	27.6637	 1.69	 73.30	0.040	  154.99	 99.95
2037.00	2012.50	 2.0811	34.6098	27.6638	 1.69	 73.33	0.040	  154.98	 99.95
2038.00	2013.48	 2.0809	34.6097	27.6637	 1.69	 73.33	0.040	  154.96	 99.95
2039.00	2014.47	 2.0801	34.6098	27.6638	 1.69	 73.32	0.040	  154.94	 99.95
2040.00	2015.45	 2.0769	34.6097	27.6640	 1.69	 73.36	0.040	  154.95	 99.95
2041.00	2016.43	 2.0731	34.6102	27.6647	 1.69	 73.60	0.040	  155.03	 99.95
2042.00	2017.42	 2.0723	34.6103	27.6649	 1.70	 73.68	0.040	  154.96	 99.95
2043.00	2018.40	 2.0714	34.6104	27.6650	 1.69	 73.66	0.040	  154.96	 99.95
2044.00	2019.38	 2.0706	34.6106	27.6653	 1.70	 73.91	0.040	  155.03	 99.95
2045.00	2020.36	 2.0696	34.6107	27.6654	 1.70	 73.72	0.040	  155.01	 99.95
2046.00	2021.35	 2.0690	34.6108	27.6656	 1.70	 73.70	0.040	  154.92	 99.95
2047.00	2022.33	 2.0682	34.6106	27.6654	 1.70	 73.72	0.040	  154.92	 99.95
2048.00	2023.31	 2.0660	34.6103	27.6654	 1.70	 73.73	0.040	  154.87	 99.95
2049.00	2024.30	 2.0626	34.6106	27.6659	 1.70	 73.78	0.040	  154.95	 99.95
2050.00	2025.28	 2.0617	34.6108	27.6661	 1.70	 73.94	0.040	  154.91	 99.95
2051.00	2026.26	 2.0603	34.6108	27.6663	 1.71	 74.10	0.040	  154.84	 99.95
2052.00	2027.25	 2.0597	34.6109	27.6664	 1.71	 74.10	0.040	  154.86	 99.95
2053.00	2028.23	 2.0591	34.6113	27.6667	 1.71	 74.12	0.040	  154.88	 99.95
2054.00	2029.21	 2.0586	34.6113	27.6668	 1.71	 74.16	0.040	  154.92	 99.95
2055.00	2030.20	 2.0580	34.6114	27.6669	 1.71	 74.21	0.040	  154.88	 99.95
2056.00	2031.18	 2.0573	34.6115	27.6670	 1.71	 74.32	0.040	  154.84	 99.95
2057.00	2032.16	 2.0565	34.6114	27.6671	 1.71	 74.46	0.040	  154.91	 99.95
2058.00	2033.15	 2.0556	34.6117	27.6674	 1.72	 74.53	0.040	  154.84	 99.95
2059.00	2034.13	 2.0534	34.6118	27.6677	 1.72	 74.55	0.040	  154.84	 99.95
2060.00	2035.11	 2.0525	34.6122	27.6680	 1.71	 74.51	0.040	  154.84	 99.95
2061.00	2036.10	 2.0520	34.6122	27.6681	 1.72	 74.57	0.040	  154.82	 99.95
2062.00	2037.08	 2.0518	34.6123	27.6682	 1.72	 74.73	0.040	  154.85	 99.95
2063.00	2038.06	 2.0514	34.6122	27.6682	 1.72	 74.93	0.040	  154.86	 99.95
2064.00	2039.05	 2.0508	34.6122	27.6682	 1.72	 74.79	0.040	  154.82	 99.95
2065.00	2040.03	 2.0492	34.6123	27.6684	 1.72	 74.68	0.040	  154.82	 99.95
2066.00	2041.01	 2.0482	34.6126	27.6687	 1.72	 74.85	0.040	  154.84	 99.95
2067.00	2041.99	 2.0472	34.6125	27.6687	 1.72	 74.91	0.040	  154.79	 99.95
2068.00	2042.98	 2.0455	34.6127	27.6690	 1.72	 74.94	0.040	  154.87	 99.95
2069.00	2043.96	 2.0450	34.6127	27.6691	 1.73	 74.97	0.040	  154.88	 99.95
2070.00	2044.94	 2.0449	34.6128	27.6692	 1.72	 74.95	0.040	  154.86	 99.95
2071.00	2045.93	 2.0449	34.6127	27.6691	 1.73	 75.03	0.040	  154.84	 99.95
2072.00	2046.91	 2.0449	34.6128	27.6692	 1.73	 75.11	0.040	  154.81	 99.95
2073.00	2047.89	 2.0448	34.6128	27.6692	 1.73	 75.03	0.040	  154.87	 99.95
2074.00	2048.88	 2.0435	34.6127	27.6693	 1.73	 75.18	0.040	  154.79	 99.95
2075.00	2049.86	 2.0413	34.6127	27.6694	 1.73	 75.26	0.040	  154.82	 99.95
2076.00	2050.84	 2.0396	34.6129	27.6697	 1.73	 75.28	0.040	  154.82	 99.95
2077.00	2051.83	 2.0376	34.6130	27.6700	 1.73	 75.38	0.040	  154.82	 99.95
2078.00	2052.81	 2.0366	34.6132	27.6702	 1.73	 75.31	0.040	  154.82	 99.95
2079.00	2053.79	 2.0357	34.6132	27.6703	 1.73	 75.35	0.040	  154.79	 99.95
2080.00	2054.77	 2.0347	34.6134	27.6705	 1.73	 75.37	0.040	  154.86	 99.95
2081.00	2055.76	 2.0343	34.6135	27.6706	 1.74	 75.46	0.040	  154.83	 99.95
2082.00	2056.74	 2.0342	34.6135	27.6706	 1.74	 75.58	0.040	  154.81	 99.95
2083.00	2057.72	 2.0339	34.6134	27.6706	 1.74	 75.79	0.040	  154.79	 99.95
2084.00	2058.71	 2.0324	34.6137	27.6710	 1.74	 75.82	0.040	  154.77	 99.95
2085.00	2059.69	 2.0321	34.6138	27.6710	 1.74	 75.71	0.040	  154.79	 99.95
2086.00	2060.67	 2.0320	34.6139	27.6711	 1.74	 75.74	0.040	  154.79	 99.95
2087.00	2061.66	 2.0315	34.6140	27.6713	 1.75	 75.97	0.040	  154.77	 99.95
2088.00	2062.64	 2.0299	34.6142	27.6715	 1.75	 76.14	0.040	  154.79	 99.95
2089.00	2063.62	 2.0272	34.6147	27.6721	 1.75	 76.08	0.040	  154.80	 99.95
2090.00	2064.61	 2.0268	34.6147	27.6722	 1.75	 76.06	0.040	  154.82	 99.95
2091.00	2065.59	 2.0259	34.6148	27.6724	 1.75	 76.17	0.040	  154.80	 99.95
2092.00	2066.57	 2.0258	34.6149	27.6724	 1.76	 76.35	0.040	  154.82	 99.95
2093.00	2067.55	 2.0258	34.6149	27.6725	 1.76	 76.51	0.040	  154.79	 99.95
2094.00	2068.54	 2.0257	34.6150	27.6726	 1.76	 76.47	0.040	  154.76	 99.95
2095.00	2069.52	 2.0255	34.6151	27.6726	 1.76	 76.40	0.040	  154.74	 99.95
2096.00	2070.50	 2.0243	34.6149	27.6726	 1.76	 76.45	0.040	  154.72	 99.95
2097.00	2071.49	 2.0240	34.6151	27.6728	 1.76	 76.53	0.040	  154.78	 99.95
2098.00	2072.47	 2.0239	34.6153	27.6730	 1.76	 76.61	0.040	  154.79	 99.95
2099.00	2073.45	 2.0239	34.6154	27.6730	 1.76	 76.62	0.040	  154.78	 99.95
2100.00	2074.44	 2.0234	34.6152	27.6729	 1.77	 76.70	0.040	  154.78	 99.95
2101.00	2075.42	 2.0211	34.6150	27.6730	 1.77	 76.73	0.040	  154.74	 99.95
2102.00	2076.40	 2.0183	34.6151	27.6733	 1.77	 76.88	0.040	  154.72	 99.95
2103.00	2077.38	 2.0166	34.6155	27.6737	 1.77	 76.84	0.040	  154.72	 99.95
2104.00	2078.37	 2.0161	34.6155	27.6738	 1.77	 76.81	0.040	  154.75	 99.95
2105.00	2079.35	 2.0159	34.6156	27.6739	 1.77	 76.82	0.040	  154.72	 99.95
2106.00	2080.33	 2.0159	34.6156	27.6738	 1.77	 76.87	0.040	  154.71	 99.95
2107.00	2081.32	 2.0156	34.6155	27.6738	 1.77	 76.91	0.040	  154.68	 99.95
2108.00	2082.30	 2.0152	34.6156	27.6740	 1.77	 76.85	0.040	  154.71	 99.95
2109.00	2083.28	 2.0152	34.6157	27.6740	 1.77	 76.84	0.040	  154.74	 99.95
2110.00	2084.26	 2.0150	34.6156	27.6739	 1.77	 76.89	0.040	  154.69	 99.95
2111.00	2085.25	 2.0140	34.6156	27.6741	 1.77	 76.93	0.040	  154.68	 99.95
2112.00	2086.23	 2.0132	34.6157	27.6742	 1.77	 76.94	0.040	  154.65	 99.95
2113.00	2087.21	 2.0126	34.6158	27.6743	 1.77	 76.95	0.040	  154.66	 99.95
2114.00	2088.20	 2.0121	34.6161	27.6746	 1.77	 77.06	0.040	  154.67	 99.95
2115.00	2089.18	 2.0119	34.6160	27.6746	 1.77	 77.12	0.040	  154.66	 99.95
2116.00	2090.16	 2.0114	34.6162	27.6747	 1.78	 77.20	0.040	  154.69	 99.95
2117.00	2091.14	 2.0111	34.6163	27.6749	 1.78	 77.29	0.040	  154.64	 99.95
2118.00	2092.13	 2.0106	34.6163	27.6749	 1.78	 77.48	0.040	  154.65	 99.95
2119.00	2093.11	 2.0083	34.6168	27.6755	 1.78	 77.52	0.040	  154.59	 99.95
2120.00	2094.09	 2.0069	34.6169	27.6757	 1.79	 77.74	0.040	  154.65	 99.95
2121.00	2095.08	 2.0066	34.6170	27.6758	 1.79	 77.74	0.040	  154.56	 99.95
2122.00	2096.06	 2.0064	34.6170	27.6758	 1.79	 77.65	0.040	  154.57	 99.95
2123.00	2097.04	 2.0054	34.6171	27.6760	 1.79	 77.78	0.040	  154.57	 99.95
2124.00	2098.03	 2.0045	34.6171	27.6761	 1.80	 78.03	0.040	  154.59	 99.95
2125.00	2099.01	 2.0028	34.6174	27.6764	 1.80	 78.15	0.040	  154.61	 99.95
2126.00	2099.99	 2.0026	34.6175	27.6765	 1.79	 77.94	0.040	  154.62	 99.95
2127.00	2100.97	 2.0026	34.6174	27.6765	 1.79	 77.99	0.040	  154.62	 99.95
2128.00	2101.96	 2.0010	34.6174	27.6766	 1.80	 78.07	0.040	  154.61	 99.95
2129.00	2102.94	 1.9994	34.6175	27.6768	 1.80	 78.12	0.040	  154.62	 99.95
2130.00	2103.92	 1.9989	34.6177	27.6770	 1.80	 78.17	0.040	  154.63	 99.95
2131.00	2104.91	 1.9979	34.6177	27.6771	 1.80	 78.36	0.040	  154.60	 99.95
2132.00	2105.89	 1.9963	34.6177	27.6772	 1.80	 78.41	0.040	  154.58	 99.95
2133.00	2106.87	 1.9949	34.6177	27.6773	 1.80	 78.25	0.040	  154.65	 99.95
2134.00	2107.85	 1.9934	34.6177	27.6775	 1.80	 78.36	0.040	  154.57	 99.95
2135.00	2108.84	 1.9904	34.6180	27.6779	 1.81	 78.51	0.040	  154.58	 99.95
