wcoa21_data_management/01_CRUISE_METADATA/00_OCADS_data/CTD_downcasts/WCOA_2021_CTD_downcasts/dRB2102_CTD_105_01_F.txt
* Sea-Bird SBE 9 Data:
* Software Version Seasave V 7.26.7.107
* Vessel: NOAA Ship Ronald H. Brown
* Cruise: RB2102, West Coast Ocean Acidification (WCOA) 2021
* Dates: 20210622 to 20210723
* Region: NE Pacific, USA West Coast
* Ports: San Diego, CA to Port Angeles, WA to San Diego, CA
* Chief Scientists: R. Feely, NOAA PMEL; D. Greeley, NOAA PMEL; B. Carter, NOAA PMEL / UW CICOES
*END*
[from data line 427]
 430.00	 426.43	 7.1306	34.2428	26.8099	 0.60	 26.23	0.040	  144.82	 99.96
 431.00	 427.42	 7.1351	34.2480	26.8134	 0.59	 25.70	0.040	  144.78	 99.97
 432.00	 428.42	 7.1318	34.2515	26.8166	 0.58	 25.41	0.040	  144.80	 99.97
 433.00	 429.41	 7.1258	34.2528	26.8185	 0.58	 25.38	0.040	  144.80	 99.97
 434.00	 430.40	 7.1214	34.2537	26.8198	 0.58	 25.26	0.041	  144.79	 99.98
 435.00	 431.39	 7.1155	34.2548	26.8215	 0.57	 24.95	0.042	  144.88	 99.97
 436.00	 432.38	 7.1110	34.2555	26.8227	 0.57	 24.78	0.042	  144.77	 99.98
 437.00	 433.37	 7.1085	34.2559	26.8233	 0.58	 25.04	0.040	  144.84	 99.98
 438.00	 434.36	 7.1072	34.2561	26.8237	 0.58	 25.05	0.040	  144.83	 99.98
 439.00	 435.35	 7.1064	34.2563	26.8240	 0.57	 24.91	0.040	  144.83	 99.98
 440.00	 436.34	 7.1063	34.2565	26.8242	 0.57	 24.74	0.041	  144.80	 99.98
 441.00	 437.33	 7.1062	34.2568	26.8244	 0.56	 24.30	0.040	  144.81	 99.98
 442.00	 438.32	 7.1043	34.2582	26.8258	 0.55	 23.85	0.040	  144.82	 99.98
 443.00	 439.31	 7.1023	34.2622	26.8293	 0.55	 23.71	0.040	  144.78	 99.98
 444.00	 440.30	 7.1025	34.2633	26.8301	 0.54	 23.47	0.040	  144.83	 99.98
 445.00	 441.29	 7.0975	34.2638	26.8312	 0.53	 23.15	0.040	  144.82	 99.98
 446.00	 442.28	 7.0919	34.2646	26.8326	 0.53	 23.20	0.040	  144.82	 99.98
 447.00	 443.28	 7.0852	34.2651	26.8339	 0.53	 23.19	0.041	  144.79	 99.98
 448.00	 444.27	 7.0799	34.2663	26.8356	 0.53	 23.15	0.041	  144.77	 99.98
 449.00	 445.26	 7.0753	34.2665	26.8365	 0.53	 22.93	0.041	  144.76	 99.98
 450.00	 446.25	 7.0661	34.2676	26.8386	 0.52	 22.70	0.041	  144.76	 99.98
 451.00	 447.24	 7.0639	34.2680	26.8392	 0.52	 22.76	0.040	  144.71	 99.98
 452.00	 448.23	 7.0604	34.2684	26.8400	 0.52	 22.81	0.040	  144.72	 99.98
 453.00	 449.22	 7.0563	34.2686	26.8408	 0.52	 22.58	0.040	  144.78	 99.98
 454.00	 450.21	 7.0454	34.2702	26.8436	 0.51	 22.20	0.040	  144.82	 99.98
 455.00	 451.20	 7.0440	34.2726	26.8457	 0.51	 22.04	0.041	  144.72	 99.98
 456.00	 452.19	 7.0468	34.2744	26.8467	 0.51	 21.97	0.042	  144.66	 99.98
 457.00	 453.18	 7.0476	34.2753	26.8473	 0.50	 21.65	0.042	  144.79	 99.98
 458.00	 454.17	 7.0490	34.2762	26.8478	 0.49	 21.33	0.041	  144.80	 99.98
 459.00	 455.16	 7.0492	34.2774	26.8488	 0.49	 21.46	0.040	  144.80	 99.98
 460.00	 456.15	 7.0451	34.2774	26.8494	 0.50	 21.69	0.041	  144.72	 99.98
 461.00	 457.14	 7.0364	34.2780	26.8510	 0.50	 21.59	0.042	  144.70	 99.98
 462.00	 458.13	 7.0326	34.2782	26.8517	 0.49	 21.35	0.041	  144.72	 99.98
 463.00	 459.12	 7.0163	34.2776	26.8535	 0.49	 21.22	0.040	  144.69	 99.98
 464.00	 460.11	 7.0035	34.2776	26.8552	 0.49	 21.18	0.041	  144.69	 99.98
 465.00	 461.11	 6.9911	34.2779	26.8572	 0.49	 21.13	0.041	  144.70	 99.98
 466.00	 462.10	 6.9862	34.2789	26.8586	 0.48	 20.97	0.040	  144.72	 99.98
 467.00	 463.09	 6.9827	34.2799	26.8599	 0.48	 20.84	0.040	  144.77	 99.98
 468.00	 464.08	 6.9819	34.2796	26.8598	 0.48	 20.86	0.040	  144.70	 99.99
 469.00	 465.07	 6.9812	34.2799	26.8601	 0.48	 20.83	0.041	  144.64	 99.99
 470.00	 466.06	 6.9808	34.2799	26.8602	 0.48	 20.91	0.041	  144.65	 99.99
 471.00	 467.05	 6.9797	34.2799	26.8604	 0.48	 20.79	0.040	  144.58	 99.98
 472.00	 468.04	 6.9783	34.2799	26.8606	 0.48	 20.70	0.040	  144.63	 99.98
 473.00	 469.03	 6.9764	34.2800	26.8609	 0.48	 20.89	0.040	  144.64	 99.98
 474.00	 470.02	 6.9736	34.2802	26.8615	 0.48	 20.80	0.040	  144.63	 99.98
 475.00	 471.01	 6.9721	34.2801	26.8617	 0.48	 20.78	0.040	  144.68	 99.98
 476.00	 472.00	 6.9701	34.2801	26.8619	 0.48	 20.77	0.040	  144.58	 99.99
 477.00	 472.99	 6.9653	34.2802	26.8627	 0.47	 20.60	0.040	  144.63	 99.98
 478.00	 473.98	 6.9598	34.2803	26.8635	 0.47	 20.53	0.040	  144.62	 99.99
 479.00	 474.97	 6.9525	34.2813	26.8653	 0.47	 20.52	0.040	  144.63	 99.99
 480.00	 475.96	 6.9476	34.2814	26.8661	 0.47	 20.34	0.041	  144.55	 99.99
 481.00	 476.95	 6.9357	34.2810	26.8674	 0.47	 20.25	0.041	  144.57	 99.98
 482.00	 477.94	 6.9328	34.2816	26.8682	 0.47	 20.51	0.041	  144.56	 99.99
 483.00	 478.93	 6.9277	34.2803	26.8680	 0.47	 20.41	0.042	  144.60	 99.99
 484.00	 479.92	 6.9166	34.2808	26.8698	 0.46	 20.15	0.041	  144.61	 99.98
 485.00	 480.91	 6.9163	34.2817	26.8706	 0.46	 19.96	0.040	  144.51	 99.99
 486.00	 481.90	 6.9211	34.2834	26.8713	 0.46	 19.95	0.040	  144.55	 99.99
 487.00	 482.90	 6.9216	34.2840	26.8717	 0.46	 20.04	0.041	  144.55	 99.99
 488.00	 483.89	 6.9145	34.2841	26.8728	 0.46	 20.02	0.041	  144.53	 99.99
 489.00	 484.88	 6.9102	34.2842	26.8735	 0.45	 19.60	0.040	  144.54	 99.99
 490.00	 485.87	 6.9014	34.2836	26.8742	 0.45	 19.65	0.040	  144.57	 99.99
 491.00	 486.86	 6.8917	34.2841	26.8759	 0.46	 19.94	0.040	  144.56	 99.99
 492.00	 487.85	 6.8790	34.2825	26.8764	 0.45	 19.78	0.040	  144.57	 99.99
 493.00	 488.84	 6.8615	34.2819	26.8783	 0.46	 19.87	0.040	  144.55	 99.99
 494.00	 489.83	 6.8391	34.2811	26.8807	 0.46	 19.87	0.041	  144.58	 99.99
 495.00	 490.82	 6.8220	34.2809	26.8829	 0.45	 19.69	0.041	  144.57	 99.99
 496.00	 491.81	 6.8171	34.2810	26.8836	 0.45	 19.51	0.041	  144.56	 99.99
 497.00	 492.80	 6.8093	34.2817	26.8853	 0.45	 19.44	0.041	  144.54	 99.99
 498.00	 493.79	 6.8008	34.2821	26.8867	 0.45	 19.43	0.040	  144.48	100.00
 499.00	 494.78	 6.7944	34.2817	26.8872	 0.43	 18.89	0.040	  144.54	 99.99
 500.00	 495.77	 6.7794	34.2810	26.8887	 0.43	 18.66	0.040	  144.50	 99.99
 501.00	 496.76	 6.7637	34.2816	26.8914	 0.43	 18.80	0.040	  144.53	100.00
 502.00	 497.75	 6.7454	34.2842	26.8959	 0.43	 18.75	0.040	  144.53	 99.99
 503.00	 498.74	 6.7376	34.2848	26.8974	 0.43	 18.56	0.041	  144.48	 99.99
 504.00	 499.73	 6.7334	34.2850	26.8982	 0.43	 18.50	0.040	  144.58	100.00
 505.00	 500.72	 6.7313	34.2853	26.8986	 0.43	 18.57	0.041	  144.53	 99.99
 506.00	 501.71	 6.7249	34.2849	26.8992	 0.43	 18.55	0.042	  144.47	100.00
 507.00	 502.70	 6.7090	34.2844	26.9010	 0.43	 18.56	0.041	  144.49	 99.99
 508.00	 503.69	 6.6962	34.2833	26.9018	 0.43	 18.53	0.040	  144.44	100.00
 509.00	 504.68	 6.6790	34.2826	26.9036	 0.43	 18.54	0.040	  144.60	 99.99
 510.00	 505.67	 6.6642	34.2816	26.9047	 0.43	 18.53	0.041	  144.54	 99.99
 511.00	 506.66	 6.6528	34.2813	26.9060	 0.43	 18.60	0.042	  144.49	100.00
 512.00	 507.65	 6.6478	34.2816	26.9070	 0.43	 18.53	0.041	  144.52	100.00
 513.00	 508.64	 6.6444	34.2810	26.9069	 0.42	 18.35	0.040	  144.50	100.00
 514.00	 509.63	 6.6385	34.2810	26.9077	 0.42	 18.30	0.040	  144.57	100.00
 515.00	 510.62	 6.6375	34.2809	26.9078	 0.42	 18.43	0.040	  144.52	100.00
 516.00	 511.62	 6.6291	34.2800	26.9082	 0.43	 18.54	0.041	  144.51	100.00
 517.00	 512.61	 6.6199	34.2796	26.9091	 0.42	 18.48	0.041	  144.51	100.00
 518.00	 513.60	 6.6120	34.2804	26.9108	 0.42	 18.32	0.040	  144.53	100.00
 519.00	 514.59	 6.6124	34.2806	26.9109	 0.42	 18.21	0.040	  144.58	 99.99
 520.00	 515.58	 6.6118	34.2807	26.9111	 0.42	 18.13	0.040	  144.46	100.00
 521.00	 516.57	 6.6106	34.2809	26.9114	 0.42	 18.20	0.040	  144.47	 99.99
 522.00	 517.56	 6.6065	34.2821	26.9130	 0.42	 18.08	0.040	  144.47	 99.99
 523.00	 518.55	 6.6062	34.2828	26.9136	 0.41	 17.93	0.040	  144.50	100.00
 524.00	 519.54	 6.6065	34.2833	26.9139	 0.41	 17.92	0.040	  144.47	100.00
 525.00	 520.53	 6.6090	34.2846	26.9146	 0.41	 18.01	0.040	  144.44	100.00
 526.00	 521.52	 6.6082	34.2851	26.9152	 0.41	 17.96	0.041	  144.44	100.00
 527.00	 522.51	 6.6084	34.2853	26.9152	 0.41	 17.78	0.041	  144.39	100.00
 528.00	 523.50	 6.6039	34.2843	26.9151	 0.41	 17.77	0.040	  144.42	100.00
 529.00	 524.49	 6.5893	34.2834	26.9164	 0.41	 18.00	0.040	  144.42	100.00
 530.00	 525.48	 6.5799	34.2827	26.9170	 0.42	 18.24	0.040	  144.45	100.00
 531.00	 526.47	 6.5608	34.2809	26.9182	 0.42	 18.28	0.040	  144.52	100.00
 532.00	 527.46	 6.5458	34.2791	26.9187	 0.42	 18.14	0.040	  144.30	100.00
 533.00	 528.45	 6.5250	34.2774	26.9201	 0.42	 18.13	0.040	  144.36	100.00
 534.00	 529.44	 6.4791	34.2719	26.9218	 0.42	 18.20	0.040	  144.41	100.00
 535.00	 530.43	 6.4315	34.2697	26.9263	 0.42	 18.19	0.041	  144.40	100.00
 536.00	 531.42	 6.4132	34.2718	26.9304	 0.42	 18.15	0.041	  144.48	100.00
 537.00	 532.41	 6.4115	34.2722	26.9309	 0.41	 17.96	0.041	  144.39	100.00
 538.00	 533.40	 6.4116	34.2725	26.9311	 0.41	 17.82	0.040	  144.41	100.00
 539.00	 534.39	 6.4121	34.2730	26.9314	 0.41	 17.82	0.042	  144.42	100.00
 540.00	 535.38	 6.4123	34.2730	26.9315	 0.41	 17.62	0.042	  144.37	100.00
 541.00	 536.37	 6.4068	34.2730	26.9322	 0.40	 17.61	0.040	  144.41	100.00
 542.00	 537.36	 6.3886	34.2726	26.9343	 0.40	 17.43	0.040	  144.33	100.00
 543.00	 538.35	 6.3715	34.2727	26.9365	 0.40	 17.28	0.041	  144.31	100.00
 544.00	 539.34	 6.3598	34.2743	26.9394	 0.40	 17.40	0.041	  144.34	100.00
 545.00	 540.33	 6.3542	34.2747	26.9404	 0.40	 17.36	0.041	  144.34	100.00
 546.00	 541.32	 6.3438	34.2756	26.9425	 0.39	 17.16	0.041	  144.35	100.00
 547.00	 542.31	 6.3329	34.2752	26.9436	 0.38	 16.60	0.040	  144.36	100.00
 548.00	 543.30	 6.3145	34.2763	26.9469	 0.38	 16.74	0.040	  144.34	100.00
 549.00	 544.29	 6.3064	34.2783	26.9495	 0.39	 17.04	0.040	  144.35	100.00
 550.00	 545.28	 6.3037	34.2786	26.9501	 0.39	 16.88	0.040	  144.30	100.00
 551.00	 546.27	 6.3027	34.2787	26.9503	 0.38	 16.69	0.040	  144.41	100.00
 552.00	 547.26	 6.2976	34.2792	26.9513	 0.38	 16.62	0.040	  144.32	100.00
 553.00	 548.25	 6.2917	34.2797	26.9525	 0.38	 16.64	0.041	  144.33	100.00
 554.00	 549.24	 6.2850	34.2797	26.9534	 0.38	 16.71	0.041	  144.29	100.00
 555.00	 550.23	 6.2763	34.2808	26.9554	 0.38	 16.70	0.040	  144.32	100.00
 556.00	 551.22	 6.2754	34.2809	26.9556	 0.38	 16.57	0.040	  144.35	100.00
 557.00	 552.21	 6.2750	34.2809	26.9557	 0.37	 16.29	0.041	  144.33	100.00
 558.00	 553.20	 6.2741	34.2810	26.9558	 0.38	 16.42	0.042	  144.33	100.00
 559.00	 554.19	 6.2732	34.2809	26.9559	 0.38	 16.46	0.040	  144.30	100.00
 560.00	 555.18	 6.2725	34.2810	26.9561	 0.38	 16.47	0.040	  144.29	100.00
 561.00	 556.17	 6.2720	34.2810	26.9562	 0.38	 16.46	0.040	  144.30	100.00
 562.00	 557.16	 6.2716	34.2811	26.9563	 0.38	 16.31	0.040	  144.33	100.00
 563.00	 558.15	 6.2712	34.2811	26.9564	 0.38	 16.35	0.041	  144.27	100.00
 564.00	 559.14	 6.2710	34.2811	26.9564	 0.38	 16.42	0.042	  144.24	100.00
 565.00	 560.13	 6.2655	34.2807	26.9568	 0.38	 16.34	0.040	  144.21	100.00
 566.00	 561.12	 6.2497	34.2821	26.9600	 0.37	 16.24	0.040	  144.19	100.00
 567.00	 562.11	 6.2321	34.2826	26.9626	 0.37	 16.01	0.041	  144.36	100.00
 568.00	 563.10	 6.2246	34.2841	26.9648	 0.36	 15.86	0.041	  144.28	100.00
 569.00	 564.09	 6.2175	34.2837	26.9653	 0.37	 15.89	0.040	  144.25	100.00
 570.00	 565.08	 6.2045	34.2844	26.9676	 0.37	 16.02	0.040	  144.25	100.00
 571.00	 566.07	 6.2039	34.2861	26.9690	 0.37	 16.00	0.040	  144.34	100.00
 572.00	 567.06	 6.2041	34.2872	26.9699	 0.36	 15.71	0.040	  144.30	100.00
 573.00	 568.05	 6.1985	34.2878	26.9711	 0.35	 15.33	0.040	  144.34	100.00
 574.00	 569.04	 6.1958	34.2882	26.9718	 0.35	 15.39	0.040	  144.28	100.00
 575.00	 570.03	 6.1896	34.2875	26.9720	 0.36	 15.53	0.040	  144.24	100.00
 576.00	 571.02	 6.1788	34.2890	26.9745	 0.36	 15.54	0.041	  144.23	100.00
 577.00	 572.01	 6.1785	34.2902	26.9756	 0.35	 15.23	0.041	  144.32	100.00
 578.00	 573.00	 6.1796	34.2914	26.9764	 0.34	 14.88	0.040	  144.24	100.00
 579.00	 573.99	 6.1858	34.2941	26.9777	 0.34	 14.96	0.040	  144.22	100.00
 580.00	 574.98	 6.2005	34.2997	26.9803	 0.34	 14.88	0.040	  144.20	100.00
 581.00	 575.97	 6.1950	34.2982	26.9798	 0.34	 14.89	0.040	  144.19	100.00
 582.00	 576.96	 6.1894	34.2967	26.9794	 0.34	 14.99	0.040	  144.20	100.00
 583.00	 577.95	 6.1557	34.2967	26.9837	 0.34	 14.94	0.040	  144.15	100.00
 584.00	 578.94	 6.1376	34.2972	26.9864	 0.34	 14.81	0.040	  144.23	100.00
 585.00	 579.93	 6.1339	34.2976	26.9872	 0.34	 14.85	0.040	  144.16	100.00
 586.00	 580.92	 6.1310	34.2974	26.9875	 0.34	 14.95	0.041	  144.19	100.00
 587.00	 581.91	 6.1214	34.2976	26.9888	 0.34	 14.87	0.040	  144.11	100.00
 588.00	 582.90	 6.1067	34.2998	26.9924	 0.34	 14.59	0.040	  144.18	100.00
 589.00	 583.89	 6.0923	34.3002	26.9946	 0.33	 14.26	0.041	  144.20	100.00
 590.00	 584.88	 6.0713	34.3030	26.9994	 0.33	 14.31	0.042	  144.16	100.00
 591.00	 585.87	 6.0635	34.3042	27.0014	 0.33	 14.43	0.040	  144.16	100.00
 592.00	 586.86	 6.0590	34.3043	27.0020	 0.33	 14.28	0.040	  144.18	100.00
 593.00	 587.85	 6.0488	34.3050	27.0039	 0.33	 14.32	0.041	  144.12	100.00
 594.00	 588.84	 6.0440	34.3056	27.0050	 0.32	 14.07	0.041	  144.07	100.00
 595.00	 589.83	 6.0339	34.3066	27.0071	 0.32	 13.84	0.040	  144.10	100.00
 596.00	 590.82	 6.0284	34.3076	27.0085	 0.32	 14.10	0.040	  144.14	100.00
 597.00	 591.81	 6.0259	34.3078	27.0090	 0.33	 14.15	0.040	  144.17	100.00
 598.00	 592.80	 6.0210	34.3081	27.0099	 0.32	 14.04	0.041	  144.18	100.00
 599.00	 593.79	 6.0151	34.3090	27.0113	 0.32	 13.99	0.042	  144.13	100.00
 600.00	 594.78	 6.0119	34.3090	27.0117	 0.32	 13.95	0.041	  144.10	100.00
 601.00	 595.77	 6.0007	34.3096	27.0137	 0.32	 13.74	0.040	  144.10	100.00
 602.00	 596.76	 5.9927	34.3103	27.0152	 0.32	 13.81	0.040	  144.12	100.00
 603.00	 597.75	 5.9843	34.3107	27.0167	 0.32	 13.93	0.040	  144.18	100.00
 604.00	 598.74	 5.9702	34.3116	27.0191	 0.32	 13.88	0.040	  144.11	100.00
 605.00	 599.73	 5.9528	34.3142	27.0233	 0.32	 13.83	0.040	  144.09	100.00
 606.00	 600.72	 5.9458	34.3145	27.0244	 0.32	 13.77	0.041	  144.09	100.00
 607.00	 601.71	 5.9291	34.3150	27.0270	 0.31	 13.62	0.040	  144.07	100.00
 608.00	 602.70	 5.9186	34.3172	27.0300	 0.31	 13.62	0.042	  144.09	100.00
 609.00	 603.69	 5.9106	34.3169	27.0307	 0.31	 13.66	0.041	  144.12	100.00
 610.00	 604.68	 5.8982	34.3184	27.0335	 0.31	 13.42	0.040	  144.05	100.00
 611.00	 605.67	 5.8853	34.3195	27.0360	 0.31	 13.69	0.040	  144.09	100.00
 612.00	 606.66	 5.8763	34.3206	27.0380	 0.31	 13.52	0.040	  144.10	100.00
 613.00	 607.65	 5.8711	34.3212	27.0391	 0.30	 13.24	0.040	  144.05	100.00
 614.00	 608.64	 5.8651	34.3218	27.0403	 0.30	 13.23	0.041	  144.06	100.00
 615.00	 609.63	 5.8619	34.3223	27.0412	 0.30	 13.21	0.041	  144.08	100.00
 616.00	 610.62	 5.8564	34.3226	27.0421	 0.31	 13.42	0.040	  144.07	100.00
 617.00	 611.61	 5.8533	34.3228	27.0426	 0.31	 13.29	0.040	  144.06	100.00
 618.00	 612.60	 5.8336	34.3223	27.0447	 0.30	 13.13	0.040	  144.07	100.00
 619.00	 613.59	 5.8139	34.3236	27.0482	 0.30	 12.92	0.041	  144.02	100.00
 620.00	 614.58	 5.8042	34.3244	27.0500	 0.30	 13.01	0.042	  144.05	100.00
 621.00	 615.57	 5.7921	34.3235	27.0508	 0.30	 13.17	0.042	  144.02	100.00
 622.00	 616.56	 5.7876	34.3259	27.0533	 0.30	 13.13	0.042	  144.03	100.00
 623.00	 617.55	 5.7842	34.3259	27.0537	 0.30	 12.92	0.041	  144.04	100.00
 624.00	 618.54	 5.7725	34.3251	27.0545	 0.29	 12.74	0.041	  144.05	100.00
 625.00	 619.53	 5.7609	34.3242	27.0552	 0.29	 12.68	0.041	  144.05	100.00
 626.00	 620.52	 5.7587	34.3248	27.0560	 0.29	 12.41	0.040	  144.09	100.00
 627.00	 621.51	 5.7492	34.3225	27.0553	 0.29	 12.45	0.040	  144.07	100.00
 628.00	 622.50	 5.7382	34.3243	27.0581	 0.29	 12.51	0.041	  144.03	100.00
 629.00	 623.49	 5.7369	34.3248	27.0587	 0.29	 12.46	0.041	  144.06	100.00
 630.00	 624.48	 5.7355	34.3253	27.0593	 0.29	 12.53	0.040	  144.04	100.00
 631.00	 625.47	 5.7343	34.3258	27.0598	 0.29	 12.44	0.040	  144.06	100.00
 632.00	 626.45	 5.7344	34.3265	27.0604	 0.28	 12.04	0.040	  144.03	100.00
 633.00	 627.44	 5.7325	34.3269	27.0610	 0.28	 12.30	0.040	  143.97	100.00
 634.00	 628.43	 5.7300	34.3274	27.0617	 0.29	 12.43	0.042	  143.97	100.00
 635.00	 629.42	 5.7244	34.3282	27.0630	 0.29	 12.43	0.041	  143.97	100.00
 636.00	 630.41	 5.7173	34.3280	27.0637	 0.29	 12.43	0.040	  143.96	100.00
 637.00	 631.40	 5.7050	34.3284	27.0656	 0.29	 12.44	0.041	  143.98	100.00
 638.00	 632.39	 5.6889	34.3268	27.0662	 0.29	 12.44	0.041	  143.99	100.00
 639.00	 633.38	 5.6773	34.3269	27.0677	 0.28	 12.32	0.041	  143.95	100.00
 640.00	 634.37	 5.6622	34.3249	27.0680	 0.28	 12.21	0.040	  143.92	100.00
 641.00	 635.36	 5.6475	34.3255	27.0703	 0.28	 12.28	0.041	  143.96	100.00
 642.00	 636.35	 5.6453	34.3292	27.0735	 0.28	 12.16	0.041	  143.96	100.00
