wcoa21_data_management/01_CRUISE_METADATA/00_OCADS_data/CTD_downcasts/WCOA_2021_CTD_downcasts/dRB2102_CTD_076_01_F.txt
* Sea-Bird SBE 9 Data:
* Software Version Seasave V 7.26.7.107
* Vessel: NOAA Ship Ronald H. Brown
* Cruise: RB2102, West Coast Ocean Acidification (WCOA) 2021
* Dates: 20210622 to 20210723
* Region: NE Pacific, USA West Coast
* Ports: San Diego, CA to Port Angeles, WA to San Diego, CA
* Chief Scientists: R. Feely, NOAA PMEL; D. Greeley, NOAA PMEL; B. Carter, NOAA PMEL / UW CICOES
*END*
[from data line 1067]
1069.00	1058.20	 3.9984	34.4412	27.3502	 0.48	 20.99	0.042	  153.15	100.00
1070.00	1059.19	 3.9961	34.4416	27.3507	 0.48	 21.02	0.042	  153.15	100.00
1071.00	1060.18	 3.9856	34.4395	27.3502	 0.48	 20.81	0.042	  153.13	100.00
1072.00	1061.17	 3.9623	34.4351	27.3490	 0.47	 20.46	0.041	  153.13	100.00
1073.00	1062.15	 3.9290	34.4316	27.3496	 0.46	 20.04	0.041	  153.14	100.00
1074.00	1063.14	 3.8868	34.4253	27.3488	 0.45	 19.76	0.041	  153.13	100.00
1075.00	1064.13	 3.8762	34.4249	27.3496	 0.45	 19.41	0.040	  153.16	100.00
1076.00	1065.12	 3.8690	34.4232	27.3490	 0.44	 19.06	0.041	  153.20	100.00
1077.00	1066.10	 3.8559	34.4228	27.3499	 0.44	 18.96	0.042	  153.17	100.00
1078.00	1067.09	 3.8547	34.4230	27.3503	 0.44	 18.92	0.042	  153.13	100.00
1079.00	1068.08	 3.8552	34.4235	27.3506	 0.44	 19.21	0.041	  153.13	100.00
1080.00	1069.06	 3.8781	34.4300	27.3535	 0.45	 19.47	0.041	  153.11	100.00
1081.00	1070.05	 3.8832	34.4323	27.3548	 0.45	 19.45	0.042	  153.16	100.00
1082.00	1071.04	 3.8606	34.4289	27.3544	 0.45	 19.41	0.040	  153.11	100.00
1083.00	1072.03	 3.8474	34.4289	27.3557	 0.45	 19.46	0.041	  153.19	100.00
1084.00	1073.01	 3.8449	34.4292	27.3562	 0.44	 19.27	0.041	  153.15	100.00
1085.00	1074.00	 3.8263	34.4272	27.3564	 0.44	 19.09	0.040	  153.11	100.00
1086.00	1074.99	 3.8027	34.4244	27.3566	 0.44	 19.08	0.040	  153.16	100.00
1087.00	1075.98	 3.7945	34.4240	27.3571	 0.44	 18.95	0.040	  153.16	100.00
1088.00	1076.96	 3.7858	34.4242	27.3581	 0.43	 18.74	0.040	  153.12	100.00
1089.00	1077.95	 3.7840	34.4245	27.3586	 0.43	 18.74	0.040	  153.14	100.00
1090.00	1078.94	 3.7835	34.4246	27.3587	 0.43	 18.58	0.040	  153.09	100.00
1091.00	1079.93	 3.7829	34.4248	27.3589	 0.43	 18.65	0.042	  153.16	100.00
1092.00	1080.91	 3.7817	34.4249	27.3591	 0.43	 18.79	0.041	  153.15	100.00
1093.00	1081.90	 3.7807	34.4251	27.3594	 0.43	 18.64	0.041	  153.10	100.00
1094.00	1082.89	 3.7800	34.4254	27.3597	 0.43	 18.74	0.040	  153.15	100.00
1095.00	1083.87	 3.7775	34.4258	27.3603	 0.43	 18.85	0.041	  153.10	100.00
1096.00	1084.86	 3.7746	34.4268	27.3614	 0.43	 18.88	0.042	  153.07	100.00
1097.00	1085.85	 3.7687	34.4278	27.3627	 0.44	 19.10	0.040	  153.11	100.00
1098.00	1086.84	 3.7613	34.4293	27.3647	 0.44	 19.13	0.040	  153.09	100.00
1099.00	1087.82	 3.7591	34.4298	27.3653	 0.44	 19.03	0.040	  153.10	100.00
1100.00	1088.81	 3.7577	34.4303	27.3659	 0.44	 19.12	0.040	  153.10	100.00
1101.00	1089.80	 3.7576	34.4304	27.3659	 0.44	 19.23	0.040	  153.14	100.00
1102.00	1090.79	 3.7576	34.4304	27.3659	 0.44	 19.19	0.041	  153.15	100.00
1103.00	1091.77	 3.7569	34.4308	27.3664	 0.45	 19.35	0.040	  153.12	100.00
1104.00	1092.76	 3.7542	34.4317	27.3673	 0.44	 19.31	0.040	  153.06	100.00
1105.00	1093.75	 3.7476	34.4315	27.3678	 0.45	 19.35	0.040	  153.11	100.00
1106.00	1094.73	 3.7448	34.4328	27.3692	 0.45	 19.46	0.041	  153.06	100.00
1107.00	1095.72	 3.7455	34.4331	27.3694	 0.45	 19.51	0.041	  153.07	100.00
1108.00	1096.71	 3.7432	34.4330	27.3695	 0.45	 19.61	0.040	  153.09	100.00
1109.00	1097.70	 3.7421	34.4330	27.3696	 0.45	 19.53	0.040	  153.03	100.00
1110.00	1098.68	 3.7421	34.4330	27.3696	 0.45	 19.50	0.040	  153.03	100.00
1111.00	1099.67	 3.7413	34.4330	27.3697	 0.45	 19.51	0.041	  153.11	100.00
1112.00	1100.66	 3.7392	34.4330	27.3699	 0.45	 19.55	0.041	  153.13	100.00
1113.00	1101.64	 3.7344	34.4331	27.3705	 0.45	 19.56	0.040	  153.03	100.00
1114.00	1102.63	 3.7307	34.4333	27.3710	 0.45	 19.60	0.040	  153.06	100.00
1115.00	1103.62	 3.7288	34.4335	27.3714	 0.45	 19.53	0.040	  152.99	100.00
1116.00	1104.61	 3.7263	34.4335	27.3717	 0.45	 19.70	0.040	  152.98	100.00
1117.00	1105.59	 3.7239	34.4342	27.3724	 0.46	 19.88	0.041	  153.11	100.00
1118.00	1106.58	 3.7253	34.4366	27.3742	 0.46	 19.92	0.041	  152.99	100.00
1119.00	1107.57	 3.7270	34.4389	27.3759	 0.47	 20.22	0.041	  152.96	100.00
1120.00	1108.55	 3.7273	34.4400	27.3767	 0.47	 20.31	0.040	  153.03	100.00
1121.00	1109.54	 3.7242	34.4403	27.3773	 0.47	 20.30	0.040	  152.99	100.00
1122.00	1110.53	 3.7214	34.4404	27.3777	 0.47	 20.49	0.041	  153.05	100.00
1123.00	1111.52	 3.7141	34.4411	27.3789	 0.47	 20.57	0.040	  153.03	100.00
1124.00	1112.50	 3.7114	34.4416	27.3796	 0.48	 20.72	0.041	  153.01	100.00
1125.00	1113.49	 3.7110	34.4417	27.3798	 0.48	 20.72	0.042	  153.01	100.00
1126.00	1114.48	 3.7100	34.4419	27.3800	 0.48	 20.68	0.041	  152.98	100.00
1127.00	1115.46	 3.7085	34.4422	27.3804	 0.48	 20.76	0.040	  152.97	100.00
1128.00	1116.45	 3.7082	34.4423	27.3805	 0.48	 20.82	0.040	  153.01	100.00
1129.00	1117.44	 3.7067	34.4424	27.3807	 0.48	 20.78	0.040	  152.96	100.00
1130.00	1118.43	 3.7045	34.4425	27.3811	 0.48	 20.95	0.040	  152.98	100.00
1131.00	1119.41	 3.7030	34.4427	27.3814	 0.48	 20.88	0.041	  153.00	100.00
1132.00	1120.40	 3.7015	34.4428	27.3816	 0.48	 20.90	0.041	  152.92	100.00
1133.00	1121.39	 3.6994	34.4432	27.3822	 0.48	 20.90	0.040	  152.94	100.00
1134.00	1122.37	 3.6979	34.4433	27.3824	 0.48	 20.94	0.040	  152.95	100.00
1135.00	1123.36	 3.6951	34.4437	27.3830	 0.48	 21.00	0.040	  152.91	100.00
1136.00	1124.35	 3.6918	34.4442	27.3837	 0.48	 21.03	0.040	  152.92	100.00
1137.00	1125.34	 3.6905	34.4440	27.3837	 0.49	 21.22	0.040	  152.91	100.00
1138.00	1126.32	 3.6824	34.4442	27.3847	 0.49	 21.09	0.040	  152.94	100.00
1139.00	1127.31	 3.6763	34.4445	27.3855	 0.49	 21.12	0.040	  152.91	100.00
1140.00	1128.30	 3.6745	34.4445	27.3857	 0.49	 21.17	0.040	  152.91	100.00
1141.00	1129.28	 3.6710	34.4448	27.3863	 0.49	 21.15	0.040	  152.97	100.00
1142.00	1130.27	 3.6709	34.4448	27.3863	 0.49	 21.17	0.040	  152.95	100.00
1143.00	1131.26	 3.6684	34.4450	27.3866	 0.49	 21.19	0.040	  152.91	100.00
1144.00	1132.24	 3.6649	34.4449	27.3869	 0.49	 21.16	0.040	  152.84	100.00
1145.00	1133.23	 3.6609	34.4449	27.3874	 0.49	 21.20	0.040	  152.86	100.00
1146.00	1134.22	 3.6610	34.4451	27.3875	 0.49	 21.15	0.040	  152.91	100.00
1147.00	1135.21	 3.6610	34.4452	27.3876	 0.49	 21.23	0.040	  152.88	100.00
1148.00	1136.19	 3.6611	34.4455	27.3879	 0.49	 21.24	0.041	  152.87	100.00
1149.00	1137.18	 3.6615	34.4459	27.3881	 0.49	 21.24	0.042	  152.85	100.00
1150.00	1138.17	 3.6618	34.4460	27.3882	 0.49	 21.32	0.041	  152.89	100.00
1151.00	1139.15	 3.6616	34.4463	27.3884	 0.49	 21.33	0.040	  152.86	100.00
1152.00	1140.14	 3.6611	34.4464	27.3886	 0.49	 21.44	0.040	  152.86	100.00
1153.00	1141.13	 3.6601	34.4467	27.3889	 0.49	 21.41	0.042	  152.86	100.00
1154.00	1142.11	 3.6561	34.4467	27.3893	 0.49	 21.47	0.041	  152.83	100.00
1155.00	1143.10	 3.6534	34.4471	27.3899	 0.49	 21.41	0.040	  152.82	100.00
1156.00	1144.09	 3.6524	34.4472	27.3901	 0.49	 21.45	0.040	  152.79	100.00
1157.00	1145.08	 3.6468	34.4473	27.3907	 0.49	 21.50	0.041	  152.86	100.00
1158.00	1146.06	 3.6427	34.4473	27.3911	 0.50	 21.56	0.041	  152.88	100.00
1159.00	1147.05	 3.6328	34.4478	27.3925	 0.50	 21.66	0.040	  152.81	100.00
1160.00	1148.04	 3.6329	34.4493	27.3937	 0.50	 21.70	0.041	  152.82	100.00
1161.00	1149.02	 3.6307	34.4495	27.3941	 0.50	 21.75	0.042	  152.79	100.00
1162.00	1150.01	 3.6291	34.4493	27.3941	 0.50	 21.84	0.042	  152.86	100.00
1163.00	1151.00	 3.6261	34.4492	27.3943	 0.50	 21.72	0.042	  152.84	100.00
1164.00	1151.98	 3.6219	34.4490	27.3946	 0.50	 21.80	0.041	  152.84	100.00
1165.00	1152.97	 3.6172	34.4490	27.3951	 0.50	 21.81	0.041	  152.80	100.00
1166.00	1153.96	 3.6115	34.4488	27.3954	 0.51	 21.97	0.040	  152.87	100.00
1167.00	1154.94	 3.6082	34.4493	27.3961	 0.51	 21.98	0.040	  152.70	100.00
1168.00	1155.93	 3.6062	34.4515	27.3981	 0.51	 22.19	0.041	  152.78	100.00
1169.00	1156.92	 3.6046	34.4516	27.3983	 0.51	 22.29	0.042	  152.76	100.00
1170.00	1157.91	 3.5995	34.4514	27.3987	 0.51	 22.14	0.042	  152.90	100.00
1171.00	1158.89	 3.5957	34.4517	27.3993	 0.51	 22.15	0.042	  152.77	100.00
1172.00	1159.88	 3.5914	34.4521	27.4000	 0.51	 22.20	0.041	  152.79	100.00
1173.00	1160.87	 3.5848	34.4524	27.4009	 0.51	 22.27	0.040	  152.76	100.00
1174.00	1161.85	 3.5785	34.4530	27.4020	 0.51	 22.29	0.040	  152.73	100.00
1175.00	1162.84	 3.5771	34.4532	27.4024	 0.52	 22.40	0.040	  152.83	100.00
1176.00	1163.83	 3.5763	34.4532	27.4024	 0.51	 22.38	0.040	  152.86	100.00
1177.00	1164.81	 3.5751	34.4533	27.4026	 0.51	 22.33	0.040	  152.77	100.00
1178.00	1165.80	 3.5744	34.4533	27.4027	 0.52	 22.39	0.041	  152.81	100.00
1179.00	1166.79	 3.5717	34.4533	27.4030	 0.52	 22.41	0.041	  152.76	100.00
1180.00	1167.77	 3.5676	34.4537	27.4037	 0.52	 22.45	0.041	  152.76	100.00
1181.00	1168.76	 3.5664	34.4537	27.4038	 0.52	 22.46	0.041	  152.80	100.00
1182.00	1169.75	 3.5623	34.4540	27.4044	 0.52	 22.64	0.041	  152.75	100.00
1183.00	1170.73	 3.5572	34.4543	27.4052	 0.52	 22.66	0.041	  152.82	100.00
1184.00	1171.72	 3.5475	34.4546	27.4063	 0.52	 22.67	0.040	  152.74	100.00
1185.00	1172.71	 3.5421	34.4552	27.4074	 0.52	 22.67	0.040	  152.74	100.00
1186.00	1173.70	 3.5390	34.4554	27.4078	 0.52	 22.72	0.041	  152.73	100.00
1187.00	1174.68	 3.5350	34.4558	27.4086	 0.53	 22.88	0.041	  152.77	100.00
1188.00	1175.67	 3.5287	34.4567	27.4099	 0.53	 22.94	0.040	  152.71	100.00
1189.00	1176.66	 3.5265	34.4571	27.4104	 0.53	 22.94	0.040	  152.66	100.00
1190.00	1177.64	 3.5252	34.4573	27.4107	 0.53	 22.98	0.040	  152.81	100.00
1191.00	1178.63	 3.5246	34.4571	27.4106	 0.53	 23.09	0.040	  152.74	100.00
1192.00	1179.62	 3.5223	34.4573	27.4110	 0.53	 23.10	0.040	  152.76	100.00
1193.00	1180.60	 3.5175	34.4581	27.4121	 0.53	 23.12	0.041	  152.70	100.00
1194.00	1181.59	 3.5160	34.4586	27.4126	 0.53	 23.23	0.041	  152.66	100.00
1195.00	1182.58	 3.5144	34.4588	27.4130	 0.54	 23.39	0.041	  152.71	100.00
1196.00	1183.56	 3.5137	34.4591	27.4133	 0.53	 23.25	0.042	  152.75	100.00
1197.00	1184.55	 3.5097	34.4593	27.4138	 0.54	 23.42	0.041	  152.72	100.00
1198.00	1185.54	 3.5034	34.4602	27.4152	 0.54	 23.54	0.040	  152.60	100.00
1199.00	1186.52	 3.4930	34.4604	27.4164	 0.54	 23.45	0.040	  152.66	100.00
1200.00	1187.51	 3.4882	34.4605	27.4169	 0.54	 23.62	0.040	  152.67	100.00
1201.00	1188.50	 3.4867	34.4604	27.4170	 0.54	 23.48	0.041	  152.72	100.00
1202.00	1189.48	 3.4807	34.4598	27.4171	 0.54	 23.62	0.041	  152.65	100.00
1203.00	1190.47	 3.4750	34.4602	27.4179	 0.54	 23.57	0.040	  152.68	100.00
1204.00	1191.46	 3.4739	34.4604	27.4182	 0.54	 23.55	0.040	  152.67	100.00
1205.00	1192.44	 3.4735	34.4603	27.4182	 0.54	 23.53	0.040	  152.68	100.00
1206.00	1193.43	 3.4727	34.4603	27.4183	 0.54	 23.65	0.040	  152.62	100.00
1207.00	1194.42	 3.4666	34.4607	27.4191	 0.54	 23.66	0.040	  152.58	100.00
1208.00	1195.40	 3.4604	34.4619	27.4207	 0.54	 23.65	0.041	  152.61	100.00
1209.00	1196.39	 3.4592	34.4621	27.4210	 0.55	 23.77	0.041	  152.65	100.00
1210.00	1197.38	 3.4577	34.4624	27.4214	 0.55	 23.91	0.040	  152.60	100.00
1211.00	1198.37	 3.4571	34.4627	27.4217	 0.55	 23.86	0.040	  152.67	100.00
1212.00	1199.35	 3.4562	34.4631	27.4221	 0.56	 24.18	0.040	  152.64	100.00
1213.00	1200.34	 3.4557	34.4632	27.4223	 0.55	 24.04	0.040	  152.64	100.00
1214.00	1201.33	 3.4552	34.4633	27.4224	 0.55	 24.05	0.040	  152.65	100.00
1215.00	1202.31	 3.4539	34.4636	27.4227	 0.55	 24.10	0.040	  152.63	100.00
1216.00	1203.30	 3.4538	34.4636	27.4228	 0.55	 24.10	0.040	  152.65	100.00
1217.00	1204.29	 3.4538	34.4636	27.4228	 0.56	 24.15	0.041	  152.61	100.00
1218.00	1205.27	 3.4537	34.4637	27.4228	 0.55	 24.10	0.042	  152.63	100.00
1219.00	1206.26	 3.4534	34.4637	27.4229	 0.55	 24.08	0.040	  152.57	100.00
1220.00	1207.25	 3.4530	34.4639	27.4231	 0.55	 24.10	0.040	  152.59	100.00
1221.00	1208.23	 3.4529	34.4638	27.4230	 0.56	 24.15	0.040	  152.62	100.00
1222.00	1209.22	 3.4529	34.4639	27.4231	 0.56	 24.13	0.040	  152.59	100.00
1223.00	1210.21	 3.4518	34.4638	27.4231	 0.56	 24.17	0.040	  152.60	100.00
1224.00	1211.19	 3.4495	34.4642	27.4237	 0.56	 24.19	0.040	  152.55	100.00
1225.00	1212.18	 3.4449	34.4642	27.4242	 0.56	 24.15	0.040	  152.60	100.00
1226.00	1213.17	 3.4408	34.4647	27.4249	 0.56	 24.23	0.040	  152.57	100.00
1227.00	1214.15	 3.4401	34.4647	27.4250	 0.56	 24.27	0.040	  152.57	100.00
1228.00	1215.14	 3.4328	34.4646	27.4256	 0.56	 24.21	0.040	  152.57	100.00
1229.00	1216.13	 3.4204	34.4645	27.4267	 0.56	 24.30	0.041	  152.62	100.00
1230.00	1217.11	 3.4159	34.4647	27.4273	 0.56	 24.39	0.040	  152.56	100.00
1231.00	1218.10	 3.4158	34.4650	27.4276	 0.56	 24.33	0.040	  152.61	100.00
1232.00	1219.09	 3.4137	34.4651	27.4279	 0.56	 24.35	0.040	  152.58	100.00
1233.00	1220.07	 3.4090	34.4651	27.4283	 0.56	 24.41	0.040	  152.57	100.00
1234.00	1221.06	 3.3928	34.4647	27.4296	 0.56	 24.33	0.040	  152.59	100.00
1235.00	1222.04	 3.3814	34.4654	27.4312	 0.56	 24.39	0.041	  152.55	100.00
1236.00	1223.03	 3.3731	34.4653	27.4319	 0.56	 24.39	0.040	  152.57	100.00
1237.00	1224.02	 3.3680	34.4653	27.4324	 0.56	 24.43	0.040	  152.56	100.00
1238.00	1225.00	 3.3656	34.4655	27.4327	 0.56	 24.41	0.040	  152.54	100.00
1239.00	1225.99	 3.3631	34.4654	27.4329	 0.56	 24.35	0.040	  152.55	100.00
1240.00	1226.98	 3.3601	34.4656	27.4334	 0.56	 24.49	0.041	  152.52	100.00
1241.00	1227.96	 3.3578	34.4654	27.4335	 0.56	 24.27	0.041	  152.54	100.00
1242.00	1228.95	 3.3557	34.4656	27.4338	 0.56	 24.29	0.040	  152.56	100.00
1243.00	1229.94	 3.3545	34.4656	27.4339	 0.56	 24.35	0.041	  152.50	100.00
1244.00	1230.92	 3.3512	34.4653	27.4340	 0.56	 24.30	0.041	  152.52	100.00
1245.00	1231.91	 3.3457	34.4653	27.4345	 0.56	 24.24	0.040	  152.48	100.00
1246.00	1232.90	 3.3370	34.4649	27.4350	 0.56	 24.24	0.040	  152.49	100.00
1247.00	1233.88	 3.3274	34.4644	27.4355	 0.56	 24.20	0.040	  152.51	100.00
1248.00	1234.87	 3.3225	34.4638	27.4355	 0.55	 24.05	0.041	  152.54	100.00
1249.00	1235.86	 3.3104	34.4637	27.4366	 0.55	 24.01	0.040	  152.52	100.00
1250.00	1236.84	 3.3104	34.4638	27.4367	 0.55	 23.79	0.040	  152.55	100.00
1251.00	1237.83	 3.3092	34.4637	27.4367	 0.55	 23.79	0.042	  152.50	100.00
1252.00	1238.82	 3.3060	34.4637	27.4370	 0.55	 23.90	0.041	  152.49	100.00
1253.00	1239.80	 3.3022	34.4636	27.4373	 0.55	 23.87	0.040	  152.55	100.00
1254.00	1240.79	 3.2942	34.4638	27.4381	 0.55	 23.89	0.040	  152.56	100.00
1255.00	1241.78	 3.2871	34.4643	27.4393	 0.55	 23.90	0.040	  152.49	100.00
1256.00	1242.76	 3.2839	34.4644	27.4397	 0.55	 23.91	0.041	  152.51	100.00
1257.00	1243.75	 3.2811	34.4645	27.4400	 0.55	 23.90	0.041	  152.51	100.00
1258.00	1244.74	 3.2760	34.4642	27.4403	 0.55	 23.92	0.040	  152.49	100.00
1259.00	1245.72	 3.2702	34.4644	27.4409	 0.55	 23.94	0.040	  152.49	100.00
1260.00	1246.71	 3.2668	34.4646	27.4414	 0.55	 23.87	0.040	  152.47	100.00
1261.00	1247.70	 3.2635	34.4645	27.4417	 0.55	 23.91	0.040	  152.49	100.00
1262.00	1248.68	 3.2602	34.4649	27.4423	 0.55	 23.92	0.040	  152.48	100.00
1263.00	1249.67	 3.2596	34.4649	27.4424	 0.55	 23.92	0.040	  152.45	100.00
1264.00	1250.65	 3.2568	34.4654	27.4430	 0.55	 23.93	0.040	  152.49	100.00
1265.00	1251.64	 3.2569	34.4653	27.4429	 0.55	 23.95	0.040	  152.47	100.00
1266.00	1252.63	 3.2564	34.4654	27.4431	 0.55	 23.95	0.040	  152.50	100.00
1267.00	1253.61	 3.2555	34.4656	27.4433	 0.55	 23.92	0.040	  152.49	100.00
1268.00	1254.60	 3.2534	34.4659	27.4437	 0.55	 24.03	0.040	  152.44	100.00
1269.00	1255.59	 3.2501	34.4664	27.4445	 0.56	 24.17	0.040	  152.48	100.00
1270.00	1256.57	 3.2475	34.4670	27.4452	 0.56	 24.21	0.040	  152.42	100.00
1271.00	1257.56	 3.2446	34.4675	27.4458	 0.56	 24.34	0.040	  152.44	100.00
1272.00	1258.55	 3.2430	34.4679	27.4464	 0.56	 24.47	0.041	  152.41	100.00
1273.00	1259.53	 3.2417	34.4681	27.4466	 0.56	 24.43	0.040	  152.44	100.00
1274.00	1260.52	 3.2405	34.4683	27.4469	 0.56	 24.45	0.041	  152.41	100.00
1275.00	1261.51	 3.2375	34.4689	27.4476	 0.56	 24.51	0.042	  152.41	100.00
1276.00	1262.49	 3.2355	34.4691	27.4480	 0.56	 24.55	0.040	  152.43	100.00
1277.00	1263.48	 3.2350	34.4691	27.4481	 0.57	 24.65	0.040	  152.43	100.00
1278.00	1264.46	 3.2343	34.4694	27.4484	 0.57	 24.64	0.040	  152.41	100.00
1279.00	1265.45	 3.2338	34.4695	27.4485	 0.57	 24.60	0.040	  152.41	100.00
1280.00	1266.44	 3.2315	34.4699	27.4491	 0.57	 24.77	0.040	  152.41	100.00
1281.00	1267.42	 3.2309	34.4700	27.4492	 0.57	 24.84	0.040	  152.38	100.00
