wcoa21_data_management/01_CRUISE_METADATA/00_OCADS_data/CTD_downcasts/WCOA_2021_CTD_downcasts/dRB2102_CTD_021_01_F.txt
* Sea-Bird SBE 9 Data:
* Software Version Seasave V 7.26.7.107
* Vessel: NOAA Ship Ronald H. Brown
* Cruise: RB2102, West Coast Ocean Acidification (WCOA) 2021
* Dates: 20210622 to 20210723
* Region: NE Pacific, USA West Coast
* Ports: San Diego, CA to Port Angeles, WA to San Diego, CA
* Chief Scientists: R. Feely, NOAA PMEL; D. Greeley, NOAA PMEL; B. Carter, NOAA PMEL / UW CICOES
*END*
[from data line 427]
 430.00	 425.95	 5.6117	34.0513	26.8554	 1.11	 48.19	0.040	  177.93	 75.45
 431.00	 426.94	 5.6120	34.0514	26.8554	 1.11	 48.19	0.040	  177.99	 74.40
 432.00	 427.93	 5.6119	34.0514	26.8554	 1.11	 48.23	0.040	  177.87	 73.40
 433.00	 428.92	 5.6121	34.0514	26.8554	 1.11	 48.16	0.040	  177.90	 72.49
 434.00	 429.91	 5.6108	34.0515	26.8556	 1.11	 48.17	0.041	  177.87	 71.61
 435.00	 430.90	 5.6105	34.0516	26.8558	 1.11	 48.20	0.042	  177.80	 70.51
 436.00	 431.89	 5.6104	34.0516	26.8558	 1.11	 48.18	0.040	  177.84	 69.51
 437.00	 432.88	 5.6106	34.0517	26.8558	 1.11	 48.16	0.041	  177.82	 68.39
 438.00	 433.87	 5.6106	34.0516	26.8558	 1.11	 48.17	0.041	  177.79	 67.50
 439.00	 434.86	 5.6103	34.0517	26.8559	 1.11	 48.13	0.040	  177.83	 66.43
 440.00	 435.85	 5.6101	34.0517	26.8560	 1.11	 48.11	0.040	  177.81	 65.65
 441.00	 436.84	 5.6098	34.0518	26.8560	 1.11	 48.08	0.040	  177.83	 64.56
 442.00	 437.82	 5.6104	34.0517	26.8560	 1.11	 48.08	0.041	  177.76	 63.97
 443.00	 438.81	 5.6107	34.0517	26.8559	 1.11	 48.07	0.042	  177.76	 62.91
 444.00	 439.80	 5.6113	34.0516	26.8558	 1.11	 48.07	0.042	  177.77	 61.94
 445.00	 440.79	 5.6112	34.0517	26.8559	 1.11	 48.07	0.041	  177.69	 60.66
 446.00	 441.78	 5.6095	34.0519	26.8562	 1.10	 48.04	0.042	  177.70	 60.09
 447.00	 442.77	 5.6073	34.0522	26.8568	 1.10	 47.98	0.040	  177.63	 59.04
 448.00	 443.76	 5.6073	34.0521	26.8567	 1.10	 47.95	0.040	  177.64	 58.04
 449.00	 444.75	 5.6054	34.0524	26.8572	 1.10	 47.92	0.041	  177.65	 57.10
 450.00	 445.74	 5.6053	34.0524	26.8572	 1.10	 47.86	0.041	  177.62	 55.97
 451.00	 446.73	 5.6045	34.0526	26.8574	 1.10	 47.80	0.042	  177.63	 55.01
 452.00	 447.72	 5.6054	34.0524	26.8572	 1.10	 47.80	0.041	  177.60	 53.96
 453.00	 448.71	 5.6048	34.0525	26.8574	 1.10	 47.73	0.042	  177.58	 52.88
 454.00	 449.70	 5.6025	34.0528	26.8579	 1.10	 47.65	0.042	  177.57	 51.99
 455.00	 450.69	 5.6018	34.0529	26.8580	 1.10	 47.63	0.042	  177.51	 51.02
 456.00	 451.68	 5.6002	34.0531	26.8584	 1.09	 47.48	0.041	  177.54	 50.17
 457.00	 452.67	 5.5950	34.0538	26.8596	 1.09	 47.34	0.041	  177.53	 49.11
 458.00	 453.66	 5.5797	34.0551	26.8625	 1.08	 46.94	0.041	  177.50	 48.17
 459.00	 454.65	 5.5616	34.0565	26.8657	 1.07	 46.39	0.040	  177.50	 47.25
 460.00	 455.63	 5.5011	34.0625	26.8778	 1.04	 45.07	0.041	  177.48	 46.25
 461.00	 456.62	 5.4706	34.0658	26.8841	 1.02	 44.16	0.041	  177.48	 45.32
 462.00	 457.61	 5.4496	34.0671	26.8876	 1.00	 43.52	0.041	  177.46	 44.39
 463.00	 458.60	 5.4426	34.0685	26.8895	 0.99	 43.17	0.041	  177.42	 43.45
 464.00	 459.59	 5.4425	34.0685	26.8895	 0.99	 43.13	0.040	  177.42	 42.53
 465.00	 460.58	 5.4457	34.0682	26.8890	 0.99	 43.21	0.041	  177.36	 41.56
 466.00	 461.57	 5.4489	34.0680	26.8884	 0.99	 43.15	0.041	  177.33	 40.55
 467.00	 462.56	 5.4492	34.0679	26.8883	 0.99	 43.20	0.041	  177.30	 39.64
 468.00	 463.55	 5.4406	34.0689	26.8901	 1.00	 43.40	0.041	  177.29	 38.74
 469.00	 464.54	 5.4321	34.0699	26.8919	 0.99	 42.93	0.041	  177.31	 37.76
 470.00	 465.53	 5.4301	34.0700	26.8923	 0.98	 42.66	0.041	  177.26	 36.82
 471.00	 466.52	 5.4292	34.0702	26.8925	 0.98	 42.56	0.041	  177.29	 35.89
 472.00	 467.51	 5.4284	34.0704	26.8928	 0.98	 42.57	0.040	  177.24	 34.98
 473.00	 468.50	 5.4291	34.0704	26.8927	 0.98	 42.62	0.040	  177.20	 34.02
 474.00	 469.49	 5.4292	34.0702	26.8925	 0.98	 42.58	0.041	  177.24	 33.01
 475.00	 470.48	 5.4292	34.0703	26.8926	 0.98	 42.55	0.041	  177.21	 32.02
 476.00	 471.46	 5.4311	34.0702	26.8924	 0.98	 42.64	0.041	  177.18	 31.09
 477.00	 472.45	 5.4332	34.0696	26.8916	 0.98	 42.67	0.041	  177.10	 30.06
 478.00	 473.44	 5.4334	34.0696	26.8916	 0.98	 42.60	0.041	  177.07	 29.09
 479.00	 474.43	 5.4302	34.0701	26.8924	 0.98	 42.46	0.041	  177.06	 28.12
 480.00	 475.42	 5.4294	34.0701	26.8925	 0.98	 42.50	0.041	  177.05	 27.13
 481.00	 476.41	 5.4309	34.0701	26.8923	 0.98	 42.54	0.041	  177.04	 26.24
 482.00	 477.40	 5.4299	34.0702	26.8926	 0.98	 42.54	0.041	  177.04	 25.26
 483.00	 478.39	 5.4281	34.0705	26.8930	 0.98	 42.46	0.040	  176.99	 24.28
 484.00	 479.38	 5.4274	34.0706	26.8932	 0.98	 42.44	0.040	  176.99	 23.33
 485.00	 480.37	 5.4277	34.0705	26.8931	 0.97	 42.39	0.041	  176.96	 22.34
 486.00	 481.36	 5.4281	34.0705	26.8930	 0.98	 42.41	0.041	  176.94	 21.39
 487.00	 482.35	 5.4324	34.0701	26.8923	 0.98	 42.51	0.040	  176.93	 20.44
 488.00	 483.34	 5.4368	34.0697	26.8914	 0.98	 42.71	0.041	  176.91	 19.50
 489.00	 484.33	 5.4413	34.0694	26.8906	 0.98	 42.79	0.041	  176.87	 18.54
 490.00	 485.32	 5.4435	34.0692	26.8903	 0.99	 42.84	0.040	  176.86	 17.54
 491.00	 486.30	 5.4437	34.0691	26.8901	 0.98	 42.80	0.040	  176.84	 16.57
 492.00	 487.29	 5.4300	34.0705	26.8929	 0.98	 42.51	0.041	  176.80	 15.59
 493.00	 488.28	 5.4303	34.0704	26.8928	 0.97	 42.40	0.040	  176.81	 14.65
 494.00	 489.27	 5.4298	34.0705	26.8929	 0.98	 42.41	0.041	  176.79	 13.70
 495.00	 490.26	 5.4289	34.0706	26.8931	 0.98	 42.41	0.041	  176.79	 12.72
 496.00	 491.25	 5.4286	34.0705	26.8931	 0.98	 42.43	0.041	  176.79	 11.78
 497.00	 492.24	 5.4320	34.0703	26.8926	 0.98	 42.43	0.041	  176.68	 10.87
