wcoa21_data_management/01_CRUISE_METADATA/00_OCADS_data/CTD_downcasts/WCOA_2021_CTD_downcasts/dRB2102_CTD_062_01_F.txt
* Sea-Bird SBE 9 Data:
* Software Version Seasave V 7.26.7.107
* Vessel: NOAA Ship Ronald H. Brown
* Cruise: RB2102, West Coast Ocean Acidification (WCOA) 2021
* Dates: 20210622 to 20210723
* Region: NE Pacific, USA West Coast
* Ports: San Diego, CA to Port Angeles, WA to San Diego, CA
* Chief Scientists: R. Feely, NOAA PMEL; D. Greeley, NOAA PMEL; B. Carter, NOAA PMEL / UW CICOES
*END*
[from data line 427]
 430.00	 426.19	 6.1019	34.1554	26.8771	 0.84	 36.64	0.040	  132.03	 99.98
 431.00	 427.18	 6.1025	34.1558	26.8773	 0.84	 36.61	0.040	  132.03	 99.97
 432.00	 428.17	 6.1027	34.1560	26.8775	 0.84	 36.56	0.040	  132.03	 99.98
 433.00	 429.16	 6.1014	34.1557	26.8775	 0.84	 36.67	0.041	  132.05	 99.98
 434.00	 430.15	 6.0910	34.1554	26.8785	 0.84	 36.74	0.041	  131.97	 99.98
 435.00	 431.14	 6.0826	34.1551	26.8793	 0.85	 36.75	0.040	  131.99	 99.97
 436.00	 432.13	 6.0775	34.1549	26.8798	 0.85	 36.77	0.040	  132.01	 99.98
 437.00	 433.12	 6.0758	34.1548	26.8800	 0.85	 36.84	0.040	  132.02	 99.98
 438.00	 434.11	 6.0724	34.1547	26.8803	 0.85	 36.82	0.042	  131.95	 99.98
 439.00	 435.10	 6.0708	34.1545	26.8804	 0.85	 36.84	0.041	  131.92	 99.98
 440.00	 436.09	 6.0641	34.1555	26.8820	 0.84	 36.70	0.040	  132.00	 99.98
 441.00	 437.08	 6.0626	34.1560	26.8827	 0.84	 36.57	0.040	  131.97	 99.98
 442.00	 438.07	 6.0624	34.1564	26.8830	 0.84	 36.59	0.040	  132.04	 99.97
 443.00	 439.06	 6.0625	34.1564	26.8830	 0.84	 36.52	0.040	  132.08	 99.98
 444.00	 440.05	 6.0622	34.1567	26.8833	 0.84	 36.40	0.040	  132.08	 99.98
 445.00	 441.04	 6.0606	34.1569	26.8837	 0.83	 36.21	0.041	  132.06	 99.98
 446.00	 442.03	 6.0575	34.1574	26.8844	 0.83	 36.12	0.041	  132.07	 99.98
 447.00	 443.02	 6.0551	34.1575	26.8849	 0.83	 35.95	0.040	  132.06	 99.98
 448.00	 444.01	 6.0376	34.1569	26.8866	 0.82	 35.83	0.041	  132.08	 99.98
 449.00	 445.00	 6.0254	34.1565	26.8878	 0.82	 35.76	0.041	  132.09	 99.98
 450.00	 445.99	 6.0189	34.1566	26.8887	 0.82	 35.81	0.042	  132.05	 99.98
 451.00	 446.98	 6.0122	34.1563	26.8894	 0.82	 35.75	0.040	  132.08	 99.98
 452.00	 447.97	 6.0026	34.1561	26.8904	 0.82	 35.74	0.040	  132.08	 99.98
 453.00	 448.96	 5.9978	34.1561	26.8910	 0.82	 35.71	0.040	  132.02	 99.98
 454.00	 449.95	 5.9823	34.1555	26.8925	 0.82	 35.66	0.041	  132.06	 99.98
 455.00	 450.94	 5.9716	34.1554	26.8938	 0.82	 35.59	0.041	  132.05	 99.98
 456.00	 451.93	 5.9637	34.1548	26.8943	 0.82	 35.59	0.040	  132.01	 99.98
 457.00	 452.92	 5.9454	34.1539	26.8959	 0.82	 35.61	0.040	  132.06	 99.98
 458.00	 453.91	 5.9385	34.1537	26.8965	 0.82	 35.60	0.040	  132.05	 99.98
 459.00	 454.90	 5.9326	34.1530	26.8968	 0.82	 35.48	0.040	  132.06	 99.98
 460.00	 455.89	 5.9258	34.1527	26.8974	 0.81	 35.34	0.040	  132.01	 99.98
 461.00	 456.88	 5.9179	34.1537	26.8992	 0.81	 35.25	0.040	  132.03	 99.98
 462.00	 457.87	 5.9213	34.1556	26.9003	 0.81	 35.18	0.040	  132.07	 99.98
 463.00	 458.86	 5.9225	34.1560	26.9004	 0.81	 35.08	0.041	  132.00	 99.98
 464.00	 459.85	 5.9204	34.1559	26.9006	 0.80	 34.98	0.041	  132.03	 99.98
 465.00	 460.84	 5.9188	34.1562	26.9010	 0.80	 34.83	0.041	  132.06	 99.98
 466.00	 461.83	 5.9166	34.1561	26.9013	 0.80	 34.59	0.041	  132.04	 99.98
 467.00	 462.82	 5.9023	34.1556	26.9027	 0.79	 34.41	0.040	  132.06	 99.98
 468.00	 463.81	 5.8861	34.1560	26.9050	 0.79	 34.15	0.040	  132.05	 99.98
 469.00	 464.80	 5.8795	34.1563	26.9060	 0.78	 33.99	0.040	  132.07	 99.98
 470.00	 465.79	 5.8698	34.1565	26.9075	 0.78	 33.90	0.040	  131.99	 99.98
 471.00	 466.78	 5.8641	34.1567	26.9083	 0.78	 33.73	0.040	  132.01	 99.98
 472.00	 467.77	 5.8626	34.1567	26.9085	 0.77	 33.56	0.041	  132.07	 99.98
 473.00	 468.76	 5.8518	34.1564	26.9096	 0.77	 33.46	0.040	  132.05	 99.98
 474.00	 469.75	 5.8463	34.1567	26.9105	 0.77	 33.36	0.040	  132.05	 99.98
 475.00	 470.74	 5.8436	34.1566	26.9108	 0.77	 33.28	0.040	  131.98	 99.98
 476.00	 471.73	 5.8433	34.1569	26.9111	 0.76	 33.26	0.040	  131.99	 99.98
 477.00	 472.72	 5.8410	34.1563	26.9109	 0.76	 33.19	0.040	  132.04	 99.98
 478.00	 473.71	 5.8330	34.1560	26.9117	 0.76	 33.05	0.040	  131.96	 99.98
 479.00	 474.70	 5.8245	34.1560	26.9127	 0.76	 32.92	0.040	  131.97	 99.98
 480.00	 475.69	 5.8216	34.1559	26.9131	 0.75	 32.78	0.040	  131.99	 99.98
 481.00	 476.68	 5.8169	34.1555	26.9133	 0.75	 32.60	0.040	  131.95	 99.98
 482.00	 477.67	 5.8039	34.1572	26.9163	 0.74	 32.35	0.040	  132.03	 99.98
 483.00	 478.66	 5.8039	34.1572	26.9163	 0.74	 32.30	0.040	  132.10	 99.98
 484.00	 479.65	 5.8040	34.1574	26.9165	 0.74	 32.02	0.040	  132.03	 99.98
 485.00	 480.64	 5.8017	34.1582	26.9173	 0.73	 31.60	0.040	  131.93	 99.98
 486.00	 481.63	 5.7887	34.1628	26.9226	 0.72	 31.32	0.040	  131.97	 99.98
 487.00	 482.62	 5.7818	34.1638	26.9242	 0.72	 31.11	0.040	  131.98	 99.99
 488.00	 483.61	 5.7722	34.1645	26.9260	 0.71	 30.97	0.040	  132.02	 99.98
 489.00	 484.60	 5.7637	34.1648	26.9273	 0.71	 30.80	0.040	  131.99	 99.98
 490.00	 485.59	 5.7585	34.1649	26.9280	 0.71	 30.68	0.040	  132.05	 99.98
 491.00	 486.58	 5.7439	34.1652	26.9300	 0.70	 30.60	0.040	  132.01	 99.99
 492.00	 487.57	 5.7324	34.1661	26.9321	 0.70	 30.65	0.040	  131.98	 99.99
 493.00	 488.56	 5.7202	34.1667	26.9341	 0.70	 30.63	0.040	  131.99	 99.99
 494.00	 489.55	 5.7115	34.1673	26.9357	 0.70	 30.48	0.041	  132.03	 99.99
 495.00	 490.54	 5.7062	34.1675	26.9365	 0.70	 30.51	0.041	  131.95	100.00
 496.00	 491.53	 5.7025	34.1676	26.9370	 0.70	 30.48	0.040	  131.98	 99.99
 497.00	 492.51	 5.6993	34.1677	26.9375	 0.70	 30.37	0.040	  132.01	 99.99
 498.00	 493.50	 5.6934	34.1681	26.9385	 0.70	 30.30	0.040	  132.01	 99.99
 499.00	 494.49	 5.6875	34.1698	26.9407	 0.70	 30.28	0.040	  131.94	100.00
 500.00	 495.48	 5.6843	34.1710	26.9420	 0.69	 30.19	0.040	  131.96	 99.99
 501.00	 496.47	 5.6843	34.1722	26.9430	 0.69	 30.09	0.041	  131.96	 99.99
 502.00	 497.46	 5.6845	34.1731	26.9437	 0.69	 30.03	0.041	  131.95	 99.99
 503.00	 498.45	 5.6845	34.1734	26.9439	 0.69	 29.92	0.040	  131.96	100.00
 504.00	 499.44	 5.6854	34.1741	26.9444	 0.69	 29.81	0.041	  131.93	 99.99
 505.00	 500.43	 5.6874	34.1762	26.9458	 0.68	 29.74	0.041	  131.97	 99.99
 506.00	 501.42	 5.6899	34.1772	26.9463	 0.68	 29.51	0.040	  131.97	 99.99
 507.00	 502.41	 5.6923	34.1797	26.9480	 0.68	 29.42	0.040	  131.89	 99.99
 508.00	 503.40	 5.6947	34.1818	26.9494	 0.67	 29.25	0.040	  131.98	100.00
 509.00	 504.39	 5.6960	34.1836	26.9507	 0.67	 29.15	0.041	  131.90	 99.99
 510.00	 505.38	 5.6976	34.1858	26.9522	 0.67	 29.12	0.041	  131.99	 99.99
 511.00	 506.37	 5.6978	34.1866	26.9528	 0.67	 28.93	0.040	  131.97	 99.99
 512.00	 507.36	 5.6971	34.1869	26.9531	 0.66	 28.84	0.041	  132.00	100.00
 513.00	 508.35	 5.6972	34.1869	26.9532	 0.66	 28.90	0.041	  132.00	100.00
 514.00	 509.34	 5.6976	34.1870	26.9532	 0.66	 28.90	0.040	  131.97	100.00
 515.00	 510.33	 5.6973	34.1870	26.9532	 0.66	 28.91	0.040	  131.95	100.00
 516.00	 511.32	 5.6970	34.1870	26.9533	 0.66	 28.90	0.040	  131.96	100.00
 517.00	 512.31	 5.6967	34.1873	26.9535	 0.66	 28.84	0.041	  132.00	 99.99
 518.00	 513.30	 5.6968	34.1872	26.9535	 0.66	 28.65	0.042	  131.96	100.00
 519.00	 514.29	 5.6925	34.1882	26.9549	 0.65	 28.24	0.042	  131.91	100.00
 520.00	 515.28	 5.6892	34.1903	26.9569	 0.63	 27.53	0.040	  131.92	100.00
 521.00	 516.27	 5.6979	34.2006	26.9640	 0.62	 27.01	0.040	  131.97	100.00
 522.00	 517.26	 5.7034	34.2036	26.9657	 0.62	 26.90	0.040	  131.90	100.00
 523.00	 518.25	 5.7008	34.2024	26.9651	 0.61	 26.70	0.041	  131.94	100.00
 524.00	 519.24	 5.6990	34.2028	26.9656	 0.61	 26.38	0.041	  131.98	100.00
 525.00	 520.23	 5.7012	34.2058	26.9677	 0.60	 26.05	0.040	  131.89	100.00
 526.00	 521.22	 5.7013	34.2068	26.9685	 0.60	 25.96	0.041	  131.89	100.00
 527.00	 522.21	 5.6863	34.2062	26.9699	 0.60	 25.92	0.041	  131.91	100.00
 528.00	 523.20	 5.6595	34.2030	26.9706	 0.60	 26.09	0.040	  131.88	100.00
 529.00	 524.19	 5.6156	34.1976	26.9717	 0.61	 26.34	0.040	  131.94	100.00
 530.00	 525.18	 5.5393	34.1914	26.9760	 0.61	 26.48	0.040	  131.97	100.00
 531.00	 526.16	 5.5250	34.1903	26.9769	 0.61	 26.56	0.040	  131.91	100.00
 532.00	 527.15	 5.4847	34.1827	26.9757	 0.61	 26.47	0.040	  131.97	100.00
 533.00	 528.14	 5.4187	34.1825	26.9833	 0.61	 26.39	0.042	  132.03	100.00
 534.00	 529.13	 5.4174	34.1826	26.9836	 0.61	 26.39	0.041	  132.04	100.00
 535.00	 530.12	 5.4180	34.1830	26.9838	 0.60	 26.20	0.041	  132.00	100.00
 536.00	 531.11	 5.4174	34.1830	26.9840	 0.60	 26.10	0.042	  131.95	100.00
 537.00	 532.10	 5.4164	34.1834	26.9844	 0.60	 26.00	0.041	  131.98	100.00
 538.00	 533.09	 5.4161	34.1839	26.9848	 0.60	 25.92	0.040	  131.98	100.00
 539.00	 534.08	 5.4167	34.1843	26.9851	 0.59	 25.76	0.040	  131.93	100.00
 540.00	 535.07	 5.4175	34.1853	26.9858	 0.59	 25.58	0.040	  131.93	100.00
 541.00	 536.06	 5.4186	34.1864	26.9865	 0.58	 25.38	0.041	  131.99	100.00
 542.00	 537.05	 5.4289	34.1895	26.9877	 0.57	 24.99	0.041	  131.93	100.00
 543.00	 538.04	 5.4325	34.1914	26.9889	 0.57	 24.79	0.041	  131.94	100.00
 544.00	 539.03	 5.4456	34.1940	26.9894	 0.57	 24.72	0.041	  131.97	100.00
 545.00	 540.02	 5.4468	34.1942	26.9894	 0.57	 24.59	0.041	  131.95	100.00
 546.00	 541.01	 5.4442	34.1936	26.9893	 0.56	 24.47	0.041	  131.91	100.00
 547.00	 542.00	 5.4450	34.1940	26.9894	 0.56	 24.26	0.040	  131.94	100.00
 548.00	 542.99	 5.4494	34.1963	26.9907	 0.55	 23.95	0.040	  131.99	100.00
 549.00	 543.98	 5.4619	34.2011	26.9931	 0.55	 23.74	0.040	  131.98	100.00
 550.00	 544.97	 5.4639	34.2036	26.9949	 0.54	 23.50	0.040	  131.92	100.00
 551.00	 545.96	 5.4531	34.2035	26.9961	 0.54	 23.40	0.040	  131.93	100.00
 552.00	 546.95	 5.4421	34.2032	26.9972	 0.54	 23.31	0.040	  131.92	100.00
 553.00	 547.94	 5.4266	34.2039	26.9995	 0.53	 23.25	0.040	  131.94	100.00
 554.00	 548.93	 5.4078	34.2025	27.0006	 0.53	 23.17	0.040	  131.92	100.00
 555.00	 549.91	 5.3978	34.2027	27.0020	 0.53	 22.98	0.040	  131.93	100.00
 556.00	 550.90	 5.3944	34.2058	27.0049	 0.52	 22.72	0.040	  131.94	100.00
 557.00	 551.89	 5.4013	34.2096	27.0071	 0.52	 22.49	0.040	  131.89	100.00
 558.00	 552.88	 5.4040	34.2108	27.0077	 0.51	 22.34	0.040	  131.91	100.00
 559.00	 553.87	 5.4086	34.2126	27.0086	 0.51	 22.23	0.040	  131.92	100.00
 560.00	 554.86	 5.4118	34.2140	27.0094	 0.51	 22.07	0.040	  131.92	100.00
 561.00	 555.85	 5.4209	34.2178	27.0113	 0.51	 21.97	0.040	  131.88	100.00
 562.00	 556.84	 5.4323	34.2206	27.0122	 0.51	 21.97	0.040	  131.89	100.00
 563.00	 557.83	 5.4212	34.2199	27.0130	 0.50	 21.94	0.040	  131.90	100.00
 564.00	 558.82	 5.4103	34.2190	27.0136	 0.50	 21.89	0.040	  131.87	100.00
 565.00	 559.81	 5.4176	34.2217	27.0149	 0.50	 21.74	0.040	  131.86	100.00
 566.00	 560.80	 5.4123	34.2205	27.0145	 0.50	 21.68	0.041	  131.87	100.00
 567.00	 561.79	 5.4047	34.2222	27.0168	 0.50	 21.71	0.042	  131.89	100.00
 568.00	 562.78	 5.3783	34.2189	27.0173	 0.50	 21.72	0.040	  131.92	100.00
 569.00	 563.77	 5.3519	34.2156	27.0178	 0.50	 21.71	0.040	  131.87	100.00
 570.00	 564.76	 5.3365	34.2147	27.0190	 0.50	 21.69	0.040	  131.87	100.00
 571.00	 565.75	 5.3163	34.2127	27.0197	 0.50	 21.64	0.040	  131.88	100.00
 572.00	 566.74	 5.2965	34.2128	27.0221	 0.50	 21.53	0.041	  131.91	100.00
 573.00	 567.73	 5.2971	34.2132	27.0224	 0.49	 21.39	0.041	  131.94	100.00
 574.00	 568.71	 5.2981	34.2155	27.0241	 0.49	 21.28	0.041	  131.85	100.00
 575.00	 569.70	 5.2965	34.2169	27.0254	 0.49	 21.17	0.041	  131.90	100.00
 576.00	 570.69	 5.2868	34.2173	27.0269	 0.49	 21.16	0.040	  131.91	100.00
 577.00	 571.68	 5.2782	34.2169	27.0276	 0.48	 21.06	0.040	  131.92	100.00
 578.00	 572.67	 5.2657	34.2159	27.0283	 0.48	 20.91	0.040	  131.86	100.00
 579.00	 573.66	 5.2572	34.2160	27.0293	 0.48	 20.88	0.040	  131.91	100.00
 580.00	 574.65	 5.2509	34.2162	27.0303	 0.48	 20.90	0.040	  131.91	100.00
 581.00	 575.64	 5.2443	34.2161	27.0309	 0.48	 20.88	0.040	  131.88	100.00
 582.00	 576.63	 5.2397	34.2159	27.0313	 0.48	 20.86	0.040	  131.89	100.00
 583.00	 577.62	 5.2305	34.2167	27.0331	 0.47	 20.65	0.041	  131.89	100.00
 584.00	 578.61	 5.2241	34.2206	27.0369	 0.47	 20.46	0.042	  131.86	100.00
 585.00	 579.60	 5.2239	34.2215	27.0376	 0.47	 20.37	0.041	  131.88	100.00
 586.00	 580.59	 5.2260	34.2232	27.0387	 0.47	 20.25	0.040	  131.85	100.00
 587.00	 581.58	 5.2293	34.2246	27.0395	 0.46	 20.17	0.041	  131.81	100.00
 588.00	 582.57	 5.2297	34.2246	27.0395	 0.46	 20.07	0.041	  131.90	100.00
 589.00	 583.56	 5.2298	34.2248	27.0396	 0.46	 20.02	0.040	  131.82	100.00
 590.00	 584.54	 5.2305	34.2251	27.0398	 0.46	 19.90	0.040	  131.82	100.00
 591.00	 585.53	 5.2318	34.2260	27.0404	 0.45	 19.78	0.040	  131.80	100.00
 592.00	 586.52	 5.2340	34.2273	27.0411	 0.45	 19.65	0.041	  131.90	100.00
 593.00	 587.51	 5.2369	34.2293	27.0424	 0.45	 19.57	0.042	  131.89	100.00
 594.00	 588.50	 5.2423	34.2326	27.0444	 0.45	 19.54	0.042	  131.82	100.00
 595.00	 589.49	 5.2427	34.2334	27.0450	 0.45	 19.38	0.040	  131.83	100.00
 596.00	 590.48	 5.2422	34.2340	27.0455	 0.44	 19.30	0.041	  131.84	100.00
 597.00	 591.47	 5.2412	34.2346	27.0461	 0.44	 19.23	0.041	  131.80	100.00
 598.00	 592.46	 5.2416	34.2348	27.0463	 0.44	 19.20	0.040	  131.84	 97.50
 599.00	 593.45	 5.2424	34.2353	27.0466	 0.44	 19.19	0.041	  131.86	 80.53
 600.00	 594.44	 5.2435	34.2359	27.0469	 0.44	 19.10	0.041	  131.80	100.17
 601.00	 595.43	 5.2464	34.2371	27.0475	 0.44	 19.05	0.040	  131.79	100.00
 602.00	 596.42	 5.2480	34.2377	27.0478	 0.44	 19.01	0.040	  131.87	100.00
 603.00	 597.41	 5.2488	34.2381	27.0481	 0.44	 18.98	0.042	  131.81	100.00
 604.00	 598.40	 5.2486	34.2386	27.0485	 0.44	 19.02	0.042	  131.79	 99.51
 605.00	 599.38	 5.2485	34.2388	27.0486	 0.44	 18.97	0.041	  131.83	 98.59
 606.00	 600.37	 5.2485	34.2389	27.0487	 0.44	 18.93	0.040	  131.84	 97.78
 607.00	 601.36	 5.2490	34.2388	27.0487	 0.43	 18.90	0.040	  131.81	 96.71
 608.00	 602.35	 5.2479	34.2398	27.0496	 0.43	 18.88	0.041	  131.78	 95.92
 609.00	 603.34	 5.2466	34.2409	27.0506	 0.43	 18.90	0.041	  131.85	 95.03
 610.00	 604.33	 5.2460	34.2411	27.0508	 0.43	 18.80	0.040	  131.75	 94.01
 611.00	 605.32	 5.2456	34.2415	27.0512	 0.43	 18.81	0.040	  131.72	 92.93
 612.00	 606.31	 5.2448	34.2420	27.0517	 0.43	 18.72	0.040	  131.71	 91.96
 613.00	 607.30	 5.2445	34.2423	27.0520	 0.43	 18.65	0.040	  131.64	 90.83
 614.00	 608.29	 5.2444	34.2424	27.0521	 0.43	 18.70	0.040	  131.58	 89.70
 615.00	 609.28	 5.2444	34.2425	27.0522	 0.43	 18.68	0.040	  131.69	 88.69
 616.00	 610.27	 5.2429	34.2433	27.0530	 0.43	 18.64	0.040	  131.58	 87.84
 617.00	 611.26	 5.2405	34.2443	27.0541	 0.43	 18.61	0.040	  131.59	 86.84
 618.00	 612.24	 5.2405	34.2441	27.0540	 0.43	 18.55	0.041	  131.58	 85.87
 619.00	 613.23	 5.2403	34.2444	27.0542	 0.43	 18.50	0.042	  131.56	 84.84
 620.00	 614.22	 5.2393	34.2456	27.0553	 0.42	 18.34	0.042	  131.50	 83.83
 621.00	 615.21	 5.2402	34.2476	27.0568	 0.42	 18.35	0.041	  131.58	 82.91
 622.00	 616.20	 5.2414	34.2485	27.0574	 0.42	 18.24	0.040	  131.57	 81.84
 623.00	 617.19	 5.2416	34.2490	27.0577	 0.42	 18.18	0.040	  131.56	 80.76
 624.00	 618.18	 5.2457	34.2527	27.0602	 0.42	 18.11	0.040	  131.64	 79.70
 625.00	 619.17	 5.2479	34.2537	27.0607	 0.41	 18.00	0.040	  131.64	 78.62
 626.00	 620.16	 5.2483	34.2543	27.0612	 0.41	 17.90	0.040	  131.58	 77.88
 627.00	 621.15	 5.2485	34.2549	27.0616	 0.41	 17.87	0.040	  131.57	 76.89
 628.00	 622.14	 5.2490	34.2556	27.0622	 0.41	 17.79	0.040	  131.64	 75.92
 629.00	 623.13	 5.2497	34.2586	27.0645	 0.41	 17.66	0.040	  131.61	 74.92
 630.00	 624.12	 5.2499	34.2586	27.0645	 0.41	 17.69	0.041	  131.57	 73.83
 631.00	 625.10	 5.2500	34.2586	27.0645	 0.41	 17.69	0.041	  131.59	 72.64
 632.00	 626.09	 5.2500	34.2601	27.0657	 0.41	 17.65	0.040	  131.70	 71.53
 633.00	 627.08	 5.2501	34.2605	27.0660	 0.40	 17.60	0.040	  131.58	 70.85
 634.00	 628.07	 5.2501	34.2605	27.0660	 0.40	 17.56	0.040	  131.58	 69.91
 635.00	 629.06	 5.2501	34.2613	27.0666	 0.40	 17.54	0.040	  131.64	 68.92
 636.00	 630.05	 5.2503	34.2623	27.0674	 0.40	 17.51	0.040	  131.49	 67.87
 637.00	 631.04	 5.2505	34.2637	27.0685	 0.40	 17.48	0.040	  131.57	 66.88
 638.00	 632.03	 5.2509	34.2641	27.0688	 0.40	 17.34	0.041	  131.57	 65.74
 639.00	 633.02	 5.2497	34.2666	27.0709	 0.40	 17.19	0.041	  131.57	 64.67
 640.00	 634.01	 5.2451	34.2688	27.0732	 0.39	 17.06	0.040	  131.58	 63.78
 641.00	 635.00	 5.2392	34.2715	27.0760	 0.39	 17.02	0.040	  131.57	 62.72
 642.00	 635.98	 5.2295	34.2727	27.0781	 0.39	 16.83	0.041	  131.61	 61.83
