wcoa21_data_management/01_CRUISE_METADATA/00_OCADS_data/CTD_downcasts/WCOA_2021_CTD_downcasts/dRB2102_CTD_096_01_F.txt
* Sea-Bird SBE 9 Data:
* Software Version Seasave V 7.26.7.107
* Vessel: NOAA Ship Ronald H. Brown
* Cruise: RB2102, West Coast Ocean Acidification (WCOA) 2021
* Dates: 20210622 to 20210723
* Region: NE Pacific, USA West Coast
* Ports: San Diego, CA to Port Angeles, WA to San Diego, CA
* Chief Scientists: R. Feely, NOAA PMEL; D. Greeley, NOAA PMEL; B. Carter, NOAA PMEL / UW CICOES
*END*
[from data line 641]
 644.00	 638.29	 5.4644	34.3452	27.1079	 0.28	 12.11	0.040	  175.54	100.00
 645.00	 639.28	 5.4589	34.3456	27.1089	 0.28	 12.05	0.041	  175.56	100.00
 646.00	 640.26	 5.4566	34.3459	27.1094	 0.28	 12.07	0.041	  175.57	100.00
 647.00	 641.25	 5.4504	34.3464	27.1105	 0.28	 12.07	0.041	  175.54	100.00
 648.00	 642.24	 5.4416	34.3470	27.1121	 0.28	 12.06	0.041	  175.53	100.00
 649.00	 643.23	 5.4396	34.3473	27.1126	 0.28	 11.98	0.041	  175.56	100.00
 650.00	 644.22	 5.4345	34.3476	27.1134	 0.28	 12.28	0.041	  175.52	100.00
 651.00	 645.21	 5.4249	34.3485	27.1153	 0.28	 12.36	0.040	  175.52	100.00
 652.00	 646.20	 5.4185	34.3492	27.1166	 0.28	 12.12	0.040	  175.50	100.00
 653.00	 647.19	 5.4169	34.3494	27.1170	 0.28	 12.07	0.040	  175.48	100.00
 654.00	 648.18	 5.4169	34.3494	27.1170	 0.27	 11.95	0.041	  175.60	100.00
 655.00	 649.17	 5.4167	34.3495	27.1171	 0.27	 11.91	0.042	  175.55	100.00
 656.00	 650.16	 5.4151	34.3495	27.1173	 0.28	 12.02	0.041	  175.49	100.00
 657.00	 651.15	 5.4120	34.3495	27.1177	 0.28	 12.04	0.040	  175.48	100.00
 658.00	 652.14	 5.4095	34.3496	27.1181	 0.27	 11.93	0.040	  175.49	100.00
 659.00	 653.13	 5.3920	34.3473	27.1183	 0.27	 11.60	0.040	  175.44	100.00
 660.00	 654.12	 5.3707	34.3464	27.1202	 0.27	 11.54	0.041	  175.51	100.00
 661.00	 655.11	 5.3661	34.3464	27.1207	 0.27	 11.70	0.042	  175.45	100.00
 662.00	 656.10	 5.3634	34.3463	27.1210	 0.27	 11.76	0.041	  175.47	100.00
 663.00	 657.09	 5.3596	34.3465	27.1216	 0.27	 11.81	0.041	  175.44	100.00
 664.00	 658.08	 5.3558	34.3465	27.1220	 0.27	 11.80	0.041	  175.42	100.00
 665.00	 659.07	 5.3445	34.3485	27.1249	 0.28	 12.03	0.041	  175.46	100.00
 666.00	 660.06	 5.3504	34.3530	27.1278	 0.28	 12.26	0.042	  175.43	100.00
 667.00	 661.05	 5.3517	34.3535	27.1281	 0.27	 11.92	0.042	  175.42	100.00
 668.00	 662.03	 5.3445	34.3528	27.1284	 0.27	 11.72	0.042	  175.47	100.00
 669.00	 663.02	 5.3282	34.3521	27.1298	 0.27	 11.56	0.042	  175.38	100.00
 670.00	 664.01	 5.3246	34.3527	27.1307	 0.27	 11.71	0.041	  175.31	100.00
 671.00	 665.00	 5.3242	34.3528	27.1308	 0.27	 11.81	0.041	  175.41	100.00
 672.00	 665.99	 5.3234	34.3527	27.1308	 0.27	 11.79	0.041	  175.40	100.00
 673.00	 666.98	 5.3188	34.3523	27.1310	 0.27	 11.80	0.040	  175.33	100.00
 674.00	 667.97	 5.3117	34.3518	27.1315	 0.27	 11.85	0.040	  175.34	100.00
 675.00	 668.96	 5.3031	34.3528	27.1333	 0.27	 11.82	0.040	  175.33	100.00
 676.00	 669.95	 5.3023	34.3538	27.1343	 0.27	 11.82	0.040	  175.35	100.00
 677.00	 670.94	 5.3026	34.3543	27.1346	 0.27	 11.82	0.040	  175.40	100.00
 678.00	 671.93	 5.3021	34.3542	27.1346	 0.27	 11.76	0.040	  175.34	100.00
 679.00	 672.92	 5.2835	34.3522	27.1352	 0.27	 11.74	0.041	  175.46	 75.29
 680.00	 673.91	 5.2800	34.3540	27.1370	 0.27	 11.83	0.041	  175.38	 99.68
 681.00	 674.90	 5.2865	34.3564	27.1382	 0.27	 11.88	0.040	  175.33	100.00
 682.00	 675.89	 5.2837	34.3571	27.1391	 0.27	 11.87	0.040	  175.30	100.00
 683.00	 676.88	 5.2723	34.3574	27.1407	 0.27	 11.82	0.041	  175.33	100.00
 684.00	 677.87	 5.2652	34.3579	27.1420	 0.27	 11.81	0.041	  175.31	100.00
 685.00	 678.86	 5.2587	34.3588	27.1434	 0.27	 11.86	0.041	  175.31	100.00
 686.00	 679.84	 5.2514	34.3592	27.1446	 0.27	 11.88	0.040	  175.24	100.00
 687.00	 680.83	 5.2449	34.3604	27.1463	 0.27	 11.89	0.040	  175.32	100.00
 688.00	 681.82	 5.2426	34.3602	27.1464	 0.27	 11.91	0.040	  175.28	100.00
 689.00	 682.81	 5.2377	34.3603	27.1471	 0.27	 11.84	0.040	  175.28	100.00
 690.00	 683.80	 5.2307	34.3599	27.1476	 0.27	 11.83	0.040	  175.25	100.00
 691.00	 684.79	 5.2227	34.3607	27.1491	 0.27	 11.87	0.040	  175.24	100.00
 692.00	 685.78	 5.2190	34.3613	27.1501	 0.27	 11.87	0.040	  175.22	100.00
 693.00	 686.77	 5.2159	34.3621	27.1511	 0.27	 11.88	0.040	  175.24	100.00
 694.00	 687.76	 5.2148	34.3624	27.1515	 0.27	 11.88	0.041	  175.27	100.00
 695.00	 688.75	 5.2142	34.3627	27.1517	 0.27	 11.88	0.041	  175.22	100.00
 696.00	 689.74	 5.2118	34.3629	27.1522	 0.27	 11.88	0.040	  175.21	100.00
 697.00	 690.73	 5.2088	34.3632	27.1528	 0.27	 11.88	0.040	  175.18	100.00
 698.00	 691.72	 5.2079	34.3632	27.1529	 0.27	 11.89	0.040	  175.18	100.00
 699.00	 692.71	 5.2046	34.3628	27.1530	 0.27	 11.89	0.042	  175.21	100.00
 700.00	 693.70	 5.1977	34.3629	27.1539	 0.27	 11.83	0.042	  175.14	100.00
 701.00	 694.68	 5.1898	34.3628	27.1547	 0.27	 11.84	0.041	  175.16	100.00
 702.00	 695.67	 5.1814	34.3628	27.1557	 0.27	 11.94	0.040	  175.20	100.00
 703.00	 696.66	 5.1738	34.3627	27.1565	 0.27	 11.90	0.040	  175.21	100.00
 704.00	 697.65	 5.1714	34.3625	27.1567	 0.27	 11.79	0.041	  175.18	100.00
 705.00	 698.64	 5.1706	34.3624	27.1567	 0.27	 11.62	0.042	  175.14	100.00
 706.00	 699.63	 5.1627	34.3621	27.1574	 0.26	 11.51	0.042	  175.11	100.00
 707.00	 700.62	 5.1523	34.3625	27.1589	 0.27	 11.74	0.042	  175.09	100.00
 708.00	 701.61	 5.1465	34.3626	27.1597	 0.27	 11.93	0.042	  175.19	100.00
 709.00	 702.60	 5.1443	34.3626	27.1600	 0.27	 11.82	0.041	  175.11	100.00
 710.00	 703.59	 5.1332	34.3627	27.1613	 0.27	 11.59	0.040	  175.10	100.00
 711.00	 704.58	 5.1258	34.3627	27.1622	 0.27	 11.62	0.042	  175.06	100.00
 712.00	 705.57	 5.1195	34.3633	27.1634	 0.27	 11.76	0.042	  175.10	100.00
 713.00	 706.56	 5.1141	34.3638	27.1644	 0.27	 11.84	0.040	  175.14	100.00
 714.00	 707.55	 5.1119	34.3642	27.1650	 0.28	 12.11	0.041	  175.12	100.00
 715.00	 708.54	 5.1090	34.3644	27.1655	 0.27	 11.93	0.042	  175.13	100.00
 716.00	 709.52	 5.1054	34.3653	27.1666	 0.26	 11.41	0.042	  175.11	100.00
 717.00	 710.51	 5.1011	34.3660	27.1677	 0.27	 11.54	0.041	  175.18	100.00
 718.00	 711.50	 5.1002	34.3663	27.1681	 0.27	 11.73	0.040	  175.06	100.00
 719.00	 712.49	 5.0985	34.3673	27.1691	 0.28	 12.00	0.040	  175.09	100.00
 720.00	 713.48	 5.0984	34.3680	27.1697	 0.28	 12.01	0.040	  175.05	100.00
 721.00	 714.47	 5.0991	34.3684	27.1699	 0.27	 11.92	0.040	  175.09	100.00
 722.00	 715.46	 5.0989	34.3687	27.1701	 0.27	 11.84	0.041	  175.08	100.00
 723.00	 716.45	 5.0942	34.3693	27.1712	 0.28	 12.09	0.041	  175.00	100.00
 724.00	 717.44	 5.0759	34.3713	27.1748	 0.28	 12.03	0.042	  174.99	100.00
 725.00	 718.43	 5.0658	34.3711	27.1759	 0.28	 12.04	0.040	  175.06	100.00
 726.00	 719.42	 5.0561	34.3715	27.1773	 0.28	 12.16	0.041	  175.04	100.00
 727.00	 720.41	 5.0460	34.3721	27.1789	 0.28	 12.08	0.042	  175.00	100.00
 728.00	 721.40	 5.0356	34.3739	27.1816	 0.28	 12.04	0.041	  175.02	100.00
 729.00	 722.38	 5.0297	34.3742	27.1825	 0.28	 12.22	0.040	  175.02	100.00
 730.00	 723.37	 5.0254	34.3751	27.1837	 0.28	 12.29	0.041	  174.98	100.00
 731.00	 724.36	 5.0247	34.3749	27.1837	 0.28	 12.24	0.042	  174.99	100.00
 732.00	 725.35	 5.0161	34.3739	27.1838	 0.28	 12.23	0.042	  174.99	100.00
 733.00	 726.34	 5.0094	34.3729	27.1838	 0.27	 11.91	0.041	  174.95	100.00
 734.00	 727.33	 4.9960	34.3711	27.1840	 0.27	 11.70	0.040	  174.93	100.00
 735.00	 728.32	 4.9680	34.3690	27.1855	 0.27	 11.92	0.040	  174.98	100.00
 736.00	 729.31	 4.9601	34.3712	27.1881	 0.28	 12.00	0.040	  174.98	100.00
 737.00	 730.30	 4.9557	34.3710	27.1885	 0.28	 12.00	0.040	  174.97	100.00
 738.00	 731.29	 4.9502	34.3710	27.1891	 0.28	 12.03	0.040	  174.93	100.00
 739.00	 732.28	 4.9433	34.3713	27.1901	 0.28	 12.03	0.041	  174.96	100.00
 740.00	 733.27	 4.9421	34.3723	27.1911	 0.28	 12.03	0.041	  174.92	100.00
 741.00	 734.25	 4.9420	34.3728	27.1915	 0.28	 12.04	0.042	  174.98	100.00
 742.00	 735.24	 4.9414	34.3733	27.1919	 0.28	 12.04	0.042	  174.96	100.00
 743.00	 736.23	 4.9392	34.3728	27.1918	 0.28	 12.04	0.042	  174.95	100.00
 744.00	 737.22	 4.9284	34.3723	27.1927	 0.28	 12.05	0.041	  174.93	100.00
 745.00	 738.21	 4.9261	34.3725	27.1931	 0.28	 12.05	0.040	  174.87	100.00
 746.00	 739.20	 4.9208	34.3720	27.1933	 0.28	 12.05	0.042	  174.84	100.00
 747.00	 740.19	 4.9136	34.3714	27.1937	 0.28	 12.01	0.041	  174.90	100.00
 748.00	 741.18	 4.8943	34.3691	27.1940	 0.27	 11.80	0.041	  174.90	100.00
 749.00	 742.17	 4.8701	34.3681	27.1959	 0.27	 11.72	0.041	  174.94	100.00
 750.00	 743.16	 4.8585	34.3680	27.1971	 0.27	 11.83	0.040	  174.95	100.00
 751.00	 744.15	 4.8560	34.3682	27.1976	 0.27	 11.89	0.040	  174.82	100.00
 752.00	 745.13	 4.8565	34.3686	27.1979	 0.27	 11.94	0.041	  174.90	100.00
 753.00	 746.12	 4.8798	34.3754	27.2007	 0.28	 12.01	0.042	  174.81	100.00
 754.00	 747.11	 4.8981	34.3776	27.2004	 0.28	 12.11	0.042	  174.84	100.00
 755.00	 748.10	 4.9000	34.3782	27.2006	 0.28	 12.21	0.041	  174.88	100.00
 756.00	 749.09	 4.8967	34.3787	27.2014	 0.28	 12.29	0.040	  174.86	100.00
 757.00	 750.08	 4.8968	34.3798	27.2023	 0.28	 12.11	0.040	  174.83	100.00
 758.00	 751.07	 4.8832	34.3799	27.2039	 0.28	 12.08	0.041	  174.83	100.00
 759.00	 752.06	 4.8809	34.3803	27.2045	 0.28	 12.11	0.041	  174.88	100.00
 760.00	 753.05	 4.8803	34.3805	27.2047	 0.28	 12.10	0.041	  174.87	100.00
 761.00	 754.04	 4.8760	34.3796	27.2045	 0.28	 12.06	0.041	  174.84	100.00
 762.00	 755.03	 4.8641	34.3794	27.2057	 0.28	 12.12	0.040	  174.82	100.00
 763.00	 756.01	 4.8600	34.3802	27.2068	 0.28	 12.17	0.040	  174.79	100.00
 764.00	 757.00	 4.8616	34.3811	27.2074	 0.28	 12.35	0.040	  174.88	100.00
 765.00	 757.99	 4.8639	34.3818	27.2077	 0.29	 12.63	0.040	  174.82	100.00
 766.00	 758.98	 4.8639	34.3818	27.2077	 0.29	 12.43	0.040	  174.76	100.00
 767.00	 759.97	 4.8636	34.3816	27.2076	 0.28	 12.18	0.040	  174.87	100.00
 768.00	 760.96	 4.8626	34.3816	27.2077	 0.27	 11.88	0.040	  174.85	100.00
 769.00	 761.95	 4.8527	34.3805	27.2079	 0.27	 11.89	0.040	  174.78	100.00
 770.00	 762.94	 4.8376	34.3808	27.2099	 0.28	 12.18	0.040	  174.75	100.00
 771.00	 763.93	 4.8352	34.3811	27.2104	 0.29	 12.41	0.041	  174.70	100.00
 772.00	 764.92	 4.8362	34.3840	27.2125	 0.29	 12.62	0.041	  174.81	100.00
 773.00	 765.90	 4.8254	34.3843	27.2140	 0.29	 12.64	0.040	  174.71	100.00
 774.00	 766.89	 4.8000	34.3834	27.2161	 0.28	 12.30	0.040	  174.73	100.00
 775.00	 767.88	 4.7934	34.3841	27.2175	 0.27	 11.95	0.040	  174.71	100.00
 776.00	 768.87	 4.7856	34.3837	27.2180	 0.29	 12.39	0.040	  174.77	100.00
 777.00	 769.86	 4.7750	34.3840	27.2194	 0.28	 12.35	0.041	  174.78	100.00
 778.00	 770.85	 4.7707	34.3845	27.2204	 0.29	 12.40	0.041	  174.73	100.00
 779.00	 771.84	 4.7663	34.3850	27.2213	 0.29	 12.50	0.041	  174.72	100.00
 780.00	 772.83	 4.7597	34.3858	27.2226	 0.29	 12.63	0.040	  174.66	100.00
 781.00	 773.82	 4.7561	34.3861	27.2232	 0.29	 12.72	0.041	  174.64	100.00
 782.00	 774.80	 4.7537	34.3864	27.2237	 0.29	 12.53	0.042	  174.65	100.00
 783.00	 775.79	 4.7506	34.3866	27.2243	 0.28	 12.34	0.042	  174.64	100.00
 784.00	 776.78	 4.7422	34.3869	27.2255	 0.29	 12.43	0.041	  174.67	100.00
 785.00	 777.77	 4.7365	34.3875	27.2265	 0.29	 12.55	0.041	  174.68	100.00
 786.00	 778.76	 4.7339	34.3877	27.2270	 0.29	 12.70	0.041	  174.67	100.00
 787.00	 779.75	 4.7218	34.3886	27.2291	 0.29	 12.64	0.041	  174.65	100.00
 788.00	 780.74	 4.7189	34.3889	27.2297	 0.29	 12.65	0.042	  174.59	100.00
 789.00	 781.73	 4.7184	34.3890	27.2298	 0.29	 12.61	0.041	  174.63	100.00
 790.00	 782.72	 4.7123	34.3886	27.2302	 0.29	 12.61	0.040	  174.60	100.00
 791.00	 783.71	 4.7058	34.3890	27.2312	 0.29	 12.62	0.041	  174.62	100.00
 792.00	 784.69	 4.7034	34.3895	27.2319	 0.29	 12.69	0.042	  174.61	100.00
 793.00	 785.68	 4.7026	34.3914	27.2335	 0.30	 13.04	0.042	  174.57	100.00
 794.00	 786.67	 4.6935	34.3932	27.2359	 0.30	 13.22	0.041	  174.55	100.00
 795.00	 787.66	 4.6831	34.3938	27.2375	 0.30	 13.00	0.040	  174.58	100.00
 796.00	 788.65	 4.6758	34.3944	27.2388	 0.30	 13.00	0.040	  174.60	100.00
 797.00	 789.64	 4.6738	34.3947	27.2393	 0.30	 13.09	0.041	  174.60	100.00
 798.00	 790.63	 4.6714	34.3952	27.2400	 0.30	 13.20	0.041	  174.61	100.00
 799.00	 791.62	 4.6696	34.3953	27.2403	 0.30	 13.02	0.040	  174.59	100.00
 800.00	 792.61	 4.6690	34.3958	27.2408	 0.30	 12.97	0.040	  174.59	100.00
 801.00	 793.59	 4.6660	34.3964	27.2415	 0.30	 13.12	0.040	  174.57	100.00
 802.00	 794.58	 4.6657	34.3973	27.2423	 0.30	 13.08	0.040	  174.53	100.00
 803.00	 795.57	 4.6658	34.3977	27.2427	 0.30	 13.09	0.040	  174.60	 74.14
 804.00	 796.56	 4.6650	34.3977	27.2427	 0.30	 13.15	0.040	  174.62	100.43
 805.00	 797.55	 4.6634	34.3979	27.2431	 0.30	 13.10	0.040	  174.52	100.00
 806.00	 798.54	 4.6601	34.3976	27.2432	 0.30	 13.16	0.040	  174.53	100.00
 807.00	 799.53	 4.6540	34.3976	27.2439	 0.31	 13.30	0.042	  174.60	100.00
 808.00	 800.52	 4.6513	34.3976	27.2442	 0.30	 13.23	0.040	  174.52	100.00
 809.00	 801.50	 4.6470	34.3983	27.2452	 0.30	 13.06	0.041	  174.48	100.00
 810.00	 802.49	 4.6461	34.3989	27.2458	 0.30	 13.05	0.042	  174.49	100.00
 811.00	 803.48	 4.6460	34.3987	27.2457	 0.31	 13.36	0.040	  174.49	100.00
 812.00	 804.47	 4.6433	34.3990	27.2462	 0.31	 13.45	0.040	  174.49	100.00
 813.00	 805.46	 4.6405	34.3991	27.2466	 0.31	 13.34	0.040	  174.48	100.00
 814.00	 806.45	 4.6371	34.3988	27.2467	 0.31	 13.38	0.041	  174.43	100.00
 815.00	 807.44	 4.6311	34.3992	27.2478	 0.31	 13.30	0.041	  174.44	100.00
 816.00	 808.43	 4.6335	34.3998	27.2479	 0.31	 13.30	0.040	  174.37	100.00
 817.00	 809.42	 4.6304	34.3998	27.2483	 0.31	 13.38	0.041	  174.40	100.00
 818.00	 810.40	 4.6238	34.4003	27.2494	 0.31	 13.51	0.041	  174.42	100.00
 819.00	 811.39	 4.6216	34.4007	27.2500	 0.31	 13.36	0.040	  174.44	100.00
 820.00	 812.38	 4.6116	34.4004	27.2508	 0.30	 13.22	0.041	  174.42	100.00
 821.00	 813.37	 4.5955	34.4011	27.2532	 0.31	 13.56	0.040	  174.47	100.00
 822.00	 814.36	 4.5927	34.4011	27.2535	 0.32	 13.73	0.040	  174.45	100.00
 823.00	 815.35	 4.5854	34.4027	27.2556	 0.31	 13.63	0.040	  174.35	100.00
 824.00	 816.34	 4.5775	34.4036	27.2572	 0.31	 13.62	0.040	  174.38	100.00
 825.00	 817.33	 4.5747	34.4037	27.2576	 0.32	 13.89	0.040	  174.38	100.00
 826.00	 818.31	 4.5708	34.4037	27.2580	 0.32	 13.94	0.040	  174.34	100.00
 827.00	 819.30	 4.5652	34.4039	27.2588	 0.32	 13.77	0.040	  174.33	100.00
 828.00	 820.29	 4.5615	34.4043	27.2595	 0.32	 13.84	0.040	  174.36	100.00
 829.00	 821.28	 4.5599	34.4044	27.2598	 0.32	 13.78	0.041	  174.34	100.00
 830.00	 822.27	 4.5585	34.4046	27.2601	 0.31	 13.57	0.041	  174.32	100.00
 831.00	 823.26	 4.5564	34.4050	27.2606	 0.31	 13.55	0.040	  174.34	100.00
 832.00	 824.25	 4.5553	34.4053	27.2610	 0.31	 13.66	0.040	  174.27	100.00
 833.00	 825.24	 4.5553	34.4054	27.2611	 0.32	 13.81	0.040	  174.32	100.00
 834.00	 826.22	 4.5543	34.4057	27.2615	 0.32	 14.03	0.041	  174.22	100.00
 835.00	 827.21	 4.5537	34.4060	27.2618	 0.32	 13.97	0.042	  174.35	100.00
 836.00	 828.20	 4.5487	34.4063	27.2626	 0.33	 14.16	0.040	  174.26	100.00
 837.00	 829.19	 4.5433	34.4086	27.2650	 0.33	 14.30	0.040	  174.26	100.00
 838.00	 830.18	 4.5430	34.4096	27.2658	 0.33	 14.19	0.041	  174.27	100.00
 839.00	 831.17	 4.5417	34.4113	27.2673	 0.33	 14.24	0.041	  174.28	100.00
 840.00	 832.16	 4.5376	34.4115	27.2679	 0.33	 14.38	0.040	  174.27	100.00
 841.00	 833.14	 4.5347	34.4115	27.2682	 0.33	 14.34	0.040	  174.19	100.00
 842.00	 834.13	 4.5306	34.4112	27.2685	 0.33	 14.34	0.040	  174.23	100.00
 843.00	 835.12	 4.5279	34.4113	27.2689	 0.33	 14.32	0.042	  174.22	100.00
 844.00	 836.11	 4.5240	34.4110	27.2691	 0.33	 14.13	0.042	  174.24	100.00
 845.00	 837.10	 4.5166	34.4108	27.2697	 0.33	 14.15	0.041	  174.22	100.00
 846.00	 838.09	 4.5117	34.4110	27.2704	 0.33	 14.27	0.041	  174.23	100.00
 847.00	 839.08	 4.5042	34.4113	27.2714	 0.33	 14.35	0.041	  174.21	100.00
 848.00	 840.07	 4.4963	34.4119	27.2728	 0.33	 14.33	0.040	  174.20	100.00
 849.00	 841.05	 4.4940	34.4122	27.2733	 0.33	 14.28	0.040	  174.25	100.00
 850.00	 842.04	 4.4939	34.4123	27.2734	 0.33	 14.46	0.042	  174.17	100.00
 851.00	 843.03	 4.4937	34.4126	27.2736	 0.34	 14.59	0.041	  174.22	100.00
 852.00	 844.02	 4.4921	34.4128	27.2740	 0.33	 14.54	0.040	  174.19	100.00
 853.00	 845.01	 4.4908	34.4129	27.2742	 0.33	 14.46	0.040	  174.14	100.00
 854.00	 846.00	 4.4901	34.4130	27.2744	 0.33	 14.51	0.042	  174.16	100.00
 855.00	 846.99	 4.4896	34.4131	27.2745	 0.33	 14.49	0.041	  174.10	100.00
