wcoa21_data_management/01_CRUISE_METADATA/00_OCADS_data/CTD_downcasts/WCOA_2021_CTD_downcasts/dRB2102_CTD_038_01_F.txt
* Sea-Bird SBE 9 Data:
* Software Version Seasave V 7.26.7.107
* Vessel: NOAA Ship Ronald H. Brown
* Cruise: RB2102, West Coast Ocean Acidification (WCOA) 2021
* Dates: 20210622 to 20210723
* Region: NE Pacific, USA West Coast
* Ports: San Diego, CA to Port Angeles, WA to San Diego, CA
* Chief Scientists: R. Feely, NOAA PMEL; D. Greeley, NOAA PMEL; B. Carter, NOAA PMEL / UW CICOES
*END*
[from data line 427]
 430.00	 425.98	 5.7766	34.0375	26.8244	 1.25	 54.37	0.040	  168.32	 99.90
 431.00	 426.97	 5.7690	34.0376	26.8254	 1.25	 54.38	0.041	  168.38	 99.90
 432.00	 427.96	 5.7653	34.0379	26.8261	 1.25	 54.25	0.041	  168.35	 99.90
 433.00	 428.95	 5.7631	34.0379	26.8264	 1.25	 54.23	0.041	  168.34	 99.91
 434.00	 429.94	 5.7612	34.0384	26.8270	 1.25	 54.16	0.041	  168.38	 99.91
 435.00	 430.93	 5.7603	34.0382	26.8270	 1.24	 54.01	0.041	  168.34	 99.91
 436.00	 431.92	 5.7566	34.0380	26.8273	 1.24	 53.94	0.041	  168.26	 99.92
 437.00	 432.91	 5.7533	34.0384	26.8280	 1.24	 53.86	0.041	  168.31	 99.91
 438.00	 433.90	 5.7508	34.0390	26.8288	 1.24	 53.80	0.040	  168.30	 99.91
 439.00	 434.89	 5.7500	34.0392	26.8290	 1.23	 53.56	0.041	  168.27	 99.91
 440.00	 435.88	 5.7485	34.0401	26.8300	 1.22	 53.23	0.041	  168.23	 99.92
 441.00	 436.87	 5.7443	34.0406	26.8309	 1.21	 52.64	0.040	  168.24	 99.92
 442.00	 437.86	 5.7525	34.0479	26.8357	 1.20	 52.25	0.041	  168.28	 99.92
 443.00	 438.85	 5.7516	34.0482	26.8360	 1.19	 51.95	0.041	  168.27	 99.92
 444.00	 439.84	 5.7506	34.0496	26.8373	 1.19	 51.72	0.040	  168.36	 99.91
 445.00	 440.83	 5.7490	34.0501	26.8379	 1.18	 51.48	0.040	  168.30	 99.91
 446.00	 441.82	 5.7372	34.0517	26.8406	 1.18	 51.29	0.041	  168.27	 99.92
 447.00	 442.81	 5.7348	34.0527	26.8417	 1.17	 50.93	0.041	  168.33	 99.92
 448.00	 443.80	 5.7387	34.0556	26.8435	 1.16	 50.44	0.040	  168.28	 99.93
 449.00	 444.79	 5.7509	34.0575	26.8435	 1.15	 50.20	0.041	  168.31	 99.93
 450.00	 445.78	 5.7583	34.0602	26.8447	 1.15	 50.09	0.040	  168.27	 99.93
 451.00	 446.76	 5.7596	34.0597	26.8443	 1.15	 49.86	0.040	  168.26	 99.93
 452.00	 447.75	 5.7609	34.0593	26.8438	 1.14	 49.50	0.040	  168.29	 99.93
 453.00	 448.74	 5.7603	34.0607	26.8450	 1.13	 49.21	0.042	  168.29	 99.93
 454.00	 449.73	 5.7659	34.0658	26.8483	 1.12	 48.93	0.041	  168.27	 99.93
 455.00	 450.72	 5.7661	34.0656	26.8481	 1.12	 48.68	0.041	  168.27	 99.93
 456.00	 451.71	 5.7680	34.0673	26.8493	 1.11	 48.34	0.041	  168.27	 99.93
 457.00	 452.70	 5.7717	34.0693	26.8504	 1.10	 47.90	0.040	  168.26	 99.93
 458.00	 453.69	 5.7758	34.0726	26.8525	 1.09	 47.42	0.040	  168.23	 99.93
 459.00	 454.68	 5.7776	34.0745	26.8538	 1.08	 47.14	0.041	  168.23	 99.93
 460.00	 455.67	 5.7801	34.0758	26.8545	 1.08	 47.07	0.041	  168.22	 99.93
 461.00	 456.66	 5.7792	34.0767	26.8554	 1.08	 46.89	0.040	  168.22	 99.93
 462.00	 457.65	 5.7815	34.0783	26.8564	 1.07	 46.73	0.040	  168.20	 99.93
 463.00	 458.64	 5.7777	34.0791	26.8575	 1.07	 46.66	0.041	  168.27	 99.93
 464.00	 459.63	 5.7681	34.0790	26.8586	 1.07	 46.51	0.041	  168.27	 99.93
 465.00	 460.62	 5.7527	34.0793	26.8607	 1.07	 46.48	0.040	  168.26	 99.93
 466.00	 461.61	 5.7448	34.0793	26.8617	 1.07	 46.36	0.040	  168.26	 99.93
 467.00	 462.60	 5.7392	34.0793	26.8624	 1.06	 46.16	0.040	  168.27	 99.93
 468.00	 463.59	 5.7350	34.0793	26.8629	 1.06	 46.03	0.041	  168.25	 99.93
 469.00	 464.58	 5.7226	34.0790	26.8642	 1.06	 45.98	0.041	  168.27	 99.93
 470.00	 465.56	 5.7006	34.0782	26.8663	 1.06	 45.90	0.041	  168.25	 99.93
 471.00	 466.55	 5.6890	34.0777	26.8673	 1.05	 45.67	0.041	  168.18	 99.94
 472.00	 467.54	 5.6839	34.0798	26.8696	 1.04	 45.31	0.040	  168.26	 99.94
 473.00	 468.53	 5.6908	34.0837	26.8718	 1.04	 45.19	0.041	  168.26	 99.94
 474.00	 469.52	 5.6734	34.0806	26.8715	 1.04	 45.33	0.041	  168.21	 99.94
 475.00	 470.51	 5.6315	34.0762	26.8731	 1.04	 45.44	0.040	  168.26	 99.94
 476.00	 471.50	 5.6096	34.0745	26.8744	 1.04	 45.44	0.040	  168.27	 99.94
 477.00	 472.49	 5.5964	34.0744	26.8759	 1.05	 45.46	0.040	  168.28	 99.94
 478.00	 473.48	 5.5902	34.0736	26.8761	 1.05	 45.45	0.041	  168.25	 99.94
 479.00	 474.47	 5.5816	34.0736	26.8771	 1.04	 45.37	0.041	  168.23	 99.94
 480.00	 475.46	 5.5775	34.0745	26.8783	 1.04	 45.29	0.041	  168.28	 99.94
 481.00	 476.45	 5.5762	34.0752	26.8790	 1.04	 45.24	0.041	  168.27	 99.94
 482.00	 477.44	 5.5718	34.0745	26.8791	 1.04	 45.17	0.041	  168.26	 99.94
 483.00	 478.43	 5.5661	34.0750	26.8802	 1.04	 45.03	0.040	  168.23	 99.94
 484.00	 479.42	 5.5630	34.0750	26.8805	 1.03	 44.95	0.041	  168.19	 99.94
 485.00	 480.41	 5.5525	34.0737	26.8808	 1.03	 44.88	0.040	  168.29	 99.94
 486.00	 481.40	 5.5401	34.0746	26.8830	 1.03	 44.73	0.040	  168.30	 99.94
 487.00	 482.38	 5.5366	34.0762	26.8847	 1.03	 44.60	0.040	  168.31	 99.94
 488.00	 483.37	 5.5367	34.0768	26.8852	 1.02	 44.39	0.041	  168.27	 99.94
 489.00	 484.36	 5.5364	34.0775	26.8857	 1.01	 43.97	0.041	  168.15	 99.94
 490.00	 485.35	 5.5276	34.0792	26.8882	 1.00	 43.66	0.040	  168.18	 99.94
 491.00	 486.34	 5.5073	34.0813	26.8923	 1.00	 43.46	0.040	  168.18	 99.94
 492.00	 487.33	 5.5002	34.0812	26.8930	 0.99	 43.00	0.040	  168.19	 99.94
 493.00	 488.32	 5.4967	34.0846	26.8961	 0.98	 42.48	0.042	  168.19	 99.94
 494.00	 489.31	 5.5132	34.0904	26.8987	 0.97	 42.00	0.040	  168.19	 99.94
 495.00	 490.30	 5.5213	34.0927	26.8997	 0.95	 41.51	0.040	  168.26	 99.94
 496.00	 491.29	 5.5212	34.0939	26.9006	 0.95	 41.21	0.040	  168.18	 99.95
 497.00	 492.28	 5.5208	34.0947	26.9013	 0.94	 41.07	0.041	  168.25	 99.95
 498.00	 493.27	 5.5204	34.0954	26.9019	 0.94	 40.93	0.040	  168.18	 99.95
 499.00	 494.26	 5.5196	34.0956	26.9021	 0.94	 40.75	0.040	  168.20	 99.95
 500.00	 495.25	 5.5171	34.0958	26.9026	 0.93	 40.52	0.040	  168.20	 99.95
 501.00	 496.24	 5.5144	34.0967	26.9037	 0.92	 40.19	0.040	  168.24	 99.95
 502.00	 497.22	 5.5078	34.0982	26.9057	 0.92	 39.95	0.040	  168.24	 99.95
 503.00	 498.21	 5.5027	34.0998	26.9075	 0.91	 39.79	0.040	  168.25	 99.95
 504.00	 499.20	 5.4974	34.1011	26.9092	 0.91	 39.57	0.040	  168.22	 99.95
 505.00	 500.19	 5.4950	34.1017	26.9100	 0.91	 39.46	0.040	  168.26	 99.95
 506.00	 501.18	 5.4923	34.1022	26.9108	 0.90	 39.27	0.040	  168.19	 99.95
 507.00	 502.17	 5.4862	34.1029	26.9120	 0.90	 39.10	0.041	  168.16	 99.95
 508.00	 503.16	 5.4830	34.1039	26.9132	 0.90	 38.95	0.040	  168.17	 99.95
 509.00	 504.15	 5.4763	34.1030	26.9133	 0.89	 38.78	0.041	  168.13	 99.95
 510.00	 505.14	 5.4543	34.1053	26.9178	 0.89	 38.66	0.040	  168.14	 99.95
 511.00	 506.13	 5.4475	34.1049	26.9182	 0.89	 38.58	0.040	  168.20	 99.95
 512.00	 507.12	 5.4283	34.1039	26.9197	 0.88	 38.47	0.041	  168.18	 99.96
 513.00	 508.11	 5.4215	34.1055	26.9218	 0.88	 38.23	0.041	  168.16	 99.96
 514.00	 509.10	 5.4214	34.1062	26.9224	 0.88	 38.12	0.040	  168.16	 99.96
 515.00	 510.08	 5.4202	34.1065	26.9228	 0.87	 37.97	0.040	  168.20	 99.95
 516.00	 511.07	 5.4163	34.1068	26.9235	 0.87	 37.77	0.040	  168.21	 99.95
 517.00	 512.06	 5.4130	34.1075	26.9245	 0.86	 37.60	0.041	  168.18	 99.95
 518.00	 513.05	 5.4018	34.1078	26.9260	 0.86	 37.38	0.041	  168.18	 99.96
 519.00	 514.04	 5.3862	34.1099	26.9295	 0.85	 37.13	0.041	  168.23	 99.96
 520.00	 515.03	 5.3754	34.1111	26.9317	 0.85	 36.93	0.041	  168.22	 99.96
 521.00	 516.02	 5.3706	34.1116	26.9327	 0.85	 36.78	0.040	  168.22	 99.96
 522.00	 517.01	 5.3679	34.1119	26.9333	 0.84	 36.65	0.040	  168.24	 99.97
 523.00	 518.00	 5.3667	34.1121	26.9336	 0.84	 36.65	0.041	  168.24	 99.97
 524.00	 518.99	 5.3640	34.1123	26.9341	 0.84	 36.62	0.040	  168.21	 99.97
 525.00	 519.98	 5.3616	34.1125	26.9346	 0.84	 36.61	0.040	  168.22	 99.97
 526.00	 520.97	 5.3592	34.1127	26.9350	 0.84	 36.50	0.041	  168.25	 99.97
 527.00	 521.96	 5.3548	34.1134	26.9361	 0.84	 36.44	0.041	  168.18	 99.97
 528.00	 522.94	 5.3528	34.1138	26.9366	 0.83	 36.24	0.041	  168.13	 99.97
 529.00	 523.93	 5.3501	34.1142	26.9373	 0.83	 36.14	0.040	  168.15	 99.97
 530.00	 524.92	 5.3475	34.1144	26.9377	 0.83	 36.06	0.040	  168.15	 99.96
 531.00	 525.91	 5.3446	34.1148	26.9384	 0.83	 35.93	0.040	  168.13	 99.97
 532.00	 526.90	 5.3422	34.1146	26.9386	 0.82	 35.83	0.040	  168.13	 99.97
 533.00	 527.89	 5.3335	34.1151	26.9400	 0.82	 35.75	0.040	  168.13	 99.97
 534.00	 528.88	 5.3268	34.1153	26.9409	 0.82	 35.62	0.040	  168.13	 99.97
 535.00	 529.87	 5.3102	34.1157	26.9432	 0.82	 35.48	0.041	  168.13	 99.97
 536.00	 530.86	 5.2994	34.1164	26.9450	 0.81	 35.34	0.040	  168.13	 99.97
 537.00	 531.85	 5.2947	34.1168	26.9460	 0.81	 35.20	0.040	  168.12	 99.97
 538.00	 532.84	 5.2929	34.1172	26.9464	 0.81	 35.09	0.040	  168.11	 99.98
 539.00	 533.83	 5.2883	34.1175	26.9473	 0.81	 35.02	0.040	  168.16	 99.98
 540.00	 534.81	 5.2780	34.1169	26.9480	 0.80	 34.95	0.040	  168.22	 99.98
 541.00	 535.80	 5.2713	34.1178	26.9495	 0.80	 34.82	0.040	  168.12	 99.98
 542.00	 536.79	 5.2694	34.1182	26.9500	 0.80	 34.75	0.040	  168.22	 99.98
 543.00	 537.78	 5.2676	34.1186	26.9506	 0.80	 34.68	0.040	  168.12	 99.98
 544.00	 538.77	 5.2690	34.1198	26.9513	 0.79	 34.49	0.040	  168.11	 99.98
 545.00	 539.76	 5.2736	34.1231	26.9534	 0.78	 34.08	0.041	  168.12	 99.98
 546.00	 540.75	 5.2793	34.1264	26.9555	 0.78	 33.82	0.041	  168.21	 99.98
 547.00	 541.74	 5.2809	34.1274	26.9561	 0.77	 33.58	0.041	  168.13	 99.98
 548.00	 542.73	 5.2803	34.1280	26.9566	 0.77	 33.54	0.041	  168.13	 99.98
 549.00	 543.72	 5.2789	34.1282	26.9569	 0.77	 33.52	0.042	  168.11	 99.98
 550.00	 544.71	 5.2775	34.1281	26.9570	 0.77	 33.40	0.041	  168.12	 99.98
 551.00	 545.69	 5.2713	34.1282	26.9579	 0.76	 33.22	0.041	  168.08	 99.98
 552.00	 546.68	 5.2602	34.1285	26.9594	 0.76	 33.18	0.041	  168.06	 99.98
 553.00	 547.67	 5.2538	34.1287	26.9603	 0.76	 33.17	0.040	  168.10	 99.98
 554.00	 548.66	 5.2526	34.1292	26.9609	 0.76	 33.03	0.040	  168.06	 99.98
 555.00	 549.65	 5.2526	34.1295	26.9611	 0.76	 33.04	0.040	  168.06	 99.98
 556.00	 550.64	 5.2527	34.1295	26.9611	 0.76	 33.00	0.040	  168.10	 99.98
 557.00	 551.63	 5.2525	34.1298	26.9614	 0.76	 32.95	0.040	  168.05	 99.98
 558.00	 552.62	 5.2517	34.1297	26.9614	 0.76	 32.91	0.041	  167.98	 99.98
 559.00	 553.61	 5.2476	34.1300	26.9621	 0.76	 32.85	0.040	  167.93	 99.98
 560.00	 554.60	 5.2462	34.1300	26.9623	 0.76	 32.92	0.041	  168.04	 99.98
 561.00	 555.58	 5.2416	34.1299	26.9627	 0.76	 32.93	0.042	  168.04	 99.98
 562.00	 556.57	 5.2346	34.1300	26.9637	 0.76	 32.89	0.042	  168.02	 99.98
 563.00	 557.56	 5.2286	34.1296	26.9641	 0.75	 32.79	0.042	  168.04	 99.98
 564.00	 558.55	 5.2226	34.1296	26.9648	 0.75	 32.72	0.040	  168.05	 99.98
 565.00	 559.54	 5.2151	34.1295	26.9655	 0.75	 32.71	0.040	  168.04	 99.98
 566.00	 560.53	 5.2120	34.1298	26.9662	 0.75	 32.59	0.041	  168.05	 99.98
 567.00	 561.52	 5.2111	34.1299	26.9663	 0.75	 32.59	0.042	  168.05	 99.98
 568.00	 562.51	 5.2094	34.1300	26.9667	 0.75	 32.55	0.041	  168.04	 99.98
 569.00	 563.50	 5.2058	34.1300	26.9671	 0.75	 32.55	0.040	  167.99	 99.98
 570.00	 564.49	 5.2022	34.1301	26.9675	 0.75	 32.42	0.040	  167.99	 99.98
 571.00	 565.47	 5.1984	34.1301	26.9681	 0.74	 32.38	0.040	  168.00	 99.98
 572.00	 566.46	 5.1942	34.1301	26.9685	 0.74	 32.34	0.040	  167.99	 99.98
 573.00	 567.45	 5.1876	34.1296	26.9689	 0.74	 32.23	0.040	  168.00	 99.98
 574.00	 568.44	 5.1640	34.1278	26.9702	 0.74	 32.20	0.040	  168.00	 99.98
 575.00	 569.43	 5.1312	34.1280	26.9741	 0.74	 32.20	0.041	  168.03	 99.98
 576.00	 570.42	 5.1281	34.1276	26.9742	 0.74	 32.19	0.041	  168.00	 99.98
 577.00	 571.41	 5.1216	34.1279	26.9752	 0.74	 32.02	0.041	  168.00	 99.98
 578.00	 572.40	 5.1205	34.1284	26.9757	 0.73	 31.95	0.041	  168.00	 99.98
 579.00	 573.39	 5.1200	34.1284	26.9758	 0.73	 31.80	0.040	  167.98	 99.98
 580.00	 574.38	 5.1183	34.1288	26.9763	 0.73	 31.88	0.040	  168.00	 99.98
 581.00	 575.36	 5.1142	34.1287	26.9768	 0.73	 31.76	0.040	  167.98	 99.98
 582.00	 576.35	 5.1097	34.1285	26.9770	 0.73	 31.67	0.041	  168.03	 99.98
 583.00	 577.34	 5.1039	34.1284	26.9777	 0.73	 31.60	0.040	  167.99	 99.98
 584.00	 578.33	 5.0939	34.1280	26.9785	 0.72	 31.47	0.040	  168.00	 99.98
 585.00	 579.32	 5.0782	34.1290	26.9811	 0.72	 31.33	0.040	  167.98	 99.98
 586.00	 580.31	 5.0759	34.1296	26.9819	 0.72	 31.25	0.040	  168.01	 99.98
 587.00	 581.30	 5.0754	34.1300	26.9822	 0.72	 31.11	0.041	  167.99	 99.98
 588.00	 582.29	 5.0752	34.1302	26.9824	 0.72	 31.16	0.041	  168.02	 99.98
 589.00	 583.28	 5.0749	34.1303	26.9826	 0.71	 30.99	0.040	  168.05	 99.98
 590.00	 584.26	 5.0728	34.1310	26.9834	 0.71	 30.92	0.040	  167.99	 99.98
 591.00	 585.25	 5.0715	34.1316	26.9840	 0.71	 31.03	0.041	  167.89	 99.98
 592.00	 586.24	 5.0706	34.1318	26.9843	 0.71	 30.96	0.041	  167.97	 99.98
 593.00	 587.23	 5.0690	34.1324	26.9849	 0.71	 30.73	0.040	  167.92	 99.99
 594.00	 588.22	 5.0645	34.1341	26.9868	 0.70	 30.52	0.040	  167.93	 99.98
 595.00	 589.21	 5.0627	34.1357	26.9883	 0.70	 30.30	0.040	  167.90	 99.98
 596.00	 590.20	 5.0578	34.1361	26.9892	 0.69	 30.12	0.040	  167.92	 99.98
 597.00	 591.19	 5.0549	34.1383	26.9913	 0.69	 29.84	0.040	  167.94	 99.98
 598.00	 592.17	 5.0546	34.1412	26.9936	 0.68	 29.63	0.041	  167.96	 99.99
 599.00	 593.16	 5.0548	34.1431	26.9951	 0.68	 29.41	0.041	  167.92	 99.99
 600.00	 594.15	 5.0546	34.1450	26.9967	 0.67	 29.26	0.041	  167.94	 99.99
 601.00	 595.14	 5.0520	34.1466	26.9982	 0.67	 29.10	0.041	  167.96	 99.99
 602.00	 596.13	 5.0501	34.1474	26.9991	 0.66	 28.85	0.041	  168.00	 99.99
 603.00	 597.12	 5.0474	34.1482	27.0000	 0.66	 28.70	0.041	  168.00	 99.99
 604.00	 598.11	 5.0450	34.1485	27.0005	 0.66	 28.68	0.041	  167.98	 99.99
 605.00	 599.10	 5.0395	34.1495	27.0020	 0.66	 28.58	0.040	  167.99	 99.99
 606.00	 600.09	 5.0358	34.1497	27.0026	 0.66	 28.52	0.040	  167.95	 99.99
 607.00	 601.07	 5.0263	34.1491	27.0032	 0.66	 28.50	0.040	  167.99	 99.99
 608.00	 602.06	 5.0092	34.1491	27.0052	 0.65	 28.41	0.040	  168.00	 99.99
 609.00	 603.05	 5.0001	34.1499	27.0068	 0.65	 28.32	0.040	  167.91	100.00
 610.00	 604.04	 4.9997	34.1501	27.0071	 0.65	 28.27	0.040	  167.91	100.00
 611.00	 605.03	 4.9990	34.1503	27.0072	 0.65	 28.18	0.041	  167.90	100.00
 612.00	 606.02	 4.9978	34.1505	27.0076	 0.65	 28.17	0.041	  167.95	 99.99
 613.00	 607.01	 4.9972	34.1510	27.0081	 0.65	 28.06	0.040	  167.98	 99.99
 614.00	 608.00	 4.9971	34.1510	27.0081	 0.64	 28.01	0.040	  168.02	100.00
 615.00	 608.98	 4.9969	34.1511	27.0082	 0.64	 28.04	0.041	  167.94	100.00
 616.00	 609.97	 4.9963	34.1516	27.0086	 0.64	 27.93	0.041	  167.90	100.00
 617.00	 610.96	 4.9955	34.1521	27.0091	 0.64	 27.86	0.041	  167.92	100.00
 618.00	 611.95	 4.9952	34.1523	27.0094	 0.64	 27.94	0.040	  167.99	100.00
 619.00	 612.94	 4.9938	34.1525	27.0097	 0.64	 27.88	0.040	  167.95	100.00
 620.00	 613.93	 4.9898	34.1525	27.0101	 0.64	 27.86	0.041	  167.85	100.00
 621.00	 614.92	 4.9812	34.1520	27.0108	 0.64	 27.89	0.040	  167.89	100.00
 622.00	 615.91	 4.9778	34.1517	27.0109	 0.64	 27.88	0.040	  167.90	100.00
 623.00	 616.89	 4.9663	34.1506	27.0113	 0.64	 27.79	0.041	  167.88	100.00
 624.00	 617.88	 4.9680	34.1540	27.0139	 0.64	 27.65	0.040	  167.90	100.00
 625.00	 618.87	 4.9714	34.1548	27.0141	 0.63	 27.50	0.040	  167.89	100.00
 626.00	 619.86	 4.9726	34.1559	27.0149	 0.63	 27.33	0.042	  167.87	100.00
 627.00	 620.85	 4.9645	34.1561	27.0160	 0.63	 27.21	0.042	  167.84	100.00
 628.00	 621.84	 4.9525	34.1586	27.0193	 0.62	 27.08	0.041	  167.85	100.00
 629.00	 622.83	 4.9489	34.1575	27.0188	 0.62	 27.13	0.041	  167.89	100.00
 630.00	 623.82	 4.9335	34.1561	27.0194	 0.62	 27.18	0.040	  167.93	100.00
 631.00	 624.80	 4.9281	34.1571	27.0209	 0.62	 27.10	0.041	  167.98	100.00
 632.00	 625.79	 4.9265	34.1576	27.0214	 0.62	 26.99	0.042	  167.86	100.00
 633.00	 626.78	 4.9247	34.1573	27.0214	 0.62	 26.96	0.042	  167.83	100.00
 634.00	 627.77	 4.9182	34.1576	27.0224	 0.62	 26.91	0.041	  167.85	100.00
 635.00	 628.76	 4.9145	34.1577	27.0229	 0.62	 26.86	0.040	  167.86	100.00
 636.00	 629.75	 4.9125	34.1579	27.0233	 0.62	 26.75	0.040	  167.83	100.00
 637.00	 630.74	 4.9100	34.1579	27.0236	 0.61	 26.63	0.041	  167.78	100.00
 638.00	 631.72	 4.8907	34.1593	27.0269	 0.61	 26.44	0.040	  167.84	100.00
 639.00	 632.71	 4.8785	34.1622	27.0306	 0.61	 26.32	0.041	  167.78	100.00
 640.00	 633.70	 4.8757	34.1627	27.0313	 0.60	 26.30	0.041	  167.79	100.00
 641.00	 634.69	 4.8719	34.1633	27.0322	 0.60	 26.17	0.041	  167.75	100.00
 642.00	 635.68	 4.8677	34.1638	27.0331	 0.60	 25.95	0.041	  167.85	100.00
