wcoa21_data_management/01_CRUISE_METADATA/00_OCADS_data/CTD_downcasts/WCOA_2021_CTD_downcasts/dRB2102_CTD_007_01_F.txt
* Sea-Bird SBE 9 Data:
* Software Version Seasave V 7.26.7.107
* Vessel: NOAA Ship Ronald H. Brown
* Cruise: RB2102, West Coast Ocean Acidification (WCOA) 2021
* Dates: 20210622 to 20210723
* Region: NE Pacific, USA West Coast
* Ports: San Diego, CA to Port Angeles, WA to San Diego, CA
* Chief Scientists: R. Feely, NOAA PMEL; D. Greeley, NOAA PMEL; B. Carter, NOAA PMEL / UW CICOES
*END*
[from data line 1494]
1497.00	1479.10	 2.6679	34.5104	27.5329	 0.72	 31.14	0.040	  124.18	100.00
1498.00	1480.08	 2.6669	34.5106	27.5331	 0.71	 31.04	0.040	  124.18	100.00
1499.00	1481.07	 2.6633	34.5109	27.5337	 0.72	 31.09	0.040	  124.16	100.00
1500.00	1482.05	 2.6597	34.5113	27.5344	 0.72	 31.15	0.041	  124.19	100.00
1501.00	1483.04	 2.6597	34.5112	27.5342	 0.72	 31.17	0.041	  124.14	100.00
1502.00	1484.02	 2.6588	34.5112	27.5343	 0.72	 31.30	0.040	  124.16	100.00
1503.00	1485.01	 2.6579	34.5112	27.5345	 0.72	 31.32	0.040	  124.18	100.00
1504.00	1485.99	 2.6539	34.5111	27.5347	 0.72	 31.30	0.041	  124.16	100.00
1505.00	1486.98	 2.6499	34.5109	27.5349	 0.72	 31.17	0.042	  124.22	100.00
1506.00	1487.96	 2.6451	34.5110	27.5354	 0.72	 31.13	0.041	  124.16	100.00
1507.00	1488.95	 2.6434	34.5111	27.5356	 0.72	 31.28	0.040	  124.18	100.00
1508.00	1489.93	 2.6432	34.5110	27.5356	 0.72	 31.17	0.040	  124.26	100.00
1509.00	1490.91	 2.6437	34.5109	27.5355	 0.72	 31.15	0.040	  124.22	100.00
1510.00	1491.90	 2.6418	34.5111	27.5358	 0.72	 31.30	0.040	  124.20	100.00
1511.00	1492.88	 2.6374	34.5127	27.5374	 0.73	 31.52	0.041	  124.20	100.00
1512.00	1493.87	 2.6363	34.5130	27.5378	 0.73	 31.71	0.042	  124.19	100.00
1513.00	1494.85	 2.6363	34.5137	27.5383	 0.73	 31.69	0.040	  124.11	100.00
1514.00	1495.84	 2.6353	34.5138	27.5385	 0.73	 31.83	0.040	  124.13	100.00
1515.00	1496.82	 2.6356	34.5143	27.5389	 0.74	 31.95	0.040	  124.14	100.00
1516.00	1497.81	 2.6339	34.5144	27.5391	 0.74	 31.96	0.041	  124.11	100.00
1517.00	1498.79	 2.6326	34.5144	27.5392	 0.74	 31.98	0.041	  124.09	100.00
1518.00	1499.77	 2.6317	34.5144	27.5393	 0.74	 32.12	0.041	  124.12	100.00
1519.00	1500.76	 2.6311	34.5141	27.5392	 0.74	 32.19	0.041	  124.13	100.00
1520.00	1501.74	 2.6239	34.5140	27.5396	 0.74	 32.16	0.040	  124.16	100.00
1521.00	1502.73	 2.6186	34.5145	27.5405	 0.74	 32.17	0.040	  124.09	100.00
1522.00	1503.71	 2.6132	34.5148	27.5412	 0.74	 32.19	0.040	  124.15	100.00
1523.00	1504.70	 2.6108	34.5151	27.5417	 0.74	 32.24	0.040	  124.14	100.00
1524.00	1505.68	 2.6108	34.5152	27.5417	 0.74	 32.37	0.040	  124.10	100.00
1525.00	1506.67	 2.6108	34.5156	27.5421	 0.75	 32.54	0.040	  124.15	100.00
1526.00	1507.65	 2.6107	34.5165	27.5428	 0.75	 32.52	0.040	  124.07	100.00
1527.00	1508.63	 2.6089	34.5169	27.5433	 0.75	 32.71	0.040	  124.13	100.00
1528.00	1509.62	 2.6070	34.5174	27.5438	 0.76	 32.83	0.041	  124.12	100.00
1529.00	1510.60	 2.6053	34.5176	27.5442	 0.76	 32.82	0.041	  124.11	100.00
1530.00	1511.59	 2.6040	34.5178	27.5445	 0.76	 32.98	0.040	  124.11	100.00
1531.00	1512.57	 2.6019	34.5179	27.5447	 0.76	 33.12	0.041	  124.10	100.00
1532.00	1513.56	 2.5986	34.5184	27.5454	 0.77	 33.31	0.041	  124.13	100.00
1533.00	1514.54	 2.5966	34.5186	27.5457	 0.76	 33.25	0.040	  124.14	100.00
1534.00	1515.53	 2.5919	34.5185	27.5461	 0.77	 33.34	0.040	  124.05	100.00
1535.00	1516.51	 2.5899	34.5191	27.5467	 0.77	 33.52	0.040	  124.09	100.00
1536.00	1517.49	 2.5867	34.5197	27.5475	 0.77	 33.66	0.040	  124.06	100.00
1537.00	1518.48	 2.5838	34.5203	27.5482	 0.78	 33.77	0.040	  124.05	100.00
1538.00	1519.46	 2.5828	34.5203	27.5483	 0.78	 33.86	0.040	  124.09	100.00
1539.00	1520.45	 2.5815	34.5205	27.5486	 0.78	 33.84	0.040	  124.07	100.00
1540.00	1521.43	 2.5786	34.5208	27.5491	 0.78	 33.86	0.040	  124.10	100.00
1541.00	1522.42	 2.5774	34.5211	27.5494	 0.78	 33.96	0.040	  124.06	100.00
1542.00	1523.40	 2.5771	34.5210	27.5494	 0.78	 34.07	0.040	  124.09	100.00
1543.00	1524.38	 2.5774	34.5210	27.5493	 0.78	 34.04	0.041	  124.12	100.00
1544.00	1525.37	 2.5763	34.5212	27.5496	 0.78	 34.11	0.040	  124.09	100.00
1545.00	1526.35	 2.5726	34.5215	27.5502	 0.79	 34.25	0.040	  124.15	100.00
1546.00	1527.34	 2.5697	34.5218	27.5507	 0.79	 34.31	0.040	  124.03	100.00
1547.00	1528.32	 2.5661	34.5221	27.5512	 0.79	 34.31	0.040	  124.05	100.00
1548.00	1529.31	 2.5619	34.5226	27.5520	 0.79	 34.45	0.040	  124.06	100.00
1549.00	1530.29	 2.5608	34.5228	27.5522	 0.79	 34.39	0.040	  124.06	100.00
1550.00	1531.27	 2.5603	34.5228	27.5523	 0.79	 34.51	0.040	  124.03	100.00
1551.00	1532.26	 2.5553	34.5231	27.5529	 0.80	 34.60	0.041	  124.06	100.00
1552.00	1533.24	 2.5596	34.5226	27.5522	 0.80	 34.71	0.041	  124.07	100.00
1553.00	1534.23	 2.5483	34.5237	27.5540	 0.80	 34.79	0.040	  124.05	100.00
1554.00	1535.21	 2.5444	34.5243	27.5548	 0.80	 34.86	0.040	  124.03	100.00
1555.00	1536.20	 2.5437	34.5243	27.5549	 0.81	 35.02	0.040	  123.98	100.00
1556.00	1537.18	 2.5432	34.5243	27.5550	 0.80	 34.95	0.040	  124.06	100.00
1557.00	1538.16	 2.5427	34.5245	27.5551	 0.81	 35.00	0.040	  124.09	100.00
1558.00	1539.15	 2.5413	34.5244	27.5552	 0.81	 35.08	0.040	  124.05	100.00
1559.00	1540.13	 2.5396	34.5245	27.5554	 0.81	 35.17	0.040	  124.03	100.00
1560.00	1541.12	 2.5376	34.5248	27.5558	 0.81	 35.25	0.040	  124.04	100.00
1561.00	1542.10	 2.5352	34.5254	27.5565	 0.81	 35.23	0.040	  124.06	100.00
1562.00	1543.09	 2.5366	34.5252	27.5562	 0.81	 35.35	0.041	  124.02	100.00
1563.00	1544.07	 2.5340	34.5257	27.5568	 0.82	 35.54	0.040	  124.06	100.00
1564.00	1545.05	 2.5333	34.5258	27.5570	 0.82	 35.45	0.041	  124.03	100.00
1565.00	1546.04	 2.5318	34.5259	27.5572	 0.82	 35.49	0.040	  124.01	100.00
1566.00	1547.02	 2.5303	34.5261	27.5575	 0.82	 35.50	0.040	  124.02	100.00
1567.00	1548.01	 2.5295	34.5261	27.5576	 0.82	 35.52	0.040	  124.00	100.00
1568.00	1548.99	 2.5266	34.5263	27.5580	 0.82	 35.58	0.041	  124.00	100.00
1569.00	1549.98	 2.5260	34.5264	27.5582	 0.82	 35.63	0.040	  124.08	100.00
1570.00	1550.96	 2.5254	34.5263	27.5581	 0.82	 35.72	0.040	  124.02	100.00
1571.00	1551.94	 2.5251	34.5264	27.5583	 0.82	 35.77	0.040	  123.99	100.00
1572.00	1552.93	 2.5243	34.5266	27.5584	 0.82	 35.78	0.040	  123.97	100.00
1573.00	1553.91	 2.5233	34.5264	27.5584	 0.82	 35.79	0.040	  124.02	100.00
1574.00	1554.90	 2.5181	34.5271	27.5594	 0.82	 35.81	0.040	  123.99	100.00
1575.00	1555.88	 2.5171	34.5272	27.5595	 0.82	 35.79	0.040	  124.04	100.00
1576.00	1556.87	 2.5153	34.5271	27.5597	 0.83	 35.89	0.040	  124.07	100.00
1577.00	1557.85	 2.5122	34.5277	27.5604	 0.83	 36.02	0.040	  124.00	100.00
1578.00	1558.83	 2.5106	34.5279	27.5607	 0.83	 36.13	0.040	  124.00	100.00
1579.00	1559.82	 2.5096	34.5279	27.5608	 0.83	 36.12	0.040	  124.02	100.00
1580.00	1560.80	 2.5066	34.5284	27.5614	 0.83	 36.21	0.041	  123.97	100.00
1581.00	1561.79	 2.5058	34.5286	27.5616	 0.84	 36.38	0.040	  123.97	100.00
1582.00	1562.77	 2.5046	34.5286	27.5618	 0.84	 36.40	0.040	  124.00	100.00
1583.00	1563.75	 2.5008	34.5290	27.5624	 0.84	 36.38	0.040	  123.94	100.00
1584.00	1564.74	 2.4995	34.5292	27.5626	 0.84	 36.48	0.040	  124.02	100.00
1585.00	1565.72	 2.4993	34.5292	27.5627	 0.84	 36.51	0.040	  123.97	100.00
1586.00	1566.71	 2.4975	34.5294	27.5630	 0.84	 36.58	0.040	  123.93	100.00
1587.00	1567.69	 2.4967	34.5296	27.5632	 0.84	 36.60	0.040	  123.91	100.00
1588.00	1568.67	 2.4956	34.5295	27.5633	 0.84	 36.67	0.040	  123.96	100.00
1589.00	1569.66	 2.4928	34.5300	27.5639	 0.84	 36.69	0.040	  123.97	100.00
1590.00	1570.64	 2.4921	34.5301	27.5641	 0.85	 36.76	0.041	  123.97	100.00
1591.00	1571.63	 2.4919	34.5301	27.5641	 0.85	 36.89	0.042	  123.94	100.00
1592.00	1572.61	 2.4900	34.5303	27.5644	 0.85	 36.96	0.041	  123.93	100.00
1593.00	1573.60	 2.4883	34.5306	27.5648	 0.85	 36.96	0.040	  123.94	100.00
1594.00	1574.58	 2.4876	34.5306	27.5649	 0.85	 36.98	0.040	  123.90	100.00
1595.00	1575.56	 2.4827	34.5311	27.5656	 0.85	 37.10	0.040	  123.86	100.00
1596.00	1576.55	 2.4809	34.5315	27.5662	 0.86	 37.25	0.040	  123.90	100.00
1597.00	1577.53	 2.4803	34.5315	27.5662	 0.86	 37.20	0.040	  123.95	100.00
1598.00	1578.52	 2.4787	34.5315	27.5664	 0.86	 37.28	0.040	  123.88	100.00
1599.00	1579.50	 2.4740	34.5318	27.5670	 0.86	 37.27	0.040	  123.95	100.00
1600.00	1580.48	 2.4749	34.5319	27.5670	 0.86	 37.42	0.041	  123.86	100.00
1601.00	1581.47	 2.4730	34.5322	27.5674	 0.86	 37.50	0.040	  123.95	100.00
1602.00	1582.45	 2.4729	34.5321	27.5673	 0.86	 37.53	0.041	  123.93	100.00
1603.00	1583.44	 2.4728	34.5322	27.5674	 0.86	 37.53	0.041	  123.81	100.00
1604.00	1584.42	 2.4725	34.5323	27.5675	 0.86	 37.47	0.040	  123.88	100.00
1605.00	1585.40	 2.4723	34.5322	27.5675	 0.86	 37.56	0.040	  123.97	100.00
1606.00	1586.39	 2.4710	34.5326	27.5679	 0.86	 37.56	0.040	  123.82	100.00
1607.00	1587.37	 2.4698	34.5326	27.5680	 0.86	 37.58	0.040	  123.86	100.00
1608.00	1588.36	 2.4687	34.5328	27.5682	 0.87	 37.68	0.041	  123.81	100.00
1609.00	1589.34	 2.4681	34.5330	27.5685	 0.87	 37.77	0.041	  123.84	100.00
1610.00	1590.32	 2.4667	34.5330	27.5686	 0.87	 37.78	0.040	  123.82	100.00
1611.00	1591.31	 2.4660	34.5331	27.5687	 0.87	 37.84	0.041	  123.84	100.00
1612.00	1592.29	 2.4627	34.5335	27.5693	 0.87	 37.88	0.042	  123.85	100.00
1613.00	1593.28	 2.4614	34.5335	27.5695	 0.87	 37.87	0.041	  123.78	100.00
1614.00	1594.26	 2.4580	34.5336	27.5699	 0.87	 37.90	0.040	  123.76	100.00
1615.00	1595.24	 2.4550	34.5341	27.5705	 0.87	 37.93	0.042	  123.84	100.00
1616.00	1596.23	 2.4536	34.5343	27.5708	 0.88	 38.09	0.041	  123.83	100.00
1617.00	1597.21	 2.4524	34.5345	27.5710	 0.88	 38.24	0.040	  123.80	100.00
1618.00	1598.20	 2.4514	34.5345	27.5711	 0.88	 38.15	0.041	  123.83	100.00
1619.00	1599.18	 2.4513	34.5346	27.5712	 0.88	 38.26	0.040	  123.80	100.00
1620.00	1600.16	 2.4502	34.5347	27.5714	 0.88	 38.42	0.040	  123.83	100.00
1621.00	1601.15	 2.4472	34.5350	27.5719	 0.88	 38.41	0.040	  123.82	100.00
1622.00	1602.13	 2.4451	34.5353	27.5723	 0.88	 38.43	0.040	  123.85	100.00
1623.00	1603.12	 2.4435	34.5353	27.5725	 0.88	 38.42	0.041	  123.85	100.00
1624.00	1604.10	 2.4389	34.5351	27.5726	 0.88	 38.43	0.042	  123.84	100.00
1625.00	1605.08	 2.4315	34.5348	27.5730	 0.88	 38.42	0.041	  123.81	100.00
1626.00	1606.07	 2.4311	34.5348	27.5731	 0.88	 38.43	0.040	  123.76	100.00
1627.00	1607.05	 2.4292	34.5344	27.5729	 0.88	 38.41	0.040	  123.88	100.00
1628.00	1608.04	 2.4281	34.5343	27.5729	 0.88	 38.28	0.040	  123.83	100.00
1629.00	1609.02	 2.4276	34.5342	27.5729	 0.88	 38.16	0.040	  123.82	100.00
1630.00	1610.00	 2.4220	34.5340	27.5732	 0.88	 38.17	0.040	  123.79	100.00
1631.00	1610.99	 2.4205	34.5340	27.5733	 0.87	 38.01	0.040	  123.82	100.00
1632.00	1611.97	 2.4168	34.5337	27.5734	 0.87	 37.88	0.040	  123.80	100.00
1633.00	1612.96	 2.4119	34.5339	27.5740	 0.88	 38.03	0.041	  123.79	100.00
1634.00	1613.94	 2.4108	34.5338	27.5740	 0.87	 38.03	0.041	  123.79	100.00
1635.00	1614.92	 2.4106	34.5339	27.5741	 0.87	 38.01	0.041	  123.79	100.00
1636.00	1615.91	 2.4107	34.5340	27.5742	 0.87	 37.99	0.041	  123.84	100.00
1637.00	1616.89	 2.4112	34.5342	27.5743	 0.87	 38.01	0.040	  123.80	100.00
1638.00	1617.88	 2.4116	34.5343	27.5743	 0.88	 38.07	0.040	  123.80	100.00
1639.00	1618.86	 2.4119	34.5344	27.5744	 0.87	 38.02	0.040	  123.83	100.00
1640.00	1619.84	 2.4114	34.5341	27.5742	 0.88	 38.03	0.040	  123.77	100.00
1641.00	1620.83	 2.4115	34.5341	27.5742	 0.88	 38.06	0.040	  123.82	 75.42
1642.00	1621.81	 2.4117	34.5341	27.5742	 0.88	 38.05	0.040	  123.80	 98.09
1643.00	1622.79	 2.4127	34.5345	27.5744	 0.88	 38.13	0.040	  123.85	100.00
1644.00	1623.78	 2.4144	34.5355	27.5751	 0.88	 38.31	0.040	  123.82	100.00
1645.00	1624.76	 2.4148	34.5360	27.5755	 0.89	 38.55	0.040	  123.74	100.00
1646.00	1625.75	 2.4145	34.5364	27.5759	 0.89	 38.69	0.040	  123.82	100.00
1647.00	1626.73	 2.4094	34.5376	27.5773	 0.89	 38.76	0.040	  123.81	100.00
1648.00	1627.71	 2.4043	34.5379	27.5779	 0.89	 38.86	0.040	  123.83	100.00
1649.00	1628.70	 2.4027	34.5380	27.5781	 0.90	 39.08	0.040	  123.79	100.00
1650.00	1629.68	 2.3946	34.5375	27.5784	 0.90	 39.22	0.040	  123.78	100.00
1651.00	1630.67	 2.3912	34.5374	27.5786	 0.90	 39.18	0.040	  123.78	100.00
1652.00	1631.65	 2.3899	34.5373	27.5786	 0.90	 39.17	0.040	  123.79	100.00
1653.00	1632.63	 2.3861	34.5375	27.5791	 0.90	 39.18	0.040	  123.80	100.00
1654.00	1633.62	 2.3826	34.5378	27.5796	 0.90	 39.21	0.040	  123.80	100.00
1655.00	1634.60	 2.3837	34.5385	27.5801	 0.90	 39.33	0.040	  123.76	100.00
1656.00	1635.58	 2.3843	34.5387	27.5802	 0.91	 39.45	0.040	  123.80	100.00
1657.00	1636.57	 2.3836	34.5387	27.5803	 0.91	 39.50	0.040	  123.74	100.00
1658.00	1637.55	 2.3822	34.5389	27.5805	 0.91	 39.52	0.040	  123.79	100.00
1659.00	1638.54	 2.3825	34.5391	27.5807	 0.91	 39.55	0.040	  123.77	100.00
1660.00	1639.52	 2.3829	34.5393	27.5808	 0.91	 39.67	0.040	  123.76	100.00
1661.00	1640.50	 2.3819	34.5395	27.5811	 0.92	 39.77	0.040	  123.76	100.00
1662.00	1641.49	 2.3806	34.5398	27.5814	 0.92	 39.77	0.040	  123.76	100.00
1663.00	1642.47	 2.3798	34.5399	27.5816	 0.92	 39.86	0.040	  123.74	100.00
1664.00	1643.46	 2.3797	34.5401	27.5818	 0.92	 39.94	0.040	  123.79	100.00
1665.00	1644.44	 2.3793	34.5402	27.5819	 0.92	 40.05	0.040	  123.75	100.00
1666.00	1645.42	 2.3791	34.5405	27.5821	 0.92	 40.09	0.040	  123.78	100.00
1667.00	1646.41	 2.3795	34.5405	27.5821	 0.92	 40.07	0.040	  123.75	100.00
1668.00	1647.39	 2.3801	34.5405	27.5821	 0.92	 40.13	0.041	  123.75	100.00
1669.00	1648.37	 2.3789	34.5409	27.5825	 0.92	 40.16	0.040	  123.78	 98.51
1670.00	1649.36	 2.3783	34.5408	27.5825	 0.93	 40.27	0.040	  123.75	 71.44
1671.00	1650.34	 2.3771	34.5407	27.5825	 0.93	 40.32	0.040	  123.78	 99.78
1672.00	1651.33	 2.3743	34.5406	27.5826	 0.93	 40.26	0.040	  123.75	100.00
1673.00	1652.31	 2.3738	34.5406	27.5827	 0.93	 40.31	0.040	  123.76	100.00
1674.00	1653.29	 2.3726	34.5407	27.5829	 0.93	 40.35	0.040	  123.70	100.00
1675.00	1654.28	 2.3710	34.5414	27.5836	 0.93	 40.48	0.040	  123.73	100.00
1676.00	1655.26	 2.3714	34.5420	27.5840	 0.93	 40.59	0.041	  123.70	100.00
1677.00	1656.24	 2.3722	34.5422	27.5841	 0.94	 40.69	0.041	  123.76	100.00
1678.00	1657.23	 2.3731	34.5426	27.5844	 0.94	 40.73	0.040	  123.66	100.00
1679.00	1658.21	 2.3732	34.5427	27.5845	 0.94	 40.79	0.040	  123.67	100.00
1680.00	1659.20	 2.3716	34.5430	27.5848	 0.94	 40.84	0.040	  123.72	100.00
1681.00	1660.18	 2.3661	34.5423	27.5848	 0.94	 41.06	0.040	  123.69	100.00
1682.00	1661.16	 2.3644	34.5432	27.5856	 0.94	 40.94	0.040	  123.74	100.00
1683.00	1662.15	 2.3648	34.5433	27.5857	 0.94	 41.05	0.040	  123.72	100.00
1684.00	1663.13	 2.3656	34.5435	27.5857	 0.95	 41.21	0.040	  123.68	100.00
1685.00	1664.11	 2.3661	34.5435	27.5857	 0.95	 41.27	0.041	  123.68	100.00
1686.00	1665.10	 2.3651	34.5445	27.5866	 0.95	 41.48	0.041	  123.62	100.00
1687.00	1666.08	 2.3652	34.5445	27.5866	 0.96	 41.54	0.040	  123.60	100.00
1688.00	1667.06	 2.3650	34.5448	27.5869	 0.96	 41.52	0.040	  123.73	100.00
1689.00	1668.05	 2.3653	34.5451	27.5871	 0.96	 41.53	0.040	  123.71	100.00
1690.00	1669.03	 2.3653	34.5454	27.5874	 0.96	 41.59	0.040	  123.70	100.00
1691.00	1670.02	 2.3652	34.5454	27.5874	 0.96	 41.77	0.040	  123.63	100.00
1692.00	1671.00	 2.3652	34.5455	27.5874	 0.96	 41.85	0.041	  123.64	100.00
1693.00	1671.98	 2.3653	34.5454	27.5874	 0.96	 41.89	0.041	  123.67	100.00
1694.00	1672.97	 2.3654	34.5454	27.5874	 0.97	 41.98	0.041	  123.67	100.00
1695.00	1673.95	 2.3655	34.5455	27.5874	 0.97	 42.01	0.040	  123.67	100.00
1696.00	1674.93	 2.3656	34.5456	27.5875	 0.97	 42.04	0.040	  123.60	100.00
1697.00	1675.92	 2.3656	34.5456	27.5875	 0.97	 42.04	0.040	  123.69	100.00
1698.00	1676.90	 2.3655	34.5456	27.5876	 0.97	 42.06	0.040	  123.66	100.00
1699.00	1677.88	 2.3640	34.5455	27.5876	 0.97	 42.16	0.041	  123.59	100.00
1700.00	1678.87	 2.3627	34.5457	27.5878	 0.97	 42.08	0.040	  123.64	100.00
1701.00	1679.85	 2.3624	34.5456	27.5879	 0.97	 42.07	0.040	  123.60	100.00
1702.00	1680.84	 2.3614	34.5456	27.5879	 0.97	 42.10	0.040	  123.61	100.00
1703.00	1681.82	 2.3616	34.5455	27.5878	 0.97	 42.13	0.040	  123.61	100.00
1704.00	1682.80	 2.3610	34.5455	27.5879	 0.97	 42.13	0.040	  123.55	100.00
1705.00	1683.79	 2.3590	34.5461	27.5885	 0.97	 42.19	0.040	  123.52	100.00
1706.00	1684.77	 2.3583	34.5463	27.5887	 0.97	 42.19	0.040	  123.65	100.00
1707.00	1685.75	 2.3561	34.5462	27.5889	 0.97	 42.21	0.040	  123.61	100.00
1708.00	1686.74	 2.3534	34.5468	27.5896	 0.98	 42.40	0.040	  123.63	100.00
