wcoa21_data_management/01_CRUISE_METADATA/00_OCADS_data/CTD_downcasts/WCOA_2021_CTD_downcasts/dRB2102_CTD_037_01_F.txt
* Sea-Bird SBE 9 Data:
* Software Version Seasave V 7.26.7.107
* Vessel: NOAA Ship Ronald H. Brown
* Cruise: RB2102, West Coast Ocean Acidification (WCOA) 2021
* Dates: 20210622 to 20210723
* Region: NE Pacific, USA West Coast
* Ports: San Diego, CA to Port Angeles, WA to San Diego, CA
* Chief Scientists: R. Feely, NOAA PMEL; D. Greeley, NOAA PMEL; B. Carter, NOAA PMEL / UW CICOES
*END*
[from data line 427]
 430.00	 425.98	 5.7357	34.0378	26.8296	 1.22	 53.22	0.041	  157.19	 99.90
 431.00	 426.97	 5.7303	34.0383	26.8307	 1.22	 53.04	0.042	  157.14	 99.90
 432.00	 427.96	 5.7284	34.0391	26.8315	 1.22	 52.97	0.041	  157.24	 99.90
 433.00	 428.95	 5.7259	34.0396	26.8322	 1.22	 52.88	0.040	  157.29	 99.90
 434.00	 429.94	 5.7226	34.0399	26.8329	 1.21	 52.73	0.040	  157.23	 99.90
 435.00	 430.93	 5.7195	34.0407	26.8340	 1.21	 52.55	0.041	  157.16	 99.90
 436.00	 431.92	 5.7189	34.0410	26.8342	 1.21	 52.45	0.041	  157.21	 99.91
 437.00	 432.91	 5.7171	34.0408	26.8343	 1.20	 52.31	0.040	  157.22	 99.90
 438.00	 433.90	 5.7139	34.0414	26.8352	 1.20	 52.20	0.041	  157.15	 99.90
 439.00	 434.89	 5.7105	34.0417	26.8359	 1.20	 52.02	0.040	  157.11	 99.91
 440.00	 435.88	 5.7065	34.0422	26.8367	 1.19	 51.77	0.041	  157.15	 99.91
 441.00	 436.87	 5.6996	34.0437	26.8388	 1.19	 51.61	0.041	  157.15	 99.91
 442.00	 437.86	 5.6918	34.0442	26.8401	 1.18	 51.42	0.040	  157.11	 99.91
 443.00	 438.85	 5.6874	34.0457	26.8419	 1.18	 51.16	0.040	  157.16	 99.91
 444.00	 439.84	 5.6787	34.0451	26.8425	 1.17	 50.94	0.040	  157.09	 99.91
 445.00	 440.83	 5.6672	34.0467	26.8452	 1.17	 50.77	0.040	  157.05	 99.92
 446.00	 441.82	 5.6620	34.0466	26.8457	 1.16	 50.57	0.041	  157.09	 99.91
 447.00	 442.81	 5.6557	34.0466	26.8465	 1.16	 50.28	0.040	  157.12	 99.92
 448.00	 443.80	 5.6498	34.0465	26.8471	 1.15	 50.05	0.040	  157.13	 99.92
 449.00	 444.79	 5.6314	34.0455	26.8485	 1.15	 49.94	0.040	  157.16	 99.92
 450.00	 445.78	 5.6230	34.0490	26.8524	 1.15	 49.80	0.040	  157.08	 99.92
 451.00	 446.76	 5.6214	34.0498	26.8532	 1.14	 49.67	0.040	  157.11	 99.92
 452.00	 447.75	 5.6204	34.0502	26.8536	 1.14	 49.58	0.041	  157.08	 99.92
 453.00	 448.74	 5.6183	34.0500	26.8537	 1.14	 49.45	0.041	  157.01	 99.93
 454.00	 449.73	 5.6160	34.0501	26.8541	 1.13	 49.35	0.040	  157.08	 99.93
 455.00	 450.72	 5.6095	34.0506	26.8553	 1.13	 49.22	0.040	  157.06	 99.93
 456.00	 451.71	 5.6078	34.0513	26.8561	 1.13	 49.13	0.041	  157.00	 99.93
 457.00	 452.70	 5.6070	34.0514	26.8563	 1.13	 48.96	0.040	  157.05	 99.93
 458.00	 453.69	 5.6045	34.0511	26.8563	 1.12	 48.80	0.041	  157.02	 99.93
 459.00	 454.68	 5.5969	34.0522	26.8581	 1.12	 48.77	0.040	  156.98	 99.92
 460.00	 455.67	 5.5946	34.0534	26.8593	 1.12	 48.58	0.040	  156.93	 99.93
 461.00	 456.66	 5.5933	34.0538	26.8598	 1.11	 48.46	0.040	  156.91	 99.93
 462.00	 457.65	 5.5898	34.0544	26.8607	 1.11	 48.39	0.041	  156.93	 99.93
 463.00	 458.64	 5.5872	34.0551	26.8616	 1.11	 48.15	0.041	  156.94	 99.93
 464.00	 459.63	 5.5832	34.0554	26.8624	 1.10	 47.89	0.040	  156.95	 99.93
 465.00	 460.62	 5.5799	34.0567	26.8638	 1.10	 47.72	0.040	  156.95	 99.93
 466.00	 461.61	 5.5783	34.0571	26.8643	 1.10	 47.67	0.040	  156.98	 99.93
 467.00	 462.60	 5.5765	34.0575	26.8648	 1.09	 47.44	0.041	  156.97	 99.93
 468.00	 463.59	 5.5749	34.0577	26.8652	 1.09	 47.27	0.040	  156.91	 99.93
 469.00	 464.58	 5.5723	34.0586	26.8662	 1.08	 47.12	0.040	  156.88	 99.93
 470.00	 465.56	 5.5679	34.0602	26.8681	 1.08	 47.04	0.041	  156.94	 99.93
 471.00	 466.55	 5.5660	34.0607	26.8687	 1.08	 46.90	0.041	  156.93	 99.93
 472.00	 467.54	 5.5651	34.0608	26.8689	 1.07	 46.63	0.041	  156.87	 99.93
 473.00	 468.53	 5.5610	34.0607	26.8693	 1.07	 46.43	0.040	  156.90	 99.93
 474.00	 469.52	 5.5550	34.0617	26.8708	 1.06	 46.30	0.040	  156.91	 99.93
 475.00	 470.51	 5.5522	34.0623	26.8717	 1.06	 46.14	0.040	  156.84	 99.93
 476.00	 471.50	 5.5497	34.0621	26.8718	 1.06	 46.07	0.041	  156.86	 99.93
 477.00	 472.49	 5.5428	34.0624	26.8729	 1.06	 45.90	0.042	  156.88	 99.93
 478.00	 473.48	 5.5363	34.0637	26.8747	 1.05	 45.70	0.041	  156.88	 99.93
 479.00	 474.47	 5.5283	34.0646	26.8764	 1.05	 45.54	0.040	  156.89	 99.93
 480.00	 475.46	 5.5208	34.0659	26.8783	 1.04	 45.33	0.040	  156.81	 99.93
 481.00	 476.45	 5.5166	34.0656	26.8786	 1.04	 45.05	0.041	  156.89	 99.93
 482.00	 477.44	 5.5024	34.0656	26.8803	 1.03	 44.82	0.041	  156.87	 99.93
 483.00	 478.43	 5.4922	34.0682	26.8835	 1.03	 44.60	0.041	  156.86	 99.93
 484.00	 479.42	 5.4890	34.0695	26.8850	 1.02	 44.43	0.041	  156.79	 99.93
 485.00	 480.41	 5.4879	34.0698	26.8854	 1.02	 44.31	0.041	  156.87	 99.93
 486.00	 481.40	 5.4863	34.0698	26.8856	 1.02	 44.18	0.040	  156.83	 99.94
 487.00	 482.38	 5.4848	34.0703	26.8862	 1.01	 44.07	0.041	  156.84	 99.94
 488.00	 483.37	 5.4832	34.0704	26.8865	 1.01	 44.12	0.040	  156.90	 99.94
 489.00	 484.36	 5.4825	34.0706	26.8867	 1.01	 44.10	0.041	  156.83	 99.94
 490.00	 485.35	 5.4813	34.0708	26.8870	 1.01	 44.02	0.041	  156.82	 99.94
 491.00	 486.34	 5.4811	34.0709	26.8871	 1.01	 43.94	0.040	  156.82	 99.94
 492.00	 487.33	 5.4803	34.0708	26.8871	 1.01	 43.82	0.042	  156.80	 99.94
 493.00	 488.32	 5.4782	34.0709	26.8875	 1.01	 43.72	0.041	  156.75	 99.94
 494.00	 489.31	 5.4753	34.0711	26.8880	 1.00	 43.61	0.041	  156.75	 99.94
 495.00	 490.30	 5.4724	34.0715	26.8887	 1.00	 43.61	0.040	  156.81	 99.94
 496.00	 491.29	 5.4706	34.0719	26.8892	 1.00	 43.48	0.040	  156.81	 99.94
 497.00	 492.28	 5.4646	34.0722	26.8902	 1.00	 43.36	0.041	  156.79	 99.94
 498.00	 493.27	 5.4589	34.0737	26.8921	 0.99	 43.21	0.040	  156.82	 99.94
 499.00	 494.26	 5.4539	34.0739	26.8928	 0.99	 43.04	0.041	  156.81	 99.94
 500.00	 495.25	 5.4480	34.0751	26.8945	 0.98	 42.83	0.041	  156.77	 99.94
 501.00	 496.24	 5.4453	34.0751	26.8948	 0.98	 42.72	0.042	  156.74	 99.95
 502.00	 497.22	 5.4414	34.0758	26.8959	 0.98	 42.55	0.041	  156.84	 99.94
 503.00	 498.21	 5.4408	34.0762	26.8962	 0.98	 42.42	0.040	  156.83	 99.94
 504.00	 499.20	 5.4386	34.0754	26.8959	 0.97	 42.33	0.040	  156.78	 99.94
 505.00	 500.19	 5.4316	34.0765	26.8976	 0.97	 42.18	0.040	  156.82	 99.94
 506.00	 501.18	 5.4282	34.0770	26.8984	 0.97	 42.11	0.041	  156.78	 99.95
 507.00	 502.17	 5.4218	34.0777	26.8997	 0.97	 42.08	0.042	  156.77	 99.95
 508.00	 503.16	 5.4191	34.0785	26.9007	 0.96	 41.91	0.041	  156.79	 99.95
 509.00	 504.15	 5.4162	34.0789	26.9013	 0.96	 41.68	0.041	  156.77	 99.95
 510.00	 505.14	 5.4140	34.0789	26.9016	 0.96	 41.58	0.040	  156.81	 99.95
 511.00	 506.13	 5.4092	34.0799	26.9030	 0.95	 41.45	0.041	  156.77	 99.95
 512.00	 507.12	 5.4065	34.0799	26.9033	 0.95	 41.33	0.040	  156.78	 99.95
 513.00	 508.11	 5.4020	34.0809	26.9046	 0.95	 41.34	0.042	  156.76	 99.95
 514.00	 509.10	 5.4013	34.0810	26.9048	 0.95	 41.14	0.041	  156.75	 99.95
 515.00	 510.09	 5.4004	34.0809	26.9048	 0.94	 41.08	0.041	  156.74	 99.95
 516.00	 511.07	 5.3971	34.0806	26.9050	 0.94	 40.97	0.040	  156.76	 99.95
 517.00	 512.06	 5.3865	34.0814	26.9069	 0.94	 40.87	0.041	  156.78	 99.95
 518.00	 513.05	 5.3805	34.0831	26.9090	 0.93	 40.57	0.040	  156.74	 99.95
 519.00	 514.04	 5.3723	34.0834	26.9102	 0.93	 40.30	0.040	  156.80	 99.95
 520.00	 515.03	 5.3655	34.0846	26.9120	 0.92	 40.20	0.040	  156.78	 99.95
 521.00	 516.02	 5.3608	34.0857	26.9134	 0.92	 40.05	0.041	  156.81	 99.95
 522.00	 517.01	 5.3575	34.0860	26.9140	 0.92	 39.92	0.041	  156.74	 99.95
 523.00	 518.00	 5.3532	34.0865	26.9150	 0.91	 39.79	0.040	  156.68	 99.95
 524.00	 518.99	 5.3504	34.0874	26.9160	 0.91	 39.66	0.040	  156.66	 99.95
 525.00	 519.98	 5.3482	34.0881	26.9168	 0.91	 39.47	0.040	  156.74	 99.95
 526.00	 520.97	 5.3471	34.0885	26.9173	 0.91	 39.37	0.040	  156.74	 99.95
 527.00	 521.96	 5.3414	34.0887	26.9181	 0.90	 39.15	0.040	  156.77	 99.95
 528.00	 522.94	 5.3320	34.0901	26.9203	 0.90	 39.01	0.040	  156.72	 99.95
 529.00	 523.93	 5.3266	34.0916	26.9222	 0.89	 38.86	0.040	  156.71	 99.95
 530.00	 524.92	 5.3256	34.0918	26.9224	 0.89	 38.73	0.040	  156.74	 99.95
 531.00	 525.91	 5.3241	34.0919	26.9227	 0.89	 38.54	0.040	  156.68	 99.95
 532.00	 526.90	 5.3220	34.0912	26.9224	 0.88	 38.29	0.040	  156.67	 99.95
 533.00	 527.89	 5.3084	34.0919	26.9246	 0.88	 38.17	0.040	  156.64	 99.95
 534.00	 528.88	 5.3019	34.0944	26.9273	 0.88	 38.06	0.040	  156.72	 99.95
 535.00	 529.87	 5.2980	34.0950	26.9283	 0.87	 37.97	0.041	  156.61	 99.95
 536.00	 530.86	 5.2953	34.0951	26.9287	 0.87	 37.86	0.041	  156.67	 99.95
 537.00	 531.85	 5.2885	34.0959	26.9301	 0.87	 37.68	0.041	  156.62	 99.95
 538.00	 532.84	 5.2846	34.0969	26.9313	 0.86	 37.54	0.041	  156.64	 99.95
 539.00	 533.83	 5.2830	34.0974	26.9320	 0.86	 37.49	0.040	  156.64	 99.95
 540.00	 534.81	 5.2829	34.0974	26.9320	 0.86	 37.38	0.040	  156.61	 99.96
 541.00	 535.80	 5.2827	34.0975	26.9321	 0.86	 37.38	0.040	  156.61	 99.95
 542.00	 536.79	 5.2821	34.0975	26.9321	 0.86	 37.34	0.040	  156.62	 99.95
 543.00	 537.78	 5.2804	34.0977	26.9325	 0.86	 37.24	0.040	  156.64	 99.95
 544.00	 538.77	 5.2796	34.0979	26.9328	 0.86	 37.20	0.040	  156.59	 99.95
 545.00	 539.76	 5.2792	34.0980	26.9329	 0.86	 37.22	0.040	  156.58	 99.96
 546.00	 540.75	 5.2785	34.0980	26.9330	 0.86	 37.23	0.040	  156.64	 99.96
 547.00	 541.74	 5.2776	34.0981	26.9332	 0.86	 37.18	0.040	  156.61	 99.96
 548.00	 542.73	 5.2769	34.0981	26.9333	 0.85	 37.02	0.041	  156.62	 99.95
 549.00	 543.72	 5.2687	34.0976	26.9339	 0.85	 36.84	0.041	  156.63	 99.96
 550.00	 544.71	 5.2551	34.1002	26.9375	 0.84	 36.64	0.040	  156.56	 99.96
 551.00	 545.69	 5.2525	34.1011	26.9386	 0.84	 36.43	0.040	  156.58	 99.95
 552.00	 546.68	 5.2511	34.1019	26.9394	 0.83	 36.26	0.040	  156.60	 99.95
 553.00	 547.67	 5.2486	34.1032	26.9407	 0.83	 36.08	0.040	  156.60	 99.96
 554.00	 548.66	 5.2444	34.1051	26.9427	 0.82	 35.84	0.040	  156.63	 99.96
 555.00	 549.65	 5.2383	34.1062	26.9443	 0.82	 35.64	0.040	  156.64	 99.96
 556.00	 550.64	 5.2270	34.1081	26.9471	 0.81	 35.36	0.040	  156.55	 99.96
 557.00	 551.63	 5.2228	34.1103	26.9493	 0.81	 35.08	0.040	  156.56	 99.97
 558.00	 552.62	 5.2260	34.1110	26.9495	 0.80	 35.00	0.041	  156.61	 99.97
 559.00	 553.61	 5.2261	34.1109	26.9494	 0.80	 34.87	0.040	  156.67	 99.97
 560.00	 554.60	 5.2250	34.1113	26.9499	 0.80	 34.73	0.040	  156.48	 99.98
 561.00	 555.58	 5.2241	34.1118	26.9504	 0.80	 34.62	0.040	  156.50	 99.97
 562.00	 556.57	 5.2210	34.1120	26.9510	 0.80	 34.58	0.040	  156.58	 99.97
 563.00	 557.56	 5.2146	34.1138	26.9531	 0.79	 34.39	0.040	  156.50	 99.97
 564.00	 558.55	 5.2127	34.1145	26.9539	 0.79	 34.30	0.040	  156.51	 99.97
 565.00	 559.54	 5.2099	34.1143	26.9541	 0.79	 34.23	0.041	  156.55	 99.97
 566.00	 560.53	 5.2038	34.1150	26.9554	 0.78	 34.08	0.041	  156.56	 99.98
 567.00	 561.52	 5.2009	34.1158	26.9563	 0.78	 33.90	0.040	  156.55	 99.98
 568.00	 562.51	 5.1970	34.1173	26.9580	 0.77	 33.56	0.041	  156.51	 99.98
 569.00	 563.50	 5.1939	34.1183	26.9592	 0.77	 33.37	0.041	  156.46	 99.98
 570.00	 564.49	 5.1897	34.1197	26.9608	 0.76	 33.21	0.041	  156.46	 99.98
 571.00	 565.47	 5.1862	34.1223	26.9633	 0.76	 32.93	0.042	  156.51	 99.98
 572.00	 566.46	 5.1860	34.1241	26.9647	 0.75	 32.65	0.041	  156.56	 99.98
 573.00	 567.45	 5.1859	34.1269	26.9669	 0.75	 32.42	0.040	  156.56	 99.98
 574.00	 568.44	 5.1731	34.1270	26.9685	 0.74	 32.22	0.040	  156.49	 99.98
 575.00	 569.43	 5.1584	34.1277	26.9708	 0.74	 32.00	0.040	  156.55	 99.98
 576.00	 570.42	 5.1480	34.1272	26.9716	 0.73	 31.82	0.041	  156.50	 99.98
 577.00	 571.41	 5.1380	34.1276	26.9731	 0.73	 31.75	0.040	  156.53	 99.98
 578.00	 572.40	 5.1244	34.1247	26.9724	 0.73	 31.72	0.041	  156.51	 99.98
 579.00	 573.39	 5.1164	34.1266	26.9747	 0.73	 31.68	0.041	  156.53	 99.98
 580.00	 574.38	 5.1141	34.1263	26.9749	 0.73	 31.57	0.041	  156.51	 99.98
 581.00	 575.36	 5.1122	34.1262	26.9750	 0.73	 31.58	0.042	  156.51	 99.98
 582.00	 576.35	 5.1103	34.1262	26.9752	 0.73	 31.55	0.041	  156.46	 99.98
 583.00	 577.34	 5.1093	34.1260	26.9752	 0.72	 31.50	0.040	  156.56	 99.98
 584.00	 578.33	 5.1038	34.1255	26.9754	 0.72	 31.51	0.040	  156.52	 99.98
 585.00	 579.32	 5.0958	34.1259	26.9767	 0.72	 31.42	0.040	  156.49	 99.98
 586.00	 580.31	 5.0885	34.1258	26.9774	 0.72	 31.30	0.040	  156.45	 99.98
 587.00	 581.30	 5.0852	34.1266	26.9785	 0.72	 31.20	0.040	  156.44	 99.98
 588.00	 582.29	 5.0840	34.1267	26.9787	 0.72	 31.24	0.040	  156.53	 99.98
 589.00	 583.28	 5.0812	34.1268	26.9791	 0.72	 31.16	0.040	  156.50	 99.98
 590.00	 584.26	 5.0786	34.1276	26.9800	 0.72	 31.12	0.040	  156.54	 99.98
 591.00	 585.25	 5.0781	34.1277	26.9802	 0.71	 31.07	0.040	  156.55	 99.98
 592.00	 586.24	 5.0771	34.1275	26.9801	 0.71	 31.01	0.040	  156.45	 99.98
 593.00	 587.23	 5.0701	34.1283	26.9816	 0.71	 30.93	0.040	  156.42	 99.98
 594.00	 588.22	 5.0669	34.1290	26.9825	 0.70	 30.65	0.040	  156.44	 99.98
 595.00	 589.21	 5.0648	34.1282	26.9821	 0.70	 30.52	0.040	  156.45	 99.98
 596.00	 590.20	 5.0529	34.1303	26.9852	 0.70	 30.47	0.040	  156.40	 99.98
 597.00	 591.19	 5.0499	34.1313	26.9863	 0.70	 30.43	0.040	  156.47	 99.98
 598.00	 592.17	 5.0486	34.1318	26.9868	 0.70	 30.39	0.040	  156.40	 99.98
 599.00	 593.16	 5.0478	34.1318	26.9869	 0.69	 30.22	0.040	  156.42	 99.98
 600.00	 594.15	 5.0457	34.1323	26.9876	 0.69	 30.18	0.041	  156.38	 99.98
 601.00	 595.14	 5.0434	34.1328	26.9882	 0.69	 30.03	0.041	  156.44	 99.98
 602.00	 596.13	 5.0414	34.1329	26.9886	 0.69	 29.95	0.041	  156.43	 99.98
 603.00	 597.12	 5.0350	34.1341	26.9902	 0.69	 29.80	0.041	  156.45	 99.98
 604.00	 598.11	 5.0339	34.1344	26.9906	 0.68	 29.71	0.042	  156.42	 99.98
 605.00	 599.10	 5.0309	34.1345	26.9911	 0.68	 29.50	0.042	  156.41	 99.99
 606.00	 600.09	 5.0250	34.1365	26.9933	 0.68	 29.38	0.041	  156.41	 99.98
 607.00	 601.07	 5.0209	34.1395	26.9962	 0.67	 29.32	0.040	  156.36	 99.98
 608.00	 602.06	 5.0204	34.1405	26.9970	 0.67	 29.09	0.041	  156.34	 99.98
 609.00	 603.05	 5.0204	34.1416	26.9980	 0.66	 28.87	0.041	  156.42	 99.98
 610.00	 604.04	 5.0274	34.1468	27.0012	 0.66	 28.63	0.041	  156.40	 99.98
 611.00	 605.03	 5.0350	34.1488	27.0020	 0.66	 28.51	0.040	  156.41	 99.98
 612.00	 606.02	 5.0364	34.1496	27.0025	 0.65	 28.36	0.041	  156.41	 99.98
 613.00	 607.01	 5.0372	34.1494	27.0023	 0.65	 28.26	0.042	  156.35	 99.99
 614.00	 608.00	 5.0360	34.1493	27.0023	 0.65	 28.15	0.041	  156.30	 99.99
 615.00	 608.98	 5.0341	34.1501	27.0031	 0.65	 28.15	0.040	  156.36	 99.98
 616.00	 609.97	 5.0319	34.1507	27.0039	 0.65	 28.07	0.040	  156.33	 99.99
 617.00	 610.96	 5.0302	34.1509	27.0043	 0.64	 28.00	0.041	  156.35	 99.99
 618.00	 611.95	 5.0297	34.1508	27.0043	 0.64	 27.86	0.041	  156.40	 99.99
 619.00	 612.94	 5.0264	34.1515	27.0052	 0.64	 27.86	0.040	  156.33	 99.99
 620.00	 613.93	 5.0254	34.1516	27.0054	 0.64	 27.89	0.040	  156.42	 99.99
 621.00	 614.92	 5.0241	34.1518	27.0057	 0.64	 27.83	0.040	  156.37	 99.99
 622.00	 615.91	 5.0223	34.1519	27.0060	 0.64	 27.69	0.041	  156.30	 99.99
 623.00	 616.89	 5.0199	34.1525	27.0068	 0.64	 27.66	0.041	  156.36	 99.99
 624.00	 617.88	 5.0198	34.1526	27.0069	 0.64	 27.69	0.040	  156.33	 99.99
 625.00	 618.87	 5.0195	34.1527	27.0070	 0.64	 27.67	0.040	  156.36	 99.99
 626.00	 619.86	 5.0197	34.1526	27.0069	 0.64	 27.64	0.041	  156.38	 99.99
 627.00	 620.85	 5.0203	34.1525	27.0068	 0.63	 27.53	0.041	  156.37	 99.99
 628.00	 621.84	 5.0194	34.1525	27.0069	 0.63	 27.49	0.042	  156.23	100.00
 629.00	 622.83	 5.0160	34.1529	27.0076	 0.63	 27.49	0.041	  156.30	 99.99
 630.00	 623.82	 5.0148	34.1529	27.0077	 0.63	 27.38	0.040	  156.36	 99.99
 631.00	 624.80	 5.0092	34.1523	27.0079	 0.62	 27.14	0.041	  156.35	 99.99
 632.00	 625.79	 4.9981	34.1508	27.0080	 0.62	 27.04	0.041	  156.36	 99.99
 633.00	 626.78	 4.9767	34.1515	27.0110	 0.62	 26.98	0.040	  156.34	 99.99
 634.00	 627.77	 4.9609	34.1544	27.0151	 0.62	 26.83	0.041	  156.31	 99.99
 635.00	 628.76	 4.9581	34.1555	27.0162	 0.61	 26.74	0.041	  156.30	 99.99
 636.00	 629.75	 4.9549	34.1555	27.0166	 0.61	 26.55	0.040	  156.30	 99.99
 637.00	 630.74	 4.9519	34.1576	27.0187	 0.61	 26.31	0.041	  156.33	 99.99
 638.00	 631.72	 4.9565	34.1629	27.0223	 0.60	 26.13	0.041	  156.31	100.00
 639.00	 632.71	 4.9613	34.1640	27.0227	 0.60	 25.92	0.041	  156.28	100.00
 640.00	 633.70	 4.9634	34.1645	27.0229	 0.59	 25.86	0.042	  156.34	100.00
 641.00	 634.69	 4.9642	34.1648	27.0230	 0.59	 25.82	0.042	  156.26	100.00
 642.00	 635.68	 4.9666	34.1657	27.0235	 0.59	 25.69	0.041	  156.29	100.00
