wcoa21_data_management/01_CRUISE_METADATA/00_OCADS_data/CTD_downcasts/WCOA_2021_CTD_downcasts/dRB2102_CTD_008_01_F.txt
* Sea-Bird SBE 9 Data:
* Software Version Seasave V 7.26.7.107
* Vessel: NOAA Ship Ronald H. Brown
* Cruise: RB2102, West Coast Ocean Acidification (WCOA) 2021
* Dates: 20210622 to 20210723
* Region: NE Pacific, USA West Coast
* Ports: San Diego, CA to Port Angeles, WA to San Diego, CA
* Chief Scientists: R. Feely, NOAA PMEL; D. Greeley, NOAA PMEL; B. Carter, NOAA PMEL / UW CICOES
*END*
[from data line 427]
 430.00	 425.93	 5.4889	34.0557	26.8735	 1.06	 45.89	0.041	  127.47	 99.91
 431.00	 426.92	 5.4857	34.0572	26.8751	 1.05	 45.49	0.041	  127.51	 99.92
 432.00	 427.91	 5.4822	34.0574	26.8757	 1.04	 45.34	0.041	  127.47	 99.92
 433.00	 428.90	 5.4798	34.0579	26.8764	 1.04	 45.13	0.041	  127.52	 99.92
 434.00	 429.89	 5.4780	34.0581	26.8768	 1.03	 44.99	0.041	  127.45	 99.92
 435.00	 430.88	 5.4667	34.0591	26.8790	 1.03	 44.81	0.041	  127.49	 99.92
 436.00	 431.87	 5.4627	34.0595	26.8797	 1.03	 44.66	0.041	  127.51	 99.92
 437.00	 432.86	 5.4591	34.0594	26.8801	 1.03	 44.59	0.040	  127.50	 99.92
 438.00	 433.85	 5.4517	34.0598	26.8813	 1.02	 44.48	0.041	  127.43	 99.93
 439.00	 434.84	 5.4414	34.0603	26.8830	 1.02	 44.29	0.041	  127.45	 99.93
 440.00	 435.83	 5.4362	34.0632	26.8858	 1.01	 43.81	0.041	  127.44	 99.93
 441.00	 436.82	 5.4323	34.0646	26.8874	 1.00	 43.43	0.041	  127.50	 99.93
 442.00	 437.81	 5.4285	34.0648	26.8881	 0.99	 43.17	0.041	  127.47	 99.93
 443.00	 438.80	 5.4191	34.0665	26.8905	 0.99	 43.00	0.040	  127.49	 99.93
 444.00	 439.79	 5.4137	34.0673	26.8918	 0.98	 42.78	0.041	  127.48	 99.93
 445.00	 440.78	 5.4070	34.0682	26.8933	 0.98	 42.63	0.041	  127.52	 99.93
 446.00	 441.77	 5.4033	34.0687	26.8942	 0.98	 42.43	0.041	  127.46	 99.93
 447.00	 442.76	 5.4023	34.0688	26.8944	 0.97	 42.20	0.041	  127.53	 99.93
 448.00	 443.75	 5.3970	34.0689	26.8951	 0.97	 42.04	0.041	  127.45	 99.93
 449.00	 444.73	 5.3862	34.0706	26.8977	 0.96	 41.96	0.040	  127.50	 99.93
 450.00	 445.72	 5.3828	34.0710	26.8984	 0.96	 41.78	0.040	  127.47	 99.93
 451.00	 446.71	 5.3799	34.0712	26.8990	 0.96	 41.72	0.041	  127.47	 99.93
 452.00	 447.70	 5.3775	34.0715	26.8995	 0.96	 41.64	0.041	  127.47	 99.93
 453.00	 448.69	 5.3761	34.0715	26.8997	 0.95	 41.46	0.041	  127.52	 99.93
 454.00	 449.68	 5.3754	34.0717	26.8999	 0.95	 41.38	0.041	  127.48	 99.93
 455.00	 450.67	 5.3708	34.0722	26.9008	 0.95	 41.26	0.041	  127.41	 99.93
 456.00	 451.66	 5.3655	34.0727	26.9019	 0.95	 41.18	0.041	  127.45	 99.93
 457.00	 452.65	 5.3631	34.0730	26.9024	 0.95	 41.15	0.041	  127.46	 99.93
 458.00	 453.64	 5.3628	34.0731	26.9025	 0.94	 41.03	0.041	  127.46	 99.93
 459.00	 454.63	 5.3612	34.0732	26.9028	 0.94	 40.98	0.041	  127.43	 99.93
 460.00	 455.62	 5.3570	34.0738	26.9038	 0.94	 40.87	0.041	  127.45	 99.93
 461.00	 456.61	 5.3537	34.0742	26.9045	 0.93	 40.65	0.042	  127.46	 99.93
 462.00	 457.60	 5.3482	34.0747	26.9056	 0.93	 40.59	0.042	  127.50	 99.93
 463.00	 458.59	 5.3443	34.0755	26.9066	 0.93	 40.51	0.041	  127.46	 99.93
 464.00	 459.58	 5.3393	34.0759	26.9076	 0.93	 40.31	0.041	  127.46	 99.93
 465.00	 460.57	 5.3333	34.0766	26.9089	 0.92	 40.20	0.041	  127.46	 99.93
 466.00	 461.55	 5.3331	34.0769	26.9091	 0.92	 40.05	0.042	  127.46	 99.93
 467.00	 462.54	 5.3335	34.0768	26.9090	 0.92	 40.05	0.040	  127.46	 99.93
 468.00	 463.53	 5.3329	34.0770	26.9092	 0.92	 40.06	0.041	  127.40	 99.93
 469.00	 464.52	 5.3318	34.0772	26.9095	 0.92	 39.98	0.041	  127.37	 99.93
 470.00	 465.51	 5.3318	34.0772	26.9096	 0.92	 40.08	0.041	  127.46	 99.94
 471.00	 466.50	 5.3318	34.0770	26.9094	 0.92	 39.96	0.041	  127.34	 99.94
 472.00	 467.49	 5.3295	34.0776	26.9101	 0.92	 39.87	0.041	  127.32	 99.93
 473.00	 468.48	 5.3292	34.0776	26.9102	 0.92	 39.90	0.041	  127.49	 99.93
 474.00	 469.47	 5.3290	34.0777	26.9103	 0.92	 39.89	0.041	  127.36	 99.94
 475.00	 470.46	 5.3283	34.0779	26.9105	 0.91	 39.78	0.040	  127.44	 99.94
 476.00	 471.45	 5.3272	34.0781	26.9108	 0.91	 39.76	0.041	  127.39	 99.94
 477.00	 472.44	 5.3228	34.0785	26.9117	 0.91	 39.64	0.041	  127.44	 99.93
 478.00	 473.43	 5.3156	34.0795	26.9133	 0.91	 39.51	0.041	  127.34	 99.94
 479.00	 474.42	 5.3102	34.0801	26.9145	 0.91	 39.42	0.041	  127.45	 99.94
 480.00	 475.40	 5.3090	34.0800	26.9146	 0.90	 39.30	0.042	  127.40	 99.93
 481.00	 476.39	 5.3063	34.0802	26.9150	 0.90	 39.25	0.042	  127.43	 99.94
 482.00	 477.38	 5.3052	34.0803	26.9152	 0.90	 39.25	0.041	  127.42	 99.94
 483.00	 478.37	 5.3043	34.0804	26.9154	 0.90	 39.10	0.041	  127.39	 99.94
 484.00	 479.36	 5.3032	34.0805	26.9157	 0.90	 39.07	0.041	  127.45	 99.94
 485.00	 480.35	 5.2977	34.0812	26.9169	 0.90	 38.96	0.041	  127.37	 99.93
 486.00	 481.34	 5.2944	34.0816	26.9176	 0.89	 38.80	0.041	  127.38	 99.94
 487.00	 482.33	 5.2877	34.0826	26.9191	 0.89	 38.72	0.041	  127.36	 99.94
 488.00	 483.32	 5.2845	34.0830	26.9199	 0.89	 38.61	0.041	  127.39	 99.94
 489.00	 484.31	 5.2838	34.0832	26.9201	 0.88	 38.43	0.041	  127.37	 99.93
 490.00	 485.30	 5.2715	34.0844	26.9225	 0.88	 38.26	0.041	  127.38	 99.94
 491.00	 486.29	 5.2651	34.0851	26.9238	 0.88	 38.10	0.041	  127.41	 99.94
 492.00	 487.28	 5.2637	34.0852	26.9241	 0.87	 37.98	0.041	  127.40	 99.94
 493.00	 488.27	 5.2613	34.0853	26.9245	 0.87	 37.84	0.041	  127.39	 99.94
 494.00	 489.25	 5.2565	34.0864	26.9258	 0.87	 37.64	0.041	  127.37	 99.94
 495.00	 490.24	 5.2466	34.0870	26.9275	 0.86	 37.44	0.042	  127.36	 99.95
 496.00	 491.23	 5.2421	34.0877	26.9286	 0.86	 37.25	0.042	  127.45	 99.94
 497.00	 492.22	 5.2299	34.0899	26.9318	 0.85	 37.04	0.041	  127.37	 99.95
 498.00	 493.21	 5.2258	34.0909	26.9331	 0.85	 36.84	0.041	  127.45	 99.95
 499.00	 494.20	 5.2228	34.0915	26.9339	 0.84	 36.69	0.041	  127.43	 99.95
 500.00	 495.19	 5.2216	34.0917	26.9342	 0.84	 36.48	0.042	  127.36	 99.95
 501.00	 496.18	 5.2226	34.0928	26.9350	 0.84	 36.39	0.041	  127.40	 99.95
 502.00	 497.17	 5.2229	34.0933	26.9354	 0.83	 36.25	0.041	  127.36	 99.95
 503.00	 498.16	 5.2188	34.0938	26.9362	 0.83	 36.06	0.041	  127.37	 99.95
 504.00	 499.15	 5.2085	34.0954	26.9387	 0.83	 35.89	0.042	  127.50	 99.95
 505.00	 500.14	 5.1997	34.0965	26.9406	 0.82	 35.73	0.041	  127.40	 99.95
 506.00	 501.12	 5.1932	34.0978	26.9424	 0.82	 35.57	0.041	  127.36	 99.95
 507.00	 502.11	 5.1911	34.0981	26.9429	 0.81	 35.40	0.040	  127.35	 99.95
 508.00	 503.10	 5.1895	34.0983	26.9432	 0.81	 35.30	0.041	  127.36	 99.95
 509.00	 504.09	 5.1884	34.0983	26.9433	 0.81	 35.15	0.041	  127.36	 99.95
 510.00	 505.08	 5.1875	34.0984	26.9435	 0.81	 35.11	0.040	  127.41	 99.95
 511.00	 506.07	 5.1867	34.0983	26.9436	 0.81	 35.05	0.040	  127.36	 99.95
 512.00	 507.06	 5.1842	34.0987	26.9442	 0.80	 35.00	0.041	  127.41	 99.95
 513.00	 508.05	 5.1835	34.0987	26.9443	 0.80	 34.98	0.040	  127.39	 99.95
 514.00	 509.04	 5.1825	34.0987	26.9445	 0.80	 34.96	0.041	  127.33	 99.95
 515.00	 510.03	 5.1820	34.0987	26.9445	 0.80	 34.96	0.041	  127.32	 99.95
 516.00	 511.02	 5.1818	34.0988	26.9446	 0.80	 34.96	0.041	  127.29	 99.95
 517.00	 512.01	 5.1801	34.0989	26.9448	 0.80	 34.89	0.041	  127.33	 99.95
 518.00	 512.99	 5.1763	34.0993	26.9456	 0.80	 34.78	0.041	  127.32	 99.95
 519.00	 513.98	 5.1732	34.0995	26.9462	 0.80	 34.75	0.041	  127.36	 99.95
 520.00	 514.97	 5.1704	34.0999	26.9468	 0.80	 34.64	0.041	  127.33	 99.95
 521.00	 515.96	 5.1603	34.1008	26.9487	 0.79	 34.43	0.041	  127.34	 99.95
 522.00	 516.95	 5.1514	34.1013	26.9501	 0.79	 34.28	0.042	  127.30	 99.95
 523.00	 517.94	 5.1465	34.1015	26.9508	 0.79	 34.16	0.041	  127.33	 99.95
 524.00	 518.93	 5.1420	34.1019	26.9517	 0.78	 34.05	0.040	  127.29	 99.95
 525.00	 519.92	 5.1413	34.1023	26.9521	 0.78	 34.05	0.040	  127.28	 99.95
 526.00	 520.91	 5.1414	34.1024	26.9522	 0.78	 33.96	0.040	  127.37	 99.95
 527.00	 521.90	 5.1407	34.1027	26.9525	 0.78	 33.95	0.040	  127.26	 99.95
 528.00	 522.89	 5.1404	34.1029	26.9527	 0.78	 33.93	0.040	  127.32	 99.95
 529.00	 523.87	 5.1381	34.1034	26.9534	 0.78	 33.75	0.040	  127.32	 99.95
 530.00	 524.86	 5.1354	34.1038	26.9540	 0.77	 33.66	0.041	  127.36	 99.95
 531.00	 525.85	 5.1318	34.1045	26.9550	 0.77	 33.59	0.041	  127.28	 99.96
 532.00	 526.84	 5.1281	34.1047	26.9556	 0.77	 33.43	0.040	  127.34	 99.95
 533.00	 527.83	 5.1196	34.1060	26.9576	 0.76	 33.22	0.040	  127.26	 99.95
 534.00	 528.82	 5.1145	34.1077	26.9595	 0.76	 33.14	0.040	  127.30	 99.95
 535.00	 529.81	 5.1144	34.1081	26.9599	 0.76	 32.99	0.040	  127.35	 99.95
 536.00	 530.80	 5.1143	34.1084	26.9602	 0.76	 32.88	0.040	  127.25	 99.96
 537.00	 531.79	 5.1141	34.1088	26.9605	 0.76	 32.90	0.040	  127.20	 99.96
 538.00	 532.78	 5.1137	34.1093	26.9610	 0.75	 32.82	0.040	  127.27	 99.95
 539.00	 533.76	 5.1137	34.1095	26.9611	 0.75	 32.74	0.041	  127.28	 99.96
 540.00	 534.75	 5.1132	34.1101	26.9617	 0.75	 32.70	0.040	  127.28	 99.96
 541.00	 535.74	 5.1131	34.1102	26.9618	 0.75	 32.55	0.040	  127.32	 99.96
 542.00	 536.73	 5.1127	34.1107	26.9622	 0.75	 32.57	0.042	  127.25	 99.96
 543.00	 537.72	 5.1119	34.1109	26.9625	 0.75	 32.56	0.042	  127.27	 99.95
 544.00	 538.71	 5.1114	34.1111	26.9627	 0.75	 32.52	0.041	  127.24	 99.96
 545.00	 539.70	 5.1102	34.1114	26.9631	 0.75	 32.48	0.041	  127.27	 99.96
 546.00	 540.69	 5.1092	34.1116	26.9634	 0.75	 32.44	0.041	  127.26	 99.96
 547.00	 541.68	 5.1080	34.1117	26.9636	 0.74	 32.28	0.041	  127.26	 99.96
 548.00	 542.67	 5.1030	34.1125	26.9649	 0.74	 32.09	0.040	  127.28	 99.96
 549.00	 543.65	 5.0909	34.1142	26.9676	 0.73	 31.96	0.040	  127.23	 99.96
 550.00	 544.64	 5.0830	34.1154	26.9694	 0.73	 31.71	0.041	  127.31	 99.97
 551.00	 545.63	 5.0789	34.1158	26.9702	 0.73	 31.57	0.041	  127.24	 99.96
 552.00	 546.62	 5.0762	34.1163	26.9709	 0.72	 31.49	0.041	  127.21	 99.97
 553.00	 547.61	 5.0728	34.1170	26.9719	 0.72	 31.36	0.040	  127.27	 99.96
 554.00	 548.60	 5.0715	34.1175	26.9725	 0.72	 31.35	0.040	  127.26	 99.97
 555.00	 549.59	 5.0717	34.1175	26.9724	 0.72	 31.29	0.040	  127.24	 99.97
 556.00	 550.58	 5.0680	34.1179	26.9732	 0.71	 31.08	0.040	  127.22	 99.97
 557.00	 551.57	 5.0587	34.1195	26.9755	 0.71	 30.92	0.041	  127.22	 99.97
 558.00	 552.55	 5.0552	34.1199	26.9763	 0.71	 30.83	0.040	  127.28	 99.97
 559.00	 553.54	 5.0489	34.1208	26.9777	 0.70	 30.60	0.040	  127.23	 99.97
 560.00	 554.53	 5.0295	34.1243	26.9827	 0.70	 30.27	0.041	  127.26	 99.97
 561.00	 555.52	 5.0275	34.1248	26.9834	 0.69	 30.09	0.040	  127.23	 99.98
 562.00	 556.51	 5.0269	34.1248	26.9835	 0.69	 29.95	0.040	  127.23	 99.98
 563.00	 557.50	 5.0265	34.1251	26.9837	 0.69	 29.93	0.040	  127.23	 99.98
 564.00	 558.49	 5.0257	34.1252	26.9839	 0.69	 29.95	0.040	  127.23	 99.98
 565.00	 559.48	 5.0255	34.1254	26.9841	 0.69	 29.92	0.040	  127.21	 99.97
 566.00	 560.47	 5.0251	34.1255	26.9842	 0.68	 29.78	0.040	  127.23	 99.98
 567.00	 561.45	 5.0236	34.1259	26.9847	 0.68	 29.75	0.040	  127.21	 99.98
 568.00	 562.44	 5.0216	34.1260	26.9850	 0.68	 29.62	0.040	  127.20	 99.98
 569.00	 563.43	 5.0182	34.1265	26.9858	 0.68	 29.39	0.040	  127.18	 99.98
 570.00	 564.42	 5.0061	34.1289	26.9891	 0.68	 29.42	0.040	  127.25	 99.98
 571.00	 565.41	 5.0022	34.1297	26.9902	 0.67	 29.33	0.041	  127.24	 99.98
 572.00	 566.40	 4.9994	34.1297	26.9906	 0.67	 29.14	0.041	  127.19	 99.98
 573.00	 567.39	 4.9972	34.1301	26.9911	 0.67	 29.01	0.040	  127.23	 99.98
 574.00	 568.38	 4.9930	34.1307	26.9921	 0.66	 28.90	0.041	  127.23	 99.98
 575.00	 569.37	 4.9917	34.1309	26.9923	 0.66	 28.76	0.040	  127.22	 99.98
 576.00	 570.35	 4.9900	34.1312	26.9928	 0.66	 28.70	0.040	  127.26	 99.98
 577.00	 571.34	 4.9869	34.1322	26.9940	 0.66	 28.57	0.040	  127.22	 99.98
 578.00	 572.33	 4.9803	34.1342	26.9963	 0.65	 28.38	0.041	  127.19	 99.98
 579.00	 573.32	 4.9722	34.1356	26.9983	 0.65	 28.20	0.040	  127.22	 99.98
 580.00	 574.31	 4.9652	34.1369	27.0002	 0.65	 28.17	0.040	  127.21	 99.98
 581.00	 575.30	 4.9640	34.1371	27.0005	 0.64	 28.02	0.040	  127.17	 99.98
 582.00	 576.29	 4.9640	34.1371	27.0005	 0.64	 27.93	0.040	  127.21	 99.98
 583.00	 577.28	 4.9638	34.1371	27.0005	 0.64	 27.88	0.040	  127.20	 99.59
 584.00	 578.26	 4.9598	34.1379	27.0016	 0.64	 27.79	0.040	  127.21	 75.44
 585.00	 579.25	 4.9576	34.1384	27.0023	 0.64	 27.65	0.041	  127.15	100.17
 586.00	 580.24	 4.9555	34.1387	27.0028	 0.64	 27.62	0.040	  127.24	 99.98
 587.00	 581.23	 4.9528	34.1392	27.0035	 0.63	 27.52	0.041	  127.18	 99.98
 588.00	 582.22	 4.9489	34.1400	27.0046	 0.63	 27.43	0.042	  127.17	 99.98
 589.00	 583.21	 4.9444	34.1408	27.0057	 0.63	 27.29	0.042	  127.23	 99.98
 590.00	 584.20	 4.9413	34.1410	27.0062	 0.62	 27.17	0.042	  127.19	 99.98
 591.00	 585.19	 4.9283	34.1434	27.0096	 0.62	 26.88	0.041	  127.14	 99.98
 592.00	 586.17	 4.9210	34.1448	27.0116	 0.62	 26.76	0.040	  127.15	 99.98
 593.00	 587.16	 4.9184	34.1454	27.0123	 0.61	 26.69	0.040	  127.20	 99.98
 594.00	 588.15	 4.9171	34.1456	27.0126	 0.61	 26.57	0.040	  127.15	 99.98
 595.00	 589.14	 4.9144	34.1461	27.0134	 0.61	 26.42	0.040	  127.16	 99.98
 596.00	 590.13	 4.9105	34.1466	27.0142	 0.61	 26.40	0.040	  127.19	 99.98
 597.00	 591.12	 4.9054	34.1476	27.0156	 0.61	 26.35	0.040	  127.18	 99.98
 598.00	 592.11	 4.9045	34.1479	27.0159	 0.60	 26.21	0.041	  127.18	 99.98
 599.00	 593.10	 4.9022	34.1483	27.0165	 0.60	 26.20	0.041	  127.23	 99.98
 600.00	 594.08	 4.9014	34.1486	27.0168	 0.60	 26.19	0.042	  127.18	 99.98
 601.00	 595.07	 4.9005	34.1487	27.0171	 0.60	 26.11	0.041	  127.16	 99.98
 602.00	 596.06	 4.8987	34.1491	27.0175	 0.60	 25.99	0.040	  127.21	 99.98
 603.00	 597.05	 4.8932	34.1498	27.0187	 0.60	 25.93	0.041	  127.24	 99.98
 604.00	 598.04	 4.8886	34.1507	27.0200	 0.60	 25.88	0.041	  127.11	 99.98
 605.00	 599.03	 4.8863	34.1510	27.0204	 0.59	 25.72	0.041	  127.18	 99.98
 606.00	 600.02	 4.8820	34.1517	27.0215	 0.59	 25.62	0.041	  127.23	 99.98
 607.00	 601.01	 4.8687	34.1536	27.0246	 0.59	 25.50	0.040	  127.12	 99.98
 608.00	 601.99	 4.8600	34.1552	27.0268	 0.58	 25.23	0.041	  127.14	 99.98
 609.00	 602.98	 4.8556	34.1560	27.0280	 0.58	 25.19	0.042	  127.18	 99.98
 610.00	 603.97	 4.8533	34.1565	27.0286	 0.58	 25.14	0.042	  127.15	 99.98
 611.00	 604.96	 4.8524	34.1567	27.0289	 0.57	 24.95	0.041	  127.13	 99.98
 612.00	 605.95	 4.8514	34.1569	27.0291	 0.57	 24.82	0.041	  127.10	 99.99
 613.00	 606.94	 4.8446	34.1577	27.0305	 0.57	 24.77	0.041	  127.11	 99.98
 614.00	 607.93	 4.8391	34.1589	27.0321	 0.57	 24.64	0.041	  127.12	 99.99
 615.00	 608.91	 4.8373	34.1592	27.0326	 0.56	 24.53	0.041	  127.15	 99.99
 616.00	 609.90	 4.8362	34.1594	27.0328	 0.56	 24.46	0.040	  127.16	 99.99
 617.00	 610.89	 4.8353	34.1595	27.0331	 0.56	 24.42	0.040	  127.11	 99.98
 618.00	 611.88	 4.8331	34.1600	27.0337	 0.56	 24.28	0.041	  127.12	 99.99
 619.00	 612.87	 4.8308	34.1601	27.0340	 0.55	 24.08	0.041	  127.07	 99.99
 620.00	 613.86	 4.8217	34.1617	27.0363	 0.55	 24.07	0.041	  127.11	 99.99
 621.00	 614.85	 4.8164	34.1627	27.0377	 0.55	 23.91	0.041	  127.13	 99.99
 622.00	 615.84	 4.8154	34.1629	27.0380	 0.55	 23.76	0.040	  127.08	 99.99
 623.00	 616.82	 4.8089	34.1640	27.0396	 0.54	 23.68	0.040	  127.11	 99.99
 624.00	 617.81	 4.7991	34.1657	27.0420	 0.54	 23.55	0.040	  127.13	 99.99
 625.00	 618.80	 4.7952	34.1664	27.0430	 0.54	 23.46	0.041	  127.14	 99.99
 626.00	 619.79	 4.7942	34.1666	27.0434	 0.54	 23.32	0.042	  127.03	 99.99
 627.00	 620.78	 4.7914	34.1671	27.0440	 0.53	 23.23	0.041	  127.11	100.00
 628.00	 621.77	 4.7872	34.1680	27.0452	 0.53	 23.18	0.041	  127.10	 99.99
 629.00	 622.76	 4.7848	34.1684	27.0458	 0.53	 23.07	0.041	  127.08	 99.99
 630.00	 623.74	 4.7835	34.1687	27.0462	 0.53	 23.03	0.040	  127.12	100.00
 631.00	 624.73	 4.7811	34.1690	27.0467	 0.53	 23.00	0.040	  127.11	 99.99
 632.00	 625.72	 4.7739	34.1704	27.0487	 0.53	 22.85	0.041	  127.05	 99.99
 633.00	 626.71	 4.7708	34.1711	27.0495	 0.52	 22.68	0.042	  127.13	100.00
 634.00	 627.70	 4.7692	34.1714	27.0500	 0.52	 22.69	0.042	  127.06	100.00
 635.00	 628.69	 4.7684	34.1716	27.0502	 0.52	 22.70	0.042	  127.11	100.00
 636.00	 629.68	 4.7671	34.1718	27.0506	 0.52	 22.67	0.041	  127.10	100.00
 637.00	 630.66	 4.7658	34.1721	27.0509	 0.52	 22.49	0.041	  127.13	100.00
 638.00	 631.65	 4.7650	34.1723	27.0512	 0.52	 22.51	0.041	  127.05	100.00
 639.00	 632.64	 4.7638	34.1725	27.0515	 0.52	 22.50	0.041	  127.13	 99.99
 640.00	 633.63	 4.7625	34.1729	27.0520	 0.52	 22.41	0.040	  127.21	100.00
 641.00	 634.62	 4.7619	34.1730	27.0522	 0.51	 22.35	0.040	  127.16	100.00
 642.00	 635.61	 4.7608	34.1733	27.0525	 0.51	 22.36	0.040	  127.17	100.00
