wcoa21_data_management/01_CRUISE_METADATA/00_OCADS_data/CTD_downcasts/WCOA_2021_CTD_downcasts/dRB2102_CTD_019_01_F.txt
* Sea-Bird SBE 9 Data:
* Software Version Seasave V 7.26.7.107
* Vessel: NOAA Ship Ronald H. Brown
* Cruise: RB2102, West Coast Ocean Acidification (WCOA) 2021
* Dates: 20210622 to 20210723
* Region: NE Pacific, USA West Coast
* Ports: San Diego, CA to Port Angeles, WA to San Diego, CA
* Chief Scientists: R. Feely, NOAA PMEL; D. Greeley, NOAA PMEL; B. Carter, NOAA PMEL / UW CICOES
*END*
   3.00	   2.97	 8.2055	33.3169	25.9219	 2.85	124.23	0.052	  187.81	 74.94
   4.00	   3.97	 8.2236	33.3134	25.9164	 2.84	123.84	0.054	  186.94	 74.21
   5.00	   4.96	 8.2345	33.3136	25.9150	 2.86	124.50	0.055	  186.48	 72.61
   6.00	   5.95	 8.2248	33.3153	25.9177	 2.86	124.48	0.054	  186.45	 71.85
   7.00	   6.94	 8.2040	33.3210	25.9254	 2.87	124.81	0.054	  186.40	 71.43
   8.00	   7.93	 8.2202	33.3165	25.9194	 2.86	124.71	0.055	  186.35	 70.19
   9.00	   8.92	 8.1821	33.3196	25.9275	 2.86	124.62	0.056	  186.25	 68.86
  10.00	   9.92	 8.1439	33.3226	25.9356	 2.75	119.75	0.057	  186.22	 67.96
  11.00	  10.91	 7.8597	33.3635	26.0093	 2.67	116.23	0.058	  186.30	 66.92
  12.00	  11.90	 7.8339	33.3672	26.0160	 2.63	114.35	0.058	  186.27	 65.98
  13.00	  12.89	 7.8239	33.3717	26.0209	 2.60	113.17	0.061	  186.26	 65.12
  14.00	  13.88	 7.7882	33.3854	26.0369	 2.56	111.32	0.065	  186.17	 63.98
  15.00	  14.87	 7.7511	33.4060	26.0584	 2.53	110.04	0.064	  186.17	 62.95
  16.00	  15.86	 7.7202	33.4200	26.0739	 2.51	109.09	0.065	  186.17	 62.12
  17.00	  16.86	 7.6970	33.4298	26.0849	 2.48	108.07	0.065	  186.15	 61.16
  18.00	  17.85	 7.6606	33.4474	26.1040	 2.45	106.69	0.066	  186.12	 59.98
  19.00	  18.84	 7.6201	33.4683	26.1262	 2.41	104.98	0.062	  186.10	 59.01
  20.00	  19.83	 7.5802	33.4889	26.1481	 2.38	103.52	0.062	  186.07	 57.95
  21.00	  20.82	 7.5256	33.5179	26.1787	 2.34	101.99	0.061	  186.06	 56.85
  22.00	  21.81	 7.5081	33.5275	26.1887	 2.33	101.36	0.058	  186.02	 55.97
  23.00	  22.80	 7.5065	33.5285	26.1897	 2.32	100.82	0.058	  186.03	 55.06
  24.00	  23.80	 7.4972	33.5333	26.1948	 2.29	 99.76	0.058	  185.99	 53.99
  25.00	  24.79	 7.4429	33.5615	26.2247	 2.26	 98.47	0.056	  186.02	 52.90
  26.00	  25.78	 7.4119	33.5767	26.2410	 2.23	 97.13	0.055	  185.99	 51.90
  27.00	  26.77	 7.3627	33.6027	26.2683	 2.19	 95.42	0.054	  185.98	 51.06
  28.00	  27.76	 7.3102	33.6306	26.2977	 2.15	 93.73	0.052	  185.99	 50.04
  29.00	  28.75	 7.1940	33.6945	26.3642	 2.07	 90.28	0.051	  185.98	 48.80
  30.00	  29.75	 7.1303	33.7275	26.3989	 2.01	 87.57	0.048	  186.02	 47.91
  31.00	  30.74	 7.0556	33.7675	26.4407	 1.97	 85.81	0.047	  185.96	 46.92
  32.00	  31.73	 7.0190	33.7883	26.4621	 1.94	 84.59	0.046	  186.03	 45.82
  33.00	  32.72	 6.9979	33.8013	26.4752	 1.92	 83.69	0.045	  185.95	 44.77
  34.00	  33.71	 6.9938	33.8043	26.4781	 1.91	 83.01	0.044	  185.97	 43.87
  35.00	  34.70	 6.9901	33.8076	26.4813	 1.90	 82.74	0.044	  185.95	 43.01
  36.00	  35.69	 6.9713	33.8225	26.4956	 1.90	 82.65	0.044	  185.89	 41.92
  37.00	  36.69	 6.9657	33.8274	26.5002	 1.90	 82.52	0.044	  185.87	 40.76
  38.00	  37.68	 6.9636	33.8298	26.5024	 1.90	 82.53	0.044	  185.81	 39.73
  39.00	  38.67	 6.9604	33.8325	26.5050	 1.90	 82.59	0.043	  185.81	 38.72
  40.00	  39.66	 6.9605	33.8324	26.5049	 1.90	 82.49	0.043	  185.84	 37.77
  41.00	  40.65	 6.9603	33.8323	26.5049	 1.89	 82.35	0.043	  185.72	 36.77
  42.00	  41.64	 6.9477	33.8459	26.5173	 1.89	 82.18	0.043	  185.67	 35.82
  43.00	  42.63	 6.9397	33.8543	26.5250	 1.89	 82.22	0.043	  185.68	 34.82
  44.00	  43.62	 6.9399	33.8546	26.5252	 1.89	 82.05	0.043	  185.66	 33.79
  45.00	  44.62	 6.9402	33.8549	26.5254	 1.89	 82.10	0.043	  185.62	 32.76
  46.00	  45.61	 6.9394	33.8560	26.5264	 1.89	 82.08	0.043	  185.59	 31.66
  47.00	  46.60	 6.9363	33.8596	26.5297	 1.89	 82.07	0.043	  185.53	 30.63
  48.00	  47.59	 6.9368	33.8593	26.5294	 1.88	 81.94	0.043	  185.54	 29.74
  49.00	  48.58	 6.9301	33.8672	26.5366	 1.88	 81.87	0.043	  185.48	 28.82
  50.00	  49.57	 6.9279	33.8698	26.5389	 1.88	 81.86	0.042	  185.41	 27.71
  51.00	  50.56	 6.9279	33.8695	26.5387	 1.88	 81.89	0.042	  185.44	 26.63
  52.00	  51.56	 6.9282	33.8688	26.5381	 1.88	 81.97	0.043	  185.34	 25.76
  53.00	  52.55	 6.9285	33.8681	26.5376	 1.88	 81.85	0.042	  185.34	 24.81
  54.00	  53.54	 6.9279	33.8697	26.5389	 1.88	 81.82	0.043	  185.28	 23.65
  55.00	  54.53	 6.9277	33.8697	26.5389	 1.88	 81.82	0.043	  185.30	 22.56
  56.00	  55.52	 6.9277	33.8699	26.5391	 1.88	 81.82	0.042	  185.27	 21.59
  57.00	  56.51	 6.9277	33.8701	26.5392	 1.88	 81.84	0.042	  185.24	 20.61
  58.00	  57.50	 6.9282	33.8697	26.5389	 1.88	 81.85	0.042	  185.15	 19.61
  59.00	  58.49	 6.9284	33.8699	26.5391	 1.88	 81.90	0.043	  185.12	 18.62
  60.00	  59.49	 6.9289	33.8694	26.5386	 1.88	 81.87	0.043	  185.14	 17.62
  61.00	  60.48	 6.9297	33.8695	26.5386	 1.88	 81.91	0.043	  185.06	 16.51
  62.00	  61.47	 6.9295	33.8699	26.5389	 1.88	 81.87	0.043	  185.03	 15.58
  63.00	  62.46	 6.9313	33.8712	26.5397	 1.88	 81.95	0.042	  184.93	 14.50
  64.00	  63.45	 6.9341	33.8740	26.5415	 1.89	 82.02	0.042	  184.90	 13.61
  65.00	  64.44	 6.9357	33.8742	26.5415	 1.89	 82.10	0.043	  184.83	 12.42
  66.00	  65.43	 6.9444	33.8760	26.5417	 1.89	 82.42	0.042	  184.83	 11.49
  67.00	  66.42	 6.9475	33.8757	26.5411	 1.90	 82.63	0.042	  184.69	 10.44
  68.00	  67.42	 6.9592	33.8788	26.5419	 1.90	 82.78	0.041	  183.96	  9.30
