wcoa21_data_management/01_CRUISE_METADATA/00_OCADS_data/CTD_downcasts/WCOA_2021_CTD_downcasts/dRB2102_CTD_007_01_F.txt
* Sea-Bird SBE 9 Data:
* Software Version Seasave V 7.26.7.107
* Vessel: NOAA Ship Ronald H. Brown
* Cruise: RB2102, West Coast Ocean Acidification (WCOA) 2021
* Dates: 20210622 to 20210723
* Region: NE Pacific, USA West Coast
* Ports: San Diego, CA to Port Angeles, WA to San Diego, CA
* Chief Scientists: R. Feely, NOAA PMEL; D. Greeley, NOAA PMEL; B. Carter, NOAA PMEL / UW CICOES
*END*
[from data line 1921]
1924.00	1899.08	 2.0695	34.5765	27.6372	 1.24	 53.95	0.041	  123.01	 84.00
1925.00	1900.07	 2.0682	34.5763	27.6372	 1.24	 54.04	0.041	  123.11	100.05
1926.00	1901.05	 2.0647	34.5762	27.6374	 1.25	 54.12	0.040	  123.10	 99.99
1927.00	1902.03	 2.0636	34.5771	27.6381	 1.25	 54.27	0.041	  123.07	 99.99
1928.00	1903.01	 2.0594	34.5775	27.6388	 1.25	 54.47	0.041	  123.08	 99.99
1929.00	1904.00	 2.0563	34.5777	27.6393	 1.26	 54.59	0.041	  123.08	 99.99
1930.00	1904.98	 2.0546	34.5780	27.6396	 1.26	 54.72	0.041	  123.06	 99.99
1931.00	1905.96	 2.0540	34.5781	27.6397	 1.26	 54.81	0.041	  123.04	 99.99
1932.00	1906.94	 2.0535	34.5781	27.6397	 1.26	 54.88	0.040	  123.07	 99.99
1933.00	1907.93	 2.0527	34.5783	27.6400	 1.26	 54.95	0.041	  123.05	 99.99
1934.00	1908.91	 2.0517	34.5784	27.6402	 1.27	 54.98	0.040	  123.11	 99.99
1935.00	1909.89	 2.0494	34.5785	27.6405	 1.27	 55.05	0.041	  123.06	 99.99
1936.00	1910.87	 2.0491	34.5785	27.6405	 1.27	 55.08	0.041	  123.04	 99.99
1937.00	1911.86	 2.0486	34.5785	27.6405	 1.27	 55.09	0.041	  122.96	 99.99
1938.00	1912.84	 2.0483	34.5786	27.6407	 1.27	 55.14	0.040	  123.01	 99.99
1939.00	1913.82	 2.0482	34.5787	27.6407	 1.27	 55.15	0.041	  123.07	 99.99
1940.00	1914.80	 2.0474	34.5787	27.6407	 1.27	 55.22	0.040	  123.04	 99.99
1941.00	1915.79	 2.0470	34.5787	27.6408	 1.27	 55.22	0.040	  123.04	 99.99
1942.00	1916.77	 2.0462	34.5787	27.6409	 1.27	 55.27	0.040	  123.03	 99.99
1943.00	1917.75	 2.0457	34.5788	27.6410	 1.27	 55.35	0.040	  123.01	 99.99
1944.00	1918.73	 2.0455	34.5789	27.6411	 1.28	 55.44	0.041	  123.04	 99.99
1945.00	1919.72	 2.0451	34.5791	27.6413	 1.27	 55.41	0.040	  123.10	 99.99
1946.00	1920.70	 2.0446	34.5791	27.6413	 1.28	 55.43	0.041	  123.00	 99.99
1947.00	1921.68	 2.0438	34.5792	27.6415	 1.28	 55.50	0.040	  122.99	 99.99
1948.00	1922.66	 2.0406	34.5791	27.6417	 1.28	 55.51	0.040	  122.98	 99.99
1949.00	1923.65	 2.0383	34.5794	27.6421	 1.28	 55.51	0.040	  123.06	 99.99
1950.00	1924.63	 2.0349	34.5793	27.6423	 1.28	 55.65	0.041	  123.04	 99.99
1951.00	1925.61	 2.0322	34.5795	27.6426	 1.28	 55.79	0.041	  123.04	 99.99
1952.00	1926.59	 2.0312	34.5795	27.6427	 1.28	 55.81	0.041	  123.03	 99.99
1953.00	1927.58	 2.0307	34.5794	27.6427	 1.29	 55.86	0.040	  122.88	 99.99
1954.00	1928.56	 2.0289	34.5798	27.6431	 1.29	 55.85	0.040	  123.03	 99.99
1955.00	1929.54	 2.0279	34.5800	27.6434	 1.29	 55.97	0.040	  122.98	 99.98
1956.00	1930.52	 2.0268	34.5802	27.6437	 1.29	 56.05	0.040	  123.06	 99.98
1957.00	1931.51	 2.0263	34.5804	27.6438	 1.29	 56.14	0.041	  123.01	 99.99
1958.00	1932.49	 2.0249	34.5805	27.6441	 1.29	 56.17	0.040	  122.97	 99.98
1959.00	1933.47	 2.0232	34.5807	27.6443	 1.29	 56.16	0.040	  123.03	 99.98
1960.00	1934.45	 2.0228	34.5807	27.6444	 1.29	 56.24	0.040	  122.96	 99.98
1961.00	1935.44	 2.0221	34.5813	27.6449	 1.30	 56.43	0.040	  123.00	 99.99
1962.00	1936.42	 2.0218	34.5813	27.6450	 1.30	 56.40	0.040	  123.01	 99.98
1963.00	1937.40	 2.0217	34.5815	27.6451	 1.30	 56.43	0.041	  122.93	 99.99
1964.00	1938.38	 2.0213	34.5815	27.6452	 1.30	 56.44	0.041	  123.10	 99.99
1965.00	1939.37	 2.0210	34.5816	27.6453	 1.30	 56.50	0.041	  122.94	 99.99
1966.00	1940.35	 2.0203	34.5818	27.6455	 1.30	 56.66	0.040	  122.99	 99.99
1967.00	1941.33	 2.0195	34.5825	27.6461	 1.31	 56.79	0.040	  122.97	 99.99
1968.00	1942.31	 2.0195	34.5829	27.6465	 1.31	 56.72	0.040	  122.93	 99.98
1969.00	1943.30	 2.0197	34.5833	27.6468	 1.31	 56.88	0.040	  122.91	 99.99
1970.00	1944.28	 2.0199	34.5835	27.6469	 1.31	 57.07	0.041	  122.92	 99.98
1971.00	1945.26	 2.0201	34.5835	27.6470	 1.31	 57.13	0.040	  122.87	 99.99
1972.00	1946.24	 2.0201	34.5837	27.6471	 1.32	 57.22	0.041	  122.91	 99.99
1973.00	1947.22	 2.0200	34.5838	27.6472	 1.32	 57.37	0.041	  122.96	 99.98
1974.00	1948.21	 2.0184	34.5843	27.6477	 1.32	 57.40	0.040	  122.85	 99.98
1975.00	1949.19	 2.0147	34.5850	27.6485	 1.32	 57.47	0.041	  122.84	 99.99
1976.00	1950.17	 2.0106	34.5856	27.6493	 1.33	 57.68	0.040	  122.87	 99.99
1977.00	1951.15	 2.0083	34.5859	27.6498	 1.33	 57.86	0.041	  122.89	 99.99
1978.00	1952.14	 2.0057	34.5863	27.6503	 1.33	 57.90	0.040	  122.84	 99.98
1979.00	1953.12	 2.0052	34.5865	27.6505	 1.33	 57.95	0.041	  122.92	 99.98
1980.00	1954.10	 2.0051	34.5866	27.6506	 1.33	 57.99	0.041	  122.88	 99.98
1981.00	1955.08	 2.0049	34.5866	27.6507	 1.34	 58.26	0.041	  122.93	 99.98
1982.00	1956.07	 2.0046	34.5867	27.6507	 1.34	 58.39	0.041	  122.83	 99.98
1983.00	1957.05	 2.0017	34.5876	27.6517	 1.35	 58.54	0.041	  122.94	 99.98
1984.00	1958.03	 2.0005	34.5879	27.6520	 1.35	 58.61	0.040	  122.93	 99.98
1985.00	1959.01	 1.9980	34.5880	27.6523	 1.35	 58.70	0.041	  122.84	 99.98
1986.00	1959.99	 1.9957	34.5883	27.6527	 1.35	 58.78	0.041	  122.86	 99.98
1987.00	1960.98	 1.9947	34.5890	27.6534	 1.36	 58.89	0.040	  122.90	 99.98
1988.00	1961.96	 1.9947	34.5891	27.6534	 1.36	 59.04	0.041	  122.85	 99.98
1989.00	1962.94	 1.9948	34.5892	27.6536	 1.36	 59.13	0.040	  122.86	 99.98
1990.00	1963.92	 1.9948	34.5892	27.6536	 1.36	 59.23	0.041	  122.85	 99.98
1991.00	1964.91	 1.9950	34.5893	27.6536	 1.36	 59.27	0.040	  122.79	 99.98
1992.00	1965.89	 1.9950	34.5893	27.6536	 1.37	 59.40	0.040	  122.91	 99.98
1993.00	1966.87	 1.9940	34.5895	27.6539	 1.37	 59.54	0.041	  122.86	 99.98
1994.00	1967.85	 1.9935	34.5895	27.6539	 1.37	 59.47	0.040	  122.85	 99.98
1995.00	1968.84	 1.9921	34.5897	27.6542	 1.37	 59.47	0.041	  122.81	 99.98
1996.00	1969.82	 1.9905	34.5900	27.6546	 1.37	 59.54	0.041	  122.84	 99.98
1997.00	1970.80	 1.9902	34.5899	27.6545	 1.37	 59.59	0.040	  122.76	 99.98
1998.00	1971.78	 1.9896	34.5900	27.6547	 1.37	 59.58	0.040	  122.87	 99.98
1999.00	1972.76	 1.9891	34.5900	27.6547	 1.37	 59.67	0.040	  122.84	 99.98
2000.00	1973.75	 1.9877	34.5901	27.6548	 1.38	 59.76	0.040	  122.83	 99.98
2001.00	1974.73	 1.9864	34.5902	27.6551	 1.38	 59.84	0.040	  122.81	 99.98
2002.00	1975.71	 1.9850	34.5905	27.6554	 1.38	 59.85	0.041	  122.85	 99.98
2003.00	1976.69	 1.9837	34.5906	27.6556	 1.38	 59.92	0.040	  122.82	 99.98
2004.00	1977.68	 1.9828	34.5908	27.6558	 1.38	 59.93	0.041	  122.82	 99.98
2005.00	1978.66	 1.9825	34.5909	27.6559	 1.38	 60.10	0.041	  122.81	 99.98
2006.00	1979.64	 1.9816	34.5910	27.6561	 1.38	 60.16	0.041	  122.79	 99.98
2007.00	1980.62	 1.9804	34.5912	27.6563	 1.39	 60.22	0.041	  122.83	 99.98
2008.00	1981.60	 1.9793	34.5913	27.6565	 1.39	 60.23	0.041	  122.82	 99.98
2009.00	1982.59	 1.9788	34.5915	27.6567	 1.39	 60.28	0.041	  122.79	 99.98
2010.00	1983.57	 1.9785	34.5915	27.6568	 1.39	 60.32	0.041	  122.81	 99.98
2011.00	1984.55	 1.9777	34.5917	27.6570	 1.39	 60.41	0.040	  122.80	 99.98
2012.00	1985.53	 1.9748	34.5920	27.6575	 1.39	 60.56	0.040	  122.81	 99.98
2013.00	1986.52	 1.9727	34.5925	27.6580	 1.39	 60.60	0.040	  122.80	 99.98
2014.00	1987.50	 1.9720	34.5927	27.6582	 1.40	 60.72	0.040	  122.80	 99.98
2015.00	1988.48	 1.9718	34.5927	27.6583	 1.40	 60.75	0.040	  122.78	 99.98
2016.00	1989.46	 1.9710	34.5931	27.6586	 1.40	 60.86	0.040	  122.76	 99.98
2017.00	1990.44	 1.9700	34.5932	27.6588	 1.40	 60.88	0.040	  122.78	 99.98
2018.00	1991.43	 1.9697	34.5931	27.6588	 1.40	 60.91	0.040	  122.76	 99.98
2019.00	1992.41	 1.9695	34.5931	27.6588	 1.40	 61.01	0.040	  122.76	 99.98
2020.00	1993.39	 1.9674	34.5936	27.6594	 1.41	 61.13	0.040	  122.75	 99.98
2021.00	1994.37	 1.9660	34.5939	27.6597	 1.41	 61.16	0.040	  122.82	 99.98
2022.00	1995.36	 1.9653	34.5941	27.6599	 1.41	 61.23	0.040	  122.79	 99.98
2023.00	1996.34	 1.9643	34.5943	27.6602	 1.41	 61.19	0.040	  122.78	 99.98
2024.00	1997.32	 1.9639	34.5944	27.6603	 1.41	 61.32	0.041	  122.79	 99.98
2025.00	1998.30	 1.9642	34.5944	27.6603	 1.42	 61.50	0.041	  122.76	 99.98
2026.00	1999.28	 1.9636	34.5947	27.6605	 1.42	 61.52	0.040	  122.75	 99.98
2027.00	2000.27	 1.9635	34.5947	27.6605	 1.42	 61.49	0.040	  122.76	 99.98
2028.00	2001.25	 1.9632	34.5947	27.6606	 1.41	 61.48	0.041	  122.78	 99.98
2029.00	2002.23	 1.9624	34.5950	27.6609	 1.42	 61.54	0.041	  122.73	 99.98
2030.00	2003.21	 1.9604	34.5956	27.6615	 1.42	 61.70	0.041	  122.76	 99.98
2031.00	2004.19	 1.9600	34.5957	27.6616	 1.42	 61.83	0.040	  122.77	 99.98
2032.00	2005.18	 1.9599	34.5958	27.6617	 1.42	 61.86	0.040	  122.76	 99.98
2033.00	2006.16	 1.9591	34.5962	27.6622	 1.43	 61.94	0.040	  122.77	 99.98
2034.00	2007.14	 1.9573	34.5964	27.6624	 1.43	 62.06	0.040	  122.79	 99.98
2035.00	2008.12	 1.9564	34.5967	27.6627	 1.43	 62.10	0.040	  122.78	 99.98
2036.00	2009.10	 1.9543	34.5970	27.6631	 1.43	 62.22	0.040	  122.78	 99.98
2037.00	2010.09	 1.9537	34.5970	27.6632	 1.43	 62.31	0.041	  122.76	 99.98
2038.00	2011.07	 1.9527	34.5972	27.6634	 1.44	 62.45	0.040	  122.78	 99.98
2039.00	2012.05	 1.9511	34.5975	27.6638	 1.44	 62.48	0.040	  122.77	 99.98
2040.00	2013.03	 1.9508	34.5976	27.6639	 1.44	 62.48	0.040	  122.79	 99.98
2041.00	2014.02	 1.9504	34.5975	27.6639	 1.44	 62.54	0.040	  122.76	 99.98
2042.00	2015.00	 1.9461	34.5979	27.6646	 1.44	 62.60	0.040	  122.79	 99.98
2043.00	2015.98	 1.9442	34.5980	27.6648	 1.44	 62.70	0.040	  122.71	 99.98
2044.00	2016.96	 1.9440	34.5979	27.6647	 1.45	 62.82	0.040	  122.74	 99.98
2045.00	2017.94	 1.9439	34.5978	27.6647	 1.45	 62.80	0.040	  122.75	 99.98
2046.00	2018.93	 1.9441	34.5979	27.6647	 1.45	 62.85	0.040	  122.75	 99.98
2047.00	2019.91	 1.9419	34.5978	27.6648	 1.45	 62.92	0.040	  122.79	 99.98
2048.00	2020.89	 1.9377	34.5978	27.6651	 1.45	 62.92	0.041	  122.79	 99.98
2049.00	2021.87	 1.9371	34.5979	27.6653	 1.45	 63.10	0.041	  122.71	 99.98
2050.00	2022.85	 1.9366	34.5981	27.6654	 1.45	 63.15	0.040	  122.69	 99.98
2051.00	2023.84	 1.9354	34.5982	27.6656	 1.45	 63.08	0.041	  122.69	 99.98
2052.00	2024.82	 1.9357	34.5987	27.6660	 1.45	 63.14	0.041	  122.70	 99.98
2053.00	2025.80	 1.9360	34.5991	27.6663	 1.46	 63.24	0.041	  122.72	 99.98
2054.00	2026.78	 1.9360	34.5993	27.6665	 1.46	 63.24	0.040	  122.74	 99.98
2055.00	2027.76	 1.9359	34.5993	27.6665	 1.46	 63.33	0.041	  122.72	 99.98
2056.00	2028.75	 1.9352	34.5998	27.6670	 1.46	 63.48	0.040	  122.75	 99.98
2057.00	2029.73	 1.9344	34.5997	27.6669	 1.46	 63.51	0.041	  122.74	 99.98
2058.00	2030.71	 1.9339	34.6000	27.6672	 1.46	 63.53	0.041	  122.71	 99.98
2059.00	2031.69	 1.9338	34.6000	27.6672	 1.46	 63.60	0.041	  122.71	 99.98
2060.00	2032.67	 1.9330	34.6000	27.6673	 1.47	 63.67	0.040	  122.70	 99.98
2061.00	2033.66	 1.9338	34.5999	27.6672	 1.47	 63.85	0.040	  122.75	 99.98
2062.00	2034.64	 1.9301	34.6004	27.6679	 1.47	 63.81	0.040	  122.64	 99.98
2063.00	2035.62	 1.9294	34.6005	27.6680	 1.47	 63.82	0.040	  122.71	 99.98
2064.00	2036.60	 1.9273	34.6006	27.6683	 1.47	 63.83	0.041	  122.58	 99.98
2065.00	2037.58	 1.9237	34.6008	27.6687	 1.47	 63.85	0.040	  122.63	 99.98
2066.00	2038.57	 1.9229	34.6009	27.6689	 1.47	 63.95	0.040	  122.69	 99.98
2067.00	2039.55	 1.9226	34.6008	27.6688	 1.47	 64.06	0.040	  122.66	 99.98
2068.00	2040.53	 1.9245	34.6007	27.6686	 1.48	 64.16	0.040	  122.57	 99.98
2069.00	2041.51	 1.9220	34.6010	27.6690	 1.47	 64.06	0.041	  122.64	 99.98
2070.00	2042.49	 1.9209	34.6013	27.6693	 1.48	 64.16	0.040	  122.69	 99.98
2071.00	2043.47	 1.9208	34.6010	27.6691	 1.48	 64.26	0.041	  122.61	 99.98
2072.00	2044.46	 1.9196	34.6015	27.6696	 1.48	 64.20	0.041	  122.68	 99.98
2073.00	2045.44	 1.9194	34.6012	27.6694	 1.48	 64.26	0.040	  122.63	 99.98
2074.00	2046.42	 1.9202	34.6013	27.6694	 1.48	 64.43	0.040	  122.67	 99.98
2075.00	2047.40	 1.9191	34.6013	27.6695	 1.48	 64.40	0.040	  122.74	 99.98
2076.00	2048.38	 1.9179	34.6019	27.6701	 1.48	 64.49	0.041	  122.69	 99.98
2077.00	2049.37	 1.9164	34.6018	27.6701	 1.49	 64.59	0.041	  122.61	 99.98
2078.00	2050.35	 1.9148	34.6025	27.6708	 1.49	 64.63	0.040	  122.67	 99.98
2079.00	2051.33	 1.9140	34.6026	27.6709	 1.49	 64.71	0.041	  122.66	 99.98
2080.00	2052.31	 1.9136	34.6028	27.6711	 1.49	 64.82	0.041	  122.64	 99.98
2081.00	2053.29	 1.9133	34.6026	27.6710	 1.49	 64.89	0.040	  122.66	 99.98
2082.00	2054.28	 1.9114	34.6029	27.6714	 1.49	 64.91	0.041	  122.62	 99.98
2083.00	2055.26	 1.9111	34.6030	27.6715	 1.49	 64.93	0.041	  122.67	 99.98
2084.00	2056.24	 1.9106	34.6030	27.6715	 1.50	 65.05	0.041	  122.63	 99.98
2085.00	2057.22	 1.9106	34.6031	27.6717	 1.50	 65.12	0.040	  122.63	 99.98
2086.00	2058.20	 1.9109	34.6029	27.6715	 1.50	 65.19	0.041	  122.59	 99.98
2087.00	2059.19	 1.9106	34.6032	27.6718	 1.50	 65.11	0.041	  122.65	 99.98
2088.00	2060.17	 1.9086	34.6030	27.6717	 1.50	 65.10	0.040	  122.60	 99.98
2089.00	2061.15	 1.9054	34.6031	27.6721	 1.50	 65.30	0.041	  122.62	 99.98
2090.00	2062.13	 1.9052	34.6035	27.6724	 1.50	 65.24	0.041	  122.60	 99.98
2091.00	2063.11	 1.9053	34.6032	27.6722	 1.50	 65.29	0.041	  122.61	 99.98
2092.00	2064.09	 1.9051	34.6033	27.6723	 1.50	 65.35	0.041	  122.60	 99.98
2093.00	2065.08	 1.9049	34.6032	27.6722	 1.51	 65.42	0.041	  122.60	 99.98
2094.00	2066.06	 1.9038	34.6037	27.6727	 1.51	 65.49	0.040	  122.61	 99.98
2095.00	2067.04	 1.9021	34.6037	27.6728	 1.51	 65.52	0.041	  122.60	 99.98
2096.00	2068.02	 1.9019	34.6038	27.6730	 1.51	 65.56	0.041	  122.57	 99.98
2097.00	2069.00	 1.9018	34.6035	27.6727	 1.51	 65.64	0.041	  122.63	 99.98
2098.00	2069.99	 1.9017	34.6039	27.6730	 1.51	 65.69	0.041	  122.60	 99.98
2099.00	2070.97	 1.9011	34.6044	27.6735	 1.51	 65.80	0.041	  122.65	 99.98
2100.00	2071.95	 1.9008	34.6042	27.6734	 1.51	 65.68	0.041	  122.54	 99.98
2101.00	2072.93	 1.9010	34.6042	27.6734	 1.51	 65.66	0.041	  122.62	 99.98
2102.00	2073.91	 1.9014	34.6043	27.6734	 1.51	 65.68	0.041	  122.59	 99.98
2103.00	2074.89	 1.9013	34.6042	27.6734	 1.51	 65.70	0.041	  122.60	 99.98
2104.00	2075.88	 1.9015	34.6045	27.6736	 1.51	 65.81	0.040	  122.60	 99.98
2105.00	2076.86	 1.9017	34.6042	27.6734	 1.51	 65.83	0.041	  122.57	 99.98
2106.00	2077.84	 1.9017	34.6044	27.6735	 1.52	 65.85	0.041	  122.52	 99.98
2107.00	2078.82	 1.9020	34.6043	27.6734	 1.52	 65.84	0.041	  122.59	 99.98
2108.00	2079.80	 1.9012	34.6046	27.6737	 1.52	 65.92	0.040	  122.62	 99.98
2109.00	2080.78	 1.9001	34.6053	27.6744	 1.52	 66.05	0.041	  122.56	 99.98
2110.00	2081.77	 1.8994	34.6051	27.6743	 1.52	 66.04	0.041	  122.55	 99.98
2111.00	2082.75	 1.8981	34.6057	27.6748	 1.52	 66.10	0.040	  122.58	 99.98
2112.00	2083.73	 1.8967	34.6057	27.6750	 1.52	 66.12	0.041	  122.48	 99.98
2113.00	2084.71	 1.8965	34.6058	27.6751	 1.52	 66.12	0.041	  122.54	 99.98
2114.00	2085.69	 1.8980	34.6055	27.6747	 1.52	 66.23	0.041	  122.55	 99.98
2115.00	2086.68	 1.8974	34.6058	27.6750	 1.52	 66.26	0.041	  122.55	 99.98
2116.00	2087.66	 1.8962	34.6059	27.6752	 1.52	 66.26	0.040	  122.63	 99.98
2117.00	2088.64	 1.8957	34.6062	27.6755	 1.53	 66.32	0.041	  122.50	 99.98
2118.00	2089.62	 1.8955	34.6059	27.6753	 1.52	 66.25	0.040	  122.61	 99.98
2119.00	2090.60	 1.8951	34.6062	27.6755	 1.53	 66.37	0.040	  122.55	 99.98
2120.00	2091.58	 1.8951	34.6061	27.6755	 1.53	 66.43	0.041	  122.55	 99.98
2121.00	2092.57	 1.8947	34.6063	27.6756	 1.53	 66.41	0.040	  122.56	 99.98
2122.00	2093.55	 1.8948	34.6061	27.6755	 1.53	 66.48	0.040	  122.58	 99.98
2123.00	2094.53	 1.8929	34.6066	27.6760	 1.53	 66.49	0.040	  122.54	 99.98
2124.00	2095.51	 1.8902	34.6070	27.6766	 1.53	 66.65	0.040	  122.62	 99.98
2125.00	2096.49	 1.8890	34.6073	27.6769	 1.54	 66.77	0.041	  122.50	 99.98
2126.00	2097.47	 1.8879	34.6074	27.6771	 1.54	 66.78	0.041	  122.50	 99.98
2127.00	2098.46	 1.8871	34.6075	27.6772	 1.54	 66.81	0.041	  122.51	 99.98
2128.00	2099.44	 1.8862	34.6077	27.6775	 1.54	 66.81	0.040	  122.54	 99.98
2129.00	2100.42	 1.8846	34.6079	27.6777	 1.54	 66.93	0.041	  122.54	 99.98
2130.00	2101.40	 1.8845	34.6079	27.6778	 1.54	 67.10	0.040	  122.58	 99.98
2131.00	2102.38	 1.8842	34.6080	27.6778	 1.55	 67.14	0.040	  122.55	 99.98
2132.00	2103.36	 1.8838	34.6081	27.6780	 1.54	 67.12	0.040	  122.55	 99.98
2133.00	2104.35	 1.8838	34.6083	27.6782	 1.54	 67.12	0.040	  122.53	 99.98
2134.00	2105.33	 1.8830	34.6084	27.6783	 1.55	 67.17	0.040	  122.57	 99.98
2135.00	2106.31	 1.8819	34.6088	27.6787	 1.55	 67.26	0.040	  122.56	 99.98
