wcoa21_data_management/01_CRUISE_METADATA/00_OCADS_data/CTD_downcasts/WCOA_2021_CTD_downcasts/dRB2102_CTD_026_01_F.txt
* Sea-Bird SBE 9 Data:
* Software Version Seasave V 7.26.7.107
* Vessel: NOAA Ship Ronald H. Brown
* Cruise: RB2102, West Coast Ocean Acidification (WCOA) 2021
* Dates: 20210622 to 20210723
* Region: NE Pacific, USA West Coast
* Ports: San Diego, CA to Port Angeles, WA to San Diego, CA
* Chief Scientists: R. Feely, NOAA PMEL; D. Greeley, NOAA PMEL; B. Carter, NOAA PMEL / UW CICOES
*END*
[from data line 214]
 217.00	 215.10	 7.0008	33.9269	26.5760	 2.71	117.79	0.041	  124.20	 99.62
 218.00	 216.09	 6.9864	33.9278	26.5788	 2.70	117.40	0.041	  124.24	 99.62
 219.00	 217.08	 6.9733	33.9289	26.5814	 2.69	117.05	0.041	  124.19	 99.63
 220.00	 218.08	 6.9616	33.9293	26.5833	 2.69	116.88	0.041	  124.19	 99.63
 221.00	 219.07	 6.9527	33.9302	26.5853	 2.68	116.69	0.041	  124.24	 99.63
 222.00	 220.06	 6.9454	33.9303	26.5864	 2.68	116.52	0.041	  124.18	 99.63
 223.00	 221.05	 6.9323	33.9305	26.5883	 2.67	116.19	0.041	  124.21	 99.63
 224.00	 222.04	 6.9257	33.9321	26.5905	 2.66	115.59	0.041	  124.14	 99.63
 225.00	 223.03	 6.9268	33.9347	26.5923	 2.64	114.85	0.041	  124.24	 99.63
 226.00	 224.02	 6.9297	33.9380	26.5946	 2.62	114.03	0.041	  124.19	 99.63
 227.00	 225.01	 6.9272	33.9386	26.5954	 2.59	112.69	0.041	  124.21	 99.63
 228.00	 226.00	 6.9298	33.9425	26.5982	 2.56	111.47	0.041	  124.23	 99.63
 229.00	 226.99	 6.9651	33.9522	26.6010	 2.55	110.78	0.041	  124.21	 99.64
 230.00	 227.98	 6.9440	33.9489	26.6013	 2.54	110.42	0.041	  124.27	 99.64
 231.00	 228.97	 6.9188	33.9485	26.6044	 2.53	109.96	0.041	  124.26	 99.65
 232.00	 229.96	 6.9062	33.9493	26.6068	 2.51	109.14	0.041	  124.26	 99.66
 233.00	 230.95	 6.9079	33.9508	26.6078	 2.49	108.39	0.041	  124.30	 99.66
 234.00	 231.94	 6.9101	33.9533	26.6094	 2.47	107.62	0.041	  124.25	 99.66
 235.00	 232.94	 6.9086	33.9549	26.6109	 2.45	106.73	0.041	  124.26	 99.66
 236.00	 233.93	 6.9134	33.9584	26.6130	 2.43	105.87	0.041	  124.28	 99.67
 237.00	 234.92	 6.9134	33.9605	26.6147	 2.42	105.29	0.041	  124.32	 99.67
 238.00	 235.91	 6.9093	33.9608	26.6155	 2.41	104.85	0.041	  124.19	 99.67
 239.00	 236.90	 6.9002	33.9609	26.6168	 2.40	104.53	0.041	  124.26	 99.68
 240.00	 237.89	 6.8900	33.9617	26.6188	 2.39	104.04	0.041	  124.27	 99.68
 241.00	 238.88	 6.8792	33.9619	26.6204	 2.37	103.28	0.041	  124.26	 99.68
 242.00	 239.87	 6.8707	33.9650	26.6241	 2.35	102.43	0.041	  124.30	 99.68
 243.00	 240.86	 6.8655	33.9664	26.6259	 2.34	101.74	0.042	  124.26	 99.68
 244.00	 241.85	 6.8518	33.9675	26.6286	 2.32	101.10	0.041	  124.35	 99.69
 245.00	 242.84	 6.8417	33.9679	26.6303	 2.30	100.20	0.041	  124.25	 99.69
 246.00	 243.83	 6.8138	33.9676	26.6338	 2.29	 99.69	0.041	  124.31	 99.70
 247.00	 244.82	 6.7893	33.9684	26.6377	 2.29	 99.44	0.041	  124.28	 99.70
 248.00	 245.81	 6.7820	33.9688	26.6390	 2.28	 99.24	0.041	  124.36	 99.70
 249.00	 246.80	 6.7765	33.9682	26.6393	 2.28	 99.18	0.041	  124.33	 99.71
 250.00	 247.79	 6.7567	33.9672	26.6412	 2.28	 99.36	0.041	  124.26	 99.71
 251.00	 248.79	 6.7201	33.9640	26.6436	 2.29	 99.51	0.041	  124.30	 99.71
 252.00	 249.78	 6.7009	33.9628	26.6452	 2.29	 99.52	0.041	  124.34	 99.71
 253.00	 250.77	 6.6957	33.9624	26.6456	 2.28	 99.28	0.041	  124.34	 99.71
 254.00	 251.76	 6.6781	33.9618	26.6475	 2.28	 99.04	0.041	  124.33	 99.71
 255.00	 252.75	 6.6705	33.9634	26.6498	 2.27	 98.62	0.041	  124.35	 99.71
 256.00	 253.74	 6.6705	33.9640	26.6502	 2.26	 98.15	0.041	  124.36	 99.71
 257.00	 254.73	 6.6629	33.9646	26.6517	 2.24	 97.56	0.041	  124.35	 99.71
 258.00	 255.72	 6.6558	33.9656	26.6535	 2.23	 97.01	0.041	  124.31	 99.71
 259.00	 256.71	 6.6493	33.9667	26.6552	 2.22	 96.38	0.041	  124.35	 99.71
 260.00	 257.70	 6.6444	33.9675	26.6565	 2.20	 95.72	0.041	  124.32	 99.72
 261.00	 258.69	 6.6392	33.9692	26.6585	 2.18	 94.96	0.041	  124.34	 99.72
 262.00	 259.68	 6.6296	33.9703	26.6607	 2.17	 94.27	0.041	  124.35	 99.72
 263.00	 260.67	 6.6205	33.9719	26.6632	 2.15	 93.72	0.041	  124.38	 99.73
 264.00	 261.66	 6.6140	33.9723	26.6644	 2.14	 93.03	0.041	  124.36	 99.73
 265.00	 262.65	 6.6027	33.9736	26.6669	 2.12	 92.40	0.041	  124.34	 99.73
 266.00	 263.64	 6.5907	33.9737	26.6686	 2.12	 92.21	0.041	  124.43	 99.73
 267.00	 264.63	 6.5775	33.9734	26.6701	 2.12	 92.06	0.041	  124.42	 99.73
 268.00	 265.62	 6.5660	33.9739	26.6720	 2.12	 92.03	0.041	  124.36	 99.73
 269.00	 266.62	 6.5581	33.9730	26.6723	 2.11	 91.84	0.041	  124.38	 99.74
 270.00	 267.61	 6.5505	33.9747	26.6747	 2.11	 91.75	0.041	  124.36	 99.74
 271.00	 268.60	 6.5498	33.9749	26.6749	 2.11	 91.57	0.041	  124.40	 99.73
 272.00	 269.59	 6.5482	33.9747	26.6750	 2.10	 91.49	0.041	  124.42	 99.74
 273.00	 270.58	 6.5464	33.9746	26.6752	 2.10	 91.38	0.041	  124.40	 99.74
 274.00	 271.57	 6.5436	33.9743	26.6753	 2.10	 91.27	0.041	  124.40	 99.75
 275.00	 272.56	 6.5347	33.9736	26.6760	 2.10	 91.23	0.041	  124.42	 99.74
 276.00	 273.55	 6.5288	33.9740	26.6771	 2.10	 91.38	0.041	  124.47	 99.74
 277.00	 274.54	 6.5165	33.9728	26.6777	 2.11	 91.62	0.041	  124.44	 99.74
 278.00	 275.53	 6.5035	33.9725	26.6792	 2.11	 91.58	0.041	  124.43	 99.75
 279.00	 276.52	 6.4956	33.9718	26.6797	 2.09	 91.07	0.041	  124.36	 99.75
 280.00	 277.51	 6.4906	33.9733	26.6816	 2.08	 90.56	0.041	  124.45	 99.75
 281.00	 278.50	 6.4800	33.9755	26.6847	 2.08	 90.28	0.041	  124.46	 99.74
 282.00	 279.49	 6.4556	33.9751	26.6876	 2.07	 89.91	0.041	  124.43	 99.75
 283.00	 280.48	 6.4364	33.9760	26.6908	 2.05	 89.26	0.041	  124.46	 99.75
 284.00	 281.47	 6.4226	33.9762	26.6928	 2.04	 88.70	0.041	  124.52	 99.76
 285.00	 282.46	 6.4151	33.9762	26.6937	 2.03	 88.50	0.041	  124.41	 99.76
 286.00	 283.45	 6.4071	33.9758	26.6945	 2.03	 88.34	0.041	  124.45	 99.76
 287.00	 284.44	 6.4004	33.9758	26.6954	 2.03	 88.26	0.041	  124.49	 99.76
 288.00	 285.43	 6.3968	33.9759	26.6960	 2.02	 87.99	0.041	  124.44	 99.76
 289.00	 286.42	 6.3965	33.9767	26.6966	 2.01	 87.24	0.041	  124.48	 99.76
 290.00	 287.41	 6.4005	33.9793	26.6982	 1.99	 86.43	0.041	  124.49	 99.76
 291.00	 288.40	 6.3973	33.9812	26.7001	 1.97	 85.84	0.041	  124.50	 99.76
 292.00	 289.39	 6.3954	33.9820	26.7010	 1.96	 85.07	0.041	  124.43	 99.76
 293.00	 290.39	 6.3921	33.9829	26.7021	 1.93	 84.01	0.041	  124.48	 99.76
 294.00	 291.38	 6.3755	33.9857	26.7065	 1.91	 83.12	0.041	  124.47	 99.77
 295.00	 292.37	 6.3610	33.9858	26.7085	 1.90	 82.44	0.041	  124.53	 99.77
 296.00	 293.36	 6.3335	33.9859	26.7121	 1.88	 81.82	0.041	  124.52	 99.78
 297.00	 294.35	 6.3049	33.9867	26.7164	 1.87	 81.16	0.041	  124.52	 99.78
 298.00	 295.34	 6.2913	33.9866	26.7181	 1.85	 80.46	0.041	  124.53	 99.78
 299.00	 296.33	 6.2518	33.9862	26.7228	 1.84	 79.90	0.041	  124.53	 99.78
 300.00	 297.32	 6.2343	33.9885	26.7269	 1.82	 79.34	0.041	  124.53	 99.78
 301.00	 298.31	 6.2204	33.9888	26.7290	 1.81	 78.87	0.041	  124.59	 99.78
 302.00	 299.30	 6.2167	33.9894	26.7299	 1.80	 78.36	0.041	  124.55	 99.78
 303.00	 300.29	 6.2153	33.9898	26.7305	 1.79	 77.84	0.041	  124.55	 99.78
 304.00	 301.28	 6.2151	33.9916	26.7319	 1.78	 77.36	0.041	  124.51	 99.79
 305.00	 302.27	 6.2168	33.9933	26.7330	 1.77	 76.95	0.041	  124.60	 99.79
 306.00	 303.26	 6.2110	33.9937	26.7340	 1.76	 76.53	0.041	  124.52	 99.79
 307.00	 304.25	 6.2119	33.9954	26.7353	 1.75	 75.96	0.041	  124.52	 99.80
 308.00	 305.24	 6.2092	33.9961	26.7362	 1.73	 75.38	0.041	  124.54	 99.80
 309.00	 306.23	 6.1989	33.9955	26.7371	 1.72	 74.83	0.041	  124.62	 99.80
 310.00	 307.22	 6.1875	33.9958	26.7388	 1.71	 74.29	0.041	  124.57	 99.80
 311.00	 308.21	 6.1732	33.9989	26.7431	 1.70	 73.90	0.041	  124.56	 99.80
 312.00	 309.20	 6.1575	33.9989	26.7451	 1.69	 73.51	0.041	  124.56	 99.80
 313.00	 310.19	 6.1473	33.9998	26.7471	 1.68	 73.20	0.041	  124.53	 99.80
 314.00	 311.18	 6.1464	33.9997	26.7471	 1.68	 72.90	0.041	  124.60	 99.81
 315.00	 312.17	 6.1462	33.9997	26.7471	 1.67	 72.76	0.041	  124.55	 99.81
 316.00	 313.16	 6.1434	33.9996	26.7475	 1.67	 72.52	0.041	  124.52	 99.81
 317.00	 314.15	 6.1365	33.9999	26.7486	 1.66	 72.04	0.041	  124.59	 99.82
 318.00	 315.14	 6.1224	34.0003	26.7507	 1.65	 71.62	0.041	  124.56	 99.81
 319.00	 316.13	 6.1065	34.0019	26.7540	 1.64	 71.36	0.041	  124.65	 99.82
 320.00	 317.12	 6.1024	34.0020	26.7546	 1.64	 71.12	0.041	  124.56	 99.83
 321.00	 318.11	 6.0885	34.0018	26.7562	 1.63	 70.93	0.041	  124.58	 99.83
 322.00	 319.10	 6.0828	34.0024	26.7574	 1.63	 70.76	0.041	  124.57	 99.82
 323.00	 320.09	 6.0791	34.0028	26.7582	 1.62	 70.48	0.041	  124.59	 99.83
 324.00	 321.08	 6.0752	34.0033	26.7590	 1.61	 70.10	0.041	  124.58	 99.83
 325.00	 322.07	 6.0692	34.0035	26.7600	 1.60	 69.65	0.041	  124.54	 99.83
 326.00	 323.07	 6.0553	34.0049	26.7629	 1.59	 69.09	0.041	  124.59	 99.83
 327.00	 324.06	 6.0396	34.0069	26.7665	 1.58	 68.58	0.041	  124.62	 99.83
 328.00	 325.05	 6.0321	34.0083	26.7685	 1.57	 68.22	0.041	  124.60	 99.83
 329.00	 326.04	 6.0262	34.0088	26.7696	 1.56	 67.99	0.041	  124.65	 99.83
 330.00	 327.03	 6.0231	34.0092	26.7703	 1.56	 67.78	0.041	  124.61	 99.83
 331.00	 328.02	 6.0202	34.0094	26.7709	 1.55	 67.60	0.041	  124.62	 99.83
 332.00	 329.01	 6.0167	34.0092	26.7712	 1.55	 67.47	0.041	  124.64	 99.83
 333.00	 330.00	 6.0142	34.0093	26.7716	 1.55	 67.39	0.041	  124.58	 99.83
 334.00	 330.99	 6.0125	34.0094	26.7719	 1.55	 67.22	0.042	  124.61	 99.83
 335.00	 331.98	 6.0111	34.0098	26.7724	 1.54	 67.08	0.041	  124.63	 99.83
 336.00	 332.97	 6.0106	34.0099	26.7725	 1.54	 66.92	0.041	  124.60	 99.83
 337.00	 333.96	 6.0102	34.0100	26.7727	 1.52	 66.31	0.041	  124.67	 99.83
 338.00	 334.95	 6.0078	34.0133	26.7756	 1.51	 65.62	0.041	  124.63	 99.84
 339.00	 335.94	 6.0085	34.0182	26.7794	 1.50	 65.11	0.041	  124.73	 99.84
 340.00	 336.93	 6.0107	34.0199	26.7805	 1.49	 64.65	0.041	  124.65	 99.84
 341.00	 337.92	 6.0135	34.0210	26.7810	 1.48	 64.29	0.041	  124.65	 99.84
 342.00	 338.91	 6.0109	34.0205	26.7810	 1.47	 63.86	0.041	  124.69	 99.84
 343.00	 339.90	 6.0133	34.0224	26.7822	 1.46	 63.42	0.041	  124.58	 99.85
 344.00	 340.89	 6.0170	34.0234	26.7825	 1.45	 62.92	0.041	  124.69	 99.85
 345.00	 341.88	 5.9952	34.0227	26.7847	 1.43	 62.21	0.041	  124.70	 99.85
 346.00	 342.87	 5.9821	34.0263	26.7892	 1.40	 60.89	0.041	  124.66	 99.85
 347.00	 343.86	 6.0391	34.0433	26.7955	 1.35	 58.92	0.041	  124.66	 99.85
 348.00	 344.85	 6.0912	34.0529	26.7966	 1.32	 57.20	0.041	  124.64	 99.85
 349.00	 345.84	 6.0902	34.0542	26.7976	 1.30	 56.41	0.041	  124.57	 99.86
 350.00	 346.83	 6.0883	34.0549	26.7985	 1.29	 56.04	0.041	  124.66	 99.87
 351.00	 347.82	 6.0894	34.0552	26.7986	 1.28	 55.87	0.041	  124.69	 99.87
 352.00	 348.81	 6.0889	34.0550	26.7985	 1.28	 55.70	0.041	  124.66	 99.87
 353.00	 349.80	 6.0770	34.0529	26.7983	 1.28	 55.62	0.041	  124.61	 99.88
 354.00	 350.79	 6.0657	34.0544	26.8010	 1.27	 55.45	0.041	  124.64	 99.88
 355.00	 351.78	 6.0620	34.0545	26.8015	 1.27	 55.40	0.041	  124.67	 99.88
 356.00	 352.77	 6.0593	34.0541	26.8016	 1.27	 55.34	0.041	  124.68	 99.88
 357.00	 353.76	 6.0554	34.0539	26.8019	 1.27	 55.30	0.041	  124.70	 99.88
 358.00	 354.75	 6.0557	34.0541	26.8021	 1.27	 55.33	0.041	  124.68	 99.88
 359.00	 355.74	 6.0508	34.0523	26.8013	 1.28	 55.47	0.041	  124.68	 99.88
 360.00	 356.73	 6.0307	34.0511	26.8028	 1.28	 55.62	0.041	  124.66	 99.88
 361.00	 357.72	 6.0189	34.0490	26.8027	 1.28	 55.86	0.041	  124.69	 99.88
 362.00	 358.71	 6.0090	34.0483	26.8034	 1.29	 56.02	0.041	  124.73	 99.88
 363.00	 359.70	 5.9999	34.0465	26.8031	 1.30	 56.35	0.041	  124.67	 99.88
 364.00	 360.69	 5.9746	34.0421	26.8028	 1.30	 56.71	0.041	  124.69	 99.88
 365.00	 361.68	 5.8921	34.0350	26.8075	 1.31	 57.18	0.041	  124.77	 99.88
 366.00	 362.67	 5.8315	34.0325	26.8130	 1.32	 57.51	0.041	  124.78	 99.88
 367.00	 363.66	 5.7986	34.0324	26.8170	 1.32	 57.56	0.041	  124.72	 99.88
 368.00	 364.65	 5.7880	34.0319	26.8179	 1.32	 57.53	0.041	  124.73	 99.88
 369.00	 365.64	 5.7763	34.0316	26.8191	 1.32	 57.52	0.041	  124.68	 92.87
 370.00	 366.63	 5.7730	34.0315	26.8194	 1.32	 57.45	0.040	  124.70	 67.42
 371.00	 367.62	 5.7675	34.0310	26.8197	 1.32	 57.42	0.041	  124.72	 99.77
 372.00	 368.61	 5.7579	34.0306	26.8206	 1.32	 57.26	0.041	  124.72	 99.88
 373.00	 369.60	 5.7493	34.0306	26.8217	 1.31	 57.14	0.041	  124.77	 99.88
 374.00	 370.59	 5.7475	34.0315	26.8226	 1.31	 57.05	0.041	  124.71	 99.88
 375.00	 371.58	 5.7464	34.0319	26.8231	 1.31	 56.88	0.041	  124.73	 99.88
 376.00	 372.57	 5.7398	34.0318	26.8238	 1.30	 56.64	0.041	  124.70	 99.88
 377.00	 373.56	 5.7199	34.0324	26.8267	 1.30	 56.42	0.042	  124.66	 99.88
 378.00	 374.55	 5.7102	34.0334	26.8287	 1.29	 56.22	0.041	  124.71	 99.88
 379.00	 375.54	 5.6968	34.0331	26.8301	 1.29	 55.96	0.041	  124.68	 99.88
 380.00	 376.53	 5.6807	34.0343	26.8330	 1.28	 55.60	0.041	  124.69	 99.88
 381.00	 377.52	 5.6774	34.0360	26.8347	 1.27	 55.13	0.041	  124.78	 99.88
 382.00	 378.51	 5.6869	34.0401	26.8368	 1.26	 54.66	0.041	  124.80	 99.88
 383.00	 379.50	 5.6879	34.0406	26.8371	 1.25	 54.35	0.041	  124.78	 99.88
 384.00	 380.49	 5.6851	34.0410	26.8378	 1.24	 54.10	0.041	  124.73	 99.88
 385.00	 381.48	 5.6882	34.0423	26.8385	 1.24	 53.78	0.041	  124.76	 99.88
 386.00	 382.47	 5.6863	34.0428	26.8391	 1.23	 53.57	0.041	  124.72	 99.88
 387.00	 383.46	 5.6833	34.0435	26.8401	 1.23	 53.51	0.041	  124.72	 99.88
 388.00	 384.45	 5.6830	34.0436	26.8402	 1.23	 53.47	0.041	  124.75	 99.88
 389.00	 385.44	 5.6831	34.0435	26.8401	 1.23	 53.31	0.041	  124.68	 99.89
 390.00	 386.43	 5.6855	34.0448	26.8408	 1.22	 53.26	0.041	  124.72	 99.89
 391.00	 387.42	 5.6888	34.0453	26.8408	 1.22	 53.03	0.041	  124.68	 99.89
 392.00	 388.41	 5.6926	34.0466	26.8414	 1.21	 52.82	0.041	  124.79	 99.88
 393.00	 389.40	 5.6999	34.0480	26.8417	 1.21	 52.54	0.041	  124.72	 99.89
 394.00	 390.39	 5.7016	34.0488	26.8421	 1.20	 52.29	0.041	  124.69	 99.89
 395.00	 391.38	 5.7017	34.0494	26.8425	 1.20	 52.08	0.041	  124.72	 99.89
 396.00	 392.37	 5.7029	34.0502	26.8431	 1.19	 51.88	0.041	  124.71	 99.89
 397.00	 393.36	 5.7032	34.0525	26.8448	 1.18	 51.53	0.041	  124.73	 99.89
 398.00	 394.35	 5.6948	34.0523	26.8457	 1.18	 51.40	0.041	  124.74	 99.90
 399.00	 395.34	 5.6714	34.0482	26.8453	 1.18	 51.51	0.042	  124.75	 99.89
 400.00	 396.33	 5.6480	34.0441	26.8449	 1.18	 51.52	0.042	  124.71	 99.90
 401.00	 397.32	 5.6231	34.0473	26.8505	 1.19	 51.56	0.041	  124.69	 99.90
 402.00	 398.31	 5.6237	34.0476	26.8507	 1.18	 51.50	0.041	  124.75	 99.90
 403.00	 399.30	 5.6000	34.0463	26.8525	 1.18	 51.51	0.041	  124.76	 99.90
 404.00	 400.29	 5.5866	34.0464	26.8542	 1.18	 51.43	0.041	  124.79	 99.90
 405.00	 401.28	 5.5744	34.0454	26.8549	 1.18	 51.43	0.041	  124.75	 99.90
 406.00	 402.27	 5.5689	34.0455	26.8557	 1.18	 51.27	0.041	  124.67	 99.90
 407.00	 403.26	 5.5653	34.0461	26.8565	 1.18	 51.19	0.041	  124.76	 99.90
 408.00	 404.25	 5.5622	34.0462	26.8570	 1.17	 50.95	0.041	  124.70	 99.90
 409.00	 405.24	 5.5531	34.0471	26.8589	 1.17	 50.71	0.041	  124.71	 99.89
 410.00	 406.23	 5.5457	34.0481	26.8605	 1.16	 50.36	0.041	  124.74	 99.90
 411.00	 407.22	 5.5363	34.0499	26.8631	 1.15	 50.09	0.041	  124.76	 99.90
 412.00	 408.21	 5.5314	34.0525	26.8658	 1.14	 49.71	0.041	  124.71	 99.90
 413.00	 409.20	 5.5294	34.0539	26.8671	 1.13	 49.20	0.041	  124.76	 99.90
 414.00	 410.19	 5.5282	34.0546	26.8678	 1.12	 48.88	0.041	  124.75	 99.90
 415.00	 411.18	 5.5243	34.0554	26.8689	 1.12	 48.73	0.042	  124.78	 99.90
 416.00	 412.17	 5.5226	34.0558	26.8694	 1.12	 48.68	0.042	  124.68	 99.90
 417.00	 413.16	 5.5223	34.0558	26.8695	 1.12	 48.56	0.041	  124.72	 99.90
 418.00	 414.15	 5.5219	34.0560	26.8697	 1.11	 48.36	0.041	  124.67	 99.90
 419.00	 415.13	 5.5203	34.0577	26.8713	 1.10	 48.03	0.041	  124.71	 99.90
 420.00	 416.12	 5.5177	34.0595	26.8730	 1.10	 47.65	0.041	  124.73	 99.90
 421.00	 417.11	 5.5166	34.0602	26.8737	 1.09	 47.44	0.041	  124.75	 99.90
 422.00	 418.10	 5.5150	34.0607	26.8743	 1.09	 47.27	0.041	  124.72	 99.90
 423.00	 419.09	 5.5141	34.0610	26.8746	 1.08	 47.15	0.041	  124.71	 99.90
 424.00	 420.08	 5.5127	34.0613	26.8750	 1.08	 46.95	0.041	  124.73	 99.91
 425.00	 421.07	 5.5102	34.0620	26.8760	 1.08	 46.82	0.041	  124.74	 99.91
 426.00	 422.06	 5.5020	34.0631	26.8778	 1.07	 46.65	0.042	  124.75	 99.91
 427.00	 423.05	 5.4968	34.0641	26.8792	 1.07	 46.39	0.041	  124.68	 99.91
 428.00	 424.04	 5.4957	34.0644	26.8796	 1.06	 46.25	0.041	  124.68	 99.91
