wcoa21_data_management/01_CRUISE_METADATA/00_OCADS_data/CTD_downcasts/WCOA_2021_CTD_downcasts/dRB2102_CTD_110_01_F.txt
* Sea-Bird SBE 9 Data:
* Software Version Seasave V 7.26.7.107
* Vessel: NOAA Ship Ronald H. Brown
* Cruise: RB2102, West Coast Ocean Acidification (WCOA) 2021
* Dates: 20210622 to 20210723
* Region: NE Pacific, USA West Coast
* Ports: San Diego, CA to Port Angeles, WA to San Diego, CA
* Chief Scientists: R. Feely, NOAA PMEL; D. Greeley, NOAA PMEL; B. Carter, NOAA PMEL / UW CICOES
*END*
[from data line 1067]
1069.00	1058.67	 3.8203	34.4864	27.4040	 0.60	 25.88	0.040	  144.61	100.00
1070.00	1059.65	 3.8195	34.4866	27.4043	 0.60	 25.87	0.040	  144.53	100.00
1071.00	1060.64	 3.8184	34.4865	27.4044	 0.59	 25.61	0.042	  144.59	100.00
1072.00	1061.63	 3.8166	34.4867	27.4047	 0.59	 25.83	0.041	  144.56	100.00
1073.00	1062.62	 3.8141	34.4869	27.4051	 0.60	 25.96	0.040	  144.58	100.00
1074.00	1063.60	 3.8128	34.4870	27.4053	 0.60	 25.92	0.040	  144.56	100.00
1075.00	1064.59	 3.8120	34.4871	27.4055	 0.60	 25.92	0.040	  144.57	100.00
1076.00	1065.58	 3.8106	34.4873	27.4058	 0.60	 25.95	0.040	  144.60	100.00
1077.00	1066.57	 3.8092	34.4872	27.4059	 0.60	 26.01	0.040	  144.62	100.00
1078.00	1067.56	 3.8072	34.4873	27.4062	 0.60	 26.15	0.040	  144.59	100.00
1079.00	1068.54	 3.8060	34.4875	27.4065	 0.60	 26.15	0.040	  144.56	100.00
1080.00	1069.53	 3.8026	34.4874	27.4067	 0.60	 26.14	0.040	  144.61	100.00
1081.00	1070.52	 3.7993	34.4879	27.4075	 0.60	 26.17	0.041	  144.57	100.00
1082.00	1071.51	 3.7954	34.4880	27.4080	 0.60	 26.18	0.040	  144.54	100.00
1083.00	1072.49	 3.7923	34.4880	27.4083	 0.60	 26.25	0.040	  144.54	100.00
1084.00	1073.48	 3.7841	34.4884	27.4094	 0.61	 26.42	0.040	  144.54	100.00
1085.00	1074.47	 3.7825	34.4886	27.4097	 0.61	 26.52	0.040	  144.59	100.00
1086.00	1075.46	 3.7821	34.4888	27.4099	 0.61	 26.49	0.040	  144.52	100.00
1087.00	1076.45	 3.7813	34.4886	27.4098	 0.61	 26.49	0.040	  144.59	100.00
1088.00	1077.43	 3.7772	34.4889	27.4105	 0.61	 26.48	0.040	  144.60	100.00
1089.00	1078.42	 3.7748	34.4893	27.4110	 0.61	 26.56	0.041	  144.55	100.00
1090.00	1079.41	 3.7715	34.4893	27.4114	 0.61	 26.73	0.041	  144.57	100.00
1091.00	1080.40	 3.7675	34.4896	27.4121	 0.62	 26.78	0.040	  144.53	100.00
1092.00	1081.38	 3.7636	34.4896	27.4124	 0.62	 26.78	0.040	  144.49	100.00
1093.00	1082.37	 3.7605	34.4901	27.4131	 0.62	 26.90	0.041	  144.45	100.00
1094.00	1083.36	 3.7591	34.4902	27.4134	 0.62	 26.94	0.041	  144.48	100.00
1095.00	1084.35	 3.7561	34.4901	27.4136	 0.62	 26.95	0.040	  144.52	100.00
1096.00	1085.33	 3.7530	34.4903	27.4141	 0.62	 27.05	0.041	  144.51	100.00
1097.00	1086.32	 3.7514	34.4901	27.4141	 0.62	 27.06	0.041	  144.54	100.00
1098.00	1087.31	 3.7446	34.4902	27.4148	 0.62	 27.04	0.040	  144.51	100.00
1099.00	1088.30	 3.7402	34.4910	27.4159	 0.62	 27.08	0.040	  144.52	100.00
1100.00	1089.29	 3.7393	34.4912	27.4162	 0.62	 27.11	0.041	  144.56	100.00
1101.00	1090.27	 3.7394	34.4914	27.4164	 0.63	 27.27	0.040	  144.46	100.00
1102.00	1091.26	 3.7386	34.4915	27.4165	 0.63	 27.27	0.040	  144.47	100.00
1103.00	1092.25	 3.7363	34.4912	27.4165	 0.63	 27.31	0.040	  144.44	100.00
1104.00	1093.24	 3.7315	34.4915	27.4172	 0.63	 27.35	0.042	  144.49	100.00
1105.00	1094.22	 3.7269	34.4920	27.4181	 0.63	 27.49	0.041	  144.46	100.00
1106.00	1095.21	 3.7242	34.4924	27.4187	 0.64	 27.63	0.040	  144.49	100.00
1107.00	1096.20	 3.7206	34.4927	27.4193	 0.64	 27.65	0.040	  144.53	100.00
1108.00	1097.19	 3.7182	34.4930	27.4198	 0.63	 27.52	0.041	  144.53	100.00
1109.00	1098.17	 3.7178	34.4930	27.4198	 0.63	 27.59	0.040	  144.52	100.00
1110.00	1099.16	 3.7136	34.4933	27.4205	 0.64	 27.68	0.040	  144.55	100.00
1111.00	1100.15	 3.7088	34.4932	27.4209	 0.63	 27.53	0.040	  144.47	100.00
1112.00	1101.14	 3.7068	34.4935	27.4213	 0.63	 27.53	0.040	  144.46	100.00
1113.00	1102.12	 3.7058	34.4936	27.4215	 0.64	 27.61	0.040	  144.44	100.00
1114.00	1103.11	 3.7036	34.4929	27.4212	 0.63	 27.53	0.040	  144.44	100.00
1115.00	1104.10	 3.6954	34.4923	27.4215	 0.63	 27.57	0.041	  144.45	100.00
1116.00	1105.09	 3.6888	34.4920	27.4219	 0.64	 27.66	0.042	  144.44	100.00
1117.00	1106.08	 3.6844	34.4936	27.4236	 0.64	 27.89	0.041	  144.39	100.00
1118.00	1107.06	 3.6875	34.4946	27.4241	 0.64	 27.89	0.041	  144.43	100.00
1119.00	1108.05	 3.6848	34.4948	27.4246	 0.64	 27.89	0.042	  144.40	100.00
1120.00	1109.04	 3.6822	34.4947	27.4248	 0.64	 27.95	0.041	  144.42	100.00
1121.00	1110.03	 3.6798	34.4950	27.4252	 0.65	 28.13	0.040	  144.42	100.00
1122.00	1111.01	 3.6779	34.4952	27.4256	 0.65	 28.19	0.040	  144.37	100.00
1123.00	1112.00	 3.6741	34.4952	27.4260	 0.65	 28.11	0.042	  144.42	100.00
1124.00	1112.99	 3.6711	34.4955	27.4265	 0.65	 28.08	0.041	  144.40	100.00
1125.00	1113.98	 3.6677	34.4952	27.4266	 0.65	 28.14	0.040	  144.39	100.00
1126.00	1114.96	 3.6641	34.4951	27.4268	 0.65	 28.10	0.040	  144.40	100.00
1127.00	1115.95	 3.6572	34.4955	27.4279	 0.65	 28.24	0.041	  144.33	100.00
1128.00	1116.94	 3.6541	34.4962	27.4288	 0.65	 28.36	0.041	  144.35	100.00
1129.00	1117.93	 3.6540	34.4964	27.4289	 0.66	 28.48	0.041	  144.41	100.00
1130.00	1118.91	 3.6509	34.4962	27.4291	 0.65	 28.39	0.040	  144.33	100.00
1131.00	1119.90	 3.6478	34.4961	27.4293	 0.65	 28.41	0.040	  144.31	100.00
1132.00	1120.89	 3.6450	34.4967	27.4300	 0.65	 28.40	0.040	  144.35	100.00
1133.00	1121.88	 3.6423	34.4966	27.4303	 0.65	 28.43	0.040	  144.33	100.00
1134.00	1122.86	 3.6403	34.4967	27.4306	 0.66	 28.48	0.040	  144.39	100.00
1135.00	1123.85	 3.6380	34.4970	27.4311	 0.66	 28.53	0.040	  144.56	100.00
1136.00	1124.84	 3.6370	34.4975	27.4315	 0.66	 28.67	0.040	  144.43	100.00
1137.00	1125.83	 3.6329	34.4978	27.4322	 0.66	 28.77	0.040	  144.38	100.00
1138.00	1126.81	 3.6307	34.4980	27.4325	 0.66	 28.71	0.041	  144.35	100.00
1139.00	1127.80	 3.6223	34.4983	27.4336	 0.66	 28.70	0.041	  144.32	100.00
1140.00	1128.79	 3.6202	34.4990	27.4344	 0.66	 28.78	0.040	  144.38	100.00
1141.00	1129.78	 3.6201	34.4991	27.4345	 0.66	 28.87	0.040	  144.32	100.00
1142.00	1130.76	 3.6202	34.4991	27.4345	 0.67	 28.96	0.040	  144.38	100.00
1143.00	1131.75	 3.6200	34.4993	27.4347	 0.67	 29.05	0.040	  144.32	100.00
1144.00	1132.74	 3.6183	34.4997	27.4351	 0.67	 29.06	0.040	  144.37	100.00
1145.00	1133.73	 3.6130	34.5009	27.4366	 0.67	 29.21	0.041	  144.32	100.00
1146.00	1134.71	 3.6121	34.5009	27.4367	 0.68	 29.35	0.042	  144.35	100.00
1147.00	1135.70	 3.6097	34.5014	27.4374	 0.68	 29.38	0.041	  144.28	100.00
1148.00	1136.69	 3.6074	34.5012	27.4375	 0.68	 29.54	0.040	  144.34	100.00
1149.00	1137.68	 3.6051	34.5017	27.4381	 0.68	 29.62	0.040	  144.32	100.00
1150.00	1138.66	 3.6034	34.5020	27.4385	 0.68	 29.51	0.040	  144.34	100.00
1151.00	1139.65	 3.6019	34.5019	27.4386	 0.68	 29.53	0.041	  144.34	100.00
1152.00	1140.64	 3.5990	34.5022	27.4391	 0.68	 29.64	0.041	  144.33	100.00
1153.00	1141.63	 3.5937	34.5024	27.4398	 0.69	 29.83	0.041	  144.32	100.00
1154.00	1142.61	 3.5879	34.5031	27.4409	 0.69	 29.84	0.041	  144.31	100.00
1155.00	1143.60	 3.5857	34.5034	27.4414	 0.69	 29.89	0.040	  144.30	100.00
1156.00	1144.59	 3.5843	34.5037	27.4417	 0.69	 30.07	0.040	  144.26	100.00
1157.00	1145.57	 3.5838	34.5038	27.4419	 0.69	 30.03	0.040	  144.30	100.00
1158.00	1146.56	 3.5838	34.5038	27.4419	 0.69	 29.97	0.040	  144.31	100.00
1159.00	1147.55	 3.5833	34.5038	27.4419	 0.69	 29.99	0.040	  144.37	100.00
1160.00	1148.54	 3.5806	34.5044	27.4427	 0.69	 30.14	0.040	  144.34	100.00
1161.00	1149.52	 3.5791	34.5046	27.4430	 0.70	 30.23	0.040	  144.23	100.00
1162.00	1150.51	 3.5782	34.5046	27.4431	 0.69	 30.18	0.040	  144.20	100.00
1163.00	1151.50	 3.5773	34.5046	27.4432	 0.69	 30.17	0.040	  144.26	100.00
1164.00	1152.49	 3.5756	34.5046	27.4434	 0.70	 30.28	0.041	  144.29	100.00
1165.00	1153.47	 3.5741	34.5048	27.4437	 0.70	 30.34	0.042	  144.28	100.00
1166.00	1154.46	 3.5704	34.5050	27.4442	 0.70	 30.34	0.041	  144.25	100.00
1167.00	1155.45	 3.5657	34.5054	27.4450	 0.70	 30.41	0.040	  144.19	100.00
1168.00	1156.44	 3.5622	34.5055	27.4454	 0.70	 30.57	0.041	  144.23	100.00
1169.00	1157.42	 3.5564	34.5060	27.4463	 0.70	 30.63	0.041	  144.26	100.00
1170.00	1158.41	 3.5514	34.5062	27.4470	 0.70	 30.63	0.040	  144.25	100.00
1171.00	1159.40	 3.5495	34.5063	27.4473	 0.70	 30.58	0.040	  144.20	100.00
1172.00	1160.39	 3.5480	34.5063	27.4474	 0.70	 30.59	0.040	  144.20	100.00
1173.00	1161.37	 3.5445	34.5059	27.4474	 0.70	 30.60	0.040	  144.19	100.00
1174.00	1162.36	 3.5391	34.5059	27.4480	 0.70	 30.61	0.041	  144.21	100.00
1175.00	1163.35	 3.5377	34.5064	27.4485	 0.70	 30.61	0.040	  144.21	100.00
1176.00	1164.33	 3.5389	34.5067	27.4487	 0.70	 30.64	0.040	  144.21	100.00
1177.00	1165.32	 3.5365	34.5068	27.4490	 0.71	 30.67	0.040	  144.21	100.00
1178.00	1166.31	 3.5352	34.5071	27.4494	 0.71	 30.65	0.040	  144.20	100.00
1179.00	1167.30	 3.5339	34.5068	27.4492	 0.71	 30.65	0.040	  144.17	100.00
1180.00	1168.28	 3.5300	34.5069	27.4497	 0.71	 30.66	0.040	  144.12	100.00
1181.00	1169.27	 3.5292	34.5071	27.4499	 0.71	 30.67	0.040	  144.21	100.00
1182.00	1170.26	 3.5287	34.5070	27.4499	 0.71	 30.68	0.040	  144.21	100.00
1183.00	1171.25	 3.5272	34.5072	27.4503	 0.71	 30.71	0.040	  144.19	100.00
1184.00	1172.23	 3.5264	34.5076	27.4507	 0.71	 30.81	0.040	  144.18	100.00
1185.00	1173.22	 3.5265	34.5075	27.4506	 0.71	 31.06	0.040	  144.14	100.00
1186.00	1174.21	 3.5256	34.5075	27.4507	 0.72	 31.08	0.040	  144.19	100.00
1187.00	1175.19	 3.5195	34.5081	27.4518	 0.72	 31.11	0.040	  144.09	100.00
1188.00	1176.18	 3.5144	34.5090	27.4530	 0.72	 31.22	0.040	  144.18	100.00
1189.00	1177.17	 3.5108	34.5095	27.4537	 0.72	 31.23	0.040	  144.14	100.00
1190.00	1178.16	 3.5038	34.5098	27.4546	 0.72	 31.37	0.040	  144.12	100.00
1191.00	1179.14	 3.4998	34.5104	27.4555	 0.72	 31.50	0.040	  144.12	100.00
1192.00	1180.13	 3.4996	34.5104	27.4555	 0.72	 31.50	0.040	  144.15	100.00
1193.00	1181.12	 3.4988	34.5102	27.4554	 0.72	 31.48	0.040	  144.12	100.00
1194.00	1182.11	 3.4971	34.5104	27.4557	 0.72	 31.48	0.041	  144.15	100.00
1195.00	1183.09	 3.4954	34.5105	27.4560	 0.73	 31.58	0.042	  144.11	100.00
1196.00	1184.08	 3.4911	34.5108	27.4566	 0.73	 31.74	0.042	  144.13	100.00
1197.00	1185.07	 3.4873	34.5114	27.4575	 0.73	 31.77	0.040	  144.13	100.00
1198.00	1186.05	 3.4860	34.5115	27.4577	 0.73	 31.78	0.040	  144.13	100.00
1199.00	1187.04	 3.4847	34.5117	27.4580	 0.73	 31.79	0.040	  144.09	100.00
1200.00	1188.03	 3.4836	34.5118	27.4582	 0.73	 31.90	0.040	  144.08	100.00
1201.00	1189.02	 3.4820	34.5117	27.4583	 0.74	 32.05	0.041	  144.06	100.00
1202.00	1190.00	 3.4807	34.5119	27.4586	 0.74	 32.06	0.041	  144.09	100.00
1203.00	1190.99	 3.4788	34.5119	27.4588	 0.74	 32.06	0.040	  144.11	100.00
1204.00	1191.98	 3.4749	34.5123	27.4595	 0.74	 32.04	0.040	  144.06	100.00
1205.00	1192.96	 3.4729	34.5123	27.4597	 0.74	 32.07	0.040	  144.04	100.00
1206.00	1193.95	 3.4692	34.5126	27.4603	 0.74	 32.22	0.040	  144.02	100.00
1207.00	1194.94	 3.4651	34.5131	27.4611	 0.74	 32.35	0.040	  144.07	100.00
1208.00	1195.93	 3.4631	34.5133	27.4614	 0.74	 32.33	0.042	  144.05	100.00
1209.00	1196.91	 3.4621	34.5135	27.4617	 0.74	 32.31	0.040	  143.99	100.00
1210.00	1197.90	 3.4616	34.5136	27.4619	 0.74	 32.30	0.040	  144.07	100.00
1211.00	1198.89	 3.4614	34.5138	27.4620	 0.74	 32.36	0.040	  144.06	100.00
1212.00	1199.87	 3.4614	34.5137	27.4620	 0.75	 32.40	0.040	  144.08	100.00
1213.00	1200.86	 3.4613	34.5136	27.4619	 0.75	 32.43	0.040	  144.07	100.00
1214.00	1201.85	 3.4610	34.5134	27.4618	 0.75	 32.48	0.040	  144.04	100.00
1215.00	1202.84	 3.4581	34.5138	27.4623	 0.75	 32.50	0.041	  144.06	100.00
1216.00	1203.82	 3.4540	34.5137	27.4627	 0.75	 32.61	0.040	  144.04	100.00
1217.00	1204.81	 3.4481	34.5147	27.4640	 0.75	 32.59	0.040	  144.06	100.00
1218.00	1205.80	 3.4467	34.5146	27.4641	 0.75	 32.65	0.040	  144.02	100.00
1219.00	1206.78	 3.4446	34.5146	27.4644	 0.75	 32.72	0.040	  144.06	100.00
1220.00	1207.77	 3.4439	34.5148	27.4645	 0.75	 32.80	0.040	  144.07	100.00
1221.00	1208.76	 3.4433	34.5148	27.4646	 0.76	 32.85	0.040	  144.06	100.00
1222.00	1209.75	 3.4420	34.5149	27.4648	 0.76	 32.85	0.041	  144.01	100.00
1223.00	1210.73	 3.4399	34.5152	27.4653	 0.76	 32.87	0.041	  144.04	100.00
1224.00	1211.72	 3.4395	34.5152	27.4653	 0.76	 32.92	0.040	  144.04	100.00
1225.00	1212.71	 3.4396	34.5152	27.4653	 0.76	 32.87	0.040	  144.06	100.00
1226.00	1213.69	 3.4393	34.5153	27.4654	 0.76	 32.88	0.040	  144.01	100.00
1227.00	1214.68	 3.4383	34.5152	27.4654	 0.76	 32.88	0.040	  144.07	100.00
1228.00	1215.67	 3.4358	34.5152	27.4657	 0.76	 32.89	0.040	  144.06	100.00
1229.00	1216.66	 3.4341	34.5155	27.4661	 0.76	 32.90	0.040	  143.96	100.00
1230.00	1217.64	 3.4329	34.5155	27.4662	 0.76	 32.92	0.040	  143.97	100.00
1231.00	1218.63	 3.4300	34.5158	27.4668	 0.76	 33.03	0.040	  144.03	100.00
1232.00	1219.62	 3.4287	34.5161	27.4671	 0.76	 33.06	0.040	  144.01	100.00
1233.00	1220.60	 3.4286	34.5162	27.4672	 0.76	 32.91	0.040	  143.97	100.00
1234.00	1221.59	 3.4287	34.5162	27.4672	 0.76	 33.07	0.040	  143.98	100.00
1235.00	1222.58	 3.4279	34.5161	27.4672	 0.76	 33.21	0.040	  144.03	100.00
1236.00	1223.57	 3.4263	34.5163	27.4676	 0.76	 33.14	0.040	  144.04	100.00
1237.00	1224.55	 3.4255	34.5165	27.4678	 0.76	 33.16	0.040	  143.96	100.00
1238.00	1225.54	 3.4252	34.5164	27.4677	 0.76	 33.19	0.040	  143.96	100.00
1239.00	1226.53	 3.4244	34.5167	27.4681	 0.76	 33.22	0.040	  143.97	100.00
1240.00	1227.51	 3.4239	34.5167	27.4681	 0.76	 33.20	0.040	  144.06	100.00
1241.00	1228.50	 3.4226	34.5165	27.4681	 0.76	 33.19	0.040	  143.96	100.00
1242.00	1229.49	 3.4186	34.5166	27.4686	 0.76	 33.25	0.040	  144.00	100.00
1243.00	1230.47	 3.4121	34.5169	27.4694	 0.77	 33.39	0.041	  143.90	100.00
1244.00	1231.46	 3.4079	34.5175	27.4703	 0.77	 33.58	0.040	  143.95	100.00
1245.00	1232.45	 3.4051	34.5175	27.4705	 0.77	 33.56	0.040	  143.96	100.00
1246.00	1233.44	 3.4032	34.5179	27.4711	 0.77	 33.62	0.040	  143.98	100.00
1247.00	1234.42	 3.4019	34.5177	27.4711	 0.77	 33.52	0.040	  144.01	100.00
1248.00	1235.41	 3.3984	34.5180	27.4717	 0.77	 33.55	0.040	  143.94	100.00
1249.00	1236.40	 3.3976	34.5184	27.4720	 0.78	 33.70	0.040	  143.92	100.00
1250.00	1237.38	 3.3963	34.5183	27.4721	 0.78	 33.81	0.040	  143.91	100.00
1251.00	1238.37	 3.3931	34.5187	27.4727	 0.78	 33.79	0.040	  143.95	100.00
1252.00	1239.36	 3.3923	34.5187	27.4728	 0.78	 33.83	0.041	  143.92	100.00
1253.00	1240.34	 3.3897	34.5186	27.4729	 0.78	 33.82	0.041	  143.88	100.00
1254.00	1241.33	 3.3867	34.5190	27.4735	 0.78	 33.81	0.040	  143.91	100.00
1255.00	1242.32	 3.3840	34.5191	27.4739	 0.78	 33.94	0.040	  143.91	100.00
1256.00	1243.30	 3.3798	34.5195	27.4746	 0.78	 34.11	0.040	  143.90	100.00
1257.00	1244.29	 3.3784	34.5197	27.4749	 0.79	 34.13	0.040	  143.90	100.00
1258.00	1245.28	 3.3761	34.5197	27.4751	 0.79	 34.13	0.041	  143.91	100.00
1259.00	1246.27	 3.3733	34.5200	27.4757	 0.78	 34.11	0.041	  143.84	100.00
1260.00	1247.25	 3.3708	34.5201	27.4760	 0.79	 34.14	0.040	  143.91	100.00
1261.00	1248.24	 3.3694	34.5201	27.4762	 0.79	 34.15	0.040	  143.91	100.00
1262.00	1249.23	 3.3664	34.5204	27.4767	 0.79	 34.21	0.040	  143.90	100.00
1263.00	1250.21	 3.3650	34.5207	27.4770	 0.79	 34.30	0.040	  143.88	100.00
1264.00	1251.20	 3.3640	34.5207	27.4771	 0.79	 34.40	0.040	  143.88	100.00
1265.00	1252.19	 3.3626	34.5208	27.4774	 0.79	 34.42	0.041	  143.93	100.00
1266.00	1253.17	 3.3613	34.5209	27.4775	 0.79	 34.42	0.040	  143.88	100.00
1267.00	1254.16	 3.3587	34.5209	27.4779	 0.79	 34.42	0.040	  143.88	100.00
1268.00	1255.15	 3.3537	34.5212	27.4786	 0.79	 34.53	0.041	  143.85	100.00
1269.00	1256.13	 3.3502	34.5215	27.4791	 0.80	 34.58	0.041	  143.89	100.00
1270.00	1257.12	 3.3486	34.5217	27.4795	 0.80	 34.64	0.040	  143.90	100.00
1271.00	1258.11	 3.3474	34.5217	27.4795	 0.80	 34.65	0.040	  143.85	100.00
1272.00	1259.10	 3.3448	34.5219	27.4800	 0.80	 34.80	0.040	  143.83	100.00
1273.00	1260.08	 3.3430	34.5219	27.4801	 0.80	 34.75	0.040	  143.85	100.00
1274.00	1261.07	 3.3396	34.5220	27.4806	 0.80	 34.68	0.040	  143.87	100.00
1275.00	1262.06	 3.3343	34.5222	27.4812	 0.80	 34.77	0.040	  143.88	100.00
1276.00	1263.04	 3.3325	34.5227	27.4818	 0.80	 34.88	0.040	  143.85	100.00
1277.00	1264.03	 3.3323	34.5227	27.4818	 0.81	 35.01	0.040	  143.85	100.00
1278.00	1265.02	 3.3319	34.5229	27.4820	 0.80	 34.93	0.040	  143.77	100.00
1279.00	1266.00	 3.3304	34.5228	27.4821	 0.80	 34.93	0.040	  143.90	100.00
1280.00	1266.99	 3.3292	34.5231	27.4824	 0.81	 35.06	0.040	  143.91	100.00
1281.00	1267.98	 3.3283	34.5231	27.4825	 0.81	 35.00	0.040	  143.90	100.00
