wcoa21_data_management/01_CRUISE_METADATA/00_OCADS_data/CTD_downcasts/WCOA_2021_CTD_downcasts/dRB2102_CTD_084_01_F.txt
* Sea-Bird SBE 9 Data:
* Software Version Seasave V 7.26.7.107
* Vessel: NOAA Ship Ronald H. Brown
* Cruise: RB2102, West Coast Ocean Acidification (WCOA) 2021
* Dates: 20210622 to 20210723
* Region: NE Pacific, USA West Coast
* Ports: San Diego, CA to Port Angeles, WA to San Diego, CA
* Chief Scientists: R. Feely, NOAA PMEL; D. Greeley, NOAA PMEL; B. Carter, NOAA PMEL / UW CICOES
*END*
   3.00	   2.98	11.5988	33.8711	25.7875	 5.94	258.80	0.121	  179.22	 87.99
   4.00	   3.97	11.5978	33.8715	25.7880	 5.94	258.58	0.117	  179.19	 87.76
   5.00	   4.96	11.5966	33.8715	25.7882	 5.95	259.02	0.124	  178.91	 86.84
   6.00	   5.96	11.5966	33.8715	25.7883	 5.96	259.55	0.121	  178.80	 86.19
   7.00	   6.95	11.5955	33.8715	25.7885	 5.96	259.29	0.122	  178.75	 84.83
   8.00	   7.94	11.5955	33.8714	25.7884	 5.96	259.30	0.125	  178.72	 83.96
   9.00	   8.93	11.5959	33.8715	25.7884	 5.98	260.18	0.127	  178.68	 82.95
  10.00	   9.93	11.5963	33.8713	25.7882	 5.97	260.01	0.122	  178.65	 81.85
  11.00	  10.92	11.5977	33.8714	25.7881	 5.98	260.27	0.127	  178.60	 80.79
  12.00	  11.91	11.5975	33.8715	25.7882	 5.97	259.77	0.124	  178.61	 79.96
  13.00	  12.90	11.5972	33.8714	25.7882	 5.98	260.22	0.123	  178.54	 78.93
  14.00	  13.89	11.5938	33.8715	25.7889	 5.98	260.28	0.122	  178.51	 77.94
  15.00	  14.89	11.5972	33.8715	25.7883	 5.99	260.75	0.126	  178.47	 77.03
  16.00	  15.88	11.5987	33.8714	25.7880	 5.99	260.71	0.123	  178.40	 76.05
  17.00	  16.87	11.5989	33.8714	25.7880	 6.00	261.02	0.124	  178.38	 74.93
  18.00	  17.86	11.5979	33.8714	25.7882	 6.00	261.02	0.126	  178.34	 73.80
  19.00	  18.86	11.5975	33.8713	25.7882	 5.99	260.66	0.125	  178.33	 72.89
  20.00	  19.85	11.5930	33.8707	25.7886	 5.97	259.88	0.126	  178.27	 72.20
  21.00	  20.84	11.5712	33.8689	25.7913	 5.94	258.47	0.124	  178.24	 71.11
  22.00	  21.83	11.5350	33.8666	25.7962	 5.90	256.69	0.122	  178.19	 70.13
  23.00	  22.83	11.5193	33.8666	25.7991	 5.76	250.98	0.125	  178.18	 69.01
  24.00	  23.82	11.3318	33.8493	25.8200	 5.48	238.49	0.107	  178.18	 67.93
  25.00	  24.81	11.1484	33.8338	25.8413	 5.28	230.01	0.089	  178.28	 66.76
  26.00	  25.80	11.1268	33.8322	25.8439	 5.08	221.21	0.082	  178.26	 65.92
  27.00	  26.80	10.7904	33.7781	25.8619	 4.63	201.72	0.079	  178.41	 65.27
  28.00	  27.79	10.4744	33.7478	25.8936	 4.46	194.05	0.063	  178.55	 64.02
  29.00	  28.78	10.3149	33.7305	25.9077	 4.23	184.01	0.055	  178.61	 62.89
  30.00	  29.77	10.1003	33.7140	25.9314	 4.06	176.81	0.049	  178.76	 62.18
  31.00	  30.77	10.0592	33.7218	25.9445	 4.03	175.47	0.046	  178.77	 60.98
  32.00	  31.76	10.0389	33.7265	25.9516	 3.96	172.27	0.045	  178.76	 59.98
  33.00	  32.75	10.0130	33.7340	25.9618	 3.88	169.03	0.045	  178.76	 59.24
  34.00	  33.74	 9.9662	33.7365	25.9717	 3.79	165.09	0.045	  178.82	 58.13
  35.00	  34.74	 9.8513	33.7355	25.9902	 3.69	160.43	0.045	  178.91	 57.14
  36.00	  35.73	 9.8117	33.7645	26.0195	 3.65	159.02	0.045	  178.92	 55.89
  37.00	  36.72	 9.8029	33.7813	26.0341	 3.58	155.65	0.044	  178.96	 54.93
  38.00	  37.71	 9.7950	33.7925	26.0442	 3.48	151.48	0.044	  178.98	 54.18
  39.00	  38.70	 9.8080	33.8126	26.0577	 3.32	144.36	0.044	  178.97	 53.27
  40.00	  39.70	 9.9327	33.8594	26.0734	 3.18	138.57	0.043	  178.99	 52.06
  41.00	  40.69	 9.9543	33.8770	26.0836	 3.13	136.22	0.043	  179.00	 51.04
  42.00	  41.68	 9.9236	33.8814	26.0922	 3.13	136.16	0.043	  179.00	 49.97
  43.00	  42.67	 9.9269	33.8884	26.0971	 3.06	133.25	0.043	  178.99	 48.89
  44.00	  43.67	 9.9137	33.9037	26.1113	 2.93	127.70	0.042	  179.06	 48.01
  45.00	  44.66	 9.8669	33.9168	26.1294	 2.85	124.08	0.043	  179.04	 47.05
  46.00	  45.65	 9.8038	33.9242	26.1458	 2.84	123.61	0.042	  179.08	 45.97
  47.00	  46.64	 9.7408	33.9322	26.1625	 2.79	121.23	0.042	  179.13	 45.03
  48.00	  47.64	 9.7302	33.9337	26.1655	 2.77	120.67	0.042	  179.19	 44.20
  49.00	  48.63	 9.7197	33.9351	26.1683	 2.74	119.46	0.042	  179.15	 43.08
  50.00	  49.62	 9.6960	33.9390	26.1753	 2.71	118.15	0.042	  179.18	 41.85
  51.00	  50.61	 9.6720	33.9403	26.1803	 2.66	115.87	0.042	  179.17	 40.85
  52.00	  51.60	 9.6158	33.9486	26.1961	 2.62	114.02	0.042	  179.20	 39.90
  53.00	  52.60	 9.5982	33.9540	26.2033	 2.60	113.06	0.042	  179.19	 38.94
  54.00	  53.59	 9.5830	33.9559	26.2072	 2.59	112.75	0.042	  179.19	 37.92
  55.00	  54.58	 9.5700	33.9569	26.2102	 2.57	111.92	0.042	  179.18	 36.96
  56.00	  55.57	 9.5586	33.9579	26.2129	 2.56	111.36	0.042	  179.18	 35.93
  57.00	  56.57	 9.5455	33.9593	26.2161	 2.53	110.13	0.042	  179.17	 34.87
  58.00	  57.56	 9.5144	33.9633	26.2244	 2.46	106.89	0.042	  179.18	 33.92
  59.00	  58.55	 9.4907	33.9661	26.2304	 2.36	102.90	0.041	  179.18	 33.03
  60.00	  59.54	 9.4471	33.9738	26.2436	 2.35	102.44	0.042	  179.18	 31.93
  61.00	  60.54	 9.4369	33.9763	26.2472	 2.34	101.89	0.042	  179.20	 30.76
  62.00	  61.53	 9.4370	33.9764	26.2473	 2.34	101.63	0.042	  179.17	 29.87
  63.00	  62.52	 9.4323	33.9769	26.2486	 2.33	101.48	0.042	  179.21	 28.92
  64.00	  63.51	 9.4311	33.9771	26.2489	 2.33	101.57	0.042	  179.20	 27.94
  65.00	  64.50	 9.4315	33.9770	26.2488	 2.32	101.08	0.041	  179.17	 26.77
  66.00	  65.50	 9.4252	33.9772	26.2500	 2.31	100.56	0.041	  179.20	 25.87
  67.00	  66.49	 9.4158	33.9773	26.2516	 2.31	100.60	0.042	  179.12	 24.95
  68.00	  67.48	 9.4163	33.9772	26.2515	 2.31	100.47	0.042	  179.16	 23.83
  69.00	  68.47	 9.4169	33.9769	26.2511	 2.30	100.00	0.042	  179.07	 22.92
  70.00	  69.47	 9.4128	33.9773	26.2521	 2.30	100.19	0.042	  179.11	 22.05
  71.00	  70.46	 9.4128	33.9773	26.2522	 2.30	100.24	0.042	  179.08	 20.98
  72.00	  71.45	 9.4130	33.9771	26.2520	 2.30	100.16	0.043	  179.07	 19.72
  73.00	  72.44	 9.4132	33.9771	26.2519	 2.30	100.06	0.042	  179.04	 18.77
  74.00	  73.43	 9.4131	33.9771	26.2520	 2.30	100.13	0.042	  179.08	 17.80
  75.00	  74.43	 9.4131	33.9771	26.2520	 2.30	100.15	0.042	  179.04	 16.82
  76.00	  75.42	 9.4146	33.9768	26.2516	 2.30	100.04	0.042	  178.95	 15.70
  77.00	  76.41	 9.4136	33.9769	26.2518	 2.29	 99.76	0.042	  178.88	 14.62
  78.00	  77.40	 9.4134	33.9769	26.2518	 2.29	 99.76	0.042	  178.86	 13.69
  79.00	  78.39	 9.4140	33.9768	26.2517	 2.29	 99.72	0.042	  178.78	 12.65
  80.00	  79.39	 9.4122	33.9767	26.2520	 2.29	 99.52	0.043	  178.63	 11.64
  81.00	  80.38	 9.4104	33.9767	26.2522	 2.28	 99.40	0.041	  178.56	 10.60
  82.00	  81.37	 9.4110	33.9766	26.2521	 2.29	 99.46	0.042	  178.47	  9.63
  83.00	  82.36	 9.4115	33.9766	26.2520	 2.29	 99.48	0.042	  178.40	  8.60
  84.00	  83.36	 9.4116	33.9766	26.2520	 2.28	 99.35	0.042	  178.29	  7.64
  85.00	  84.35	 9.4117	33.9766	26.2521	 2.28	 99.33	0.042	  178.27	  6.69
  86.00	  85.34	 9.4118	33.9766	26.2520	 2.28	 99.43	0.041	  177.82	  5.40
