wcoa21_data_management/01_CRUISE_METADATA/00_OCADS_data/CTD_downcasts/WCOA_2021_CTD_downcasts/dRB2102_CTD_107_01_F.txt
* Sea-Bird SBE 9 Data:
* Software Version Seasave V 7.26.7.107
* Vessel: NOAA Ship Ronald H. Brown
* Cruise: RB2102, West Coast Ocean Acidification (WCOA) 2021
* Dates: 20210622 to 20210723
* Region: NE Pacific, USA West Coast
* Ports: San Diego, CA to Port Angeles, WA to San Diego, CA
* Chief Scientists: R. Feely, NOAA PMEL; D. Greeley, NOAA PMEL; B. Carter, NOAA PMEL / UW CICOES
*END*
[from data line 2774]
2777.00	2738.87	 1.7142	34.6539	27.7314	 2.49	108.14	0.040	  152.86	 99.92
2778.00	2739.85	 1.7141	34.6539	27.7314	 2.49	108.08	0.040	  152.83	 99.92
2779.00	2740.83	 1.7135	34.6540	27.7316	 2.49	108.17	0.040	  152.84	 99.93
2780.00	2741.81	 1.7128	34.6541	27.7317	 2.49	108.27	0.040	  152.84	 99.92
2781.00	2742.79	 1.7123	34.6540	27.7316	 2.49	108.26	0.040	  152.82	 99.92
2782.00	2743.77	 1.7117	34.6543	27.7320	 2.50	108.44	0.040	  152.86	 99.92
2783.00	2744.75	 1.7115	34.6543	27.7320	 2.49	108.38	0.040	  152.81	 99.92
2784.00	2745.73	 1.7113	34.6542	27.7319	 2.49	108.38	0.040	  152.86	 99.92
2785.00	2746.71	 1.7108	34.6542	27.7319	 2.49	108.37	0.040	  152.84	 99.92
2786.00	2747.69	 1.7109	34.6542	27.7320	 2.50	108.42	0.040	  152.85	 99.92
2787.00	2748.67	 1.7105	34.6542	27.7320	 2.50	108.51	0.040	  152.88	 99.91
2788.00	2749.65	 1.7103	34.6543	27.7321	 2.50	108.47	0.040	  152.84	 99.92
2789.00	2750.63	 1.7098	34.6543	27.7322	 2.50	108.46	0.040	  152.87	 99.92
2790.00	2751.61	 1.7093	34.6543	27.7322	 2.50	108.51	0.040	  152.87	 99.92
2791.00	2752.59	 1.7087	34.6543	27.7322	 2.50	108.50	0.040	  152.86	 99.91
2792.00	2753.57	 1.7079	34.6544	27.7323	 2.50	108.55	0.040	  152.84	 99.92
2793.00	2754.55	 1.7075	34.6543	27.7323	 2.50	108.54	0.040	  152.86	 99.92
2794.00	2755.53	 1.7062	34.6544	27.7325	 2.50	108.59	0.040	  152.84	 99.92
2795.00	2756.51	 1.7058	34.6543	27.7325	 2.50	108.61	0.040	  152.88	 99.92
2796.00	2757.49	 1.7055	34.6544	27.7325	 2.50	108.65	0.040	  152.89	 99.92
2797.00	2758.47	 1.7055	34.6545	27.7327	 2.50	108.57	0.040	  152.84	 99.92
2798.00	2759.45	 1.7056	34.6544	27.7326	 2.50	108.61	0.040	  152.86	 99.91
2799.00	2760.43	 1.7054	34.6545	27.7327	 2.50	108.53	0.040	  152.85	 99.92
2800.00	2761.41	 1.7050	34.6545	27.7327	 2.50	108.64	0.039	  152.83	 99.92
2801.00	2762.39	 1.7044	34.6546	27.7329	 2.50	108.70	0.040	  152.83	 99.92
2802.00	2763.37	 1.7043	34.6547	27.7329	 2.50	108.78	0.039	  152.80	 99.92
2803.00	2764.35	 1.7042	34.6547	27.7329	 2.51	108.86	0.040	  152.82	 99.92
2804.00	2765.33	 1.7041	34.6548	27.7330	 2.50	108.78	0.039	  152.84	 99.92
2805.00	2766.31	 1.7040	34.6547	27.7330	 2.50	108.72	0.040	  152.84	 99.92
2806.00	2767.29	 1.7036	34.6547	27.7330	 2.51	108.94	0.040	  152.81	 99.92
2807.00	2768.27	 1.7032	34.6549	27.7332	 2.51	109.02	0.040	  152.86	 99.92
2808.00	2769.25	 1.7026	34.6548	27.7331	 2.51	109.05	0.040	  152.76	 99.92
2809.00	2770.23	 1.7019	34.6550	27.7334	 2.51	109.12	0.040	  152.77	 99.92
2810.00	2771.21	 1.7015	34.6550	27.7334	 2.51	109.27	0.040	  152.77	 99.92
2811.00	2772.19	 1.7013	34.6551	27.7335	 2.51	109.22	0.040	  152.78	 99.92
2812.00	2773.17	 1.7012	34.6551	27.7336	 2.51	109.20	0.040	  152.76	 99.92
2813.00	2774.15	 1.7012	34.6552	27.7336	 2.51	109.19	0.040	  152.72	 99.92
2814.00	2775.13	 1.7012	34.6552	27.7336	 2.51	109.26	0.040	  152.81	 99.92
2815.00	2776.11	 1.7010	34.6551	27.7336	 2.52	109.40	0.040	  152.77	 99.92
2816.00	2777.09	 1.7006	34.6552	27.7337	 2.51	109.28	0.040	  152.80	 99.92
2817.00	2778.07	 1.7005	34.6551	27.7336	 2.51	109.18	0.040	  152.78	 99.91
2818.00	2779.05	 1.7004	34.6551	27.7336	 2.52	109.54	0.040	  152.80	 99.92
2819.00	2780.03	 1.7002	34.6552	27.7338	 2.52	109.53	0.040	  152.83	 99.92
2820.00	2781.01	 1.7000	34.6552	27.7338	 2.52	109.35	0.040	  152.76	 99.92
2821.00	2781.99	 1.6998	34.6553	27.7339	 2.52	109.36	0.040	  152.81	 99.92
2822.00	2782.97	 1.6996	34.6552	27.7338	 2.52	109.47	0.040	  152.80	 99.92
2823.00	2783.95	 1.6992	34.6554	27.7340	 2.53	109.87	0.040	  152.80	 99.92
2824.00	2784.93	 1.6991	34.6554	27.7340	 2.52	109.70	0.040	  152.78	 99.92
2825.00	2785.91	 1.6988	34.6553	27.7340	 2.52	109.65	0.040	  152.76	 99.92
2826.00	2786.89	 1.6982	34.6554	27.7341	 2.53	109.81	0.039	  152.76	 99.92
2827.00	2787.87	 1.6973	34.6554	27.7342	 2.53	109.84	0.040	  152.71	 99.92
2828.00	2788.85	 1.6966	34.6555	27.7343	 2.53	109.79	0.040	  152.73	 99.92
2829.00	2789.83	 1.6965	34.6554	27.7343	 2.53	109.81	0.040	  152.68	 99.92
2830.00	2790.81	 1.6965	34.6555	27.7343	 2.53	109.82	0.040	  152.70	 99.92
2831.00	2791.78	 1.6955	34.6554	27.7343	 2.53	109.85	0.040	  152.73	 99.92
2832.00	2792.76	 1.6948	34.6556	27.7345	 2.53	109.86	0.039	  152.81	 99.91
2833.00	2793.74	 1.6946	34.6557	27.7346	 2.53	109.88	0.039	  152.75	 99.92
2834.00	2794.72	 1.6945	34.6558	27.7347	 2.53	109.90	0.039	  152.69	 99.92
2835.00	2795.70	 1.6944	34.6557	27.7347	 2.53	109.92	0.040	  152.72	 99.91
2836.00	2796.68	 1.6942	34.6556	27.7346	 2.53	109.94	0.040	  152.79	 99.91
2837.00	2797.66	 1.6937	34.6558	27.7348	 2.53	109.99	0.040	  152.69	 99.91
2838.00	2798.64	 1.6934	34.6559	27.7349	 2.53	110.00	0.040	  152.71	 99.91
2839.00	2799.62	 1.6932	34.6559	27.7349	 2.53	109.99	0.040	  152.76	 99.92
2840.00	2800.60	 1.6932	34.6559	27.7349	 2.53	110.08	0.040	  152.75	 99.91
2841.00	2801.58	 1.6932	34.6559	27.7349	 2.53	110.05	0.040	  152.71	 99.92
2842.00	2802.56	 1.6928	34.6557	27.7348	 2.53	110.07	0.040	  152.76	 99.91
2843.00	2803.54	 1.6920	34.6559	27.7351	 2.53	110.14	0.040	  152.68	 99.91
2844.00	2804.52	 1.6917	34.6560	27.7352	 2.54	110.17	0.040	  152.70	 99.92
2845.00	2805.50	 1.6914	34.6561	27.7353	 2.54	110.27	0.040	  152.69	 99.91
2846.00	2806.48	 1.6913	34.6561	27.7353	 2.54	110.47	0.040	  152.67	 99.92
2847.00	2807.46	 1.6908	34.6561	27.7353	 2.54	110.38	0.040	  152.71	 99.91
2848.00	2808.44	 1.6906	34.6561	27.7353	 2.54	110.34	0.040	  152.62	 99.92
2849.00	2809.42	 1.6903	34.6560	27.7353	 2.54	110.43	0.040	  152.66	 99.92
2850.00	2810.40	 1.6898	34.6560	27.7353	 2.55	110.60	0.040	  152.75	 99.92
2851.00	2811.38	 1.6894	34.6561	27.7355	 2.54	110.54	0.040	  152.69	 99.92
2852.00	2812.36	 1.6890	34.6563	27.7356	 2.54	110.47	0.040	  152.64	 99.92
2853.00	2813.34	 1.6887	34.6563	27.7356	 2.54	110.52	0.040	  152.66	 99.92
2854.00	2814.32	 1.6885	34.6562	27.7356	 2.54	110.48	0.040	  152.62	 99.92
2855.00	2815.30	 1.6884	34.6563	27.7357	 2.55	110.61	0.040	  152.71	 99.92
2856.00	2816.28	 1.6883	34.6563	27.7357	 2.55	110.64	0.040	  152.69	 99.91
2857.00	2817.26	 1.6883	34.6564	27.7358	 2.54	110.54	0.040	  152.63	 99.91
2858.00	2818.24	 1.6884	34.6565	27.7359	 2.55	110.61	0.040	  152.65	 99.92
2859.00	2819.21	 1.6885	34.6563	27.7357	 2.54	110.55	0.040	  152.63	 99.92
2860.00	2820.19	 1.6884	34.6564	27.7358	 2.54	110.59	0.040	  152.65	 99.92
2861.00	2821.17	 1.6879	34.6564	27.7359	 2.55	110.70	0.040	  152.57	 99.92
2862.00	2822.15	 1.6879	34.6564	27.7359	 2.54	110.52	0.040	  152.66	 99.92
2863.00	2823.13	 1.6877	34.6564	27.7359	 2.54	110.57	0.040	  152.61	 99.92
2864.00	2824.11	 1.6873	34.6564	27.7359	 2.55	110.83	0.040	  152.71	 99.92
2865.00	2825.09	 1.6869	34.6565	27.7360	 2.55	110.84	0.039	  152.65	 99.92
2866.00	2826.07	 1.6866	34.6566	27.7362	 2.55	110.61	0.039	  152.61	 99.92
2867.00	2827.05	 1.6864	34.6566	27.7361	 2.55	110.71	0.040	  152.65	 99.92
2868.00	2828.03	 1.6863	34.6565	27.7361	 2.55	110.83	0.040	  152.61	 99.92
2869.00	2829.01	 1.6862	34.6566	27.7362	 2.55	110.74	0.040	  152.65	 99.92
2870.00	2829.99	 1.6860	34.6565	27.7362	 2.55	110.83	0.040	  152.61	 99.92
2871.00	2830.97	 1.6859	34.6566	27.7362	 2.55	110.88	0.040	  152.65	 99.91
2872.00	2831.95	 1.6859	34.6566	27.7362	 2.55	110.82	0.040	  152.63	 99.92
2873.00	2832.93	 1.6859	34.6567	27.7363	 2.55	110.85	0.040	  152.62	 99.92
2874.00	2833.91	 1.6858	34.6566	27.7363	 2.55	110.89	0.040	  152.71	 99.91
2875.00	2834.89	 1.6856	34.6566	27.7363	 2.55	110.88	0.040	  152.64	 99.92
2876.00	2835.87	 1.6853	34.6567	27.7364	 2.55	110.83	0.040	  152.61	 99.92
2877.00	2836.85	 1.6848	34.6567	27.7365	 2.55	110.87	0.040	  152.62	 99.91
2878.00	2837.83	 1.6848	34.6567	27.7364	 2.56	111.07	0.039	  152.59	 99.92
2879.00	2838.80	 1.6845	34.6568	27.7365	 2.55	110.95	0.040	  152.60	 99.92
2880.00	2839.78	 1.6842	34.6567	27.7365	 2.55	111.01	0.040	  152.64	 99.92
2881.00	2840.76	 1.6838	34.6568	27.7366	 2.56	111.05	0.040	  152.64	 99.91
2882.00	2841.74	 1.6828	34.6569	27.7368	 2.55	110.90	0.040	  152.62	 99.92
2883.00	2842.72	 1.6831	34.6568	27.7367	 2.56	111.14	0.040	  152.63	 99.91
2884.00	2843.70	 1.6829	34.6569	27.7367	 2.56	111.21	0.040	  152.67	 99.91
2885.00	2844.68	 1.6827	34.6570	27.7369	 2.56	111.17	0.040	  152.57	 99.92
2886.00	2845.66	 1.6823	34.6570	27.7369	 2.56	111.24	0.040	  152.60	 99.92
2887.00	2846.64	 1.6823	34.6570	27.7369	 2.56	111.24	0.039	  152.61	 99.91
2888.00	2847.62	 1.6818	34.6570	27.7370	 2.56	111.23	0.040	  152.58	 99.92
2889.00	2848.60	 1.6817	34.6571	27.7370	 2.56	111.25	0.039	  152.62	 99.92
2890.00	2849.58	 1.6813	34.6571	27.7371	 2.56	111.27	0.040	  152.60	 99.92
2891.00	2850.56	 1.6811	34.6572	27.7372	 2.56	111.36	0.040	  152.63	 99.92
2892.00	2851.54	 1.6804	34.6571	27.7372	 2.57	111.55	0.040	  152.61	 99.92
2893.00	2852.52	 1.6800	34.6571	27.7372	 2.57	111.50	0.040	  152.63	 99.92
2894.00	2853.50	 1.6794	34.6570	27.7372	 2.57	111.47	0.039	  152.61	 99.92
2895.00	2854.48	 1.6788	34.6572	27.7374	 2.57	111.66	0.039	  152.58	 99.92
2896.00	2855.46	 1.6778	34.6572	27.7375	 2.57	111.59	0.039	  152.57	 99.92
2897.00	2856.43	 1.6774	34.6574	27.7377	 2.57	111.71	0.040	  152.61	 99.92
2898.00	2857.41	 1.6775	34.6574	27.7377	 2.57	111.74	0.040	  152.58	 78.63
2899.00	2858.39	 1.6776	34.6573	27.7376	 2.57	111.68	0.039	  152.63	100.44
2900.00	2859.37	 1.6777	34.6574	27.7377	 2.57	111.80	0.039	  152.58	 99.92
2901.00	2860.35	 1.6777	34.6575	27.7377	 2.57	111.83	0.039	  152.60	 99.92
2902.00	2861.33	 1.6779	34.6574	27.7376	 2.57	111.76	0.039	  152.63	 99.91
2903.00	2862.31	 1.6780	34.6573	27.7376	 2.58	111.90	0.040	  152.61	 99.91
2904.00	2863.29	 1.6779	34.6574	27.7376	 2.57	111.85	0.039	  152.62	 99.91
2905.00	2864.27	 1.6777	34.6574	27.7377	 2.57	111.82	0.040	  152.59	 99.91
2906.00	2865.25	 1.6769	34.6574	27.7377	 2.57	111.86	0.040	  152.55	 99.92
2907.00	2866.23	 1.6761	34.6576	27.7380	 2.57	111.88	0.040	  152.61	 99.92
2908.00	2867.21	 1.6761	34.6576	27.7380	 2.58	111.95	0.040	  152.59	 99.91
2909.00	2868.19	 1.6755	34.6577	27.7381	 2.58	112.00	0.040	  152.62	 99.92
2910.00	2869.17	 1.6753	34.6577	27.7382	 2.58	111.96	0.040	  152.60	 99.92
2911.00	2870.15	 1.6751	34.6578	27.7382	 2.58	111.93	0.040	  152.61	 99.92
2912.00	2871.13	 1.6751	34.6576	27.7381	 2.58	111.97	0.040	  152.59	 99.92
2913.00	2872.10	 1.6750	34.6577	27.7382	 2.58	112.05	0.040	  152.54	 99.92
2914.00	2873.08	 1.6750	34.6577	27.7382	 2.58	112.04	0.040	  152.58	 99.91
2915.00	2874.06	 1.6749	34.6577	27.7382	 2.58	112.05	0.040	  152.56	 99.92
2916.00	2875.04	 1.6746	34.6577	27.7383	 2.58	112.07	0.040	  152.61	 99.91
2917.00	2876.02	 1.6741	34.6578	27.7384	 2.58	112.15	0.040	  152.57	 99.92
2918.00	2877.00	 1.6736	34.6578	27.7384	 2.58	112.19	0.040	  152.61	 99.92
2919.00	2877.98	 1.6728	34.6579	27.7385	 2.58	112.20	0.040	  152.57	 99.92
2920.00	2878.96	 1.6724	34.6580	27.7386	 2.58	112.23	0.040	  152.57	 99.91
2921.00	2879.94	 1.6722	34.6580	27.7387	 2.58	112.28	0.040	  152.58	 99.91
2922.00	2880.92	 1.6718	34.6580	27.7387	 2.59	112.39	0.040	  152.58	 99.92
2923.00	2881.90	 1.6709	34.6582	27.7389	 2.59	112.37	0.039	  152.59	 99.92
2924.00	2882.88	 1.6707	34.6582	27.7390	 2.58	112.32	0.040	  152.53	 99.91
2925.00	2883.86	 1.6708	34.6581	27.7389	 2.59	112.43	0.040	  152.50	 99.92
2926.00	2884.84	 1.6708	34.6582	27.7389	 2.59	112.74	0.040	  152.62	 99.91
2927.00	2885.82	 1.6708	34.6582	27.7389	 2.59	112.60	0.040	  152.52	 99.92
2928.00	2886.79	 1.6702	34.6582	27.7390	 2.59	112.54	0.040	  152.49	 99.92
2929.00	2887.77	 1.6701	34.6582	27.7390	 2.59	112.72	0.040	  152.55	 99.92
2930.00	2888.75	 1.6698	34.6582	27.7391	 2.59	112.70	0.040	  152.52	 99.91
2931.00	2889.73	 1.6697	34.6582	27.7391	 2.59	112.70	0.040	  152.55	 99.91
2932.00	2890.71	 1.6690	34.6582	27.7391	 2.59	112.70	0.040	  152.54	 99.91
2933.00	2891.69	 1.6684	34.6584	27.7394	 2.59	112.66	0.040	  152.51	 99.92
2934.00	2892.67	 1.6682	34.6583	27.7393	 2.59	112.76	0.040	  152.51	 99.91
2935.00	2893.65	 1.6671	34.6584	27.7394	 2.60	112.81	0.040	  152.54	 99.91
2936.00	2894.63	 1.6666	34.6585	27.7396	 2.60	112.82	0.040	  152.52	 99.92
2937.00	2895.61	 1.6664	34.6585	27.7396	 2.60	112.90	0.040	  152.52	 99.92
2938.00	2896.59	 1.6660	34.6586	27.7397	 2.60	112.93	0.040	  152.53	 99.91
2939.00	2897.57	 1.6656	34.6586	27.7397	 2.60	112.89	0.040	  152.58	 99.92
2940.00	2898.55	 1.6653	34.6586	27.7397	 2.60	113.11	0.040	  152.55	 99.91
2941.00	2899.52	 1.6643	34.6586	27.7398	 2.60	113.07	0.039	  152.57	 99.92
2942.00	2900.50	 1.6636	34.6586	27.7399	 2.60	113.01	0.040	  152.55	 99.91
2943.00	2901.48	 1.6633	34.6587	27.7400	 2.60	113.16	0.040	  152.54	 99.91
2944.00	2902.46	 1.6630	34.6588	27.7401	 2.61	113.24	0.040	  152.52	 99.92
2945.00	2903.44	 1.6624	34.6589	27.7402	 2.61	113.26	0.040	  152.47	 99.92
2946.00	2904.42	 1.6621	34.6589	27.7402	 2.61	113.28	0.039	  152.52	 99.92
2947.00	2905.40	 1.6619	34.6589	27.7403	 2.61	113.36	0.040	  152.60	 99.91
2948.00	2906.38	 1.6615	34.6589	27.7403	 2.61	113.28	0.040	  152.53	 99.91
2949.00	2907.36	 1.6614	34.6589	27.7403	 2.61	113.30	0.040	  152.54	 99.92
2950.00	2908.34	 1.6611	34.6589	27.7404	 2.61	113.39	0.040	  152.49	 99.91
2951.00	2909.32	 1.6609	34.6589	27.7404	 2.61	113.39	0.040	  152.47	 99.91
2952.00	2910.30	 1.6608	34.6590	27.7405	 2.61	113.27	0.040	  152.47	 99.91
2953.00	2911.27	 1.6609	34.6589	27.7404	 2.61	113.37	0.040	  152.54	 99.91
2954.00	2912.25	 1.6606	34.6589	27.7404	 2.61	113.42	0.040	  152.51	 99.91
2955.00	2913.23	 1.6597	34.6590	27.7406	 2.61	113.44	0.040	  152.45	 99.91
2956.00	2914.21	 1.6595	34.6590	27.7406	 2.61	113.43	0.040	  152.52	 99.91
2957.00	2915.19	 1.6593	34.6591	27.7407	 2.61	113.53	0.040	  152.49	 99.91
2958.00	2916.17	 1.6591	34.6590	27.7407	 2.61	113.50	0.040	  152.51	 99.92
2959.00	2917.15	 1.6588	34.6590	27.7407	 2.61	113.52	0.040	  152.47	 99.91
2960.00	2918.13	 1.6581	34.6591	27.7408	 2.61	113.54	0.040	  152.50	 99.91
2961.00	2919.11	 1.6580	34.6591	27.7408	 2.61	113.55	0.039	  152.48	 99.91
2962.00	2920.09	 1.6575	34.6592	27.7409	 2.61	113.57	0.040	  152.44	 99.91
2963.00	2921.07	 1.6573	34.6592	27.7409	 2.61	113.59	0.040	  152.45	 99.91
2964.00	2922.05	 1.6571	34.6592	27.7410	 2.62	113.66	0.040	  152.47	 99.91
2965.00	2923.02	 1.6571	34.6593	27.7411	 2.62	113.70	0.040	  152.49	 99.91
2966.00	2924.00	 1.6569	34.6592	27.7410	 2.62	113.67	0.040	  152.45	 99.91
2967.00	2924.98	 1.6569	34.6593	27.7411	 2.62	113.69	0.040	  152.50	 99.91
2968.00	2925.96	 1.6570	34.6594	27.7412	 2.62	113.71	0.040	  152.48	 99.91
2969.00	2926.94	 1.6571	34.6593	27.7411	 2.62	113.73	0.040	  152.49	 99.91
2970.00	2927.92	 1.6570	34.6593	27.7412	 2.62	113.69	0.040	  152.48	 99.91
2971.00	2928.90	 1.6569	34.6593	27.7411	 2.62	113.74	0.040	  152.49	 99.91
2972.00	2929.88	 1.6569	34.6593	27.7411	 2.62	113.78	0.040	  152.44	 99.91
2973.00	2930.86	 1.6568	34.6593	27.7412	 2.62	113.77	0.040	  152.43	 99.92
2974.00	2931.84	 1.6564	34.6594	27.7413	 2.62	113.85	0.040	  152.47	 99.91
2975.00	2932.81	 1.6561	34.6594	27.7413	 2.62	113.80	0.039	  152.47	 99.92
2976.00	2933.79	 1.6558	34.6593	27.7412	 2.62	113.79	0.040	  152.40	 99.92
2977.00	2934.77	 1.6556	34.6593	27.7413	 2.62	113.85	0.040	  152.48	 99.91
2978.00	2935.75	 1.6548	34.6593	27.7413	 2.62	113.87	0.040	  152.44	 99.91
2979.00	2936.73	 1.6540	34.6595	27.7416	 2.62	113.95	0.040	  152.47	 99.91
2980.00	2937.71	 1.6539	34.6595	27.7416	 2.62	113.94	0.040	  152.42	 99.91
2981.00	2938.69	 1.6538	34.6596	27.7417	 2.62	113.93	0.040	  152.38	 99.91
2982.00	2939.67	 1.6537	34.6596	27.7417	 2.62	114.01	0.040	  152.41	 99.91
2983.00	2940.65	 1.6537	34.6596	27.7417	 2.62	113.99	0.040	  152.44	 99.92
2984.00	2941.63	 1.6537	34.6595	27.7417	 2.62	114.01	0.040	  152.42	 99.92
2985.00	2942.61	 1.6538	34.6596	27.7417	 2.62	114.03	0.040	  152.43	 99.91
2986.00	2943.58	 1.6537	34.6596	27.7417	 2.62	114.04	0.040	  152.44	 99.91
2987.00	2944.56	 1.6533	34.6597	27.7418	 2.62	114.06	0.039	  152.41	 99.91
2988.00	2945.54	 1.6525	34.6596	27.7418	 2.63	114.12	0.040	  152.39	 99.91
