wcoa21_data_management/01_CRUISE_METADATA/00_OCADS_data/CTD_downcasts/WCOA_2021_CTD_downcasts/dRB2102_CTD_089_01_F.txt
* Sea-Bird SBE 9 Data:
* Software Version Seasave V 7.26.7.107
* Vessel: NOAA Ship Ronald H. Brown
* Cruise: RB2102, West Coast Ocean Acidification (WCOA) 2021
* Dates: 20210622 to 20210723
* Region: NE Pacific, USA West Coast
* Ports: San Diego, CA to Port Angeles, WA to San Diego, CA
* Chief Scientists: R. Feely, NOAA PMEL; D. Greeley, NOAA PMEL; B. Carter, NOAA PMEL / UW CICOES
*END*
   3.00	   2.98	15.8054	32.8399	24.1304	 3.32	144.93	0.131	  158.93	 26.37
   4.00	   3.97	15.8009	32.9298	24.2005	 3.48	151.59	0.134	  158.98	 24.82
   5.00	   4.96	15.8010	32.9747	24.2350	 4.79	208.92	0.127	  159.09	 24.18
   6.00	   5.96	15.7963	32.9866	24.2453	 4.94	215.55	0.127	  159.21	 22.93
   7.00	   6.95	15.7955	32.9869	24.2457	 4.93	214.95	0.129	  159.11	 21.84
   8.00	   7.94	15.7968	32.9865	24.2451	 4.93	215.07	0.125	  158.97	 20.81
   9.00	   8.93	15.7987	32.9863	24.2446	 4.93	215.02	0.126	  159.01	 19.78
  10.00	   9.93	15.7920	32.9880	24.2474	 4.93	214.85	0.127	  158.98	 18.82
  11.00	  10.92	15.7908	32.9883	24.2480	 4.94	215.34	0.127	  158.92	 17.81
  12.00	  11.91	15.7903	32.9887	24.2484	 4.96	216.18	0.127	  158.92	 16.88
  13.00	  12.90	15.7906	32.9886	24.2483	 4.96	216.26	0.121	  158.85	 15.87
  14.00	  13.89	15.7898	32.9890	24.2488	 4.96	216.32	0.120	  158.77	 14.77
  15.00	  14.89	15.7889	32.9891	24.2491	 4.96	216.44	0.122	  158.72	 13.64
  16.00	  15.88	15.7887	32.9891	24.2493	 4.97	216.85	0.126	  158.67	 12.55
  17.00	  16.87	15.7909	32.9893	24.2489	 4.98	217.22	0.126	  158.56	 11.57
  18.00	  17.86	15.7909	32.9892	24.2489	 4.97	216.68	0.122	  158.54	 10.49
  19.00	  18.86	15.7887	32.9893	24.2495	 4.97	216.70	0.120	  158.44	  9.45
  20.00	  19.85	15.7880	32.9895	24.2498	 4.98	216.93	0.119	  158.45	  8.46
  21.00	  20.84	15.7891	32.9893	24.2495	 4.98	216.97	0.121	  158.36	  7.53
  22.00	  21.83	15.7888	32.9893	24.2496	 4.97	216.89	0.120	  158.35	  6.53
  23.00	  22.83	15.7893	32.9892	24.2494	 4.98	216.95	0.121	  158.23	  5.48
  24.00	  23.82	15.7924	32.9898	24.2492	 4.96	216.41	0.120	  158.01	  4.40
