wcoa21_data_management/01_CRUISE_METADATA/00_OCADS_data/CTD_downcasts/WCOA_2021_CTD_downcasts/dRB2102_CTD_046_01_F.txt
* Sea-Bird SBE 9 Data:
* Software Version Seasave V 7.26.7.107
* Vessel: NOAA Ship Ronald H. Brown
* Cruise: RB2102, West Coast Ocean Acidification (WCOA) 2021
* Dates: 20210622 to 20210723
* Region: NE Pacific, USA West Coast
* Ports: San Diego, CA to Port Angeles, WA to San Diego, CA
* Chief Scientists: R. Feely, NOAA PMEL; D. Greeley, NOAA PMEL; B. Carter, NOAA PMEL / UW CICOES
*END*
[from data line 641]
 645.00	 638.79	 4.5339	34.2640	27.1494	 0.40	 17.18	0.041	  155.21	 83.01
 646.00	 639.78	 4.5345	34.2640	27.1493	 0.40	 17.22	0.040	  155.26	 82.06
 647.00	 640.77	 4.5347	34.2640	27.1494	 0.39	 17.17	0.040	  155.20	 81.02
 648.00	 641.76	 4.5350	34.2640	27.1493	 0.39	 17.09	0.040	  155.25	 80.14
 649.00	 642.75	 4.5332	34.2640	27.1495	 0.39	 17.08	0.040	  155.25	 78.97
 650.00	 643.73	 4.5328	34.2644	27.1499	 0.39	 17.07	0.041	  155.20	 77.83
 651.00	 644.72	 4.5347	34.2642	27.1495	 0.39	 17.08	0.042	  155.21	 76.81
 652.00	 645.71	 4.5347	34.2642	27.1495	 0.39	 17.08	0.040	  155.19	 76.06
 653.00	 646.70	 4.5339	34.2641	27.1495	 0.39	 17.09	0.040	  155.19	 75.32
 654.00	 647.69	 4.5293	34.2647	27.1505	 0.39	 17.06	0.040	  155.20	 74.45
 655.00	 648.68	 4.5279	34.2653	27.1512	 0.39	 17.01	0.041	  155.21	 73.12
 656.00	 649.67	 4.5281	34.2651	27.1510	 0.39	 17.01	0.041	  155.28	 71.85
 657.00	 650.66	 4.5281	34.2651	27.1510	 0.39	 17.07	0.041	  155.20	 70.75
 658.00	 651.64	 4.5266	34.2655	27.1515	 0.39	 17.09	0.042	  155.20	 69.95
 659.00	 652.63	 4.5253	34.2657	27.1518	 0.39	 17.06	0.041	  155.22	 68.99
 660.00	 653.62	 4.5247	34.2659	27.1520	 0.39	 16.97	0.040	  155.20	 67.95
 661.00	 654.61	 4.5206	34.2662	27.1527	 0.39	 16.81	0.041	  155.21	 67.10
 662.00	 655.60	 4.5148	34.2673	27.1542	 0.39	 16.88	0.041	  155.18	 65.95
 663.00	 656.59	 4.5147	34.2676	27.1545	 0.39	 16.87	0.040	  155.17	 64.81
 664.00	 657.58	 4.5142	34.2674	27.1544	 0.39	 16.79	0.040	  155.16	 63.82
 665.00	 658.57	 4.5072	34.2685	27.1560	 0.39	 16.77	0.040	  155.10	 62.89
 666.00	 659.55	 4.5039	34.2691	27.1569	 0.39	 16.78	0.040	  155.15	 62.02
 667.00	 660.54	 4.5001	34.2698	27.1579	 0.38	 16.73	0.040	  155.05	 61.01
 668.00	 661.53	 4.4979	34.2702	27.1584	 0.38	 16.70	0.040	  155.11	 59.97
 669.00	 662.52	 4.4956	34.2706	27.1589	 0.38	 16.72	0.041	  155.10	 58.98
 670.00	 663.51	 4.4939	34.2710	27.1595	 0.38	 16.68	0.040	  155.07	 58.01
 671.00	 664.50	 4.4946	34.2709	27.1593	 0.38	 16.63	0.040	  155.08	 56.90
 672.00	 665.49	 4.4912	34.2713	27.1601	 0.38	 16.59	0.041	  155.06	 55.82
 673.00	 666.48	 4.4888	34.2718	27.1607	 0.38	 16.56	0.040	  154.99	 54.68
 674.00	 667.46	 4.4837	34.2723	27.1617	 0.38	 16.51	0.041	  154.99	 53.97
 675.00	 668.45	 4.4781	34.2736	27.1633	 0.38	 16.51	0.042	  154.96	 53.15
 676.00	 669.44	 4.4737	34.2736	27.1638	 0.38	 16.38	0.041	  154.96	 52.36
 677.00	 670.43	 4.4644	34.2763	27.1669	 0.37	 16.26	0.040	  154.95	 51.15
 678.00	 671.42	 4.4613	34.2766	27.1675	 0.38	 16.34	0.040	  154.92	 50.00
 679.00	 672.41	 4.4557	34.2779	27.1691	 0.38	 16.32	0.040	  154.98	 48.66
 680.00	 673.40	 4.4568	34.2777	27.1689	 0.37	 16.20	0.041	  155.06	 47.75
 681.00	 674.39	 4.4559	34.2780	27.1692	 0.37	 16.16	0.040	  155.00	 46.80
 682.00	 675.37	 4.4535	34.2784	27.1698	 0.37	 16.18	0.041	  154.99	 45.73
 683.00	 676.36	 4.4526	34.2787	27.1702	 0.37	 16.20	0.041	  154.97	 44.65
 684.00	 677.35	 4.4499	34.2787	27.1705	 0.37	 16.18	0.040	  154.95	 43.85
 685.00	 678.34	 4.4398	34.2806	27.1731	 0.37	 16.19	0.042	  154.95	 42.86
 686.00	 679.33	 4.4383	34.2810	27.1736	 0.37	 16.15	0.041	  154.95	 41.81
 687.00	 680.32	 4.4378	34.2810	27.1736	 0.37	 16.04	0.040	  154.94	 40.81
 688.00	 681.31	 4.4374	34.2812	27.1738	 0.37	 16.03	0.040	  154.95	 39.79
 689.00	 682.29	 4.4377	34.2812	27.1738	 0.37	 16.04	0.042	  154.95	 38.91
 690.00	 683.28	 4.4373	34.2813	27.1739	 0.37	 16.00	0.040	  154.96	 37.88
 691.00	 684.27	 4.4375	34.2813	27.1739	 0.37	 16.00	0.040	  154.89	 36.94
 692.00	 685.26	 4.4368	34.2814	27.1741	 0.37	 16.01	0.040	  154.90	 35.72
 693.00	 686.25	 4.4358	34.2818	27.1745	 0.37	 16.01	0.040	  154.91	 34.61
 694.00	 687.24	 4.4355	34.2816	27.1744	 0.37	 16.04	0.040	  154.83	 33.74
 695.00	 688.23	 4.4230	34.2829	27.1768	 0.37	 16.15	0.040	  154.84	 32.80
 696.00	 689.21	 4.4220	34.2832	27.1771	 0.37	 16.25	0.040	  154.84	 31.76
 697.00	 690.20	 4.4219	34.2833	27.1772	 0.37	 16.23	0.040	  154.88	 30.85
 698.00	 691.19	 4.4229	34.2831	27.1770	 0.37	 16.23	0.041	  154.85	 29.62
 699.00	 692.18	 4.4241	34.2830	27.1768	 0.37	 16.23	0.040	  154.86	 28.69
 700.00	 693.17	 4.4246	34.2827	27.1765	 0.37	 16.22	0.040	  154.85	 27.77
 701.00	 694.16	 4.4243	34.2829	27.1767	 0.37	 16.22	0.040	  154.87	 26.73
 702.00	 695.15	 4.4243	34.2829	27.1767	 0.37	 16.25	0.041	  154.87	 25.63
 703.00	 696.13	 4.4247	34.2829	27.1767	 0.37	 16.25	0.041	  154.85	 24.65
 704.00	 697.12	 4.4235	34.2830	27.1769	 0.37	 16.22	0.040	  154.86	 23.80
 705.00	 698.11	 4.4234	34.2831	27.1769	 0.37	 16.20	0.041	  154.86	 22.66
 706.00	 699.10	 4.4238	34.2830	27.1769	 0.37	 16.21	0.041	  154.91	 21.69
 707.00	 700.09	 4.4238	34.2831	27.1769	 0.37	 16.21	0.040	  154.83	 20.78
 708.00	 701.08	 4.4241	34.2830	27.1768	 0.37	 16.17	0.042	  154.94	 19.77
 709.00	 702.07	 4.4243	34.2830	27.1768	 0.37	 16.16	0.041	  154.83	 18.72
 710.00	 703.05	 4.4244	34.2829	27.1767	 0.37	 16.15	0.041	  154.82	 17.55
 711.00	 704.04	 4.4246	34.2829	27.1767	 0.37	 16.07	0.041	  154.84	 16.52
 712.00	 705.03	 4.4252	34.2827	27.1765	 0.37	 16.07	0.040	  154.82	 15.55
 713.00	 706.02	 4.4249	34.2828	27.1767	 0.37	 16.08	0.040	  154.83	 14.56
 714.00	 707.01	 4.4245	34.2829	27.1767	 0.37	 16.06	0.041	  154.83	 13.54
 715.00	 708.00	 4.4246	34.2830	27.1768	 0.37	 16.08	0.042	  154.82	 12.65
 716.00	 708.99	 4.4247	34.2829	27.1768	 0.37	 16.07	0.041	  154.82	 11.64
 717.00	 709.97	 4.4239	34.2830	27.1769	 0.37	 16.07	0.041	  154.81	 10.66
 718.00	 710.96	 4.4259	34.2829	27.1766	 0.37	 16.06	0.041	  154.67	  9.63
