wcoa21_data_management/01_CRUISE_METADATA/00_OCADS_data/CTD_downcasts/WCOA_2021_CTD_downcasts/dRB2102_CTD_113_01_F.txt
* Sea-Bird SBE 9 Data:
* Software Version Seasave V 7.26.7.107
* Vessel: NOAA Ship Ronald H. Brown
* Cruise: RB2102, West Coast Ocean Acidification (WCOA) 2021
* Dates: 20210622 to 20210723
* Region: NE Pacific, USA West Coast
* Ports: San Diego, CA to Port Angeles, WA to San Diego, CA
* Chief Scientists: R. Feely, NOAA PMEL; D. Greeley, NOAA PMEL; B. Carter, NOAA PMEL / UW CICOES
*END*
[from data line 214]
 217.00	 215.33	 9.1083	34.1053	26.4040	 1.82	 79.35	0.040	  164.25	 99.78
 218.00	 216.32	 9.1063	34.1059	26.4048	 1.81	 78.67	0.040	  164.25	 99.78
 219.00	 217.32	 9.1032	34.1070	26.4062	 1.79	 77.72	0.040	  164.21	 99.78
 220.00	 218.31	 9.1015	34.1076	26.4070	 1.77	 76.83	0.041	  164.30	 99.78
 221.00	 219.30	 9.0986	34.1086	26.4082	 1.75	 76.27	0.040	  164.31	 99.78
 222.00	 220.29	 9.0937	34.1102	26.4102	 1.74	 75.91	0.040	  164.33	 99.78
 223.00	 221.28	 9.0777	34.1122	26.4144	 1.76	 76.56	0.040	  164.28	 99.78
 224.00	 222.28	 9.0584	34.1146	26.4194	 1.78	 77.63	0.040	  164.22	 99.78
 225.00	 223.27	 9.0204	34.1110	26.4226	 1.78	 77.54	0.040	  164.23	 99.78
 226.00	 224.26	 8.9970	34.1104	26.4259	 1.76	 76.76	0.040	  164.20	 99.79
 227.00	 225.25	 8.9834	34.1147	26.4314	 1.75	 76.14	0.040	  164.25	 99.79
 228.00	 226.24	 8.9794	34.1182	26.4347	 1.73	 75.42	0.040	  164.23	 84.62
 229.00	 227.23	 8.9772	34.1198	26.4364	 1.71	 74.29	0.040	  164.23	100.26
 230.00	 228.23	 8.9736	34.1237	26.4400	 1.69	 73.43	0.040	  164.22	 99.79
 231.00	 229.22	 8.9782	34.1267	26.4417	 1.67	 72.69	0.040	  164.24	 99.79
 232.00	 230.21	 8.9788	34.1287	26.4432	 1.66	 72.01	0.040	  164.35	 99.79
 233.00	 231.20	 8.9761	34.1307	26.4451	 1.63	 71.07	0.040	  164.25	 99.80
 234.00	 232.19	 8.9713	34.1326	26.4474	 1.61	 70.03	0.040	  164.24	 99.80
 235.00	 233.18	 8.9631	34.1367	26.4520	 1.59	 69.28	0.040	  164.23	 99.80
 236.00	 234.18	 8.9537	34.1400	26.4560	 1.57	 68.52	0.040	  164.23	 99.80
 237.00	 235.17	 8.9485	34.1423	26.4587	 1.56	 67.92	0.040	  164.24	 99.80
 238.00	 236.16	 8.9382	34.1449	26.4624	 1.55	 67.39	0.040	  164.23	 99.80
 239.00	 237.15	 8.9250	34.1485	26.4673	 1.53	 66.68	0.040	  164.27	 99.81
 240.00	 238.14	 8.9187	34.1502	26.4696	 1.51	 65.86	0.040	  164.28	 99.82
 241.00	 239.13	 8.9081	34.1534	26.4738	 1.50	 65.14	0.040	  164.28	 99.83
 242.00	 240.13	 8.8983	34.1558	26.4772	 1.48	 64.22	0.040	  164.24	 99.83
 243.00	 241.12	 8.8894	34.1580	26.4804	 1.45	 63.29	0.040	  164.35	 99.83
 244.00	 242.11	 8.8780	34.1590	26.4830	 1.43	 62.35	0.040	  164.35	 99.83
 245.00	 243.10	 8.8610	34.1624	26.4884	 1.42	 61.87	0.040	  164.33	 99.83
 246.00	 244.09	 8.8478	34.1655	26.4929	 1.42	 61.99	0.040	  164.29	 99.83
 247.00	 245.08	 8.8418	34.1668	26.4948	 1.43	 62.19	0.040	  164.27	 99.83
 248.00	 246.08	 8.8365	34.1679	26.4966	 1.43	 62.17	0.040	  164.25	 99.83
 249.00	 247.07	 8.8356	34.1681	26.4969	 1.42	 61.93	0.040	  164.26	 99.84
 250.00	 248.06	 8.8347	34.1683	26.4972	 1.42	 61.79	0.040	  164.33	 99.84
 251.00	 249.05	 8.8330	34.1686	26.4977	 1.42	 61.92	0.040	  164.27	 99.84
 252.00	 250.04	 8.8316	34.1688	26.4981	 1.43	 62.01	0.040	  164.24	 99.84
 253.00	 251.03	 8.8311	34.1689	26.4983	 1.42	 61.88	0.040	  164.22	 99.85
 254.00	 252.03	 8.8287	34.1694	26.4991	 1.42	 61.62	0.040	  164.30	 99.85
 255.00	 253.02	 8.8275	34.1699	26.4996	 1.41	 61.21	0.040	  164.25	 99.85
 256.00	 254.01	 8.8256	34.1711	26.5009	 1.40	 60.99	0.040	  164.27	 99.85
 257.00	 255.00	 8.8232	34.1722	26.5022	 1.40	 60.82	0.040	  164.25	 99.85
 258.00	 255.99	 8.8195	34.1726	26.5031	 1.39	 60.49	0.040	  164.24	 99.85
 259.00	 256.98	 8.8145	34.1731	26.5043	 1.38	 60.25	0.040	  164.27	 99.85
 260.00	 257.98	 8.8115	34.1737	26.5052	 1.38	 60.16	0.040	  164.26	 99.85
 261.00	 258.97	 8.8104	34.1741	26.5057	 1.38	 60.11	0.040	  164.22	 99.85
 262.00	 259.96	 8.8096	34.1741	26.5058	 1.38	 60.01	0.040	  164.19	 99.85
 263.00	 260.95	 8.8083	34.1741	26.5061	 1.37	 59.79	0.040	  164.22	 99.85
 264.00	 261.94	 8.8049	34.1745	26.5070	 1.36	 59.33	0.040	  164.23	 99.85
 265.00	 262.93	 8.7919	34.1766	26.5107	 1.35	 58.87	0.042	  164.17	 99.85
 266.00	 263.93	 8.7857	34.1777	26.5125	 1.35	 58.60	0.041	  164.19	 99.85
 267.00	 264.92	 8.7813	34.1783	26.5137	 1.35	 58.57	0.040	  164.21	 99.85
 268.00	 265.91	 8.7759	34.1793	26.5153	 1.34	 58.51	0.040	  164.24	 99.85
 269.00	 266.90	 8.7730	34.1796	26.5160	 1.34	 58.28	0.040	  164.20	 99.85
 270.00	 267.89	 8.7706	34.1800	26.5167	 1.32	 57.61	0.040	  164.14	 99.85
 271.00	 268.88	 8.7684	34.1804	26.5174	 1.31	 57.09	0.040	  164.16	 99.85
 272.00	 269.87	 8.7576	34.1819	26.5203	 1.31	 56.97	0.040	  164.18	 99.85
 273.00	 270.87	 8.7486	34.1845	26.5237	 1.31	 56.93	0.040	  164.22	 99.85
 274.00	 271.86	 8.7480	34.1846	26.5239	 1.30	 56.53	0.040	  164.22	 99.85
 275.00	 272.85	 8.7461	34.1848	26.5244	 1.29	 56.00	0.040	  164.16	 99.85
 276.00	 273.84	 8.7385	34.1861	26.5266	 1.28	 55.67	0.040	  164.12	 99.86
 277.00	 274.83	 8.7314	34.1875	26.5288	 1.27	 55.22	0.040	  164.21	 99.86
 278.00	 275.82	 8.7202	34.1890	26.5318	 1.26	 54.80	0.039	  164.19	 99.86
 279.00	 276.81	 8.7140	34.1899	26.5335	 1.25	 54.47	0.040	  164.19	 99.86
 280.00	 277.81	 8.7022	34.1907	26.5360	 1.25	 54.48	0.040	  164.07	 99.87
 281.00	 278.80	 8.6962	34.1919	26.5378	 1.24	 54.11	0.040	  164.18	 99.87
 282.00	 279.79	 8.6901	34.1919	26.5388	 1.23	 53.56	0.040	  164.19	 99.88
 283.00	 280.78	 8.6710	34.1927	26.5424	 1.21	 52.84	0.040	  164.13	 99.87
 284.00	 281.77	 8.6484	34.1956	26.5482	 1.20	 52.32	0.040	  164.16	 99.88
 285.00	 282.76	 8.6333	34.1977	26.5522	 1.20	 52.21	0.040	  164.14	 99.88
 286.00	 283.76	 8.6270	34.1989	26.5541	 1.20	 52.25	0.040	  164.18	 99.88
 287.00	 284.75	 8.6259	34.1989	26.5543	 1.20	 52.02	0.040	  164.16	 99.88
 288.00	 285.74	 8.6250	34.2008	26.5560	 1.19	 51.85	0.040	  164.05	 99.88
 289.00	 286.73	 8.6241	34.2029	26.5578	 1.19	 51.83	0.040	  164.08	 99.88
 290.00	 287.72	 8.6245	34.2037	26.5583	 1.19	 51.62	0.040	  164.13	 99.88
 291.00	 288.71	 8.6250	34.2058	26.5599	 1.18	 51.32	0.040	  164.11	 99.88
 292.00	 289.70	 8.6257	34.2089	26.5623	 1.18	 51.18	0.040	  164.10	 99.88
 293.00	 290.70	 8.6259	34.2092	26.5625	 1.17	 51.01	0.040	  164.12	 99.88
 294.00	 291.69	 8.6254	34.2101	26.5633	 1.16	 50.53	0.040	  164.11	 99.88
 295.00	 292.68	 8.6256	34.2109	26.5639	 1.16	 50.28	0.040	  164.09	 99.88
 296.00	 293.67	 8.6228	34.2141	26.5668	 1.15	 50.08	0.040	  164.07	 99.88
 297.00	 294.66	 8.6219	34.2141	26.5670	 1.15	 50.03	0.040	  164.11	 99.88
 298.00	 295.65	 8.6207	34.2147	26.5676	 1.15	 50.23	0.040	  164.08	 99.88
 299.00	 296.64	 8.6209	34.2147	26.5677	 1.15	 50.04	0.040	  164.15	 99.88
 300.00	 297.64	 8.6204	34.2153	26.5682	 1.15	 49.82	0.040	  164.08	 99.88
 301.00	 298.63	 8.6192	34.2158	26.5688	 1.15	 49.85	0.040	  164.05	 99.88
 302.00	 299.62	 8.6188	34.2160	26.5691	 1.14	 49.75	0.041	  164.12	 99.89
 303.00	 300.61	 8.6168	34.2161	26.5694	 1.14	 49.55	0.041	  164.06	 99.88
 304.00	 301.60	 8.6093	34.2166	26.5710	 1.13	 49.30	0.040	  164.04	 99.88
 305.00	 302.59	 8.5955	34.2166	26.5731	 1.11	 48.36	0.040	  164.04	 99.89
 306.00	 303.58	 8.5838	34.2181	26.5762	 1.08	 47.10	0.040	  164.06	 99.89
 307.00	 304.58	 8.5762	34.2251	26.5828	 1.07	 46.42	0.040	  164.04	 99.88
 308.00	 305.57	 8.5741	34.2263	26.5841	 1.06	 46.04	0.040	  164.08	 99.89
 309.00	 306.56	 8.5647	34.2274	26.5864	 1.05	 45.74	0.040	  164.06	 99.89
 310.00	 307.55	 8.5444	34.2276	26.5898	 1.05	 45.82	0.040	  164.13	 99.89
 311.00	 308.54	 8.5350	34.2276	26.5912	 1.05	 45.79	0.040	  164.10	 99.89
 312.00	 309.53	 8.5159	34.2266	26.5933	 1.05	 45.48	0.040	  164.09	 99.90
 313.00	 310.52	 8.5024	34.2277	26.5964	 1.04	 45.26	0.040	  164.05	 99.90
 314.00	 311.51	 8.4914	34.2275	26.5978	 1.04	 45.21	0.040	  164.13	 99.90
 315.00	 312.51	 8.4827	34.2277	26.5993	 1.04	 45.17	0.040	  164.07	 99.90
 316.00	 313.50	 8.4780	34.2280	26.6004	 1.03	 44.84	0.040	  164.01	 99.90
 317.00	 314.49	 8.4691	34.2280	26.6017	 1.03	 44.68	0.040	  164.09	 99.90
 318.00	 315.48	 8.4639	34.2283	26.6028	 1.03	 44.88	0.040	  164.09	 99.90
 319.00	 316.47	 8.4589	34.2284	26.6036	 1.03	 44.78	0.040	  164.07	 99.90
 320.00	 317.46	 8.4571	34.2284	26.6039	 1.02	 44.50	0.040	  164.05	 99.90
 321.00	 318.45	 8.4551	34.2288	26.6045	 1.02	 44.26	0.040	  164.04	 99.90
 322.00	 319.44	 8.4499	34.2288	26.6053	 1.01	 44.06	0.040	  164.06	 99.90
 323.00	 320.44	 8.4443	34.2293	26.6066	 1.00	 43.70	0.040	  164.00	 99.90
 324.00	 321.43	 8.4446	34.2322	26.6088	 1.00	 43.33	0.040	  163.97	 99.90
 325.00	 322.42	 8.4453	34.2337	26.6099	 0.99	 43.12	0.040	  164.02	 99.90
 326.00	 323.41	 8.4446	34.2349	26.6110	 0.99	 43.11	0.040	  164.10	 99.90
 327.00	 324.40	 8.4431	34.2360	26.6122	 0.99	 43.07	0.040	  164.04	 99.90
 328.00	 325.39	 8.4349	34.2364	26.6137	 0.99	 42.85	0.040	  164.04	 99.90
 329.00	 326.38	 8.4288	34.2378	26.6158	 0.98	 42.62	0.040	  164.06	 99.90
 330.00	 327.38	 8.4273	34.2384	26.6164	 0.98	 42.54	0.040	  164.02	 99.90
 331.00	 328.37	 8.4278	34.2392	26.6171	 0.97	 42.41	0.040	  163.99	 99.91
 332.00	 329.36	 8.4244	34.2388	26.6172	 0.97	 42.11	0.040	  163.90	 99.91
 333.00	 330.35	 8.4175	34.2391	26.6185	 0.97	 42.29	0.040	  164.03	 99.91
 334.00	 331.34	 8.4158	34.2390	26.6188	 0.98	 42.47	0.040	  164.01	 99.91
 335.00	 332.33	 8.4146	34.2387	26.6187	 0.97	 42.28	0.040	  163.99	 99.91
 336.00	 333.32	 8.4048	34.2381	26.6198	 0.96	 41.84	0.040	  164.01	 99.91
 337.00	 334.31	 8.3886	34.2373	26.6216	 0.96	 41.63	0.040	  163.98	 99.91
 338.00	 335.31	 8.3756	34.2392	26.6251	 0.96	 41.60	0.040	  163.97	 99.91
 339.00	 336.30	 8.3745	34.2391	26.6252	 0.96	 41.55	0.040	  163.99	 99.90
 340.00	 337.29	 8.3750	34.2390	26.6251	 0.95	 41.34	0.040	  163.98	 99.91
 341.00	 338.28	 8.3724	34.2387	26.6252	 0.95	 41.38	0.040	  163.98	 99.91
 342.00	 339.27	 8.3717	34.2378	26.6246	 0.95	 41.52	0.040	  163.85	 99.91
 343.00	 340.26	 8.3678	34.2377	26.6252	 0.95	 41.32	0.040	  163.92	 99.92
 344.00	 341.25	 8.3678	34.2386	26.6259	 0.94	 41.03	0.040	  163.89	 99.92
 345.00	 342.24	 8.3648	34.2399	26.6274	 0.94	 40.71	0.040	  163.93	 99.92
 346.00	 343.23	 8.3579	34.2427	26.6306	 0.93	 40.37	0.040	  163.88	 99.92
 347.00	 344.23	 8.3457	34.2431	26.6328	 0.93	 40.25	0.040	  163.88	 99.92
 348.00	 345.22	 8.3384	34.2439	26.6346	 0.92	 40.13	0.040	  163.90	 99.92
 349.00	 346.21	 8.3371	34.2442	26.6350	 0.92	 40.02	0.040	  163.86	 99.93
 350.00	 347.20	 8.3323	34.2443	26.6359	 0.92	 39.95	0.040	  163.91	 99.92
 351.00	 348.19	 8.3290	34.2444	26.6364	 0.92	 40.00	0.040	  163.90	 99.92
 352.00	 349.18	 8.3247	34.2446	26.6373	 0.92	 40.00	0.040	  163.88	 99.92
 353.00	 350.17	 8.3213	34.2437	26.6371	 0.91	 39.72	0.040	  163.86	 99.93
 354.00	 351.16	 8.2917	34.2402	26.6389	 0.91	 39.60	0.040	  163.83	 99.93
 355.00	 352.16	 8.2592	34.2385	26.6424	 0.90	 39.36	0.040	  163.88	 99.93
 356.00	 353.15	 8.2402	34.2376	26.6446	 0.89	 38.65	0.040	  163.84	 99.92
 357.00	 354.14	 8.2216	34.2356	26.6458	 0.87	 38.03	0.040	  163.88	 99.93
 358.00	 355.13	 8.1915	34.2324	26.6479	 0.87	 37.65	0.040	  163.86	 99.93
 359.00	 356.12	 8.1144	34.2267	26.6549	 0.86	 37.48	0.040	  163.88	 99.93
 360.00	 357.11	 8.0963	34.2267	26.6576	 0.85	 37.00	0.040	  163.89	 99.93
 361.00	 358.10	 8.0893	34.2261	26.6582	 0.85	 36.79	0.040	  163.85	 99.93
 362.00	 359.09	 8.0729	34.2304	26.6641	 0.85	 36.95	0.040	  163.89	 99.93
 363.00	 360.08	 8.0837	34.2344	26.6656	 0.84	 36.69	0.041	  163.81	 99.93
 364.00	 361.08	 8.0909	34.2370	26.6666	 0.84	 36.58	0.042	  163.91	 99.93
 365.00	 362.07	 8.0853	34.2366	26.6671	 0.84	 36.69	0.041	  163.84	 99.93
 366.00	 363.06	 8.0745	34.2364	26.6686	 0.84	 36.72	0.040	  163.90	 99.93
 367.00	 364.05	 8.0658	34.2355	26.6692	 0.83	 36.29	0.040	  163.84	 99.93
 368.00	 365.04	 8.0593	34.2352	26.6699	 0.82	 35.83	0.040	  163.83	 99.93
 369.00	 366.03	 8.0498	34.2338	26.6702	 0.81	 35.22	0.040	  163.84	 99.93
 370.00	 367.02	 8.0477	34.2333	26.6702	 0.79	 34.48	0.040	  163.87	 99.93
 371.00	 368.01	 8.0336	34.2309	26.6704	 0.78	 34.11	0.040	  163.82	 99.93
 372.00	 369.00	 8.0264	34.2301	26.6709	 0.78	 33.91	0.040	  163.84	 99.93
 373.00	 369.99	 8.0174	34.2295	26.6717	 0.77	 33.66	0.040	  163.89	 99.93
 374.00	 370.99	 8.0128	34.2293	26.6722	 0.77	 33.46	0.041	  163.82	 99.93
 375.00	 371.98	 8.0085	34.2293	26.6729	 0.77	 33.31	0.041	  163.84	 99.94
 376.00	 372.97	 8.0002	34.2289	26.6739	 0.76	 33.18	0.040	  163.79	 99.94
 377.00	 373.96	 7.9951	34.2294	26.6750	 0.75	 32.81	0.040	  163.81	 99.94
 378.00	 374.95	 7.9896	34.2292	26.6757	 0.76	 32.85	0.040	  163.84	 99.94
 379.00	 375.94	 7.9814	34.2292	26.6769	 0.75	 32.75	0.040	  163.84	 99.94
 380.00	 376.93	 7.9744	34.2293	26.6780	 0.75	 32.53	0.040	  163.80	 99.94
 381.00	 377.92	 7.9651	34.2295	26.6796	 0.74	 32.19	0.040	  163.79	 99.94
 382.00	 378.91	 7.9510	34.2292	26.6814	 0.73	 31.95	0.040	  163.84	 99.95
 383.00	 379.91	 7.9352	34.2295	26.6840	 0.73	 31.57	0.040	  163.75	 99.94
 384.00	 380.90	 7.9257	34.2294	26.6853	 0.71	 31.09	0.041	  163.75	 99.95
 385.00	 381.89	 7.9164	34.2293	26.6866	 0.71	 30.67	0.041	  163.79	 99.95
 386.00	 382.88	 7.9048	34.2287	26.6879	 0.70	 30.34	0.040	  163.84	 99.95
 387.00	 383.87	 7.8836	34.2274	26.6899	 0.69	 30.01	0.041	  163.82	 99.94
 388.00	 384.86	 7.8483	34.2261	26.6942	 0.69	 29.81	0.041	  163.81	 99.95
 389.00	 385.85	 7.8334	34.2274	26.6974	 0.69	 29.95	0.040	  163.87	 99.95
 390.00	 386.84	 7.8323	34.2276	26.6977	 0.68	 29.60	0.041	  163.79	 99.95
 391.00	 387.83	 7.8296	34.2273	26.6978	 0.67	 29.09	0.040	  163.86	 99.95
 392.00	 388.82	 7.8125	34.2256	26.6990	 0.65	 28.36	0.042	  163.85	 99.95
 393.00	 389.81	 7.7830	34.2245	26.7024	 0.65	 28.09	0.042	  163.76	 99.95
 394.00	 390.81	 7.7635	34.2249	26.7056	 0.64	 27.94	0.041	  163.88	 99.95
 395.00	 391.80	 7.7546	34.2249	26.7069	 0.64	 27.72	0.040	  163.83	 99.95
 396.00	 392.79	 7.7351	34.2232	26.7084	 0.63	 27.54	0.040	  163.81	 99.95
 397.00	 393.78	 7.7096	34.2243	26.7130	 0.63	 27.34	0.040	  163.77	 99.95
 398.00	 394.77	 7.7027	34.2245	26.7141	 0.63	 27.22	0.041	  163.82	 99.95
 399.00	 395.76	 7.6994	34.2246	26.7147	 0.62	 26.91	0.040	  163.82	 99.95
 400.00	 396.75	 7.6962	34.2245	26.7151	 0.61	 26.45	0.040	  163.83	 99.95
 401.00	 397.74	 7.6921	34.2247	26.7159	 0.61	 26.63	0.040	  163.85	 99.95
 402.00	 398.73	 7.6788	34.2245	26.7177	 0.62	 26.78	0.040	  163.88	 99.95
 403.00	 399.72	 7.6718	34.2269	26.7206	 0.62	 26.78	0.040	  163.79	 99.95
 404.00	 400.72	 7.6723	34.2322	26.7247	 0.62	 26.91	0.040	  163.80	 99.96
 405.00	 401.71	 7.6762	34.2343	26.7258	 0.62	 27.14	0.040	  163.87	 99.95
 406.00	 402.70	 7.6778	34.2349	26.7261	 0.63	 27.33	0.040	  163.78	 99.95
 407.00	 403.69	 7.6792	34.2354	26.7263	 0.65	 28.41	0.040	  163.81	 99.96
 408.00	 404.68	 7.6874	34.2390	26.7279	 0.68	 29.39	0.040	  163.79	 99.96
 409.00	 405.67	 7.7012	34.2448	26.7305	 0.68	 29.51	0.040	  163.75	 99.96
 410.00	 406.66	 7.7176	34.2519	26.7337	 0.68	 29.54	0.040	  163.75	 99.96
 411.00	 407.65	 7.7118	34.2531	26.7355	 0.68	 29.67	0.040	  163.70	 99.96
 412.00	 408.64	 7.7078	34.2542	26.7370	 0.68	 29.37	0.041	  163.70	 99.96
 413.00	 409.63	 7.7061	34.2543	26.7373	 0.67	 29.16	0.041	  163.68	 99.95
 414.00	 410.62	 7.7040	34.2545	26.7378	 0.67	 29.23	0.041	  163.68	 99.95
 415.00	 411.61	 7.6990	34.2551	26.7390	 0.67	 29.20	0.041	  163.70	 99.95
 416.00	 412.61	 7.6992	34.2550	26.7390	 0.67	 29.05	0.040	  163.75	 99.95
 417.00	 413.60	 7.6994	34.2551	26.7390	 0.67	 29.09	0.040	  163.69	 99.95
 418.00	 414.59	 7.6989	34.2550	26.7390	 0.67	 29.16	0.042	  163.62	 99.95
 419.00	 415.58	 7.6983	34.2548	26.7389	 0.67	 29.27	0.040	  163.66	 99.95
 420.00	 416.57	 7.6988	34.2564	26.7401	 0.68	 29.37	0.040	  163.65	 99.95
 421.00	 417.56	 7.6992	34.2573	26.7408	 0.67	 29.34	0.040	  163.65	 99.95
 422.00	 418.55	 7.6997	34.2575	26.7409	 0.67	 29.31	0.040	  163.70	 99.95
 423.00	 419.54	 7.7005	34.2577	26.7410	 0.68	 29.54	0.040	  163.58	 99.95
 424.00	 420.53	 7.7058	34.2600	26.7420	 0.68	 29.50	0.040	  163.60	 99.95
 425.00	 421.52	 7.7072	34.2603	26.7421	 0.67	 29.15	0.040	  163.60	 99.95
 426.00	 422.51	 7.7059	34.2607	26.7426	 0.67	 29.19	0.040	  163.58	 99.95
 427.00	 423.50	 7.6948	34.2635	26.7464	 0.67	 29.02	0.040	  163.59	 99.95
 428.00	 424.50	 7.6929	34.2636	26.7468	 0.66	 28.62	0.040	  163.57	 99.95
