wcoa21_data_management/01_CRUISE_METADATA/00_OCADS_data/CTD_downcasts/WCOA_2021_CTD_downcasts/dRB2102_CTD_046_01_F.txt
* Sea-Bird SBE 9 Data:
* Software Version Seasave V 7.26.7.107
* Vessel: NOAA Ship Ronald H. Brown
* Cruise: RB2102, West Coast Ocean Acidification (WCOA) 2021
* Dates: 20210622 to 20210723
* Region: NE Pacific, USA West Coast
* Ports: San Diego, CA to Port Angeles, WA to San Diego, CA
* Chief Scientists: R. Feely, NOAA PMEL; D. Greeley, NOAA PMEL; B. Carter, NOAA PMEL / UW CICOES
*END*
[from data line 427]
 431.00	 427.07	 5.7110	34.1163	26.8948	 0.90	 39.00	0.041	  156.03	 99.95
 432.00	 428.06	 5.7108	34.1164	26.8948	 0.90	 38.97	0.040	  156.07	 99.95
 433.00	 429.05	 5.7107	34.1165	26.8950	 0.90	 39.01	0.040	  156.07	 99.95
 434.00	 430.04	 5.7103	34.1165	26.8950	 0.90	 39.00	0.040	  156.01	 99.95
 435.00	 431.03	 5.7084	34.1162	26.8950	 0.90	 39.02	0.040	  155.97	 99.95
 436.00	 432.02	 5.7062	34.1165	26.8955	 0.90	 38.97	0.040	  156.10	 99.95
 437.00	 433.01	 5.7032	34.1166	26.8960	 0.89	 38.89	0.040	  156.05	 99.95
 438.00	 434.00	 5.7023	34.1167	26.8962	 0.89	 38.86	0.041	  156.06	 99.95
 439.00	 434.99	 5.7066	34.1163	26.8953	 0.89	 38.90	0.040	  155.96	 99.95
 440.00	 435.98	 5.7011	34.1169	26.8965	 0.90	 38.93	0.040	  156.02	 99.95
 441.00	 436.97	 5.7008	34.1170	26.8966	 0.89	 38.82	0.040	  156.07	 99.95
 442.00	 437.96	 5.6993	34.1168	26.8967	 0.89	 38.80	0.040	  156.04	 99.95
 443.00	 438.95	 5.6967	34.1167	26.8969	 0.89	 38.77	0.040	  156.02	 99.95
 444.00	 439.94	 5.6882	34.1169	26.8981	 0.89	 38.72	0.040	  155.99	 99.95
 445.00	 440.93	 5.6821	34.1176	26.8995	 0.89	 38.62	0.041	  155.98	 99.95
 446.00	 441.92	 5.6800	34.1177	26.8998	 0.89	 38.61	0.041	  156.02	 99.95
 447.00	 442.91	 5.6795	34.1178	26.8999	 0.89	 38.50	0.040	  156.02	 99.95
 448.00	 443.90	 5.6762	34.1177	26.9003	 0.89	 38.54	0.040	  155.96	 99.95
 449.00	 444.89	 5.6751	34.1179	26.9006	 0.89	 38.55	0.040	  155.96	 99.95
 450.00	 445.88	 5.6720	34.1180	26.9010	 0.89	 38.52	0.040	  156.02	 99.95
 451.00	 446.87	 5.6697	34.1181	26.9014	 0.88	 38.42	0.040	  156.01	 99.95
 452.00	 447.86	 5.6689	34.1181	26.9015	 0.88	 38.38	0.040	  155.91	 99.95
 453.00	 448.85	 5.6660	34.1182	26.9019	 0.88	 38.37	0.040	  155.92	 99.95
 454.00	 449.84	 5.6566	34.1180	26.9029	 0.88	 38.26	0.040	  155.90	 99.95
 455.00	 450.83	 5.6471	34.1185	26.9045	 0.88	 38.16	0.040	  155.98	 99.95
 456.00	 451.81	 5.6377	34.1195	26.9064	 0.87	 38.01	0.040	  155.95	 99.95
 457.00	 452.80	 5.6293	34.1201	26.9079	 0.87	 37.83	0.040	  155.96	 99.95
 458.00	 453.79	 5.6226	34.1210	26.9095	 0.87	 37.74	0.040	  155.92	 99.95
 459.00	 454.78	 5.6198	34.1211	26.9099	 0.87	 37.64	0.040	  155.92	 99.95
 460.00	 455.77	 5.6138	34.1209	26.9105	 0.86	 37.57	0.040	  156.01	 99.95
 461.00	 456.76	 5.6053	34.1213	26.9118	 0.86	 37.47	0.040	  155.99	 99.95
 462.00	 457.75	 5.5968	34.1219	26.9133	 0.86	 37.29	0.040	  155.94	 99.95
 463.00	 458.74	 5.5926	34.1223	26.9142	 0.85	 37.06	0.040	  155.90	 99.95
 464.00	 459.73	 5.5769	34.1230	26.9166	 0.85	 36.75	0.040	  155.94	 99.95
 465.00	 460.72	 5.5577	34.1260	26.9213	 0.84	 36.52	0.041	  155.91	 99.95
 466.00	 461.71	 5.5527	34.1267	26.9225	 0.83	 36.22	0.041	  156.00	 99.95
 467.00	 462.70	 5.5496	34.1273	26.9234	 0.83	 36.20	0.041	  155.91	 99.95
 468.00	 463.69	 5.5464	34.1278	26.9241	 0.83	 36.07	0.041	  155.92	 99.95
 469.00	 464.68	 5.5445	34.1281	26.9246	 0.83	 36.02	0.040	  155.92	 99.95
 470.00	 465.67	 5.5425	34.1286	26.9253	 0.83	 36.08	0.040	  155.88	 99.95
 471.00	 466.66	 5.5417	34.1287	26.9254	 0.83	 35.95	0.040	  155.86	 99.95
 472.00	 467.65	 5.5418	34.1288	26.9255	 0.82	 35.78	0.041	  155.83	 99.95
 473.00	 468.64	 5.5423	34.1288	26.9255	 0.82	 35.71	0.041	  155.84	 99.96
 474.00	 469.63	 5.5403	34.1290	26.9259	 0.82	 35.67	0.040	  155.92	 99.95
 475.00	 470.62	 5.5338	34.1293	26.9269	 0.82	 35.46	0.040	  155.87	 99.95
 476.00	 471.61	 5.5205	34.1300	26.9290	 0.81	 35.28	0.040	  155.74	 99.96
 477.00	 472.60	 5.5176	34.1311	26.9303	 0.81	 35.31	0.041	  155.82	 99.95
 478.00	 473.59	 5.5126	34.1306	26.9305	 0.81	 35.30	0.042	  155.82	 99.96
 479.00	 474.58	 5.5086	34.1308	26.9312	 0.81	 35.15	0.042	  155.85	 99.95
 480.00	 475.57	 5.5062	34.1315	26.9320	 0.81	 35.09	0.041	  155.83	 99.96
 481.00	 476.56	 5.5002	34.1312	26.9325	 0.80	 34.98	0.040	  155.85	 99.96
 482.00	 477.55	 5.4977	34.1318	26.9333	 0.80	 34.93	0.040	  155.84	 99.96
 483.00	 478.54	 5.4957	34.1312	26.9330	 0.80	 34.86	0.041	  155.81	 99.96
 484.00	 479.53	 5.4840	34.1319	26.9350	 0.80	 34.73	0.042	  155.87	 99.96
 485.00	 480.52	 5.4813	34.1325	26.9358	 0.80	 34.66	0.041	  155.87	 99.95
 486.00	 481.50	 5.4787	34.1331	26.9366	 0.80	 34.64	0.040	  155.82	 99.95
 487.00	 482.49	 5.4776	34.1332	26.9368	 0.80	 34.58	0.040	  155.81	 99.96
 488.00	 483.48	 5.4751	34.1333	26.9372	 0.79	 34.52	0.040	  155.82	 99.96
 489.00	 484.47	 5.4754	34.1335	26.9373	 0.79	 34.47	0.040	  155.85	 99.96
 490.00	 485.46	 5.4717	34.1335	26.9378	 0.79	 34.36	0.040	  155.83	 99.96
 491.00	 486.45	 5.4670	34.1339	26.9387	 0.79	 34.25	0.040	  155.74	 99.97
 492.00	 487.44	 5.4648	34.1342	26.9392	 0.79	 34.28	0.040	  155.77	 99.97
 493.00	 488.43	 5.4633	34.1344	26.9395	 0.79	 34.21	0.040	  155.83	 99.97
 494.00	 489.42	 5.4625	34.1346	26.9398	 0.78	 34.12	0.040	  155.82	 99.97
 495.00	 490.41	 5.4605	34.1346	26.9401	 0.79	 34.18	0.040	  155.80	 99.96
 496.00	 491.40	 5.4597	34.1347	26.9403	 0.78	 34.10	0.040	  155.83	 99.97
 497.00	 492.39	 5.4581	34.1350	26.9407	 0.78	 33.94	0.041	  155.78	 99.97
 498.00	 493.38	 5.4557	34.1351	26.9410	 0.78	 33.96	0.040	  155.82	 99.97
 499.00	 494.37	 5.4492	34.1353	26.9420	 0.78	 33.84	0.040	  155.81	 99.96
 500.00	 495.36	 5.4421	34.1362	26.9435	 0.78	 33.80	0.040	  155.80	 99.97
 501.00	 496.35	 5.4404	34.1364	26.9439	 0.78	 33.74	0.040	  155.82	 99.97
 502.00	 497.34	 5.4386	34.1368	26.9445	 0.77	 33.64	0.041	  155.78	 99.97
 503.00	 498.33	 5.4388	34.1368	26.9444	 0.77	 33.60	0.041	  155.80	 99.97
 504.00	 499.32	 5.4387	34.1368	26.9444	 0.77	 33.61	0.040	  155.79	 99.97
 505.00	 500.31	 5.4378	34.1370	26.9447	 0.77	 33.57	0.040	  155.77	 99.97
 506.00	 501.30	 5.4364	34.1367	26.9447	 0.77	 33.47	0.041	  155.81	 99.97
 507.00	 502.29	 5.4318	34.1376	26.9460	 0.77	 33.41	0.040	  155.83	 99.97
 508.00	 503.27	 5.4313	34.1377	26.9461	 0.77	 33.34	0.041	  155.75	 99.97
 509.00	 504.26	 5.4311	34.1378	26.9462	 0.77	 33.28	0.041	  155.77	 99.97
 510.00	 505.25	 5.4318	34.1377	26.9461	 0.77	 33.30	0.040	  155.78	 99.97
 511.00	 506.24	 5.4273	34.1383	26.9471	 0.77	 33.31	0.040	  155.79	 99.97
 512.00	 507.23	 5.4260	34.1386	26.9475	 0.77	 33.27	0.041	  155.82	 99.98
 513.00	 508.22	 5.4240	34.1388	26.9479	 0.76	 33.21	0.041	  155.76	 99.97
 514.00	 509.21	 5.4226	34.1389	26.9481	 0.76	 33.17	0.040	  155.75	 99.98
 515.00	 510.20	 5.4221	34.1391	26.9484	 0.76	 33.10	0.040	  155.71	 99.98
 516.00	 511.19	 5.4211	34.1389	26.9484	 0.76	 33.09	0.040	  155.69	 99.97
 517.00	 512.18	 5.4183	34.1395	26.9492	 0.76	 32.98	0.040	  155.80	 99.97
 518.00	 513.17	 5.4073	34.1401	26.9509	 0.75	 32.83	0.040	  155.72	 99.98
 519.00	 514.16	 5.4011	34.1401	26.9517	 0.75	 32.74	0.040	  155.72	 99.98
 520.00	 515.15	 5.3965	34.1407	26.9527	 0.75	 32.66	0.040	  155.70	 99.98
 521.00	 516.14	 5.3899	34.1402	26.9531	 0.75	 32.55	0.041	  155.69	 99.98
 522.00	 517.13	 5.3807	34.1416	26.9553	 0.75	 32.61	0.040	  155.65	 99.98
 523.00	 518.12	 5.3791	34.1420	26.9559	 0.75	 32.42	0.040	  155.74	 99.98
 524.00	 519.11	 5.3794	34.1419	26.9558	 0.74	 32.20	0.040	  155.76	 99.98
 525.00	 520.10	 5.3734	34.1422	26.9567	 0.74	 32.21	0.040	  155.73	 99.98
 526.00	 521.08	 5.3689	34.1426	26.9575	 0.74	 32.19	0.040	  155.70	 99.98
 527.00	 522.07	 5.3631	34.1426	26.9582	 0.74	 32.01	0.041	  155.68	 99.98
 528.00	 523.06	 5.3531	34.1435	26.9602	 0.73	 31.86	0.040	  155.73	 99.98
 529.00	 524.05	 5.3517	34.1439	26.9606	 0.73	 31.82	0.040	  155.74	 99.98
 530.00	 525.04	 5.3516	34.1439	26.9606	 0.73	 31.80	0.040	  155.72	 99.98
 531.00	 526.03	 5.3502	34.1442	26.9610	 0.73	 31.71	0.040	  155.68	 99.98
 532.00	 527.02	 5.3485	34.1445	26.9615	 0.73	 31.69	0.040	  155.68	 99.98
 533.00	 528.01	 5.3458	34.1445	26.9619	 0.73	 31.69	0.040	  155.69	 99.98
 534.00	 529.00	 5.3428	34.1453	26.9629	 0.73	 31.57	0.040	  155.61	 99.98
 535.00	 529.99	 5.3414	34.1452	26.9630	 0.72	 31.45	0.040	  155.59	 99.98
 536.00	 530.98	 5.3361	34.1460	26.9642	 0.72	 31.33	0.040	  155.61	 99.98
 537.00	 531.97	 5.3329	34.1465	26.9650	 0.72	 31.27	0.041	  155.66	 99.98
 538.00	 532.96	 5.3309	34.1468	26.9655	 0.72	 31.28	0.042	  155.63	 99.98
 539.00	 533.95	 5.3298	34.1471	26.9658	 0.72	 31.22	0.042	  155.62	 99.98
 540.00	 534.94	 5.3295	34.1472	26.9660	 0.72	 31.19	0.042	  155.56	 99.98
 541.00	 535.93	 5.3269	34.1472	26.9663	 0.71	 31.08	0.042	  155.58	 99.98
 542.00	 536.91	 5.3254	34.1478	26.9670	 0.71	 31.03	0.041	  155.61	 99.98
 543.00	 537.90	 5.3243	34.1477	26.9670	 0.71	 31.01	0.040	  155.65	 99.98
 544.00	 538.89	 5.3239	34.1479	26.9672	 0.71	 31.02	0.041	  155.67	 99.98
 545.00	 539.88	 5.3174	34.1481	26.9682	 0.71	 30.92	0.041	  155.62	 99.98
 546.00	 540.87	 5.3128	34.1486	26.9691	 0.71	 30.86	0.041	  155.62	 99.98
 547.00	 541.86	 5.3121	34.1489	26.9695	 0.71	 30.82	0.041	  155.58	 99.98
 548.00	 542.85	 5.3129	34.1487	26.9692	 0.71	 30.76	0.040	  155.57	 99.98
 549.00	 543.84	 5.3118	34.1488	26.9694	 0.70	 30.59	0.040	  155.61	 99.98
 550.00	 544.83	 5.3051	34.1488	26.9702	 0.70	 30.53	0.040	  155.62	 99.98
 551.00	 545.82	 5.2892	34.1509	26.9737	 0.70	 30.37	0.041	  155.54	 99.98
 552.00	 546.81	 5.2785	34.1521	26.9759	 0.69	 30.22	0.041	  155.53	 99.98
 553.00	 547.80	 5.2682	34.1524	26.9774	 0.69	 29.95	0.040	  155.59	 99.98
 554.00	 548.79	 5.2593	34.1533	26.9792	 0.69	 29.81	0.040	  155.60	 99.98
 555.00	 549.78	 5.2556	34.1536	26.9798	 0.68	 29.63	0.040	  155.60	 99.98
 556.00	 550.76	 5.2436	34.1548	26.9822	 0.68	 29.44	0.040	  155.68	 99.98
 557.00	 551.75	 5.2345	34.1567	26.9848	 0.67	 29.30	0.040	  155.58	 99.98
 558.00	 552.74	 5.2281	34.1575	26.9861	 0.67	 29.15	0.040	  155.55	 99.98
 559.00	 553.73	 5.2121	34.1592	26.9894	 0.66	 28.90	0.040	  155.55	 99.98
 560.00	 554.72	 5.2055	34.1605	26.9912	 0.66	 28.81	0.040	  155.55	 99.98
 561.00	 555.71	 5.2038	34.1608	26.9916	 0.66	 28.59	0.040	  155.58	 99.98
 562.00	 556.70	 5.2006	34.1609	26.9921	 0.65	 28.38	0.040	  155.62	 99.98
 563.00	 557.69	 5.1783	34.1631	26.9964	 0.65	 28.20	0.040	  155.59	 99.98
 564.00	 558.68	 5.1684	34.1655	26.9995	 0.64	 28.04	0.040	  155.55	 99.98
 565.00	 559.67	 5.1650	34.1667	27.0009	 0.64	 27.79	0.041	  155.61	 99.98
 566.00	 560.66	 5.1628	34.1676	27.0018	 0.64	 27.74	0.041	  155.60	 99.98
 567.00	 561.65	 5.1579	34.1683	27.0029	 0.63	 27.52	0.041	  155.54	 99.98
 568.00	 562.64	 5.1384	34.1701	27.0066	 0.63	 27.34	0.041	  155.60	 99.98
 569.00	 563.62	 5.1256	34.1724	27.0099	 0.62	 27.08	0.040	  155.65	 99.98
 570.00	 564.61	 5.1173	34.1737	27.0119	 0.62	 27.04	0.040	  155.64	 99.98
 571.00	 565.60	 5.1133	34.1747	27.0132	 0.62	 26.83	0.040	  155.55	 99.99
 572.00	 566.59	 5.1121	34.1748	27.0134	 0.61	 26.65	0.040	  155.60	 99.99
 573.00	 567.58	 5.1080	34.1755	27.0145	 0.61	 26.57	0.040	  155.56	 99.99
 574.00	 568.57	 5.1023	34.1765	27.0159	 0.61	 26.38	0.040	  155.58	 99.99
 575.00	 569.56	 5.0978	34.1767	27.0166	 0.60	 26.22	0.040	  155.57	 99.99
 576.00	 570.55	 5.0857	34.1771	27.0183	 0.60	 25.94	0.040	  155.53	 99.99
 577.00	 571.54	 5.0619	34.1797	27.0231	 0.59	 25.57	0.040	  155.58	 99.99
 578.00	 572.53	 5.0300	34.1829	27.0293	 0.58	 25.18	0.040	  155.61	 99.99
 579.00	 573.52	 5.0194	34.1858	27.0328	 0.58	 25.24	0.040	  155.53	 99.99
 580.00	 574.51	 5.0112	34.1874	27.0350	 0.58	 25.17	0.040	  155.60	 99.99
 581.00	 575.49	 5.0109	34.1873	27.0350	 0.58	 25.00	0.040	  155.58	 99.99
 582.00	 576.48	 5.0107	34.1872	27.0350	 0.57	 24.90	0.040	  155.54	100.00
 583.00	 577.47	 5.0105	34.1875	27.0352	 0.57	 24.83	0.042	  155.55	100.00
 584.00	 578.46	 5.0069	34.1881	27.0361	 0.57	 24.63	0.040	  155.53	100.00
 585.00	 579.45	 5.0082	34.1882	27.0361	 0.56	 24.57	0.040	  155.57	100.00
 586.00	 580.44	 5.0078	34.1879	27.0358	 0.56	 24.47	0.040	  155.57	 99.99
 587.00	 581.43	 4.9969	34.1884	27.0375	 0.56	 24.17	0.041	  155.53	100.00
 588.00	 582.42	 4.9483	34.1937	27.0472	 0.55	 23.74	0.041	  155.57	100.00
 589.00	 583.41	 4.9162	34.1989	27.0549	 0.54	 23.54	0.040	  155.50	100.00
 590.00	 584.40	 4.9156	34.1998	27.0557	 0.54	 23.32	0.040	  155.56	100.00
 591.00	 585.39	 4.9153	34.1990	27.0552	 0.53	 23.14	0.041	  155.55	100.00
 592.00	 586.37	 4.9056	34.2007	27.0576	 0.53	 22.88	0.040	  155.54	100.00
 593.00	 587.36	 4.8998	34.2007	27.0583	 0.52	 22.78	0.040	  155.53	100.00
 594.00	 588.35	 4.8849	34.2035	27.0622	 0.52	 22.62	0.040	  155.54	100.00
 595.00	 589.34	 4.8820	34.2037	27.0626	 0.52	 22.46	0.040	  155.56	100.00
 596.00	 590.33	 4.8707	34.2045	27.0646	 0.51	 22.37	0.040	  155.58	100.00
 597.00	 591.32	 4.8603	34.2069	27.0677	 0.51	 22.29	0.041	  155.56	100.00
 598.00	 592.31	 4.8583	34.2072	27.0681	 0.51	 22.15	0.041	  155.56	100.00
 599.00	 593.30	 4.8557	34.2077	27.0689	 0.50	 21.89	0.041	  155.52	100.00
 600.00	 594.29	 4.8503	34.2080	27.0697	 0.50	 21.83	0.040	  155.48	100.00
 601.00	 595.28	 4.8451	34.2091	27.0711	 0.50	 21.74	0.040	  155.48	100.00
 602.00	 596.27	 4.8382	34.2099	27.0726	 0.50	 21.65	0.040	  155.50	100.00
 603.00	 597.25	 4.8313	34.2113	27.0745	 0.50	 21.56	0.040	  155.48	100.00
 604.00	 598.24	 4.8237	34.2124	27.0762	 0.50	 21.55	0.041	  155.55	100.00
 605.00	 599.23	 4.8159	34.2140	27.0784	 0.49	 21.37	0.041	  155.54	100.00
 606.00	 600.22	 4.8181	34.2135	27.0777	 0.48	 21.04	0.040	  155.45	100.00
 607.00	 601.21	 4.8097	34.2149	27.0797	 0.49	 21.13	0.040	  155.54	100.00
 608.00	 602.20	 4.8070	34.2157	27.0807	 0.48	 21.06	0.040	  155.47	100.00
 609.00	 603.19	 4.8061	34.2158	27.0809	 0.48	 20.97	0.040	  155.43	100.00
 610.00	 604.18	 4.8054	34.2161	27.0812	 0.48	 20.93	0.040	  155.55	100.00
 611.00	 605.17	 4.8028	34.2163	27.0817	 0.48	 20.77	0.040	  155.49	100.00
 612.00	 606.16	 4.7875	34.2173	27.0842	 0.47	 20.64	0.040	  155.52	100.00
 613.00	 607.14	 4.7608	34.2219	27.0908	 0.47	 20.41	0.040	  155.56	100.00
 614.00	 608.13	 4.7504	34.2238	27.0935	 0.47	 20.23	0.040	  155.46	100.00
 615.00	 609.12	 4.7421	34.2248	27.0952	 0.46	 19.98	0.041	  155.46	100.00
 616.00	 610.11	 4.7361	34.2254	27.0964	 0.46	 19.91	0.042	  155.42	100.00
 617.00	 611.10	 4.7195	34.2275	27.0999	 0.45	 19.75	0.040	  155.46	100.00
 618.00	 612.09	 4.7115	34.2292	27.1021	 0.45	 19.65	0.040	  155.46	100.00
 619.00	 613.08	 4.7061	34.2298	27.1032	 0.45	 19.65	0.041	  155.40	100.00
 620.00	 614.07	 4.6999	34.2303	27.1043	 0.45	 19.54	0.041	  155.55	100.00
 621.00	 615.06	 4.6917	34.2317	27.1063	 0.44	 19.29	0.040	  155.46	100.00
 622.00	 616.05	 4.6759	34.2332	27.1093	 0.44	 19.09	0.040	  155.40	100.00
 623.00	 617.03	 4.6524	34.2374	27.1151	 0.44	 18.91	0.040	  155.42	100.00
 624.00	 618.02	 4.6455	34.2388	27.1170	 0.43	 18.78	0.040	  155.43	100.00
 625.00	 619.01	 4.6432	34.2392	27.1176	 0.43	 18.67	0.040	  155.41	100.00
 626.00	 620.00	 4.6416	34.2397	27.1182	 0.43	 18.71	0.041	  155.42	100.00
 627.00	 620.99	 4.6418	34.2397	27.1182	 0.43	 18.61	0.042	  155.37	100.00
 628.00	 621.98	 4.6402	34.2401	27.1187	 0.43	 18.55	0.041	  155.35	 99.71
 629.00	 622.97	 4.6397	34.2404	27.1190	 0.43	 18.49	0.040	  155.34	 98.60
 630.00	 623.96	 4.6366	34.2409	27.1197	 0.42	 18.29	0.042	  155.41	 98.08
 631.00	 624.95	 4.6119	34.2477	27.1278	 0.42	 18.07	0.040	  155.38	 96.99
 632.00	 625.93	 4.5997	34.2509	27.1317	 0.41	 17.96	0.040	  155.41	 96.13
 633.00	 626.92	 4.5910	34.2529	27.1343	 0.41	 17.82	0.040	  155.43	 95.11
 634.00	 627.91	 4.5898	34.2531	27.1346	 0.41	 17.71	0.040	  155.41	 94.12
 635.00	 628.90	 4.5835	34.2545	27.1364	 0.41	 17.79	0.040	  155.35	 93.22
 636.00	 629.89	 4.5811	34.2553	27.1373	 0.41	 17.71	0.040	  155.34	 92.20
 637.00	 630.88	 4.5770	34.2558	27.1381	 0.41	 17.64	0.040	  155.29	 91.22
 638.00	 631.87	 4.5710	34.2571	27.1398	 0.40	 17.55	0.040	  155.30	 90.02
 639.00	 632.86	 4.5664	34.2580	27.1410	 0.40	 17.53	0.040	  155.28	 88.93
 640.00	 633.85	 4.5624	34.2588	27.1421	 0.40	 17.42	0.040	  155.25	 87.97
 641.00	 634.83	 4.5561	34.2602	27.1439	 0.40	 17.36	0.041	  155.23	 87.05
 642.00	 635.82	 4.5537	34.2603	27.1443	 0.40	 17.28	0.040	  155.20	 86.00
 643.00	 636.81	 4.5464	34.2620	27.1464	 0.40	 17.24	0.040	  155.20	 84.93
