wcoa21_data_management/01_CRUISE_METADATA/00_OCADS_data/CTD_downcasts/WCOA_2021_CTD_downcasts/dRB2102_CTD_062_01_F.txt
* Sea-Bird SBE 9 Data:
* Software Version Seasave V 7.26.7.107
* Vessel: NOAA Ship Ronald H. Brown
* Cruise: RB2102, West Coast Ocean Acidification (WCOA) 2021
* Dates: 20210622 to 20210723
* Region: NE Pacific, USA West Coast
* Ports: San Diego, CA to Port Angeles, WA to San Diego, CA
* Chief Scientists: R. Feely, NOAA PMEL; D. Greeley, NOAA PMEL; B. Carter, NOAA PMEL / UW CICOES
*END*
[from data line 641]
 644.00	 637.96	 5.2229	34.2781	27.0832	 0.38	 16.60	0.041	  131.51	 59.61
 645.00	 638.95	 5.2327	34.2808	27.0842	 0.38	 16.45	0.041	  131.44	 58.88
 646.00	 639.94	 5.2349	34.2822	27.0851	 0.37	 16.30	0.041	  131.50	 57.81
 647.00	 640.93	 5.2271	34.2832	27.0868	 0.38	 16.32	0.042	  131.48	 56.89
 648.00	 641.92	 5.2077	34.2843	27.0900	 0.37	 16.27	0.041	  131.46	 55.78
 649.00	 642.91	 5.1987	34.2860	27.0923	 0.37	 16.17	0.041	  131.52	 54.68
 650.00	 643.90	 5.1968	34.2861	27.0926	 0.37	 16.17	0.042	  131.48	 53.61
 651.00	 644.89	 5.1947	34.2863	27.0931	 0.37	 16.14	0.042	  131.47	 52.87
 652.00	 645.88	 5.1897	34.2865	27.0938	 0.37	 16.03	0.041	  131.49	 51.86
 653.00	 646.86	 5.1805	34.2873	27.0955	 0.37	 15.97	0.041	  131.39	 50.78
 654.00	 647.85	 5.1691	34.2882	27.0975	 0.37	 15.98	0.042	  131.47	 49.63
 655.00	 648.84	 5.1620	34.2885	27.0986	 0.36	 15.85	0.041	  131.44	 48.48
 656.00	 649.83	 5.1569	34.2887	27.0994	 0.36	 15.83	0.041	  131.47	 47.58
 657.00	 650.82	 5.1558	34.2888	27.0996	 0.36	 15.79	0.040	  131.44	 46.43
 658.00	 651.81	 5.1537	34.2889	27.0999	 0.36	 15.75	0.040	  131.41	 45.48
 659.00	 652.80	 5.1526	34.2889	27.1001	 0.36	 15.76	0.041	  131.43	 44.43
 660.00	 653.79	 5.1511	34.2889	27.1002	 0.36	 15.72	0.041	  131.39	 43.44
 661.00	 654.78	 5.1475	34.2889	27.1007	 0.36	 15.69	0.041	  131.40	 42.48
 662.00	 655.77	 5.1439	34.2891	27.1013	 0.36	 15.69	0.041	  131.43	 41.55
 663.00	 656.75	 5.1427	34.2892	27.1015	 0.36	 15.69	0.040	  131.39	 40.45
 664.00	 657.74	 5.1414	34.2891	27.1016	 0.36	 15.67	0.040	  131.39	 39.35
 665.00	 658.73	 5.1410	34.2893	27.1017	 0.36	 15.72	0.040	  131.38	 38.46
 666.00	 659.72	 5.1371	34.2892	27.1021	 0.36	 15.63	0.040	  131.37	 37.60
 667.00	 660.71	 5.1264	34.2893	27.1035	 0.36	 15.62	0.040	  131.39	 36.57
 668.00	 661.70	 5.0964	34.2903	27.1077	 0.36	 15.60	0.041	  131.42	 35.44
 669.00	 662.69	 5.0877	34.2909	27.1093	 0.36	 15.49	0.040	  131.38	 34.27
 670.00	 663.68	 5.0757	34.2910	27.1107	 0.36	 15.59	0.041	  131.35	 33.60
 671.00	 664.67	 5.0592	34.2914	27.1129	 0.36	 15.47	0.041	  131.41	 32.64
 672.00	 665.66	 5.0252	34.2916	27.1170	 0.35	 15.43	0.041	  131.39	 31.48
 673.00	 666.64	 5.0108	34.2924	27.1193	 0.35	 15.36	0.041	  131.39	 30.27
 674.00	 667.63	 5.0014	34.2932	27.1210	 0.35	 15.32	0.040	  131.39	 29.38
 675.00	 668.62	 4.9889	34.2950	27.1238	 0.35	 15.22	0.040	  131.38	 28.51
 676.00	 669.61	 4.9804	34.2966	27.1260	 0.35	 15.04	0.041	  131.40	 27.43
 677.00	 670.60	 4.9720	34.2991	27.1290	 0.34	 14.87	0.042	  131.37	 26.28
 678.00	 671.59	 4.9695	34.2999	27.1299	 0.34	 14.72	0.041	  131.39	 25.27
 679.00	 672.58	 4.9690	34.3003	27.1303	 0.34	 14.74	0.041	  131.36	 24.47
 680.00	 673.57	 4.9688	34.3005	27.1305	 0.34	 14.65	0.041	  131.36	 23.49
 681.00	 674.56	 4.9668	34.3011	27.1312	 0.34	 14.61	0.041	  131.32	 22.40
 682.00	 675.55	 4.9653	34.3014	27.1316	 0.34	 14.58	0.041	  131.33	 21.26
 683.00	 676.53	 4.9634	34.3018	27.1322	 0.33	 14.54	0.041	  131.32	 20.23
 684.00	 677.52	 4.9621	34.3024	27.1328	 0.33	 14.46	0.042	  131.33	 19.38
 685.00	 678.51	 4.9592	34.3030	27.1336	 0.33	 14.33	0.041	  131.29	 18.31
 686.00	 679.50	 4.9530	34.3038	27.1349	 0.33	 14.24	0.041	  131.23	 17.19
 687.00	 680.49	 4.9452	34.3044	27.1363	 0.33	 14.19	0.041	  131.14	 16.21
 688.00	 681.48	 4.9382	34.3051	27.1377	 0.33	 14.17	0.041	  131.15	 15.25
 689.00	 682.47	 4.9332	34.3057	27.1387	 0.32	 14.07	0.040	  131.10	 14.28
 690.00	 683.46	 4.9292	34.3063	27.1396	 0.32	 14.00	0.041	  130.98	 13.12
 691.00	 684.45	 4.9280	34.3065	27.1400	 0.32	 13.94	0.041	  130.95	 12.13
 692.00	 685.43	 4.9279	34.3064	27.1399	 0.32	 13.93	0.041	  130.83	 11.04
 693.00	 686.42	 4.9277	34.3064	27.1400	 0.32	 13.89	0.041	  130.69	 10.03
 694.00	 687.41	 4.9267	34.3065	27.1401	 0.32	 13.81	0.041	  129.59	  8.78
