wcoa21_data_management/01_CRUISE_METADATA/00_OCADS_data/CTD_downcasts/WCOA_2021_CTD_downcasts/dRB2102_CTD_128_01_F.txt
* Sea-Bird SBE 9 Data:
* Software Version Seasave V 7.26.7.107
* Vessel: NOAA Ship Ronald H. Brown
* Cruise: RB2102, West Coast Ocean Acidification (WCOA) 2021
* Dates: 20210622 to 20210723
* Region: NE Pacific, USA West Coast
* Ports: San Diego, CA to Port Angeles, WA to San Diego, CA
* Chief Scientists: R. Feely, NOAA PMEL; D. Greeley, NOAA PMEL; B. Carter, NOAA PMEL / UW CICOES
*END*
   4.00	   3.97	20.7505	33.5054	23.4237	 5.42	236.69	0.048	  165.56	 98.37
   5.00	   4.96	20.7517	33.5056	23.4236	 5.42	236.55	0.049	  165.26	 69.44
   6.00	   5.96	20.7589	33.5057	23.4219	 5.42	236.42	0.049	  165.17	 89.58
   7.00	   6.95	20.7643	33.5058	23.4205	 5.42	236.50	0.050	  165.09	 99.21
   8.00	   7.94	20.7663	33.5057	23.4200	 5.43	237.00	0.050	  164.98	 99.68
   9.00	   8.94	20.7651	33.5058	23.4204	 5.42	236.58	0.049	  164.96	 99.69
  10.00	   9.93	20.7602	33.5056	23.4216	 5.43	236.89	0.049	  164.96	 91.95
  11.00	  10.92	20.7384	33.5039	23.4262	 5.45	237.77	0.049	  164.85	100.04
  12.00	  11.91	20.7349	33.5039	23.4272	 5.44	237.40	0.048	  164.84	 99.68
  13.00	  12.91	20.7169	33.5022	23.4307	 5.45	237.91	0.049	  164.79	 99.69
  14.00	  13.90	20.6517	33.4981	23.4451	 5.48	239.29	0.049	  164.77	 99.69
  15.00	  14.89	20.5309	33.4901	23.4712	 5.56	242.47	0.047	  164.78	 99.70
  16.00	  15.89	20.1475	33.4641	23.5528	 5.84	254.61	0.047	  164.73	 99.71
  17.00	  16.88	19.0086	33.4466	23.8328	 6.05	263.79	0.045	  164.87	 99.71
  18.00	  17.87	18.5689	33.4501	23.9458	 6.07	264.84	0.045	  164.87	 99.77
  19.00	  18.86	18.2010	33.4419	24.0306	 6.07	264.83	0.045	  164.86	 99.34
  20.00	  19.86	17.8925	33.4326	24.0990	 6.15	268.31	0.044	  164.87	 99.78
  21.00	  20.85	17.5372	33.4348	24.1864	 6.18	269.56	0.045	  164.86	 99.80
  22.00	  21.84	17.4098	33.4353	24.2174	 6.19	269.90	0.045	  164.81	 99.80
  23.00	  22.84	17.2309	33.4383	24.2622	 6.22	271.12	0.045	  164.85	 99.80
  24.00	  23.83	17.1277	33.4432	24.2905	 6.22	271.05	0.046	  164.86	 99.80
  25.00	  24.82	17.0609	33.4477	24.3097	 6.22	271.38	0.045	  164.81	 99.80
  26.00	  25.81	16.9957	33.4533	24.3294	 6.22	271.39	0.045	  164.77	 99.80
  27.00	  26.81	16.7645	33.4612	24.3896	 6.30	274.51	0.046	  164.77	 99.80
  28.00	  27.80	16.5537	33.4656	24.4419	 6.33	275.76	0.046	  164.80	 99.80
  29.00	  28.79	16.4620	33.4684	24.4653	 6.31	275.16	0.045	  164.77	 99.80
  30.00	  29.79	16.3645	33.4723	24.4907	 6.32	275.42	0.047	  164.79	 99.81
  31.00	  30.78	16.3279	33.4751	24.5013	 6.32	275.29	0.047	  164.76	 99.80
  32.00	  31.77	16.2834	33.4762	24.5124	 6.33	275.96	0.047	  164.72	 99.80
  33.00	  32.76	16.1319	33.4688	24.5412	 6.37	277.57	0.047	  164.72	 99.80
  34.00	  33.76	15.9780	33.4645	24.5728	 6.39	278.38	0.048	  164.74	 99.80
  35.00	  34.75	15.6830	33.4809	24.6517	 6.41	279.53	0.049	  164.73	 91.40
  36.00	  35.74	15.4576	33.4726	24.6955	 6.40	278.99	0.050	  164.73	 99.88
  37.00	  36.74	15.2484	33.4702	24.7398	 6.36	277.27	0.050	  164.71	 99.67
  38.00	  37.73	15.1501	33.4794	24.7684	 6.31	275.11	0.051	  164.70	 95.28
  39.00	  38.72	15.0328	33.4761	24.7914	 6.32	275.57	0.053	  164.75	 99.93
  40.00	  39.71	14.9922	33.4755	24.7998	 6.32	275.29	0.052	  164.68	 99.77
  41.00	  40.71	14.9169	33.4848	24.8233	 6.31	274.80	0.055	  164.67	 95.78
  42.00	  41.70	14.7581	33.4851	24.8577	 6.29	274.30	0.067	  164.69	 95.66
  43.00	  42.69	14.6573	33.4818	24.8768	 6.29	273.96	0.077	  164.63	 99.69
  44.00	  43.68	14.6476	33.4864	24.8825	 6.22	270.88	0.085	  164.59	 92.78
  45.00	  44.68	14.4726	33.4679	24.9055	 6.15	268.08	0.089	  164.59	 99.82
  46.00	  45.67	14.3594	33.4602	24.9235	 6.11	266.02	0.087	  164.60	 99.73
  47.00	  46.66	14.2321	33.4622	24.9518	 6.03	262.60	0.095	  164.55	 95.18
  48.00	  47.66	14.0847	33.4621	24.9826	 5.97	260.10	0.089	  164.60	 99.61
  49.00	  48.65	13.9826	33.4726	25.0120	 5.92	257.80	0.089	  164.58	 99.65
  50.00	  49.64	13.9104	33.4717	25.0262	 5.83	254.22	0.090	  164.59	 99.63
  51.00	  50.63	13.8073	33.4661	25.0432	 5.75	250.66	0.082	  164.58	 99.61
  52.00	  51.63	13.6216	33.4539	25.0718	 5.69	248.11	0.080	  164.61	 99.59
  53.00	  52.62	13.4372	33.4559	25.1108	 5.67	247.22	0.082	  164.65	 99.56
  54.00	  53.61	13.4191	33.4566	25.1150	 5.65	246.30	0.083	  164.59	 99.52
  55.00	  54.60	13.4083	33.4569	25.1175	 5.66	246.59	0.081	  164.57	 99.51
  56.00	  55.60	13.4037	33.4575	25.1188	 5.65	246.07	0.082	  164.53	 99.50
  57.00	  56.59	13.3964	33.4579	25.1207	 5.64	245.61	0.084	  164.51	 99.50
  58.00	  57.58	13.3870	33.4576	25.1224	 5.62	245.04	0.078	  164.48	 99.49
  59.00	  58.57	13.3685	33.4566	25.1254	 5.56	242.31	0.079	  164.39	 99.49
  60.00	  59.57	13.2197	33.4444	25.1458	 5.45	237.45	0.079	  164.35	 99.49
  61.00	  60.56	13.0504	33.4378	25.1744	 5.39	234.75	0.080	  164.35	 99.46
  62.00	  61.55	13.0215	33.4384	25.1807	 5.30	230.86	0.076	  164.34	 99.44
  63.00	  62.55	12.9263	33.4404	25.2011	 5.20	226.67	0.077	  164.37	 99.42
  64.00	  63.54	12.8136	33.4472	25.2285	 5.15	224.50	0.079	  164.38	 99.40
  65.00	  64.53	12.7512	33.4474	25.2408	 5.15	224.19	0.078	  164.36	 99.38
  66.00	  65.52	12.6579	33.4453	25.2575	 5.14	223.76	0.073	  164.33	 99.37
  67.00	  66.52	12.6070	33.4464	25.2682	 5.15	224.40	0.074	  164.33	 99.36
  68.00	  67.51	12.6068	33.4466	25.2685	 5.14	223.97	0.075	  164.29	 99.35
  69.00	  68.50	12.6064	33.4470	25.2689	 5.14	223.90	0.074	  164.23	 99.34
  70.00	  69.49	12.6044	33.4474	25.2696	 5.12	223.07	0.077	  164.24	 99.34
  71.00	  70.49	12.5910	33.4485	25.2731	 5.06	220.20	0.076	  164.16	 99.34
  72.00	  71.48	12.5086	33.4505	25.2906	 4.92	214.23	0.076	  164.17	 99.34
  73.00	  72.47	12.3876	33.4543	25.3169	 4.85	211.17	0.069	  164.16	 99.34
  74.00	  73.46	12.3131	33.4632	25.3381	 4.84	210.89	0.066	  164.16	 99.33
  75.00	  74.46	12.2300	33.4690	25.3584	 4.82	209.98	0.065	  164.16	 99.32
  76.00	  75.45	12.1725	33.4726	25.3722	 4.80	209.09	0.061	  164.13	 99.32
  77.00	  76.44	12.1380	33.4739	25.3797	 4.77	207.57	0.059	  164.18	 99.32
  78.00	  77.43	12.1066	33.4745	25.3861	 4.69	204.23	0.060	  164.11	 99.32
  79.00	  78.43	12.0316	33.4792	25.4040	 4.59	199.83	0.060	  164.09	 99.32
  80.00	  79.42	11.9523	33.4896	25.4270	 4.52	196.84	0.057	  164.15	 99.31
  81.00	  80.41	11.9003	33.4957	25.4415	 4.45	193.61	0.057	  164.11	 99.30
  82.00	  81.40	11.8027	33.5043	25.4664	 4.40	191.70	0.057	  164.13	 99.29
  83.00	  82.40	11.6392	33.5120	25.5027	 4.40	191.64	0.053	  164.18	 99.30
  84.00	  83.39	11.5750	33.5173	25.5187	 4.40	191.49	0.052	  164.18	 99.30
  85.00	  84.38	11.5680	33.5165	25.5194	 4.39	191.00	0.052	  164.18	 99.32
  86.00	  85.37	11.5590	33.5155	25.5203	 4.35	189.48	0.053	  164.16	 99.32
  87.00	  86.37	11.5033	33.5161	25.5310	 4.30	187.34	0.051	  164.14	 99.32
  88.00	  87.36	11.2936	33.5158	25.5690	 4.25	185.28	0.049	  164.20	 99.32
  89.00	  88.35	11.1357	33.5276	25.6067	 4.22	183.72	0.050	  164.24	 99.32
  90.00	  89.34	11.0980	33.5347	25.6190	 4.15	180.89	0.047	  164.20	 99.32
  91.00	  90.34	11.0430	33.5509	25.6415	 4.07	177.43	0.047	  164.19	 99.32
  92.00	  91.33	10.9031	33.5696	25.6809	 4.02	175.07	0.045	  164.27	 99.32
  93.00	  92.32	10.8866	33.5803	25.6922	 3.97	172.95	0.044	  164.26	 99.34
  94.00	  93.31	10.8937	33.5940	25.7016	 3.89	169.41	0.044	  164.22	 99.34
  95.00	  94.31	10.8516	33.6116	25.7228	 3.79	165.16	0.044	  164.22	 99.34
  96.00	  95.30	10.7867	33.6387	25.7554	 3.76	163.88	0.044	  164.24	 99.36
  97.00	  96.29	10.7735	33.6500	25.7665	 3.73	162.31	0.044	  164.26	 99.37
  98.00	  97.28	10.7548	33.6546	25.7735	 3.66	159.22	0.044	  164.23	 99.38
  99.00	  98.28	10.7084	33.6752	25.7977	 3.61	157.02	0.044	  164.21	 99.39
 100.00	  99.27	10.6482	33.6926	25.8218	 3.58	155.89	0.043	  164.21	 99.39
 101.00	 100.26	10.6135	33.7014	25.8347	 3.56	155.19	0.043	  164.21	 99.40
 102.00	 101.25	10.5830	33.7082	25.8454	 3.53	153.80	0.043	  164.20	 99.41
 103.00	 102.25	10.5500	33.7151	25.8565	 3.50	152.37	0.043	  164.19	 99.41
 104.00	 103.24	10.4913	33.7258	25.8750	 3.49	151.93	0.043	  164.18	 99.42
 105.00	 104.23	10.4136	33.7320	25.8933	 3.49	151.88	0.042	  164.17	 99.44
 106.00	 105.22	10.4145	33.7343	25.8950	 3.48	151.66	0.042	  164.18	 99.44
 107.00	 106.22	10.4005	33.7330	25.8964	 3.49	152.00	0.041	  164.16	 99.44
 108.00	 107.21	10.3721	33.7314	25.9001	 3.48	151.36	0.042	  164.18	 99.44
 109.00	 108.20	10.3551	33.7324	25.9039	 3.45	150.01	0.042	  164.12	 99.44
 110.00	 109.19	10.3534	33.7408	25.9107	 3.41	148.26	0.041	  164.08	 99.44
 111.00	 110.19	10.3559	33.7484	25.9163	 3.34	145.52	0.040	  164.10	 99.44
 112.00	 111.18	10.3627	33.7633	25.9267	 3.29	143.39	0.040	  164.08	 99.45
 113.00	 112.17	10.3602	33.7773	25.9380	 3.31	143.94	0.040	  164.10	 99.46
 114.00	 113.16	10.3102	33.7827	25.9509	 3.35	145.91	0.040	  164.09	 99.46
 115.00	 114.16	10.2781	33.7800	25.9543	 3.37	146.69	0.041	  164.08	 99.47
 116.00	 115.15	10.2570	33.7787	25.9569	 3.37	146.54	0.040	  163.97	 99.48
 117.00	 116.14	10.2471	33.7793	25.9591	 3.36	146.46	0.040	  163.98	 99.47
 118.00	 117.13	10.2334	33.7803	25.9623	 3.36	146.18	0.040	  163.95	 99.46
 119.00	 118.13	10.1927	33.7887	25.9758	 3.35	145.75	0.040	  164.02	 99.46
 120.00	 119.12	10.1870	33.7901	25.9778	 3.32	144.66	0.040	  163.90	 99.46
 121.00	 120.11	10.1756	33.7945	25.9832	 3.31	143.94	0.040	  163.90	 99.46
 122.00	 121.10	10.1635	33.7976	25.9877	 3.29	143.33	0.040	  163.87	 99.47
 123.00	 122.09	10.1341	33.8048	25.9984	 3.28	142.91	0.040	  163.83	 99.47
 124.00	 123.09	10.1127	33.8110	26.0068	 3.27	142.34	0.040	  163.87	 99.48
 125.00	 124.08	10.0883	33.8176	26.0162	 3.25	141.48	0.040	  163.82	 99.49
 126.00	 125.07	10.0798	33.8201	26.0196	 3.24	141.04	0.040	  163.85	 99.49
 127.00	 126.06	10.0722	33.8222	26.0225	 3.24	140.88	0.040	  163.82	 99.49
 128.00	 127.06	10.0643	33.8251	26.0261	 3.24	140.87	0.040	  163.80	 99.49
 129.00	 128.05	10.0583	33.8276	26.0291	 3.23	140.66	0.040	  163.81	 99.49
 130.00	 129.04	10.0516	33.8302	26.0323	 3.23	140.43	0.041	  163.75	 99.49
 131.00	 130.03	10.0467	33.8320	26.0346	 3.22	139.98	0.040	  163.77	 99.49
 132.00	 131.03	10.0445	33.8329	26.0357	 3.21	139.93	0.040	  163.69	 99.49
 133.00	 132.02	10.0346	33.8359	26.0397	 3.22	140.08	0.040	  163.66	 99.49
 134.00	 133.01	10.0310	33.8370	26.0412	 3.21	139.69	0.040	  163.65	 99.50
 135.00	 134.00	10.0285	33.8378	26.0422	 3.19	138.73	0.040	  163.64	 99.49
 136.00	 134.99	10.0177	33.8397	26.0455	 3.16	137.68	0.040	  163.58	 99.50
 137.00	 135.99	 9.9875	33.8476	26.0569	 3.15	137.18	0.040	  163.57	 99.51
 138.00	 136.98	 9.9753	33.8518	26.0622	 3.13	136.42	0.040	  163.61	 99.51
 139.00	 137.97	 9.9487	33.8590	26.0723	 3.11	135.26	0.040	  163.60	 99.51
 140.00	 138.96	 9.9422	33.8702	26.0822	 3.07	133.81	0.040	  163.58	 99.51
 141.00	 139.96	 9.9282	33.8810	26.0930	 3.04	132.17	0.041	  163.58	 99.51
 142.00	 140.95	 9.9220	33.8882	26.0996	 3.01	130.89	0.041	  163.54	 99.51
 143.00	 141.94	 9.9161	33.8916	26.1033	 2.98	129.79	0.040	  163.51	 99.52
 144.00	 142.93	 9.9061	33.8986	26.1105	 2.96	128.75	0.040	  163.48	 99.53
 145.00	 143.92	 9.8878	33.9062	26.1195	 2.95	128.41	0.040	  163.45	 99.54
 146.00	 144.92	 9.8767	33.9101	26.1244	 2.94	127.79	0.040	  163.43	 99.54
 147.00	 145.91	 9.8604	33.9137	26.1300	 2.92	127.23	0.040	  163.42	 99.54
 148.00	 146.90	 9.8393	33.9209	26.1392	 2.92	127.07	0.040	  163.40	 99.54
 149.00	 147.89	 9.8255	33.9243	26.1442	 2.93	127.70	0.041	  163.41	 99.55
 150.00	 148.89	 9.8017	33.9257	26.1492	 2.96	128.97	0.041	  163.37	 99.55
 151.00	 149.88	 9.7573	33.9277	26.1582	 3.01	131.08	0.040	  163.40	 99.56
 152.00	 150.87	 9.6858	33.9259	26.1686	 3.04	132.17	0.040	  163.39	 99.56
 153.00	 151.86	 9.6312	33.9272	26.1787	 3.03	131.76	0.040	  163.33	 99.56
 154.00	 152.85	 9.5983	33.9302	26.1864	 3.01	130.97	0.040	  163.32	 99.55
 155.00	 153.85	 9.5719	33.9324	26.1925	 2.98	129.81	0.041	  163.31	 99.54
 156.00	 154.84	 9.5576	33.9355	26.1973	 2.98	129.77	0.040	  163.33	 99.54
 157.00	 155.83	 9.5541	33.9366	26.1988	 2.97	129.30	0.040	  163.30	 99.54
 158.00	 156.82	 9.5492	33.9403	26.2025	 2.95	128.37	0.040	  163.33	 99.55
 159.00	 157.82	 9.5550	33.9475	26.2072	 2.94	127.87	0.040	  163.29	 99.55
 160.00	 158.81	 9.5578	33.9520	26.2102	 2.93	127.41	0.040	  163.20	 99.55
 161.00	 159.80	 9.5556	33.9570	26.2146	 2.91	126.63	0.040	  163.17	 99.56
 162.00	 160.79	 9.5531	33.9655	26.2217	 2.87	124.81	0.039	  163.21	 99.56
 163.00	 161.78	 9.5562	33.9744	26.2281	 2.83	123.01	0.040	  163.15	 99.56
 164.00	 162.78	 9.5486	33.9782	26.2323	 2.83	123.12	0.040	  163.20	 99.56
 165.00	 163.77	 9.5207	33.9817	26.2397	 2.83	123.33	0.040	  163.17	 99.56
 166.00	 164.76	 9.5076	33.9837	26.2434	 2.83	122.97	0.041	  163.14	 99.56
 167.00	 165.75	 9.5035	33.9859	26.2458	 2.82	122.53	0.040	  163.16	 99.58
 168.00	 166.75	 9.5003	33.9882	26.2481	 2.80	121.67	0.039	  163.13	 99.57
 169.00	 167.74	 9.5033	33.9929	26.2514	 2.78	120.81	0.040	  163.15	 99.58
 170.00	 168.73	 9.5171	33.9994	26.2542	 2.77	120.69	0.040	  163.14	 99.58
 171.00	 169.72	 9.5068	33.9996	26.2561	 2.78	120.94	0.040	  163.11	 99.58
 172.00	 170.71	 9.4593	33.9982	26.2628	 2.78	120.86	0.040	  163.08	 99.58
 173.00	 171.71	 9.4274	34.0014	26.2704	 2.75	119.86	0.040	  163.07	 99.58
 174.00	 172.70	 9.4360	34.0044	26.2715	 2.72	118.55	0.041	  163.00	 99.58
 175.00	 173.69	 9.4409	34.0096	26.2747	 2.71	117.97	0.040	  163.04	 99.58
 176.00	 174.68	 9.4341	34.0129	26.2784	 2.70	117.44	0.040	  163.01	 99.58
 177.00	 175.67	 9.4098	34.0136	26.2830	 2.68	116.66	0.040	  163.02	 99.58
 178.00	 176.67	 9.3683	34.0126	26.2889	 2.67	116.02	0.040	  163.04	 99.58
 179.00	 177.66	 9.2985	34.0244	26.3094	 2.68	116.43	0.039	  163.00	 99.60
 180.00	 178.65	 9.2441	34.0226	26.3168	 2.69	116.99	0.039	  163.05	 99.60
 181.00	 179.64	 9.2096	34.0199	26.3203	 2.69	116.85	0.040	  163.06	 99.60
 182.00	 180.63	 9.1812	34.0177	26.3232	 2.68	116.58	0.039	  163.08	 99.61
 183.00	 181.63	 9.1637	34.0166	26.3251	 2.68	116.42	0.040	  163.05	 99.61
 184.00	 182.62	 9.1546	34.0160	26.3261	 2.67	116.00	0.040	  162.96	 99.61
 185.00	 183.61	 9.1238	34.0146	26.3300	 2.65	115.49	0.040	  162.95	 99.61
 186.00	 184.60	 9.0907	34.0201	26.3395	 2.65	115.43	0.040	  162.93	 99.61
 187.00	 185.59	 9.0901	34.0205	26.3400	 2.64	115.09	0.040	  162.99	 99.61
 188.00	 186.59	 9.0913	34.0211	26.3403	 2.62	114.21	0.040	  162.94	 99.61
 189.00	 187.58	 9.0936	34.0222	26.3408	 2.61	113.43	0.039	  162.95	 99.61
 190.00	 188.57	 9.0878	34.0244	26.3434	 2.57	111.76	0.040	  162.88	 99.61
 191.00	 189.56	 9.0660	34.0264	26.3485	 2.52	109.78	0.040	  162.89	 99.61
 192.00	 190.55	 9.0482	34.0384	26.3607	 2.52	109.67	0.040	  162.98	 99.62
 193.00	 191.55	 9.0406	34.0414	26.3643	 2.54	110.62	0.040	  162.91	 99.62
 194.00	 192.54	 9.0052	34.0382	26.3674	 2.56	111.40	0.040	  162.87	 99.63
 195.00	 193.53	 8.9743	34.0372	26.3716	 2.57	111.89	0.040	  162.88	 99.63
 196.00	 194.52	 8.9567	34.0345	26.3723	 2.57	111.83	0.040	  162.88	 99.63
 197.00	 195.51	 8.8948	34.0322	26.3802	 2.57	111.86	0.040	  162.90	 99.63
 198.00	 196.51	 8.8780	34.0338	26.3842	 2.57	111.97	0.040	  162.81	 99.63
 199.00	 197.50	 8.8576	34.0345	26.3879	 2.57	111.92	0.040	  162.91	 99.63
 200.00	 198.49	 8.8486	34.0343	26.3892	 2.58	112.09	0.041	  162.84	 99.63
 201.00	 199.48	 8.8408	34.0341	26.3903	 2.58	112.05	0.040	  162.89	 99.63
 202.00	 200.47	 8.8316	34.0340	26.3917	 2.57	111.63	0.040	  162.79	 99.63
 203.00	 201.47	 8.8261	34.0349	26.3932	 2.55	110.88	0.040	  162.83	 99.63
 204.00	 202.46	 8.8237	34.0359	26.3944	 2.54	110.51	0.040	  162.83	 99.63
 205.00	 203.45	 8.8235	34.0367	26.3951	 2.53	110.23	0.040	  162.81	 99.63
 206.00	 204.44	 8.8197	34.0377	26.3965	 2.52	109.74	0.040	  162.80	 99.63
 207.00	 205.43	 8.8141	34.0390	26.3984	 2.51	109.10	0.040	  162.76	 99.63
 208.00	 206.43	 8.8003	34.0411	26.4022	 2.50	108.61	0.040	  162.76	 99.63
 209.00	 207.42	 8.7916	34.0433	26.4053	 2.49	108.18	0.040	  162.75	 99.63
 210.00	 208.41	 8.7905	34.0449	26.4068	 2.48	107.77	0.040	  162.71	 99.63
 211.00	 209.40	 8.7903	34.0461	26.4077	 2.46	107.07	0.040	  162.74	 99.63
 212.00	 210.39	 8.7911	34.0470	26.4083	 2.45	106.50	0.040	  162.69	 99.64
 213.00	 211.39	 8.7940	34.0500	26.4102	 2.44	106.26	0.040	  162.72	 99.65
 214.00	 212.38	 8.7857	34.0516	26.4128	 2.45	106.49	0.040	  162.72	 99.65
 215.00	 213.37	 8.7714	34.0517	26.4151	 2.46	107.01	0.040	  162.71	 99.65
 216.00	 214.36	 8.7397	34.0476	26.4169	 2.44	106.14	0.040	  162.70	 99.66
