wcoa21_data_management/01_CRUISE_METADATA/00_OCADS_data/CTD_downcasts/WCOA_2021_CTD_downcasts/dRB2102_CTD_132_02_F.txt
* Sea-Bird SBE 9 Data:
* Software Version Seasave V 7.26.7.107
* Vessel: NOAA Ship Ronald H. Brown
* Cruise: RB2102, West Coast Ocean Acidification (WCOA) 2021
* Dates: 20210622 to 20210723
* Region: NE Pacific, USA West Coast
* Ports: San Diego, CA to Port Angeles, WA to San Diego, CA
* Chief Scientists: R. Feely, NOAA PMEL; D. Greeley, NOAA PMEL; B. Carter, NOAA PMEL / UW CICOES
*END*
[from data line 1067]
1069.00	1058.82	 4.1266	34.4754	27.3643	 0.50	 21.73	0.041	     NaN	100.00
1070.00	1059.81	 4.1230	34.4758	27.3650	 0.50	 21.66	0.039	     NaN	100.00
1071.00	1060.80	 4.1196	34.4761	27.3656	 0.50	 21.75	0.039	     NaN	100.00
1072.00	1061.78	 4.1162	34.4764	27.3661	 0.51	 22.06	0.039	     NaN	100.00
1073.00	1062.77	 4.1115	34.4767	27.3669	 0.51	 22.17	0.039	     NaN	100.00
1074.00	1063.76	 4.1052	34.4772	27.3679	 0.51	 22.13	0.039	     NaN	100.00
1075.00	1064.75	 4.0998	34.4775	27.3688	 0.51	 22.25	0.039	     NaN	100.00
1076.00	1065.74	 4.0911	34.4783	27.3703	 0.52	 22.44	0.039	     NaN	100.00
1077.00	1066.72	 4.0832	34.4790	27.3717	 0.52	 22.76	0.040	     NaN	100.00
1078.00	1067.71	 4.0693	34.4801	27.3739	 0.53	 23.03	0.039	     NaN	100.00
1079.00	1068.70	 4.0503	34.4814	27.3770	 0.53	 22.92	0.040	     NaN	100.00
1080.00	1069.69	 4.0466	34.4818	27.3776	 0.53	 22.95	0.040	     NaN	100.00
1081.00	1070.68	 4.0444	34.4820	27.3780	 0.53	 23.06	0.041	     NaN	100.00
1082.00	1071.66	 4.0434	34.4819	27.3781	 0.53	 23.01	0.041	     NaN	100.00
1083.00	1072.65	 4.0430	34.4823	27.3784	 0.53	 23.06	0.041	     NaN	100.00
1084.00	1073.64	 4.0412	34.4823	27.3787	 0.53	 23.12	0.040	     NaN	100.00
1085.00	1074.63	 4.0377	34.4827	27.3793	 0.53	 23.09	0.040	     NaN	100.00
1086.00	1075.61	 4.0338	34.4829	27.3799	 0.53	 23.18	0.040	     NaN	100.00
1087.00	1076.60	 4.0273	34.4833	27.3809	 0.54	 23.43	0.040	     NaN	100.00
1088.00	1077.59	 4.0223	34.4836	27.3817	 0.54	 23.29	0.040	     NaN	100.00
1089.00	1078.58	 4.0182	34.4842	27.3826	 0.54	 23.41	0.040	     NaN	100.00
1090.00	1079.57	 4.0151	34.4843	27.3830	 0.55	 23.75	0.041	     NaN	100.00
1091.00	1080.55	 4.0093	34.4848	27.3839	 0.55	 23.71	0.040	     NaN	100.00
1092.00	1081.54	 4.0064	34.4849	27.3843	 0.54	 23.64	0.040	     NaN	100.00
1093.00	1082.53	 4.0030	34.4850	27.3848	 0.54	 23.68	0.039	     NaN	100.00
1094.00	1083.52	 4.0008	34.4852	27.3851	 0.55	 23.70	0.039	     NaN	100.00
1095.00	1084.51	 3.9998	34.4851	27.3852	 0.54	 23.68	0.039	     NaN	100.00
1096.00	1085.49	 3.9979	34.4854	27.3856	 0.55	 23.83	0.039	     NaN	100.00
1097.00	1086.48	 3.9949	34.4859	27.3863	 0.55	 23.87	0.039	     NaN	100.00
1098.00	1087.47	 3.9920	34.4860	27.3868	 0.55	 23.83	0.039	     NaN	100.00
1099.00	1088.46	 3.9868	34.4865	27.3877	 0.55	 24.09	0.041	     NaN	100.00
1100.00	1089.44	 3.9834	34.4866	27.3881	 0.56	 24.17	0.040	     NaN	100.00
1101.00	1090.43	 3.9772	34.4870	27.3891	 0.56	 24.33	0.040	     NaN	100.00
1102.00	1091.42	 3.9706	34.4875	27.3902	 0.56	 24.53	0.040	     NaN	100.00
1103.00	1092.41	 3.9576	34.4889	27.3926	 0.56	 24.40	0.041	     NaN	100.00
1104.00	1093.40	 3.9566	34.4889	27.3926	 0.57	 24.58	0.041	     NaN	100.00
1105.00	1094.38	 3.9530	34.4891	27.3932	 0.57	 24.77	0.041	     NaN	100.00
1106.00	1095.37	 3.9495	34.4894	27.3938	 0.57	 24.72	0.040	     NaN	100.00
1107.00	1096.36	 3.9476	34.4894	27.3940	 0.57	 24.59	0.039	     NaN	100.00
1108.00	1097.35	 3.9465	34.4895	27.3943	 0.57	 24.61	0.039	     NaN	100.00
1109.00	1098.33	 3.9463	34.4896	27.3943	 0.57	 24.66	0.039	     NaN	100.00
1110.00	1099.32	 3.9459	34.4897	27.3944	 0.57	 24.59	0.040	     NaN	100.00
1111.00	1100.31	 3.9456	34.4898	27.3946	 0.57	 24.67	0.039	     NaN	100.00
1112.00	1101.30	 3.9453	34.4900	27.3948	 0.57	 24.72	0.040	     NaN	100.00
1113.00	1102.29	 3.9450	34.4899	27.3948	 0.57	 24.69	0.039	     NaN	100.00
1114.00	1103.27	 3.9446	34.4901	27.3949	 0.57	 24.79	0.040	     NaN	100.00
1115.00	1104.26	 3.9442	34.4900	27.3949	 0.57	 24.74	0.040	     NaN	100.00
1116.00	1105.25	 3.9437	34.4901	27.3950	 0.57	 24.72	0.039	     NaN	100.00
1117.00	1106.24	 3.9431	34.4902	27.3952	 0.57	 24.86	0.040	     NaN	100.00
1118.00	1107.22	 3.9419	34.4903	27.3954	 0.57	 24.83	0.040	     NaN	100.00
1119.00	1108.21	 3.9408	34.4905	27.3957	 0.57	 24.72	0.039	     NaN	100.00
1120.00	1109.20	 3.9407	34.4905	27.3957	 0.57	 24.77	0.039	     NaN	100.00
1121.00	1110.19	 3.9403	34.4905	27.3957	 0.57	 24.84	0.039	     NaN	100.00
1122.00	1111.18	 3.9381	34.4907	27.3961	 0.57	 24.85	0.040	     NaN	100.00
1123.00	1112.16	 3.9348	34.4908	27.3966	 0.57	 24.78	0.040	     NaN	100.00
1124.00	1113.15	 3.9311	34.4911	27.3972	 0.57	 24.87	0.041	     NaN	100.00
1125.00	1114.14	 3.9293	34.4913	27.3976	 0.57	 24.91	0.040	     NaN	100.00
1126.00	1115.13	 3.9287	34.4913	27.3976	 0.57	 24.94	0.039	     NaN	100.00
1127.00	1116.11	 3.9277	34.4913	27.3977	 0.58	 25.08	0.039	     NaN	100.00
1128.00	1117.10	 3.9254	34.4917	27.3983	 0.58	 25.12	0.040	     NaN	100.00
1129.00	1118.09	 3.9246	34.4918	27.3984	 0.58	 25.13	0.039	     NaN	100.00
1130.00	1119.08	 3.9221	34.4918	27.3987	 0.58	 25.28	0.039	     NaN	100.00
1131.00	1120.06	 3.9184	34.4921	27.3993	 0.59	 25.60	0.041	     NaN	100.00
1132.00	1121.05	 3.9084	34.4928	27.4009	 0.59	 25.81	0.039	     NaN	100.00
1133.00	1122.04	 3.8905	34.4939	27.4036	 0.60	 25.94	0.040	     NaN	100.00
1134.00	1123.03	 3.8777	34.4951	27.4058	 0.60	 26.02	0.041	     NaN	100.00
1135.00	1124.01	 3.8754	34.4951	27.4061	 0.60	 26.08	0.041	     NaN	100.00
1136.00	1125.00	 3.8706	34.4953	27.4067	 0.60	 26.14	0.039	     NaN	100.00
1137.00	1125.99	 3.8652	34.4956	27.4075	 0.60	 26.18	0.040	     NaN	100.00
1138.00	1126.98	 3.8579	34.4962	27.4087	 0.61	 26.33	0.040	     NaN	100.00
1139.00	1127.97	 3.8531	34.4965	27.4094	 0.61	 26.34	0.039	     NaN	100.00
1140.00	1128.95	 3.8499	34.4969	27.4101	 0.61	 26.34	0.040	     NaN	100.00
1141.00	1129.94	 3.8493	34.4969	27.4101	 0.61	 26.33	0.040	     NaN	100.00
1142.00	1130.93	 3.8478	34.4971	27.4105	 0.60	 26.29	0.039	     NaN	100.00
1143.00	1131.92	 3.8465	34.4971	27.4106	 0.61	 26.38	0.039	     NaN	100.00
1144.00	1132.90	 3.8467	34.4972	27.4107	 0.61	 26.48	0.039	     NaN	100.00
1145.00	1133.89	 3.8461	34.4974	27.4109	 0.61	 26.38	0.039	     NaN	100.00
1146.00	1134.88	 3.8458	34.4974	27.4109	 0.61	 26.45	0.039	     NaN	100.00
1147.00	1135.87	 3.8456	34.4973	27.4109	 0.61	 26.48	0.039	     NaN	100.00
1148.00	1136.85	 3.8457	34.4974	27.4109	 0.61	 26.33	0.039	     NaN	100.00
1149.00	1137.84	 3.8456	34.4974	27.4110	 0.61	 26.38	0.039	     NaN	100.00
1150.00	1138.83	 3.8446	34.4975	27.4112	 0.61	 26.49	0.041	     NaN	100.00
1151.00	1139.82	 3.8430	34.4976	27.4114	 0.61	 26.46	0.040	     NaN	100.00
1152.00	1140.80	 3.8420	34.4977	27.4116	 0.61	 26.46	0.039	     NaN	100.00
1153.00	1141.79	 3.8419	34.4978	27.4117	 0.61	 26.52	0.039	     NaN	100.00
1154.00	1142.78	 3.8414	34.4977	27.4117	 0.61	 26.61	0.039	     NaN	100.00
1155.00	1143.77	 3.8378	34.4980	27.4123	 0.62	 26.77	0.039	     NaN	100.00
1156.00	1144.75	 3.8315	34.4985	27.4133	 0.62	 26.81	0.039	     NaN	100.00
1157.00	1145.74	 3.8296	34.4986	27.4136	 0.62	 26.86	0.040	     NaN	100.00
1158.00	1146.73	 3.8272	34.4988	27.4140	 0.62	 27.07	0.041	     NaN	100.00
1159.00	1147.72	 3.8251	34.4989	27.4143	 0.62	 27.05	0.040	     NaN	100.00
1160.00	1148.70	 3.8225	34.4990	27.4147	 0.62	 26.98	0.039	     NaN	100.00
1161.00	1149.69	 3.8202	34.4993	27.4151	 0.62	 26.99	0.039	     NaN	100.00
1162.00	1150.68	 3.8193	34.4994	27.4153	 0.62	 27.04	0.039	     NaN	100.00
1163.00	1151.67	 3.8192	34.4994	27.4153	 0.62	 26.94	0.040	     NaN	100.00
1164.00	1152.65	 3.8180	34.4995	27.4156	 0.62	 26.94	0.041	     NaN	100.00
1165.00	1153.64	 3.8174	34.4996	27.4157	 0.62	 27.09	0.041	     NaN	100.00
1166.00	1154.63	 3.8132	34.5000	27.4164	 0.62	 26.99	0.040	     NaN	100.00
1167.00	1155.62	 3.8114	34.5000	27.4166	 0.62	 27.04	0.039	     NaN	100.00
1168.00	1156.60	 3.8105	34.4999	27.4167	 0.62	 27.10	0.039	     NaN	100.00
1169.00	1157.59	 3.8087	34.5000	27.4169	 0.63	 27.20	0.041	     NaN	100.00
1170.00	1158.58	 3.8025	34.5008	27.4181	 0.63	 27.45	0.040	     NaN	100.00
1171.00	1159.57	 3.7969	34.5010	27.4189	 0.64	 27.62	0.040	     NaN	100.00
1172.00	1160.55	 3.7890	34.5016	27.4202	 0.63	 27.54	0.040	     NaN	100.00
1173.00	1161.54	 3.7835	34.5021	27.4211	 0.64	 27.71	0.039	     NaN	100.00
1174.00	1162.53	 3.7807	34.5022	27.4215	 0.64	 27.87	0.040	     NaN	100.00
1175.00	1163.52	 3.7766	34.5025	27.4222	 0.64	 27.70	0.040	     NaN	100.00
1176.00	1164.50	 3.7737	34.5027	27.4226	 0.63	 27.59	0.039	     NaN	100.00
1177.00	1165.49	 3.7734	34.5028	27.4227	 0.64	 27.77	0.040	     NaN	100.00
1178.00	1166.48	 3.7715	34.5028	27.4229	 0.64	 28.03	0.041	     NaN	100.00
1179.00	1167.47	 3.7663	34.5033	27.4238	 0.64	 28.03	0.041	     NaN	100.00
1180.00	1168.45	 3.7624	34.5035	27.4244	 0.65	 28.35	0.039	     NaN	100.00
1181.00	1169.44	 3.7548	34.5042	27.4257	 0.66	 28.50	0.039	     NaN	100.00
1182.00	1170.43	 3.7439	34.5049	27.4274	 0.65	 28.41	0.040	     NaN	100.00
1183.00	1171.42	 3.7351	34.5056	27.4288	 0.66	 28.51	0.041	     NaN	100.00
1184.00	1172.40	 3.7314	34.5058	27.4293	 0.66	 28.61	0.040	     NaN	100.00
1185.00	1173.39	 3.7293	34.5058	27.4295	 0.66	 28.57	0.039	     NaN	100.00
1186.00	1174.38	 3.7253	34.5063	27.4303	 0.66	 28.69	0.039	     NaN	100.00
1187.00	1175.37	 3.7220	34.5066	27.4309	 0.66	 28.75	0.039	     NaN	100.00
1188.00	1176.35	 3.7210	34.5066	27.4310	 0.66	 28.67	0.039	     NaN	100.00
1189.00	1177.34	 3.7206	34.5067	27.4311	 0.66	 28.73	0.039	     NaN	100.00
1190.00	1178.33	 3.7194	34.5068	27.4314	 0.66	 28.67	0.040	     NaN	100.00
1191.00	1179.32	 3.7170	34.5070	27.4317	 0.66	 28.70	0.040	     NaN	100.00
1192.00	1180.30	 3.7167	34.5070	27.4317	 0.66	 28.76	0.039	     NaN	100.00
1193.00	1181.29	 3.7150	34.5071	27.4320	 0.66	 28.79	0.039	     NaN	100.00
1194.00	1182.28	 3.7134	34.5073	27.4323	 0.66	 28.80	0.039	     NaN	100.00
1195.00	1183.27	 3.7120	34.5075	27.4326	 0.67	 29.17	0.040	     NaN	100.00
1196.00	1184.25	 3.7109	34.5075	27.4328	 0.67	 29.20	0.041	     NaN	100.00
1197.00	1185.24	 3.7054	34.5079	27.4336	 0.67	 29.33	0.039	     NaN	100.00
1198.00	1186.23	 3.6996	34.5085	27.4347	 0.68	 29.52	0.040	     NaN	100.00
1199.00	1187.21	 3.6860	34.5092	27.4366	 0.68	 29.54	0.039	     NaN	100.00
1200.00	1188.20	 3.6697	34.5106	27.4393	 0.68	 29.74	0.039	     NaN	100.00
1201.00	1189.19	 3.6667	34.5109	27.4398	 0.68	 29.64	0.040	     NaN	100.00
1202.00	1190.18	 3.6708	34.5106	27.4392	 0.68	 29.74	0.040	     NaN	100.00
1203.00	1191.16	 3.6695	34.5105	27.4393	 0.69	 30.01	0.039	     NaN	100.00
1204.00	1192.15	 3.6628	34.5109	27.4403	 0.70	 30.22	0.041	     NaN	100.00
1205.00	1193.14	 3.6432	34.5121	27.4432	 0.70	 30.40	0.041	     NaN	100.00
1206.00	1194.13	 3.6373	34.5126	27.4441	 0.70	 30.33	0.040	     NaN	100.00
1207.00	1195.11	 3.6372	34.5127	27.4442	 0.70	 30.28	0.040	     NaN	100.00
1208.00	1196.10	 3.6340	34.5127	27.4446	 0.70	 30.41	0.040	     NaN	100.00
1209.00	1197.09	 3.6310	34.5129	27.4450	 0.70	 30.40	0.039	     NaN	100.00
1210.00	1198.08	 3.6290	34.5132	27.4455	 0.70	 30.41	0.041	     NaN	100.00
1211.00	1199.06	 3.6295	34.5132	27.4454	 0.70	 30.31	0.040	     NaN	100.00
1212.00	1200.05	 3.6293	34.5132	27.4454	 0.70	 30.34	0.039	     NaN	100.00
1213.00	1201.04	 3.6291	34.5133	27.4455	 0.70	 30.38	0.039	     NaN	100.00
1214.00	1202.02	 3.6293	34.5132	27.4454	 0.70	 30.30	0.039	     NaN	100.00
1215.00	1203.01	 3.6286	34.5132	27.4455	 0.70	 30.36	0.039	     NaN	100.00
1216.00	1204.00	 3.6272	34.5134	27.4458	 0.70	 30.43	0.040	     NaN	100.00
1217.00	1204.99	 3.6243	34.5136	27.4463	 0.70	 30.50	0.040	     NaN	100.00
1218.00	1205.97	 3.6218	34.5137	27.4466	 0.70	 30.63	0.039	     NaN	100.00
1219.00	1206.96	 3.6216	34.5137	27.4466	 0.70	 30.63	0.040	     NaN	100.00
1220.00	1207.95	 3.6212	34.5138	27.4467	 0.70	 30.52	0.040	     NaN	100.00
1221.00	1208.94	 3.6215	34.5139	27.4468	 0.70	 30.57	0.039	     NaN	100.00
1222.00	1209.92	 3.6226	34.5137	27.4466	 0.70	 30.60	0.039	     NaN	100.00
1223.00	1210.91	 3.6228	34.5138	27.4466	 0.70	 30.60	0.039	     NaN	100.00
1224.00	1211.90	 3.6214	34.5138	27.4468	 0.70	 30.62	0.039	     NaN	100.00
1225.00	1212.88	 3.6190	34.5139	27.4471	 0.71	 30.66	0.040	     NaN	100.00
1226.00	1213.87	 3.6108	34.5147	27.4485	 0.71	 30.77	0.040	     NaN	100.00
1227.00	1214.86	 3.6097	34.5147	27.4486	 0.71	 30.78	0.039	     NaN	100.00
1228.00	1215.85	 3.6090	34.5148	27.4487	 0.71	 30.96	0.039	     NaN	100.00
1229.00	1216.83	 3.6072	34.5148	27.4490	 0.72	 31.09	0.039	     NaN	100.00
1230.00	1217.82	 3.6038	34.5151	27.4496	 0.71	 31.01	0.039	     NaN	100.00
1231.00	1218.81	 3.5985	34.5154	27.4503	 0.72	 31.26	0.039	     NaN	100.00
1232.00	1219.79	 3.5908	34.5161	27.4516	 0.73	 31.65	0.039	     NaN	100.00
1233.00	1220.78	 3.5733	34.5173	27.4542	 0.74	 31.98	0.040	     NaN	100.00
1234.00	1221.77	 3.5693	34.5176	27.4549	 0.73	 31.63	0.041	     NaN	100.00
1235.00	1222.76	 3.5686	34.5173	27.4548	 0.72	 31.49	0.040	     NaN	100.00
1236.00	1223.74	 3.5679	34.5175	27.4550	 0.73	 31.58	0.039	     NaN	100.00
1237.00	1224.73	 3.5660	34.5175	27.4551	 0.73	 31.67	0.039	     NaN	100.00
1238.00	1225.72	 3.5642	34.5176	27.4554	 0.73	 31.74	0.039	     NaN	100.00
1239.00	1226.70	 3.5622	34.5178	27.4558	 0.73	 31.79	0.039	     NaN	100.00
1240.00	1227.69	 3.5613	34.5178	27.4559	 0.73	 31.86	0.039	     NaN	100.00
1241.00	1228.68	 3.5609	34.5179	27.4560	 0.73	 31.62	0.040	     NaN	100.00
1242.00	1229.67	 3.5579	34.5182	27.4565	 0.73	 31.77	0.040	     NaN	100.00
1243.00	1230.65	 3.5568	34.5183	27.4567	 0.74	 32.04	0.039	     NaN	100.00
1244.00	1231.64	 3.5553	34.5184	27.4569	 0.73	 31.87	0.039	     NaN	100.00
1245.00	1232.63	 3.5537	34.5183	27.4570	 0.73	 31.79	0.039	     NaN	100.00
1246.00	1233.62	 3.5536	34.5184	27.4571	 0.73	 31.80	0.040	     NaN	100.00
1247.00	1234.60	 3.5534	34.5185	27.4572	 0.73	 31.91	0.040	     NaN	100.00
1248.00	1235.59	 3.5531	34.5184	27.4572	 0.74	 31.95	0.040	     NaN	100.00
1249.00	1236.58	 3.5523	34.5186	27.4575	 0.73	 31.93	0.039	     NaN	100.00
1250.00	1237.56	 3.5515	34.5187	27.4577	 0.73	 31.93	0.039	     NaN	100.00
1251.00	1238.55	 3.5509	34.5188	27.4578	 0.73	 31.95	0.040	     NaN	100.00
1252.00	1239.54	 3.5508	34.5187	27.4577	 0.74	 32.01	0.040	     NaN	100.00
1253.00	1240.52	 3.5505	34.5187	27.4578	 0.74	 32.15	0.040	     NaN	100.00
1254.00	1241.51	 3.5474	34.5189	27.4582	 0.74	 32.13	0.040	     NaN	100.00
1255.00	1242.50	 3.5442	34.5192	27.4588	 0.74	 32.13	0.039	     NaN	100.00
1256.00	1243.49	 3.5430	34.5192	27.4588	 0.74	 32.11	0.039	     NaN	100.00
1257.00	1244.47	 3.5429	34.5191	27.4588	 0.74	 32.11	0.039	     NaN	100.00
1258.00	1245.46	 3.5422	34.5193	27.4591	 0.74	 32.14	0.040	     NaN	100.00
1259.00	1246.45	 3.5419	34.5194	27.4591	 0.74	 32.22	0.039	     NaN	100.00
1260.00	1247.43	 3.5413	34.5193	27.4591	 0.74	 32.22	0.040	     NaN	100.00
1261.00	1248.42	 3.5395	34.5195	27.4595	 0.74	 32.15	0.040	     NaN	100.00
1262.00	1249.41	 3.5390	34.5197	27.4597	 0.74	 32.12	0.039	     NaN	100.00
1263.00	1250.40	 3.5384	34.5193	27.4595	 0.74	 32.10	0.039	     NaN	100.00
1264.00	1251.38	 3.5364	34.5194	27.4597	 0.74	 32.22	0.040	     NaN	100.00
1265.00	1252.37	 3.5336	34.5193	27.4599	 0.74	 32.24	0.039	     NaN	100.00
1266.00	1253.36	 3.5318	34.5195	27.4603	 0.74	 32.35	0.040	     NaN	100.00
1267.00	1254.34	 3.5313	34.5195	27.4604	 0.75	 32.43	0.041	     NaN	100.00
1268.00	1255.33	 3.5309	34.5196	27.4605	 0.74	 32.27	0.040	     NaN	100.00
1269.00	1256.32	 3.5307	34.5199	27.4607	 0.75	 32.44	0.039	     NaN	100.00
1270.00	1257.30	 3.5302	34.5197	27.4606	 0.75	 32.44	0.039	     NaN	100.00
1271.00	1258.29	 3.5293	34.5198	27.4608	 0.74	 32.17	0.039	     NaN	100.00
1272.00	1259.28	 3.5286	34.5199	27.4610	 0.75	 32.42	0.040	     NaN	100.00
1273.00	1260.27	 3.5285	34.5198	27.4609	 0.75	 32.44	0.040	     NaN	100.00
1274.00	1261.25	 3.5274	34.5199	27.4611	 0.75	 32.43	0.039	     NaN	100.00
1275.00	1262.24	 3.5257	34.5200	27.4614	 0.75	 32.52	0.040	     NaN	100.00
1276.00	1263.23	 3.5237	34.5200	27.4615	 0.75	 32.46	0.041	     NaN	100.00
1277.00	1264.21	 3.5198	34.5203	27.4621	 0.75	 32.63	0.040	     NaN	100.00
1278.00	1265.20	 3.5147	34.5205	27.4628	 0.75	 32.72	0.039	     NaN	100.00
1279.00	1266.19	 3.5112	34.5206	27.4632	 0.75	 32.81	0.040	     NaN	100.00
1280.00	1267.17	 3.5072	34.5208	27.4638	 0.76	 33.02	0.039	     NaN	100.00
1281.00	1268.16	 3.5052	34.5211	27.4642	 0.75	 32.73	0.039	     NaN	100.00
