wcoa21_data_management/01_CRUISE_METADATA/00_OCADS_data/CTD_downcasts/WCOA_2021_CTD_downcasts/dRB2102_CTD_106_01_F.txt
* Sea-Bird SBE 9 Data:
* Software Version Seasave V 7.26.7.107
* Vessel: NOAA Ship Ronald H. Brown
* Cruise: RB2102, West Coast Ocean Acidification (WCOA) 2021
* Dates: 20210622 to 20210723
* Region: NE Pacific, USA West Coast
* Ports: San Diego, CA to Port Angeles, WA to San Diego, CA
* Chief Scientists: R. Feely, NOAA PMEL; D. Greeley, NOAA PMEL; B. Carter, NOAA PMEL / UW CICOES
*END*
[from data line 1494]
1497.00	1480.83	 2.9696	34.5348	27.5262	 0.93	 40.52	0.040	  159.46	100.00
1498.00	1481.82	 2.9697	34.5348	27.5262	 0.93	 40.54	0.040	  159.46	100.00
1499.00	1482.80	 2.9693	34.5349	27.5263	 0.93	 40.56	0.040	  159.47	100.00
1500.00	1483.79	 2.9681	34.5350	27.5265	 0.93	 40.49	0.040	  159.48	100.00
1501.00	1484.77	 2.9663	34.5351	27.5267	 0.93	 40.48	0.040	  159.45	100.00
1502.00	1485.76	 2.9647	34.5351	27.5269	 0.93	 40.57	0.040	  159.47	100.00
1503.00	1486.75	 2.9607	34.5354	27.5275	 0.94	 40.76	0.040	  159.44	100.00
1504.00	1487.73	 2.9550	34.5360	27.5285	 0.94	 41.03	0.040	  159.48	100.00
1505.00	1488.72	 2.9532	34.5361	27.5288	 0.94	 40.99	0.040	  159.48	100.00
1506.00	1489.70	 2.9525	34.5362	27.5289	 0.94	 41.04	0.040	  159.44	100.00
1507.00	1490.69	 2.9524	34.5362	27.5289	 0.94	 41.06	0.040	  159.44	100.00
1508.00	1491.67	 2.9520	34.5362	27.5289	 0.94	 40.91	0.040	  159.43	100.00
1509.00	1492.66	 2.9516	34.5362	27.5290	 0.94	 40.98	0.040	  159.40	100.00
1510.00	1493.65	 2.9510	34.5361	27.5290	 0.94	 41.06	0.040	  159.44	100.00
1511.00	1494.63	 2.9487	34.5362	27.5293	 0.94	 40.97	0.040	  159.46	100.00
1512.00	1495.62	 2.9473	34.5364	27.5295	 0.95	 41.19	0.040	  159.40	100.00
1513.00	1496.60	 2.9390	34.5362	27.5301	 0.95	 41.27	0.040	  159.37	100.00
1514.00	1497.59	 2.9293	34.5373	27.5319	 0.95	 41.46	0.040	  159.37	100.00
1515.00	1498.57	 2.9285	34.5371	27.5318	 0.96	 41.60	0.040	  159.43	100.00
1516.00	1499.56	 2.9207	34.5374	27.5327	 0.95	 41.47	0.040	  159.38	100.00
1517.00	1500.55	 2.9151	34.5379	27.5336	 0.96	 41.54	0.040	  159.37	100.00
1518.00	1501.53	 2.9139	34.5380	27.5338	 0.96	 41.58	0.040	  159.36	100.00
1519.00	1502.52	 2.9122	34.5379	27.5339	 0.96	 41.66	0.041	  159.40	100.00
1520.00	1503.50	 2.9088	34.5383	27.5346	 0.96	 41.80	0.040	  159.41	100.00
1521.00	1504.49	 2.9085	34.5384	27.5346	 0.96	 41.65	0.040	  159.36	100.00
1522.00	1505.47	 2.9084	34.5385	27.5347	 0.96	 41.61	0.040	  159.38	100.00
1523.00	1506.46	 2.9082	34.5383	27.5346	 0.96	 41.68	0.040	  159.38	100.00
1524.00	1507.44	 2.9079	34.5384	27.5347	 0.96	 41.51	0.040	  159.31	100.00
1525.00	1508.43	 2.9069	34.5384	27.5348	 0.95	 41.49	0.040	  159.36	100.00
1526.00	1509.42	 2.9062	34.5384	27.5349	 0.96	 41.57	0.040	  159.33	100.00
1527.00	1510.40	 2.9062	34.5385	27.5350	 0.95	 41.47	0.041	  159.36	100.00
1528.00	1511.39	 2.9056	34.5385	27.5351	 0.96	 41.65	0.040	  159.27	100.00
1529.00	1512.37	 2.9053	34.5386	27.5352	 0.97	 41.95	0.040	  159.30	100.00
1530.00	1513.36	 2.9055	34.5386	27.5351	 0.96	 41.57	0.040	  159.32	100.00
1531.00	1514.34	 2.9045	34.5387	27.5353	 0.95	 41.44	0.040	  159.30	100.00
1532.00	1515.33	 2.9041	34.5387	27.5353	 0.96	 41.64	0.040	  159.29	100.00
1533.00	1516.31	 2.9036	34.5387	27.5354	 0.96	 41.68	0.041	  159.26	100.00
1534.00	1517.30	 2.9023	34.5388	27.5356	 0.96	 41.82	0.040	  159.29	100.00
1535.00	1518.29	 2.8996	34.5387	27.5358	 0.96	 41.76	0.040	  159.28	100.00
1536.00	1519.27	 2.8978	34.5389	27.5361	 0.96	 41.65	0.040	  159.24	100.00
1537.00	1520.26	 2.8969	34.5390	27.5363	 0.96	 41.75	0.041	  159.25	100.00
1538.00	1521.24	 2.8966	34.5390	27.5363	 0.96	 41.85	0.041	  159.22	100.00
1539.00	1522.23	 2.8960	34.5390	27.5364	 0.96	 41.75	0.040	  159.23	100.00
1540.00	1523.21	 2.8955	34.5390	27.5364	 0.96	 41.76	0.040	  159.23	100.00
1541.00	1524.20	 2.8946	34.5391	27.5366	 0.96	 41.76	0.040	  159.21	100.00
1542.00	1525.18	 2.8944	34.5391	27.5366	 0.96	 41.79	0.040	  159.25	100.00
1543.00	1526.17	 2.8944	34.5392	27.5367	 0.96	 41.80	0.040	  159.26	100.00
1544.00	1527.15	 2.8945	34.5393	27.5368	 0.96	 41.82	0.040	  159.21	100.00
1545.00	1528.14	 2.8897	34.5389	27.5369	 0.97	 42.09	0.040	  159.23	100.00
1546.00	1529.13	 2.8840	34.5397	27.5380	 0.97	 42.22	0.040	  159.25	100.00
1547.00	1530.11	 2.8832	34.5398	27.5382	 0.97	 42.14	0.040	  159.25	100.00
1548.00	1531.10	 2.8828	34.5397	27.5382	 0.97	 42.18	0.040	  159.22	100.00
1549.00	1532.08	 2.8816	34.5399	27.5384	 0.97	 42.33	0.040	  159.16	100.00
1550.00	1533.07	 2.8807	34.5401	27.5387	 0.97	 42.13	0.040	  159.20	100.00
1551.00	1534.05	 2.8800	34.5402	27.5388	 0.97	 41.97	0.040	  159.18	100.00
1552.00	1535.04	 2.8790	34.5405	27.5392	 0.97	 42.16	0.040	  159.21	100.00
1553.00	1536.02	 2.8788	34.5404	27.5391	 0.97	 42.31	0.040	  159.18	100.00
1554.00	1537.01	 2.8774	34.5406	27.5394	 0.98	 42.39	0.040	  159.22	100.00
1555.00	1537.99	 2.8768	34.5407	27.5395	 0.98	 42.43	0.040	  159.20	100.00
1556.00	1538.98	 2.8765	34.5407	27.5395	 0.98	 42.43	0.040	  159.18	100.00
1557.00	1539.97	 2.8744	34.5410	27.5400	 0.98	 42.46	0.040	  159.24	100.00
1558.00	1540.95	 2.8727	34.5412	27.5403	 0.98	 42.44	0.040	  159.14	100.00
1559.00	1541.94	 2.8714	34.5414	27.5406	 0.98	 42.47	0.040	  159.21	100.00
1560.00	1542.92	 2.8705	34.5413	27.5406	 0.98	 42.68	0.040	  159.21	100.00
1561.00	1543.91	 2.8701	34.5415	27.5408	 0.98	 42.76	0.041	  159.17	100.00
1562.00	1544.89	 2.8690	34.5416	27.5409	 0.98	 42.44	0.041	  159.13	100.00
1563.00	1545.88	 2.8675	34.5416	27.5411	 0.98	 42.54	0.040	  159.23	100.00
1564.00	1546.86	 2.8658	34.5418	27.5414	 0.99	 42.99	0.040	  159.19	100.00
1565.00	1547.85	 2.8645	34.5419	27.5417	 0.99	 43.08	0.040	  159.17	100.00
1566.00	1548.83	 2.8609	34.5419	27.5420	 0.99	 42.84	0.040	  159.15	100.00
1567.00	1549.82	 2.8584	34.5423	27.5425	 0.99	 42.98	0.040	  159.11	100.00
1568.00	1550.81	 2.8543	34.5419	27.5426	 0.99	 43.21	0.040	  159.20	100.00
1569.00	1551.79	 2.8465	34.5436	27.5446	 0.99	 43.20	0.040	  159.17	100.00
1570.00	1552.78	 2.8457	34.5436	27.5447	 1.00	 43.60	0.040	  159.11	100.00
1571.00	1553.76	 2.8434	34.5434	27.5447	 1.01	 43.90	0.040	  159.16	100.00
1572.00	1554.75	 2.8354	34.5441	27.5460	 1.01	 43.72	0.040	  159.13	100.00
1573.00	1555.73	 2.8325	34.5444	27.5465	 1.01	 43.83	0.040	  159.14	100.00
1574.00	1556.72	 2.8304	34.5446	27.5469	 1.01	 43.97	0.040	  159.11	100.00
1575.00	1557.70	 2.8291	34.5448	27.5471	 1.01	 43.94	0.040	  159.14	100.00
1576.00	1558.69	 2.8281	34.5449	27.5473	 1.01	 43.88	0.040	  159.11	100.00
1577.00	1559.67	 2.8270	34.5451	27.5475	 1.01	 43.91	0.040	  159.11	100.00
1578.00	1560.66	 2.8253	34.5452	27.5477	 1.01	 43.87	0.041	  159.07	100.00
1579.00	1561.64	 2.8244	34.5453	27.5479	 1.01	 43.85	0.040	  159.12	100.00
1580.00	1562.63	 2.8234	34.5454	27.5481	 1.02	 44.18	0.040	  159.17	100.00
1581.00	1563.61	 2.8224	34.5454	27.5482	 1.02	 44.35	0.040	  159.10	100.00
1582.00	1564.60	 2.8120	34.5458	27.5495	 1.02	 44.45	0.040	  159.12	100.00
1583.00	1565.59	 2.8061	34.5467	27.5507	 1.03	 44.78	0.040	  159.08	100.00
1584.00	1566.57	 2.8047	34.5466	27.5507	 1.03	 44.72	0.040	  159.02	100.00
1585.00	1567.56	 2.7991	34.5469	27.5515	 1.03	 44.88	0.040	  159.06	100.00
1586.00	1568.54	 2.7974	34.5475	27.5521	 1.03	 44.97	0.040	  159.00	100.00
1587.00	1569.53	 2.7970	34.5474	27.5520	 1.03	 44.71	0.040	  159.03	100.00
1588.00	1570.51	 2.7967	34.5475	27.5522	 1.03	 44.73	0.040	  159.02	100.00
1589.00	1571.50	 2.7963	34.5473	27.5521	 1.03	 44.66	0.040	  159.06	100.00
1590.00	1572.48	 2.7947	34.5476	27.5525	 1.03	 44.59	0.040	  159.04	100.00
1591.00	1573.47	 2.7932	34.5478	27.5527	 1.03	 44.79	0.040	  159.02	100.00
1592.00	1574.45	 2.7912	34.5480	27.5531	 1.03	 44.96	0.040	  159.00	100.00
1593.00	1575.44	 2.7903	34.5480	27.5532	 1.04	 45.14	0.040	  159.01	100.00
1594.00	1576.42	 2.7851	34.5484	27.5539	 1.04	 45.34	0.040	  159.01	100.00
1595.00	1577.41	 2.7828	34.5486	27.5543	 1.05	 45.44	0.040	  158.97	100.00
1596.00	1578.39	 2.7800	34.5490	27.5548	 1.04	 45.40	0.040	  158.97	100.00
1597.00	1579.38	 2.7794	34.5491	27.5550	 1.04	 45.36	0.040	  158.96	100.00
1598.00	1580.36	 2.7791	34.5492	27.5551	 1.04	 45.27	0.040	  159.00	100.00
1599.00	1581.35	 2.7784	34.5489	27.5549	 1.05	 45.59	0.040	  158.92	100.00
1600.00	1582.33	 2.7738	34.5495	27.5558	 1.05	 45.77	0.040	  158.98	100.00
1601.00	1583.32	 2.7727	34.5499	27.5563	 1.05	 45.80	0.040	  159.02	100.00
1602.00	1584.31	 2.7732	34.5498	27.5562	 1.06	 45.96	0.040	  158.95	100.00
1603.00	1585.29	 2.7723	34.5503	27.5567	 1.06	 45.86	0.040	  158.97	100.00
1604.00	1586.28	 2.7716	34.5503	27.5567	 1.05	 45.85	0.040	  158.92	100.00
1605.00	1587.26	 2.7701	34.5506	27.5570	 1.06	 46.00	0.040	  158.97	 99.99
1606.00	1588.25	 2.7674	34.5508	27.5575	 1.07	 46.29	0.040	  158.97	100.00
1607.00	1589.23	 2.7652	34.5509	27.5578	 1.07	 46.31	0.040	  158.97	100.00
1608.00	1590.22	 2.7624	34.5512	27.5582	 1.07	 46.44	0.040	  158.95	100.00
1609.00	1591.20	 2.7603	34.5516	27.5588	 1.07	 46.72	0.040	  159.00	 99.99
1610.00	1592.19	 2.7593	34.5520	27.5591	 1.08	 46.81	0.040	  158.97	100.00
1611.00	1593.17	 2.7558	34.5522	27.5596	 1.08	 46.92	0.040	  158.97	100.00
1612.00	1594.16	 2.7543	34.5524	27.5599	 1.08	 46.86	0.040	  158.97	 99.99
1613.00	1595.14	 2.7527	34.5524	27.5601	 1.09	 47.17	0.040	  158.96	 99.99
1614.00	1596.13	 2.7480	34.5527	27.5607	 1.09	 47.17	0.040	  158.96	100.00
1615.00	1597.11	 2.7443	34.5528	27.5611	 1.08	 47.00	0.040	  158.98	 99.99
1616.00	1598.10	 2.7381	34.5534	27.5621	 1.09	 47.31	0.041	  158.93	100.00
1617.00	1599.08	 2.7354	34.5537	27.5626	 1.09	 47.37	0.042	  158.92	 99.99
1618.00	1600.07	 2.7347	34.5537	27.5627	 1.09	 47.30	0.041	  158.91	 99.99
1619.00	1601.05	 2.7344	34.5538	27.5628	 1.09	 47.39	0.041	  158.93	 99.99
1620.00	1602.04	 2.7341	34.5538	27.5628	 1.10	 47.60	0.041	  158.89	 99.99
1621.00	1603.02	 2.7336	34.5538	27.5629	 1.09	 47.43	0.040	  158.87	 99.99
1622.00	1604.01	 2.7330	34.5540	27.5631	 1.09	 47.29	0.040	  158.90	 99.99
1623.00	1604.99	 2.7324	34.5541	27.5632	 1.09	 47.33	0.040	  158.95	 99.99
1624.00	1605.98	 2.7311	34.5542	27.5634	 1.09	 47.47	0.040	  158.90	 99.99
1625.00	1606.96	 2.7306	34.5542	27.5635	 1.09	 47.38	0.040	  158.93	 99.99
1626.00	1607.95	 2.7302	34.5542	27.5635	 1.09	 47.32	0.040	  158.91	 99.99
1627.00	1608.93	 2.7269	34.5542	27.5639	 1.09	 47.43	0.040	  158.88	 99.99
1628.00	1609.92	 2.7259	34.5542	27.5639	 1.09	 47.55	0.040	  158.86	 99.99
1629.00	1610.90	 2.7191	34.5547	27.5649	 1.10	 47.76	0.040	  158.84	 99.99
1630.00	1611.89	 2.7174	34.5550	27.5653	 1.11	 48.04	0.040	  158.80	 99.99
1631.00	1612.87	 2.7165	34.5551	27.5654	 1.10	 47.95	0.040	  158.84	 99.99
1632.00	1613.86	 2.7155	34.5551	27.5656	 1.09	 47.59	0.040	  158.88	 99.99
1633.00	1614.84	 2.7141	34.5553	27.5658	 1.10	 47.86	0.040	  158.79	 99.99
1634.00	1615.83	 2.7124	34.5553	27.5660	 1.11	 48.03	0.040	  158.80	 99.99
1635.00	1616.81	 2.7123	34.5555	27.5662	 1.11	 48.13	0.040	  158.86	 99.99
1636.00	1617.80	 2.7112	34.5554	27.5662	 1.11	 48.05	0.040	  158.81	 99.99
1637.00	1618.78	 2.7096	34.5556	27.5665	 1.10	 48.01	0.040	  158.73	 99.99
1638.00	1619.77	 2.7051	34.5557	27.5669	 1.11	 48.05	0.040	  158.79	 99.99
1639.00	1620.75	 2.7023	34.5559	27.5674	 1.11	 48.11	0.040	  158.81	 99.99
1640.00	1621.74	 2.6994	34.5561	27.5677	 1.11	 48.16	0.040	  158.84	 99.99
1641.00	1622.72	 2.6978	34.5562	27.5680	 1.11	 48.19	0.040	  158.80	 99.99
1642.00	1623.71	 2.6976	34.5562	27.5680	 1.11	 48.23	0.040	  158.82	 99.99
1643.00	1624.69	 2.6973	34.5562	27.5681	 1.11	 48.20	0.040	  158.78	 99.99
1644.00	1625.68	 2.6971	34.5562	27.5681	 1.11	 48.29	0.040	  158.78	 99.99
1645.00	1626.67	 2.6962	34.5563	27.5682	 1.11	 48.25	0.040	  158.83	 99.99
1646.00	1627.65	 2.6939	34.5562	27.5683	 1.11	 48.27	0.040	  158.81	 99.99
1647.00	1628.64	 2.6899	34.5566	27.5690	 1.12	 48.48	0.040	  158.83	 99.99
1648.00	1629.62	 2.6862	34.5566	27.5693	 1.12	 48.53	0.040	  158.83	 99.99
1649.00	1630.61	 2.6856	34.5569	27.5696	 1.11	 48.45	0.040	  158.78	 99.99
1650.00	1631.59	 2.6853	34.5568	27.5696	 1.12	 48.70	0.040	  158.78	 99.99
1651.00	1632.58	 2.6801	34.5568	27.5701	 1.12	 48.83	0.040	  158.77	 99.99
1652.00	1633.56	 2.6770	34.5573	27.5707	 1.12	 48.77	0.040	  158.74	 99.99
1653.00	1634.55	 2.6752	34.5575	27.5711	 1.12	 48.66	0.040	  158.76	 99.99
1654.00	1635.53	 2.6747	34.5576	27.5712	 1.12	 48.86	0.040	  158.76	 99.99
1655.00	1636.52	 2.6743	34.5576	27.5712	 1.13	 49.10	0.040	  158.74	 99.99
1656.00	1637.50	 2.6703	34.5578	27.5718	 1.13	 49.05	0.040	  158.74	 99.99
1657.00	1638.48	 2.6669	34.5582	27.5724	 1.13	 49.15	0.040	  158.71	 99.99
1658.00	1639.47	 2.6649	34.5585	27.5728	 1.13	 49.18	0.040	  158.73	 99.99
1659.00	1640.45	 2.6641	34.5586	27.5729	 1.14	 49.35	0.040	  158.72	 99.99
1660.00	1641.44	 2.6608	34.5590	27.5735	 1.14	 49.55	0.040	  158.76	 99.99
1661.00	1642.42	 2.6585	34.5593	27.5740	 1.14	 49.56	0.040	  158.72	 99.99
1662.00	1643.41	 2.6562	34.5592	27.5741	 1.15	 49.78	0.040	  158.78	 99.99
1663.00	1644.39	 2.6528	34.5597	27.5748	 1.15	 49.77	0.040	  158.68	 99.99
1664.00	1645.38	 2.6523	34.5596	27.5748	 1.14	 49.73	0.040	  158.78	 99.98
1665.00	1646.36	 2.6517	34.5597	27.5749	 1.14	 49.65	0.040	  158.72	 99.99
1666.00	1647.35	 2.6514	34.5596	27.5749	 1.14	 49.72	0.040	  158.69	 99.99
1667.00	1648.33	 2.6504	34.5597	27.5750	 1.14	 49.76	0.040	  158.70	 99.99
1668.00	1649.32	 2.6490	34.5598	27.5752	 1.14	 49.69	0.040	  158.72	 99.99
1669.00	1650.30	 2.6468	34.5601	27.5757	 1.15	 50.06	0.040	  158.72	 99.99
1670.00	1651.29	 2.6456	34.5602	27.5758	 1.15	 49.86	0.040	  158.69	 99.99
1671.00	1652.27	 2.6438	34.5603	27.5761	 1.15	 49.86	0.040	  158.67	 99.99
1672.00	1653.26	 2.6418	34.5606	27.5765	 1.15	 50.09	0.040	  158.69	 99.99
1673.00	1654.24	 2.6411	34.5608	27.5767	 1.16	 50.37	0.040	  158.70	 99.99
1674.00	1655.23	 2.6399	34.5608	27.5768	 1.16	 50.33	0.040	  158.68	 99.99
1675.00	1656.21	 2.6375	34.5612	27.5774	 1.16	 50.30	0.040	  158.69	 99.99
1676.00	1657.20	 2.6365	34.5613	27.5775	 1.16	 50.49	0.040	  158.69	 99.99
1677.00	1658.18	 2.6358	34.5615	27.5778	 1.16	 50.22	0.040	  158.65	 99.99
1678.00	1659.17	 2.6356	34.5615	27.5778	 1.16	 50.45	0.040	  158.68	 99.99
1679.00	1660.15	 2.6355	34.5615	27.5778	 1.16	 50.57	0.040	  158.65	 99.99
1680.00	1661.14	 2.6354	34.5616	27.5779	 1.16	 50.38	0.041	  158.64	 99.99
1681.00	1662.12	 2.6353	34.5617	27.5780	 1.16	 50.35	0.041	  158.64	 99.99
1682.00	1663.11	 2.6351	34.5617	27.5780	 1.16	 50.36	0.040	  158.62	 99.99
1683.00	1664.09	 2.6343	34.5618	27.5782	 1.16	 50.48	0.040	  158.63	 99.99
1684.00	1665.08	 2.6341	34.5619	27.5783	 1.17	 50.82	0.040	  158.63	 99.99
1685.00	1666.06	 2.6325	34.5620	27.5785	 1.17	 50.99	0.040	  158.58	 99.98
1686.00	1667.05	 2.6305	34.5624	27.5790	 1.17	 50.69	0.040	  158.58	 99.99
1687.00	1668.03	 2.6299	34.5622	27.5789	 1.17	 50.77	0.040	  158.62	 99.99
1688.00	1669.02	 2.6289	34.5623	27.5791	 1.17	 50.81	0.040	  158.55	 99.99
1689.00	1670.00	 2.6276	34.5625	27.5793	 1.17	 50.77	0.040	  158.60	 99.98
1690.00	1670.99	 2.6264	34.5626	27.5795	 1.17	 50.94	0.040	  158.61	 99.99
1691.00	1671.97	 2.6241	34.5628	27.5799	 1.18	 51.19	0.040	  158.60	 99.98
1692.00	1672.96	 2.6217	34.5631	27.5803	 1.18	 51.22	0.040	  158.60	 99.98
1693.00	1673.94	 2.6197	34.5633	27.5807	 1.17	 50.97	0.040	  158.63	 99.98
1694.00	1674.93	 2.6182	34.5633	27.5808	 1.18	 51.12	0.040	  158.60	 99.99
1695.00	1675.91	 2.6165	34.5636	27.5812	 1.18	 51.26	0.040	  158.52	 99.99
1696.00	1676.89	 2.6161	34.5636	27.5813	 1.18	 51.30	0.040	  158.55	 99.99
1697.00	1677.88	 2.6159	34.5636	27.5813	 1.18	 51.38	0.040	  158.55	 99.99
1698.00	1678.86	 2.6154	34.5637	27.5814	 1.18	 51.36	0.040	  158.57	 99.98
1699.00	1679.85	 2.6152	34.5637	27.5814	 1.18	 51.25	0.040	  158.56	 99.98
1700.00	1680.83	 2.6150	34.5637	27.5814	 1.18	 51.37	0.040	  158.52	 99.98
1701.00	1681.82	 2.6142	34.5637	27.5815	 1.18	 51.30	0.040	  158.55	 99.98
1702.00	1682.80	 2.6087	34.5635	27.5818	 1.19	 51.72	0.040	  158.52	 99.98
1703.00	1683.79	 2.6030	34.5646	27.5832	 1.20	 52.17	0.040	  158.49	 99.98
1704.00	1684.77	 2.6001	34.5645	27.5834	 1.19	 51.72	0.040	  158.54	 99.99
1705.00	1685.76	 2.5973	34.5648	27.5839	 1.19	 51.78	0.040	  158.53	 99.98
1706.00	1686.74	 2.5964	34.5649	27.5840	 1.19	 51.90	0.040	  158.52	 99.98
1707.00	1687.73	 2.5941	34.5650	27.5843	 1.19	 51.91	0.040	  158.49	 99.99
1708.00	1688.71	 2.5924	34.5652	27.5846	 1.20	 52.01	0.040	  158.50	 99.98
