wcoa21_data_management/01_CRUISE_METADATA/00_OCADS_data/CTD_downcasts/WCOA_2021_CTD_downcasts/dRB2102_CTD_105_01_F.txt
* Sea-Bird SBE 9 Data:
* Software Version Seasave V 7.26.7.107
* Vessel: NOAA Ship Ronald H. Brown
* Cruise: RB2102, West Coast Ocean Acidification (WCOA) 2021
* Dates: 20210622 to 20210723
* Region: NE Pacific, USA West Coast
* Ports: San Diego, CA to Port Angeles, WA to San Diego, CA
* Chief Scientists: R. Feely, NOAA PMEL; D. Greeley, NOAA PMEL; B. Carter, NOAA PMEL / UW CICOES
*END*
[from data line 214]
 217.00	 215.31	 9.1743	34.0984	26.3880	 1.79	 77.70	0.040	  145.34	 99.79
 218.00	 216.30	 9.1729	34.0986	26.3885	 1.79	 77.69	0.040	  145.34	 99.78
 219.00	 217.29	 9.1714	34.0990	26.3890	 1.78	 77.50	0.040	  145.32	 99.78
 220.00	 218.29	 9.1703	34.0991	26.3893	 1.78	 77.33	0.040	  145.25	 99.79
 221.00	 219.28	 9.1686	34.0995	26.3899	 1.78	 77.43	0.040	  145.27	 99.79
 222.00	 220.27	 9.1682	34.0997	26.3901	 1.78	 77.42	0.040	  145.27	 99.79
 223.00	 221.26	 9.1677	34.0997	26.3902	 1.78	 77.33	0.040	  145.22	 99.78
 224.00	 222.25	 9.1656	34.1002	26.3910	 1.77	 77.07	0.040	  145.31	 99.79
 225.00	 223.24	 9.1642	34.1004	26.3914	 1.77	 76.86	0.040	  145.31	 99.79
 226.00	 224.24	 9.1596	34.1013	26.3928	 1.76	 76.66	0.040	  145.24	 99.79
 227.00	 225.23	 9.1533	34.1023	26.3946	 1.75	 76.12	0.040	  145.28	 99.80
 228.00	 226.22	 9.1455	34.1035	26.3969	 1.74	 75.77	0.040	  145.34	 99.79
 229.00	 227.21	 9.1289	34.1070	26.4022	 1.74	 75.55	0.040	  145.32	 99.80
 230.00	 228.20	 9.1202	34.1088	26.4050	 1.72	 75.04	0.040	  145.29	 99.80
 231.00	 229.19	 9.1133	34.1101	26.4072	 1.71	 74.52	0.040	  145.28	 99.80
 232.00	 230.19	 9.1085	34.1113	26.4089	 1.70	 73.89	0.040	  145.32	 99.80
 233.00	 231.18	 9.0989	34.1119	26.4109	 1.69	 73.42	0.040	  145.26	 99.80
 234.00	 232.17	 9.0728	34.1166	26.4188	 1.68	 73.04	0.040	  145.26	 99.80
 235.00	 233.16	 9.0556	34.1200	26.4242	 1.67	 72.80	0.040	  145.28	 99.80
 236.00	 234.15	 9.0512	34.1211	26.4258	 1.67	 72.72	0.040	  145.23	 99.80
 237.00	 235.14	 9.0483	34.1215	26.4266	 1.67	 72.77	0.040	  145.22	 99.80
 238.00	 236.14	 9.0473	34.1218	26.4270	 1.67	 72.48	0.040	  145.24	 99.80
 239.00	 237.13	 9.0433	34.1224	26.4281	 1.65	 71.88	0.040	  145.17	 99.80
 240.00	 238.12	 9.0392	34.1228	26.4291	 1.64	 71.16	0.040	  145.24	 99.80
 241.00	 239.11	 9.0181	34.1247	26.4340	 1.63	 70.80	0.040	  145.30	 99.81
 242.00	 240.10	 8.9952	34.1277	26.4400	 1.63	 71.05	0.040	  145.30	 99.80
 243.00	 241.09	 8.9827	34.1280	26.4422	 1.65	 71.71	0.040	  145.26	 99.81
 244.00	 242.09	 8.9607	34.1259	26.4441	 1.65	 71.89	0.040	  145.28	 99.81
 245.00	 243.08	 8.9178	34.1244	26.4496	 1.64	 71.32	0.040	  145.28	 99.82
 246.00	 244.07	 8.8882	34.1311	26.4595	 1.62	 70.35	0.040	  145.28	 99.82
 247.00	 245.06	 8.8891	34.1314	26.4597	 1.59	 69.07	0.040	  145.19	 99.82
 248.00	 246.05	 8.8893	34.1333	26.4612	 1.56	 68.06	0.040	  145.23	 99.82
 249.00	 247.04	 8.8742	34.1362	26.4659	 1.55	 67.61	0.040	  145.20	 99.82
 250.00	 248.03	 8.8520	34.1416	26.4735	 1.55	 67.47	0.040	  145.18	 99.83
 251.00	 249.03	 8.8519	34.1418	26.4737	 1.54	 67.16	0.040	  145.18	 99.83
 252.00	 250.02	 8.8430	34.1422	26.4755	 1.53	 66.74	0.040	  145.19	 99.83
 253.00	 251.01	 8.8214	34.1455	26.4814	 1.53	 66.45	0.040	  145.28	 99.83
 254.00	 252.00	 8.8069	34.1471	26.4850	 1.52	 66.15	0.040	  145.26	 99.83
 255.00	 252.99	 8.7985	34.1487	26.4876	 1.51	 65.80	0.040	  145.30	 99.83
 256.00	 253.98	 8.7928	34.1498	26.4893	 1.51	 65.58	0.040	  145.30	 99.83
 257.00	 254.98	 8.7888	34.1498	26.4900	 1.50	 65.33	0.040	  145.26	 99.83
 258.00	 255.97	 8.7751	34.1520	26.4939	 1.49	 65.02	0.040	  145.22	 99.83
 259.00	 256.96	 8.7696	34.1533	26.4957	 1.49	 64.75	0.040	  145.21	 99.83
 260.00	 257.95	 8.7672	34.1539	26.4967	 1.49	 64.82	0.040	  145.21	 99.83
 261.00	 258.94	 8.7642	34.1539	26.4971	 1.49	 64.88	0.040	  145.19	 99.83
 262.00	 259.93	 8.7609	34.1542	26.4979	 1.49	 64.91	0.040	  145.20	 99.84
 263.00	 260.92	 8.7593	34.1542	26.4982	 1.49	 65.04	0.040	  145.20	 99.84
 264.00	 261.92	 8.7593	34.1543	26.4983	 1.49	 64.85	0.040	  145.33	 99.84
 265.00	 262.91	 8.7564	34.1544	26.4988	 1.49	 64.63	0.040	  145.28	 99.84
 266.00	 263.90	 8.7435	34.1558	26.5019	 1.48	 64.34	0.040	  145.19	 99.84
 267.00	 264.89	 8.7396	34.1559	26.5026	 1.46	 63.61	0.040	  145.16	 99.84
 268.00	 265.88	 8.7317	34.1568	26.5045	 1.43	 62.38	0.040	  145.17	 99.84
 269.00	 266.87	 8.7159	34.1600	26.5095	 1.41	 61.21	0.041	  145.18	 99.84
 270.00	 267.86	 8.7079	34.1621	26.5125	 1.39	 60.58	0.041	  145.18	 99.84
 271.00	 268.86	 8.6996	34.1647	26.5158	 1.39	 60.30	0.040	  145.09	 99.85
 272.00	 269.85	 8.6947	34.1672	26.5185	 1.38	 60.07	0.040	  145.15	 99.85
 273.00	 270.84	 8.6937	34.1676	26.5191	 1.38	 59.94	0.040	  145.26	 99.85
 274.00	 271.83	 8.6905	34.1688	26.5204	 1.38	 59.86	0.040	  145.27	 99.85
 275.00	 272.82	 8.6892	34.1696	26.5213	 1.37	 59.71	0.040	  145.26	 99.85
 276.00	 273.81	 8.6881	34.1699	26.5217	 1.37	 59.53	0.040	  145.21	 99.85
 277.00	 274.80	 8.6842	34.1706	26.5229	 1.36	 59.14	0.040	  145.18	 99.85
 278.00	 275.80	 8.6825	34.1708	26.5234	 1.31	 56.97	0.040	  145.14	 99.85
 279.00	 276.79	 8.6789	34.1712	26.5242	 1.25	 54.29	0.040	  145.25	 99.85
 280.00	 277.78	 8.6503	34.1749	26.5316	 1.22	 52.89	0.040	  145.15	 99.85
 281.00	 278.77	 8.6077	34.1844	26.5457	 1.20	 52.08	0.040	  145.27	 99.85
 282.00	 279.76	 8.5838	34.1888	26.5528	 1.19	 51.68	0.040	  145.27	 99.85
 283.00	 280.75	 8.5596	34.1906	26.5580	 1.18	 51.24	0.040	  145.29	 99.85
 284.00	 281.74	 8.5397	34.1930	26.5629	 1.17	 50.79	0.040	  145.21	 99.87
 285.00	 282.74	 8.5133	34.1954	26.5689	 1.16	 50.57	0.040	  145.20	 99.88
 286.00	 283.73	 8.5056	34.1959	26.5704	 1.16	 50.46	0.040	  145.21	 99.88
 287.00	 284.72	 8.4993	34.1965	26.5719	 1.15	 50.22	0.040	  145.25	 99.88
 288.00	 285.71	 8.4949	34.1970	26.5730	 1.15	 50.12	0.040	  145.33	 99.88
 289.00	 286.70	 8.4881	34.1968	26.5739	 1.15	 50.09	0.040	  145.28	 99.88
 290.00	 287.69	 8.4717	34.1976	26.5770	 1.15	 50.00	0.040	  145.26	 99.88
 291.00	 288.68	 8.4643	34.1983	26.5787	 1.14	 49.79	0.040	  145.19	 99.89
 292.00	 289.67	 8.4565	34.1984	26.5800	 1.14	 49.80	0.040	  145.26	 99.89
 293.00	 290.67	 8.4503	34.1988	26.5813	 1.14	 49.56	0.040	  145.26	 99.89
 294.00	 291.66	 8.4478	34.1994	26.5821	 1.13	 49.24	0.040	  145.27	 99.89
 295.00	 292.65	 8.4454	34.2004	26.5833	 1.12	 48.87	0.040	  145.29	 99.89
 296.00	 293.64	 8.4452	34.2007	26.5836	 1.12	 48.62	0.040	  145.29	 99.89
 297.00	 294.63	 8.4466	34.2013	26.5839	 1.12	 48.73	0.040	  145.27	 99.89
 298.00	 295.62	 8.4464	34.2014	26.5840	 1.12	 48.81	0.040	  145.20	 99.89
 299.00	 296.61	 8.4445	34.2020	26.5848	 1.12	 48.72	0.040	  145.20	 99.90
 300.00	 297.61	 8.4353	34.2025	26.5866	 1.12	 48.69	0.040	  145.27	 99.90
 301.00	 298.60	 8.4296	34.2026	26.5876	 1.12	 48.51	0.040	  145.20	 99.90
 302.00	 299.59	 8.4233	34.2024	26.5883	 1.11	 48.14	0.040	  145.16	 99.90
 303.00	 300.58	 8.4157	34.2024	26.5895	 1.10	 47.72	0.040	  145.19	 99.90
 304.00	 301.57	 8.4093	34.2020	26.5903	 1.09	 47.40	0.040	  145.18	 99.90
 305.00	 302.56	 8.3956	34.2032	26.5933	 1.07	 46.75	0.040	  145.18	 99.90
 306.00	 303.55	 8.3800	34.2026	26.5952	 1.06	 46.03	0.040	  145.17	 99.90
 307.00	 304.54	 8.3451	34.2058	26.6030	 1.05	 45.67	0.040	  145.27	 99.90
 308.00	 305.54	 8.3242	34.2097	26.6093	 1.04	 45.18	0.040	  145.29	 99.90
 309.00	 306.53	 8.3142	34.2103	26.6112	 1.03	 44.79	0.040	  145.26	 99.90
 310.00	 307.52	 8.3017	34.2107	26.6135	 1.03	 44.68	0.040	  145.19	 99.90
 311.00	 308.51	 8.2913	34.2123	26.6163	 1.03	 44.74	0.040	  145.17	 99.90
 312.00	 309.50	 8.2875	34.2127	26.6172	 1.03	 44.61	0.040	  145.23	 99.90
 313.00	 310.49	 8.2860	34.2130	26.6177	 1.02	 44.54	0.040	  145.24	 99.90
 314.00	 311.48	 8.2839	34.2136	26.6185	 1.02	 44.49	0.040	  145.20	 99.90
 315.00	 312.47	 8.2829	34.2140	26.6189	 1.02	 44.47	0.040	  145.18	 99.91
 316.00	 313.47	 8.2813	34.2143	26.6194	 1.01	 44.09	0.040	  145.18	 99.90
 317.00	 314.46	 8.2701	34.2137	26.6207	 1.00	 43.67	0.040	  145.23	 99.91
 318.00	 315.45	 8.2473	34.2149	26.6251	 1.01	 43.80	0.040	  145.19	 99.91
 319.00	 316.44	 8.2337	34.2161	26.6281	 1.01	 43.73	0.040	  145.16	 99.90
 320.00	 317.43	 8.2242	34.2158	26.6293	 1.00	 43.37	0.040	  145.25	 99.91
 321.00	 318.42	 8.2166	34.2158	26.6305	 1.00	 43.37	0.041	  145.23	 99.91
 322.00	 319.41	 8.2098	34.2164	26.6320	 0.99	 43.28	0.041	  145.18	 99.91
 323.00	 320.40	 8.1963	34.2167	26.6342	 0.99	 43.16	0.040	  145.15	 99.92
 324.00	 321.40	 8.1499	34.2120	26.6375	 0.99	 42.88	0.040	  145.12	 99.92
 325.00	 322.39	 8.1298	34.2123	26.6408	 0.96	 41.69	0.040	  145.18	 99.92
 326.00	 323.38	 8.1153	34.2160	26.6459	 0.94	 40.75	0.040	  145.13	 99.92
 327.00	 324.37	 8.1368	34.2246	26.6494	 0.94	 40.77	0.040	  145.14	 99.92
 328.00	 325.36	 8.1340	34.2275	26.6521	 0.95	 41.13	0.040	  145.15	 99.92
 329.00	 326.35	 8.1017	34.2233	26.6537	 0.95	 41.40	0.040	  145.08	 99.92
 330.00	 327.34	 8.0679	34.2223	26.6580	 0.94	 40.99	0.040	  145.18	 99.92
 331.00	 328.33	 8.0592	34.2231	26.6598	 0.92	 40.24	0.040	  145.15	 99.92
 332.00	 329.32	 8.0635	34.2256	26.6612	 0.93	 40.25	0.040	  145.17	 99.93
 333.00	 330.32	 8.0602	34.2263	26.6623	 0.93	 40.50	0.040	  145.18	 99.93
 334.00	 331.31	 8.0282	34.2216	26.6633	 0.94	 40.87	0.040	  145.18	 99.93
 335.00	 332.30	 7.9842	34.2209	26.6693	 0.95	 41.17	0.040	  145.06	 99.93
 336.00	 333.29	 7.9517	34.2176	26.6715	 0.97	 42.12	0.040	  145.11	 99.93
 337.00	 334.28	 7.9242	34.2137	26.6725	 1.02	 44.34	0.041	  145.13	 99.93
 338.00	 335.27	 7.8064	34.1892	26.6705	 1.06	 46.09	0.040	  145.17	 99.93
 339.00	 336.26	 7.7417	34.1889	26.6797	 1.06	 46.18	0.040	  145.21	 99.93
 340.00	 337.25	 7.7283	34.1864	26.6797	 1.06	 46.12	0.040	  145.19	 99.93
 341.00	 338.24	 7.7060	34.1842	26.6812	 1.04	 45.40	0.040	  145.20	 99.93
 342.00	 339.24	 7.6772	34.1785	26.6809	 1.01	 44.01	0.040	  145.18	 99.92
 343.00	 340.23	 7.6629	34.1850	26.6881	 0.98	 42.54	0.040	  145.19	 99.91
 344.00	 341.22	 7.6795	34.1956	26.6940	 0.96	 41.73	0.040	  145.18	 99.90
 345.00	 342.21	 7.6814	34.1951	26.6934	 0.95	 41.22	0.040	  145.18	 99.91
 346.00	 343.20	 7.6894	34.1993	26.6955	 0.93	 40.59	0.040	  145.21	 99.91
 347.00	 344.19	 7.6975	34.2025	26.6969	 0.92	 40.23	0.040	  145.13	 99.92
 348.00	 345.18	 7.7076	34.2049	26.6973	 0.93	 40.31	0.040	  145.19	 99.92
 349.00	 346.17	 7.7083	34.2051	26.6974	 0.93	 40.30	0.040	  145.18	 99.93
 350.00	 347.16	 7.7082	34.2056	26.6978	 0.92	 40.16	0.040	  145.15	 99.93
 351.00	 348.16	 7.7105	34.2064	26.6981	 0.92	 39.85	0.040	  145.12	 99.93
 352.00	 349.15	 7.7167	34.2085	26.6989	 0.91	 39.57	0.040	  145.08	 99.93
 353.00	 350.14	 7.7209	34.2100	26.6994	 0.90	 39.34	0.040	  145.18	 99.93
 354.00	 351.13	 7.7221	34.2105	26.6997	 0.89	 38.69	0.040	  145.18	 99.93
 355.00	 352.12	 7.7242	34.2118	26.7004	 0.88	 38.28	0.040	  145.16	 99.93
 356.00	 353.11	 7.7320	34.2156	26.7023	 0.87	 37.97	0.040	  145.04	 99.93
 357.00	 354.10	 7.7349	34.2158	26.7020	 0.87	 37.71	0.040	  145.10	 99.93
 358.00	 355.09	 7.7356	34.2163	26.7024	 0.86	 37.59	0.040	  145.04	 99.93
 359.00	 356.08	 7.7510	34.2207	26.7037	 0.86	 37.35	0.041	  145.13	 99.93
 360.00	 357.07	 7.7572	34.2220	26.7038	 0.85	 37.06	0.041	  145.05	 99.93
 361.00	 358.07	 7.7620	34.2225	26.7035	 0.84	 36.62	0.040	  145.06	 99.93
 362.00	 359.06	 7.7670	34.2243	26.7042	 0.83	 36.09	0.040	  145.09	 99.93
 363.00	 360.05	 7.7771	34.2271	26.7049	 0.82	 35.71	0.040	  145.06	 99.93
 364.00	 361.04	 7.7926	34.2307	26.7055	 0.81	 35.33	0.040	  145.02	 99.93
 365.00	 362.03	 7.7986	34.2324	26.7060	 0.81	 35.07	0.040	  145.06	 99.93
 366.00	 363.02	 7.7965	34.2340	26.7076	 0.80	 34.92	0.040	  145.06	 99.94
 367.00	 364.01	 7.7821	34.2345	26.7101	 0.81	 35.07	0.040	  145.07	 99.94
 368.00	 365.00	 7.7685	34.2331	26.7110	 0.82	 35.57	0.040	  145.08	 99.94
 369.00	 365.99	 7.7492	34.2307	26.7119	 0.83	 36.01	0.041	  145.03	 99.94
 370.00	 366.98	 7.7297	34.2288	26.7133	 0.83	 36.21	0.041	  145.04	 99.94
 371.00	 367.98	 7.7030	34.2249	26.7141	 0.84	 36.48	0.040	  145.07	 99.94
 372.00	 368.97	 7.6872	34.2218	26.7139	 0.85	 36.98	0.040	  145.06	 99.94
 373.00	 369.96	 7.6567	34.2197	26.7167	 0.86	 37.48	0.040	  145.02	 99.94
 374.00	 370.95	 7.6418	34.2181	26.7175	 0.86	 37.52	0.040	  144.98	 99.94
 375.00	 371.94	 7.6269	34.2164	26.7184	 0.85	 37.19	0.040	  145.06	 99.95
 376.00	 372.93	 7.6016	34.2120	26.7186	 0.85	 37.02	0.040	  145.01	 99.94
 377.00	 373.92	 7.5754	34.2123	26.7226	 0.85	 37.03	0.041	  145.01	 99.94
 378.00	 374.91	 7.5626	34.2132	26.7251	 0.85	 37.07	0.041	  145.08	 99.94
 379.00	 375.90	 7.5587	34.2132	26.7257	 0.85	 37.00	0.040	  145.02	 99.94
 380.00	 376.89	 7.5568	34.2131	26.7259	 0.85	 36.79	0.040	  145.04	 99.94
 381.00	 377.89	 7.5530	34.2121	26.7257	 0.84	 36.73	0.040	  145.07	 99.94
 382.00	 378.88	 7.5356	34.2113	26.7276	 0.85	 36.85	0.040	  145.05	 99.93
 383.00	 379.87	 7.5256	34.2119	26.7295	 0.84	 36.66	0.040	  145.03	 99.93
 384.00	 380.86	 7.5228	34.2120	26.7299	 0.84	 36.50	0.040	  144.96	 99.93
 385.00	 381.85	 7.5111	34.2110	26.7309	 0.83	 36.31	0.040	  144.96	 99.93
 386.00	 382.84	 7.4961	34.2130	26.7346	 0.83	 36.04	0.040	  145.03	 99.94
 387.00	 383.83	 7.4898	34.2135	26.7358	 0.83	 36.00	0.042	  144.96	 99.94
 388.00	 384.82	 7.4796	34.2139	26.7377	 0.83	 35.89	0.041	  145.03	 99.94
 389.00	 385.81	 7.4627	34.2118	26.7384	 0.81	 35.40	0.040	  144.92	 99.94
 390.00	 386.80	 7.4451	34.2119	26.7410	 0.81	 35.27	0.040	  145.02	 99.94
 391.00	 387.79	 7.4041	34.2089	26.7445	 0.81	 35.34	0.040	  145.02	 99.94
 392.00	 388.78	 7.3727	34.2121	26.7514	 0.81	 35.21	0.040	  144.96	 99.94
 393.00	 389.78	 7.3693	34.2128	26.7525	 0.81	 35.22	0.040	  144.95	 99.94
 394.00	 390.77	 7.3669	34.2122	26.7524	 0.81	 35.05	0.040	  145.04	 99.94
 395.00	 391.76	 7.3635	34.2128	26.7533	 0.80	 34.82	0.042	  145.03	 99.94
 396.00	 392.75	 7.3629	34.2127	26.7533	 0.80	 34.90	0.042	  144.98	 99.94
 397.00	 393.74	 7.3624	34.2128	26.7535	 0.81	 35.11	0.040	  144.96	 99.95
 398.00	 394.73	 7.3590	34.2122	26.7535	 0.81	 35.08	0.040	  144.93	 99.95
 399.00	 395.72	 7.3507	34.2123	26.7547	 0.80	 34.82	0.041	  144.95	 99.95
 400.00	 396.71	 7.3509	34.2124	26.7548	 0.80	 34.68	0.041	  144.98	 99.95
 401.00	 397.70	 7.3476	34.2124	26.7553	 0.80	 34.85	0.040	  144.97	 99.94
 402.00	 398.69	 7.3470	34.2125	26.7555	 0.80	 34.90	0.040	  144.93	 99.94
 403.00	 399.68	 7.3456	34.2124	26.7556	 0.80	 34.85	0.040	  144.98	 99.95
 404.00	 400.67	 7.3429	34.2123	26.7559	 0.80	 34.69	0.040	  144.94	 99.95
 405.00	 401.67	 7.3393	34.2121	26.7563	 0.80	 34.93	0.040	  144.94	 99.94
 406.00	 402.66	 7.3378	34.2120	26.7565	 0.80	 34.95	0.040	  144.92	 99.95
 407.00	 403.65	 7.3365	34.2118	26.7565	 0.80	 34.65	0.041	  144.89	 99.95
 408.00	 404.64	 7.3296	34.2112	26.7570	 0.80	 34.60	0.042	  144.84	 99.95
 409.00	 405.63	 7.3277	34.2119	26.7578	 0.79	 34.37	0.041	  144.87	 99.95
 410.00	 406.62	 7.3224	34.2113	26.7581	 0.79	 34.38	0.040	  144.87	 99.95
 411.00	 407.61	 7.3157	34.2117	26.7593	 0.79	 34.19	0.040	  144.87	 99.95
 412.00	 408.60	 7.3001	34.2120	26.7618	 0.77	 33.58	0.041	  144.90	 99.95
 413.00	 409.59	 7.2651	34.2150	26.7691	 0.75	 32.79	0.041	  144.88	 99.95
 414.00	 410.58	 7.2594	34.2163	26.7709	 0.74	 32.39	0.040	  144.87	 99.95
 415.00	 411.57	 7.2507	34.2165	26.7723	 0.73	 31.95	0.042	  144.87	 99.95
 416.00	 412.56	 7.2352	34.2189	26.7764	 0.72	 31.51	0.042	  144.90	 99.95
 417.00	 413.55	 7.2206	34.2212	26.7802	 0.71	 30.91	0.042	  144.91	 99.95
 418.00	 414.55	 7.2016	34.2243	26.7853	 0.70	 30.45	0.041	  144.82	 99.95
 419.00	 415.54	 7.1874	34.2269	26.7893	 0.69	 30.17	0.041	  144.88	 99.95
 420.00	 416.53	 7.1809	34.2277	26.7909	 0.68	 29.79	0.041	  144.86	 99.95
 421.00	 417.52	 7.1656	34.2302	26.7950	 0.67	 29.29	0.040	  144.87	 99.95
 422.00	 418.51	 7.1609	34.2318	26.7969	 0.66	 28.92	0.040	  144.82	 99.95
 423.00	 419.50	 7.1580	34.2325	26.7979	 0.66	 28.59	0.040	  144.85	 99.95
 424.00	 420.49	 7.1495	34.2326	26.7991	 0.65	 28.09	0.040	  144.86	 99.95
 425.00	 421.48	 7.1339	34.2376	26.8053	 0.64	 27.83	0.041	  144.89	 99.95
 426.00	 422.47	 7.1289	34.2399	26.8078	 0.63	 27.53	0.041	  144.82	 99.95
 427.00	 423.46	 7.1286	34.2407	26.8085	 0.63	 27.28	0.040	  144.86	 99.95
 428.00	 424.45	 7.1291	34.2415	26.8091	 0.63	 27.24	0.040	  144.78	 99.96
