wcoa21_data_management/01_CRUISE_METADATA/00_OCADS_data/CTD_downcasts/WCOA_2021_CTD_downcasts/dRB2102_CTD_098_01_F.txt
* Sea-Bird SBE 9 Data:
* Software Version Seasave V 7.26.7.107
* Vessel: NOAA Ship Ronald H. Brown
* Cruise: RB2102, West Coast Ocean Acidification (WCOA) 2021
* Dates: 20210622 to 20210723
* Region: NE Pacific, USA West Coast
* Ports: San Diego, CA to Port Angeles, WA to San Diego, CA
* Chief Scientists: R. Feely, NOAA PMEL; D. Greeley, NOAA PMEL; B. Carter, NOAA PMEL / UW CICOES
*END*
[from data line 2134]
2136.00	2109.52	 1.9049	34.6283	27.6926	 1.99	 86.64	0.040	  151.89	 99.93
2137.00	2110.50	 1.9053	34.6284	27.6927	 2.00	 86.82	0.040	  151.84	 99.94
2138.00	2111.48	 1.9053	34.6283	27.6926	 2.00	 86.99	0.040	  151.94	 99.93
2139.00	2112.46	 1.8998	34.6284	27.6931	 2.00	 87.04	0.040	  151.88	 99.93
2140.00	2113.45	 1.8977	34.6292	27.6939	 2.00	 86.99	0.040	  151.88	 99.93
2141.00	2114.43	 1.8985	34.6291	27.6938	 1.99	 86.65	0.040	  151.91	 99.93
2142.00	2115.41	 1.9001	34.6288	27.6934	 2.00	 87.08	0.040	  151.93	 99.93
2143.00	2116.39	 1.8978	34.6290	27.6938	 2.00	 87.10	0.040	  151.88	 99.93
2144.00	2117.38	 1.8969	34.6292	27.6940	 2.01	 87.32	0.040	  151.87	 99.93
2145.00	2118.36	 1.8955	34.6294	27.6943	 2.02	 87.62	0.040	  151.82	 99.93
2146.00	2119.34	 1.8965	34.6293	27.6941	 2.01	 87.40	0.040	  151.88	 99.93
2147.00	2120.32	 1.8950	34.6293	27.6943	 2.01	 87.56	0.040	  151.85	 99.93
2148.00	2121.31	 1.8942	34.6296	27.6946	 2.01	 87.34	0.040	  151.87	 99.93
2149.00	2122.29	 1.8944	34.6295	27.6945	 2.01	 87.34	0.040	  151.82	 99.93
2150.00	2123.27	 1.8945	34.6295	27.6945	 2.01	 87.36	0.040	  151.84	 99.93
2151.00	2124.26	 1.8940	34.6294	27.6945	 2.01	 87.36	0.040	  151.91	 99.93
2152.00	2125.24	 1.8931	34.6297	27.6947	 2.02	 87.59	0.040	  151.86	 99.93
2153.00	2126.22	 1.8933	34.6297	27.6947	 2.02	 87.66	0.040	  151.83	 99.93
2154.00	2127.20	 1.8935	34.6297	27.6947	 2.00	 87.06	0.040	  151.85	 99.93
2155.00	2128.19	 1.8944	34.6295	27.6945	 2.01	 87.13	0.040	  151.87	 99.93
2156.00	2129.17	 1.8947	34.6296	27.6945	 2.01	 87.34	0.040	  151.87	 99.93
2157.00	2130.15	 1.8950	34.6296	27.6945	 2.01	 87.32	0.040	  151.83	 99.93
2158.00	2131.13	 1.8938	34.6296	27.6947	 2.01	 87.42	0.040	  151.88	 99.93
2159.00	2132.12	 1.8937	34.6296	27.6947	 2.01	 87.34	0.040	  151.88	 99.93
2160.00	2133.10	 1.8926	34.6299	27.6950	 2.01	 87.40	0.040	  151.85	 99.93
2161.00	2134.08	 1.8941	34.6296	27.6947	 2.02	 87.63	0.040	  151.84	 99.93
2162.00	2135.06	 1.8931	34.6298	27.6949	 2.01	 87.49	0.040	  151.84	 99.93
2163.00	2136.05	 1.8935	34.6299	27.6949	 2.01	 87.24	0.040	  151.86	 99.93
2164.00	2137.03	 1.8935	34.6297	27.6948	 2.02	 87.60	0.040	  151.86	 99.93
2165.00	2138.01	 1.8914	34.6299	27.6951	 2.02	 87.73	0.040	  151.91	 99.93
2166.00	2138.99	 1.8913	34.6300	27.6952	 2.02	 87.60	0.040	  151.84	 99.93
2167.00	2139.98	 1.8910	34.6299	27.6951	 2.02	 87.70	0.040	  151.80	 99.93
2168.00	2140.96	 1.8914	34.6299	27.6952	 2.02	 87.86	0.040	  151.87	 99.93
2169.00	2141.94	 1.8889	34.6302	27.6955	 2.02	 87.97	0.040	  151.82	 99.93
2170.00	2142.92	 1.8876	34.6304	27.6958	 2.03	 88.13	0.040	  151.84	 99.93
2171.00	2143.91	 1.8865	34.6305	27.6960	 2.03	 88.20	0.040	  151.77	 99.93
2172.00	2144.89	 1.8870	34.6304	27.6959	 2.02	 87.96	0.040	  151.81	 99.93
2173.00	2145.87	 1.8860	34.6305	27.6961	 2.03	 88.05	0.040	  151.79	 99.93
2174.00	2146.85	 1.8859	34.6306	27.6961	 2.03	 88.03	0.040	  151.78	 99.93
2175.00	2147.84	 1.8853	34.6306	27.6962	 2.03	 88.07	0.040	  151.83	 99.93
2176.00	2148.82	 1.8850	34.6307	27.6963	 2.03	 88.34	0.040	  151.75	 99.93
2177.00	2149.80	 1.8852	34.6306	27.6963	 2.04	 88.55	0.040	  151.79	 99.93
2178.00	2150.78	 1.8852	34.6307	27.6963	 2.03	 88.19	0.040	  151.78	 99.93
2179.00	2151.77	 1.8854	34.6307	27.6963	 2.03	 88.23	0.040	  151.82	 99.93
2180.00	2152.75	 1.8853	34.6308	27.6964	 2.03	 88.38	0.040	  151.76	 99.93
2181.00	2153.73	 1.8853	34.6308	27.6964	 2.03	 88.02	0.039	  151.79	 99.93
2182.00	2154.71	 1.8853	34.6307	27.6963	 2.02	 87.97	0.040	  151.76	 99.93
2183.00	2155.70	 1.8850	34.6308	27.6964	 2.03	 88.08	0.040	  151.77	 99.93
2184.00	2156.68	 1.8840	34.6308	27.6965	 2.03	 88.31	0.040	  151.81	 99.93
2185.00	2157.66	 1.8830	34.6310	27.6968	 2.04	 88.62	0.040	  151.79	 99.93
2186.00	2158.64	 1.8815	34.6311	27.6970	 2.04	 88.49	0.040	  151.75	 99.93
2187.00	2159.63	 1.8811	34.6312	27.6971	 2.03	 88.40	0.040	  151.76	 99.93
2188.00	2160.61	 1.8805	34.6313	27.6972	 2.04	 88.59	0.040	  151.82	 99.93
2189.00	2161.59	 1.8803	34.6313	27.6972	 2.04	 88.54	0.040	  151.74	 99.93
2190.00	2162.57	 1.8796	34.6314	27.6974	 2.04	 88.55	0.040	  151.74	 99.93
2191.00	2163.56	 1.8784	34.6314	27.6975	 2.04	 88.87	0.040	  151.75	 99.93
2192.00	2164.54	 1.8770	34.6317	27.6978	 2.05	 89.11	0.040	  151.69	 99.93
2193.00	2165.52	 1.8765	34.6318	27.6979	 2.04	 88.78	0.040	  151.72	 99.93
2194.00	2166.50	 1.8752	34.6319	27.6981	 2.05	 89.05	0.040	  151.77	 99.93
2195.00	2167.49	 1.8752	34.6319	27.6981	 2.05	 89.23	0.040	  151.68	 99.93
2196.00	2168.47	 1.8749	34.6320	27.6982	 2.05	 89.07	0.039	  151.71	 99.93
2197.00	2169.45	 1.8738	34.6321	27.6984	 2.05	 89.25	0.040	  151.66	 99.93
2198.00	2170.43	 1.8719	34.6323	27.6987	 2.06	 89.49	0.040	  151.74	 99.93
2199.00	2171.41	 1.8708	34.6324	27.6989	 2.06	 89.51	0.040	  151.67	 99.93
2200.00	2172.40	 1.8696	34.6326	27.6991	 2.06	 89.58	0.040	  151.71	 99.93
2201.00	2173.38	 1.8681	34.6325	27.6992	 2.07	 90.14	0.040	  151.68	 99.93
2202.00	2174.36	 1.8621	34.6334	27.7003	 2.08	 90.39	0.040	  151.65	 99.93
2203.00	2175.34	 1.8615	34.6335	27.7004	 2.08	 90.34	0.040	  151.61	 99.93
2204.00	2176.33	 1.8610	34.6336	27.7006	 2.08	 90.54	0.040	  151.63	 99.93
2205.00	2177.31	 1.8609	34.6334	27.7005	 2.08	 90.41	0.040	  151.67	 99.93
2206.00	2178.29	 1.8604	34.6335	27.7006	 2.08	 90.25	0.040	  151.67	 99.93
2207.00	2179.27	 1.8597	34.6337	27.7008	 2.08	 90.31	0.040	  151.67	 99.93
2208.00	2180.26	 1.8591	34.6338	27.7009	 2.08	 90.41	0.040	  151.71	 99.93
2209.00	2181.24	 1.8596	34.6337	27.7008	 2.08	 90.28	0.040	  151.62	 99.93
2210.00	2182.22	 1.8596	34.6337	27.7008	 2.08	 90.32	0.040	  151.65	 99.93
2211.00	2183.20	 1.8598	34.6336	27.7008	 2.08	 90.57	0.040	  151.65	 99.93
2212.00	2184.19	 1.8598	34.6337	27.7008	 2.08	 90.50	0.040	  151.66	 99.93
2213.00	2185.17	 1.8600	34.6338	27.7009	 2.08	 90.41	0.040	  151.65	 99.93
2214.00	2186.15	 1.8601	34.6338	27.7009	 2.08	 90.48	0.040	  151.66	 99.93
2215.00	2187.13	 1.8599	34.6339	27.7010	 2.08	 90.55	0.040	  151.67	 99.93
2216.00	2188.11	 1.8602	34.6337	27.7008	 2.08	 90.27	0.040	  151.68	 99.93
2217.00	2189.10	 1.8602	34.6339	27.7010	 2.08	 90.27	0.040	  151.61	 99.93
2218.00	2190.08	 1.8601	34.6338	27.7009	 2.08	 90.33	0.040	  151.59	 99.93
2219.00	2191.06	 1.8600	34.6337	27.7009	 2.08	 90.52	0.040	  151.62	 99.93
2220.00	2192.04	 1.8599	34.6338	27.7009	 2.09	 90.81	0.040	  151.61	 99.93
2221.00	2193.03	 1.8594	34.6339	27.7010	 2.10	 91.05	0.040	  151.62	 99.93
2222.00	2194.01	 1.8591	34.6340	27.7012	 2.09	 90.77	0.040	  151.69	 99.93
2223.00	2194.99	 1.8595	34.6340	27.7011	 2.08	 90.50	0.040	  151.60	 99.93
2224.00	2195.97	 1.8596	34.6340	27.7012	 2.09	 90.67	0.040	  151.68	 99.93
2225.00	2196.95	 1.8597	34.6338	27.7010	 2.09	 90.80	0.040	  151.66	 99.93
2226.00	2197.94	 1.8588	34.6339	27.7012	 2.09	 90.72	0.040	  151.62	 99.93
2227.00	2198.92	 1.8584	34.6340	27.7013	 2.09	 90.65	0.040	  151.60	 99.93
2228.00	2199.90	 1.8592	34.6339	27.7011	 2.09	 90.68	0.040	  151.58	 99.93
2229.00	2200.88	 1.8585	34.6339	27.7012	 2.09	 90.89	0.040	  151.64	 99.93
2230.00	2201.87	 1.8574	34.6341	27.7015	 2.09	 90.62	0.040	  151.63	 99.93
2231.00	2202.85	 1.8572	34.6343	27.7016	 2.10	 91.04	0.040	  151.61	 99.93
2232.00	2203.83	 1.8571	34.6343	27.7017	 2.10	 91.33	0.040	  151.58	 99.93
2233.00	2204.81	 1.8571	34.6344	27.7017	 2.09	 90.68	0.040	  151.60	 99.93
2234.00	2205.80	 1.8572	34.6344	27.7017	 2.09	 90.75	0.040	  151.63	 99.93
2235.00	2206.78	 1.8570	34.6343	27.7017	 2.10	 91.08	0.040	  151.63	 99.93
2236.00	2207.76	 1.8559	34.6343	27.7018	 2.09	 90.99	0.040	  151.59	 99.93
2237.00	2208.74	 1.8542	34.6344	27.7020	 2.10	 91.32	0.040	  151.63	 99.93
2238.00	2209.72	 1.8515	34.6348	27.7025	 2.11	 91.49	0.040	  151.59	 99.93
2239.00	2210.71	 1.8504	34.6350	27.7028	 2.11	 91.66	0.040	  151.58	 99.93
2240.00	2211.69	 1.8496	34.6351	27.7029	 2.11	 91.57	0.040	  151.60	 99.93
2241.00	2212.67	 1.8495	34.6350	27.7028	 2.10	 91.47	0.040	  151.58	 99.93
2242.00	2213.65	 1.8498	34.6351	27.7028	 2.11	 91.56	0.040	  151.54	 99.93
2243.00	2214.64	 1.8502	34.6352	27.7029	 2.11	 91.54	0.040	  151.57	 99.93
2244.00	2215.62	 1.8503	34.6351	27.7028	 2.11	 91.58	0.040	  151.58	 99.93
2245.00	2216.60	 1.8505	34.6351	27.7029	 2.11	 91.89	0.040	  151.56	 99.93
2246.00	2217.58	 1.8505	34.6351	27.7028	 2.11	 91.64	0.040	  151.56	 99.93
2247.00	2218.56	 1.8507	34.6351	27.7029	 2.10	 91.39	0.040	  151.56	 99.93
2248.00	2219.55	 1.8508	34.6351	27.7028	 2.11	 91.67	0.040	  151.56	 99.93
2249.00	2220.53	 1.8509	34.6351	27.7029	 2.11	 91.69	0.040	  151.53	 99.93
2250.00	2221.51	 1.8506	34.6352	27.7029	 2.11	 91.81	0.040	  151.46	 99.93
2251.00	2222.49	 1.8509	34.6350	27.7028	 2.11	 91.69	0.040	  151.53	 99.93
2252.00	2223.47	 1.8514	34.6350	27.7028	 2.10	 91.32	0.040	  151.49	 99.93
2253.00	2224.46	 1.8515	34.6352	27.7029	 2.10	 91.40	0.040	  151.56	 99.93
2254.00	2225.44	 1.8518	34.6350	27.7027	 2.11	 91.48	0.040	  151.54	 99.93
2255.00	2226.42	 1.8520	34.6349	27.7026	 2.10	 91.37	0.040	  151.54	 99.93
2256.00	2227.40	 1.8519	34.6352	27.7029	 2.12	 92.00	0.040	  151.52	 99.93
2257.00	2228.39	 1.8519	34.6352	27.7029	 2.12	 91.95	0.040	  151.58	 99.93
2258.00	2229.37	 1.8522	34.6350	27.7028	 2.10	 91.46	0.040	  151.55	 99.93
2259.00	2230.35	 1.8523	34.6352	27.7029	 2.11	 91.70	0.040	  151.57	 99.93
2260.00	2231.33	 1.8524	34.6350	27.7027	 2.10	 91.17	0.040	  151.56	 99.93
2261.00	2232.31	 1.8526	34.6350	27.7028	 2.10	 91.25	0.040	  151.50	 99.93
2262.00	2233.30	 1.8525	34.6351	27.7028	 2.11	 91.55	0.040	  151.45	 99.93
2263.00	2234.28	 1.8527	34.6349	27.7027	 2.11	 91.56	0.040	  151.52	 99.93
2264.00	2235.26	 1.8528	34.6351	27.7028	 2.11	 91.55	0.040	  151.54	 99.93
2265.00	2236.24	 1.8527	34.6351	27.7028	 2.11	 91.63	0.040	  151.55	 99.93
2266.00	2237.22	 1.8528	34.6352	27.7029	 2.11	 91.54	0.040	  151.53	 99.93
2267.00	2238.21	 1.8529	34.6350	27.7028	 2.11	 91.88	0.040	  151.54	 99.93
2268.00	2239.19	 1.8530	34.6352	27.7029	 2.11	 91.80	0.040	  151.51	 99.93
2269.00	2240.17	 1.8529	34.6351	27.7028	 2.11	 91.53	0.040	  151.50	 99.93
2270.00	2241.15	 1.8524	34.6351	27.7029	 2.11	 91.65	0.040	  151.52	 99.93
2271.00	2242.13	 1.8531	34.6350	27.7027	 2.11	 91.68	0.040	  151.50	 99.93
2272.00	2243.12	 1.8529	34.6351	27.7028	 2.11	 91.82	0.040	  151.50	 99.93
2273.00	2244.10	 1.8517	34.6352	27.7030	 2.11	 91.83	0.040	  151.53	 99.93
2274.00	2245.08	 1.8506	34.6355	27.7033	 2.12	 92.00	0.040	  151.48	 99.93
2275.00	2246.06	 1.8508	34.6353	27.7032	 2.12	 92.31	0.040	  151.49	 99.93
2276.00	2247.04	 1.8505	34.6354	27.7033	 2.12	 92.24	0.040	  151.43	 99.93
2277.00	2248.03	 1.8505	34.6356	27.7034	 2.12	 92.05	0.040	  151.42	 99.93
2278.00	2249.01	 1.8505	34.6354	27.7033	 2.12	 92.22	0.040	  151.48	 99.93
2279.00	2249.99	 1.8498	34.6354	27.7034	 2.13	 92.36	0.040	  151.47	 99.93
2280.00	2250.97	 1.8478	34.6356	27.7037	 2.12	 92.21	0.040	  151.48	 99.93
2281.00	2251.95	 1.8472	34.6357	27.7038	 2.12	 92.32	0.040	  151.46	 99.93
2282.00	2252.94	 1.8461	34.6358	27.7040	 2.13	 92.52	0.040	  151.51	 99.93
2283.00	2253.92	 1.8453	34.6361	27.7043	 2.13	 92.67	0.040	  151.46	 99.93
2284.00	2254.90	 1.8453	34.6361	27.7043	 2.13	 92.64	0.040	  151.45	 99.93
2285.00	2255.88	 1.8454	34.6360	27.7042	 2.13	 92.67	0.040	  151.46	 99.93
2286.00	2256.86	 1.8444	34.6361	27.7044	 2.13	 92.76	0.040	  151.43	 99.93
2287.00	2257.85	 1.8435	34.6363	27.7046	 2.13	 92.54	0.040	  151.45	 99.93
2288.00	2258.83	 1.8444	34.6362	27.7044	 2.13	 92.71	0.040	  151.43	 99.93
2289.00	2259.81	 1.8431	34.6363	27.7046	 2.13	 92.76	0.040	  151.47	 99.93
2290.00	2260.79	 1.8422	34.6365	27.7049	 2.14	 92.90	0.040	  151.44	 99.93
2291.00	2261.77	 1.8420	34.6365	27.7049	 2.14	 93.12	0.040	  151.44	 99.93
2292.00	2262.76	 1.8414	34.6366	27.7050	 2.14	 93.05	0.040	  151.45	 99.93
2293.00	2263.74	 1.8388	34.6367	27.7053	 2.14	 93.17	0.040	  151.44	 99.93
2294.00	2264.72	 1.8388	34.6368	27.7054	 2.15	 93.26	0.040	  151.45	 99.93
2295.00	2265.70	 1.8389	34.6369	27.7054	 2.15	 93.23	0.040	  151.45	 99.93
2296.00	2266.68	 1.8390	34.6368	27.7054	 2.15	 93.22	0.040	  151.37	 99.93
2297.00	2267.67	 1.8391	34.6369	27.7055	 2.14	 93.04	0.040	  151.45	 99.93
2298.00	2268.65	 1.8392	34.6369	27.7055	 2.14	 93.19	0.040	  151.38	 99.93
2299.00	2269.63	 1.8393	34.6369	27.7055	 2.14	 92.86	0.040	  151.44	 99.93
2300.00	2270.61	 1.8395	34.6368	27.7054	 2.14	 93.00	0.040	  151.45	 99.93
2301.00	2271.59	 1.8393	34.6368	27.7054	 2.15	 93.47	0.040	  151.43	 99.93
2302.00	2272.58	 1.8394	34.6369	27.7055	 2.15	 93.45	0.040	  151.38	 99.93
2303.00	2273.56	 1.8401	34.6368	27.7054	 2.14	 93.06	0.040	  151.42	 99.93
2304.00	2274.54	 1.8397	34.6368	27.7054	 2.15	 93.21	0.040	  151.40	 99.93
2305.00	2275.52	 1.8395	34.6369	27.7055	 2.15	 93.48	0.040	  151.36	 99.93
2306.00	2276.50	 1.8403	34.6368	27.7054	 2.14	 93.13	0.040	  151.47	 99.93
2307.00	2277.49	 1.8413	34.6368	27.7053	 2.15	 93.30	0.040	  151.40	 99.93
2308.00	2278.47	 1.8409	34.6367	27.7052	 2.15	 93.31	0.040	  151.41	 99.93
2309.00	2279.45	 1.8401	34.6368	27.7054	 2.14	 93.18	0.040	  151.42	 99.93
2310.00	2280.43	 1.8398	34.6370	27.7055	 2.14	 93.17	0.040	  151.39	 99.93
2311.00	2281.41	 1.8397	34.6369	27.7055	 2.14	 93.19	0.040	  151.38	 99.93
2312.00	2282.39	 1.8405	34.6368	27.7054	 2.15	 93.25	0.040	  151.35	 99.93
2313.00	2283.38	 1.8398	34.6370	27.7056	 2.16	 93.95	0.040	  151.40	 99.93
2314.00	2284.36	 1.8402	34.6371	27.7056	 2.15	 93.40	0.040	  151.39	 99.93
2315.00	2285.34	 1.8404	34.6370	27.7056	 2.15	 93.41	0.040	  151.35	 99.93
2316.00	2286.32	 1.8403	34.6369	27.7055	 2.15	 93.42	0.040	  151.42	 99.93
2317.00	2287.30	 1.8402	34.6371	27.7057	 2.14	 93.15	0.040	  151.36	 99.93
2318.00	2288.29	 1.8403	34.6370	27.7056	 2.14	 93.00	0.040	  151.37	 99.93
2319.00	2289.27	 1.8402	34.6370	27.7056	 2.15	 93.40	0.040	  151.33	 99.93
2320.00	2290.25	 1.8397	34.6371	27.7058	 2.15	 93.31	0.040	  151.40	 99.93
2321.00	2291.23	 1.8405	34.6370	27.7056	 2.14	 93.17	0.040	  151.39	 99.93
2322.00	2292.21	 1.8409	34.6371	27.7056	 2.15	 93.22	0.040	  151.41	 99.93
2323.00	2293.20	 1.8406	34.6370	27.7056	 2.15	 93.34	0.040	  151.35	 99.93
2324.00	2294.18	 1.8406	34.6370	27.7056	 2.15	 93.33	0.040	  151.32	 99.93
2325.00	2295.16	 1.8401	34.6370	27.7057	 2.15	 93.45	0.040	  151.31	 99.93
2326.00	2296.14	 1.8397	34.6371	27.7058	 2.15	 93.24	0.040	  151.39	 99.93
2327.00	2297.12	 1.8397	34.6370	27.7057	 2.15	 93.29	0.040	  151.40	 99.93
2328.00	2298.10	 1.8402	34.6369	27.7056	 2.15	 93.46	0.040	  151.35	 99.93
2329.00	2299.09	 1.8397	34.6372	27.7059	 2.15	 93.52	0.040	  151.36	 99.93
2330.00	2300.07	 1.8401	34.6371	27.7058	 2.15	 93.32	0.040	  151.34	 99.93
2331.00	2301.05	 1.8402	34.6370	27.7057	 2.15	 93.55	0.040	  151.41	 99.93
2332.00	2302.03	 1.8402	34.6370	27.7057	 2.16	 93.67	0.040	  151.33	 99.93
2333.00	2303.01	 1.8400	34.6373	27.7059	 2.15	 93.52	0.040	  151.37	 99.93
2334.00	2303.99	 1.8402	34.6373	27.7059	 2.15	 93.41	0.040	  151.36	 99.93
2335.00	2304.98	 1.8406	34.6370	27.7057	 2.15	 93.43	0.040	  151.35	 99.93
2336.00	2305.96	 1.8400	34.6371	27.7058	 2.15	 93.33	0.040	  151.32	 99.93
2337.00	2306.94	 1.8402	34.6372	27.7059	 2.15	 93.46	0.040	  151.33	 99.93
2338.00	2307.92	 1.8402	34.6371	27.7059	 2.15	 93.56	0.040	  151.29	 99.93
2339.00	2308.90	 1.8401	34.6372	27.7059	 2.15	 93.51	0.040	  151.34	 99.93
2340.00	2309.89	 1.8403	34.6372	27.7059	 2.15	 93.40	0.040	  151.31	 99.93
2341.00	2310.87	 1.8405	34.6371	27.7058	 2.15	 93.35	0.040	  151.27	 99.93
2342.00	2311.85	 1.8407	34.6372	27.7059	 2.15	 93.44	0.040	  151.30	 99.93
2343.00	2312.83	 1.8406	34.6371	27.7058	 2.15	 93.36	0.040	  151.29	 99.93
2344.00	2313.81	 1.8406	34.6372	27.7059	 2.15	 93.43	0.040	  151.30	 99.93
2345.00	2314.79	 1.8408	34.6371	27.7059	 2.15	 93.42	0.040	  151.32	 99.93
2346.00	2315.78	 1.8409	34.6372	27.7059	 2.15	 93.52	0.040	  151.32	 99.93
2347.00	2316.76	 1.8407	34.6373	27.7060	 2.16	 93.80	0.040	  151.29	 99.93
