wcoa21_data_management/01_CRUISE_METADATA/00_OCADS_data/CTD_downcasts/WCOA_2021_CTD_downcasts/dRB2102_CTD_131_01_F.txt
* Sea-Bird SBE 9 Data:
* Software Version Seasave V 7.26.7.107
* Vessel: NOAA Ship Ronald H. Brown
* Cruise: RB2102, West Coast Ocean Acidification (WCOA) 2021
* Dates: 20210622 to 20210723
* Region: NE Pacific, USA West Coast
* Ports: San Diego, CA to Port Angeles, WA to San Diego, CA
* Chief Scientists: R. Feely, NOAA PMEL; D. Greeley, NOAA PMEL; B. Carter, NOAA PMEL / UW CICOES
*END*
[from data line 427]
 430.00	 426.55	 6.7703	34.2564	26.8697	 0.50	 21.73	0.040	  148.55	 99.97
 431.00	 427.54	 6.7700	34.2567	26.8700	 0.50	 21.72	0.040	  148.53	 99.98
 432.00	 428.53	 6.7700	34.2567	26.8700	 0.50	 21.55	0.040	  148.52	 99.97
 433.00	 429.52	 6.7691	34.2567	26.8701	 0.50	 21.58	0.040	  148.49	 99.98
 434.00	 430.51	 6.7679	34.2573	26.8707	 0.49	 21.52	0.040	  148.47	 99.98
 435.00	 431.50	 6.7675	34.2575	26.8710	 0.49	 21.38	0.040	  148.51	 99.98
 436.00	 432.49	 6.7636	34.2577	26.8716	 0.49	 21.29	0.040	  148.48	 99.98
 437.00	 433.48	 6.7566	34.2579	26.8728	 0.48	 21.02	0.040	  148.53	 99.98
 438.00	 434.47	 6.7455	34.2587	26.8749	 0.48	 20.98	0.040	  148.48	 99.98
 439.00	 435.46	 6.7320	34.2589	26.8769	 0.48	 20.81	0.040	  148.49	 99.98
 440.00	 436.45	 6.7147	34.2599	26.8800	 0.47	 20.65	0.041	  148.47	 99.98
 441.00	 437.45	 6.6995	34.2603	26.8824	 0.47	 20.58	0.041	  148.51	 99.98
 442.00	 438.44	 6.6891	34.2603	26.8838	 0.47	 20.62	0.041	  148.47	 99.98
 443.00	 439.43	 6.6817	34.2608	26.8852	 0.47	 20.59	0.041	  148.47	 99.98
 444.00	 440.42	 6.6773	34.2605	26.8855	 0.47	 20.43	0.040	  148.46	 99.98
 445.00	 441.41	 6.6699	34.2603	26.8863	 0.47	 20.34	0.041	  148.40	 99.98
 446.00	 442.40	 6.6649	34.2612	26.8877	 0.46	 20.19	0.041	  148.46	 99.98
 447.00	 443.39	 6.6527	34.2611	26.8893	 0.46	 20.11	0.040	  148.43	 99.98
 448.00	 444.38	 6.6423	34.2630	26.8922	 0.46	 20.03	0.040	  148.49	 99.98
 449.00	 445.37	 6.6388	34.2629	26.8926	 0.46	 19.82	0.041	  148.42	 99.98
 450.00	 446.36	 6.6267	34.2635	26.8947	 0.45	 19.71	0.041	  148.41	 99.98
 451.00	 447.35	 6.6067	34.2661	26.8994	 0.45	 19.44	0.041	  148.43	 99.98
 452.00	 448.35	 6.5956	34.2662	26.9010	 0.44	 19.21	0.042	  148.46	 99.98
 453.00	 449.34	 6.5927	34.2667	26.9018	 0.44	 19.03	0.041	  148.44	 99.98
 454.00	 450.33	 6.5847	34.2662	26.9024	 0.44	 18.93	0.040	  148.43	 99.98
 455.00	 451.32	 6.5708	34.2675	26.9053	 0.44	 18.92	0.040	  148.45	 99.98
 456.00	 452.31	 6.5626	34.2688	26.9074	 0.44	 18.93	0.040	  148.43	 99.98
 457.00	 453.30	 6.5601	34.2692	26.9081	 0.44	 18.95	0.040	  148.43	 99.98
 458.00	 454.29	 6.5585	34.2694	26.9085	 0.43	 18.84	0.040	  148.39	 99.98
 459.00	 455.28	 6.5571	34.2695	26.9087	 0.43	 18.70	0.041	  148.39	 99.98
 460.00	 456.27	 6.5538	34.2699	26.9095	 0.43	 18.56	0.041	  148.41	 99.98
 461.00	 457.26	 6.5497	34.2701	26.9102	 0.43	 18.54	0.040	  148.36	 99.98
 462.00	 458.25	 6.5480	34.2705	26.9107	 0.43	 18.58	0.040	  148.35	 99.98
 463.00	 459.24	 6.5471	34.2703	26.9107	 0.43	 18.51	0.040	  148.38	 99.98
 464.00	 460.23	 6.5439	34.2704	26.9112	 0.42	 18.38	0.040	  148.44	 99.98
 465.00	 461.23	 6.5375	34.2706	26.9123	 0.42	 18.34	0.041	  148.34	 99.98
 466.00	 462.22	 6.5277	34.2712	26.9140	 0.42	 18.29	0.041	  148.38	 99.98
 467.00	 463.21	 6.5165	34.2713	26.9156	 0.42	 18.07	0.040	  148.37	 99.98
 468.00	 464.20	 6.5084	34.2721	26.9173	 0.41	 17.99	0.040	  148.30	 99.98
 469.00	 465.19	 6.4981	34.2726	26.9191	 0.41	 17.73	0.040	  148.36	 99.98
 470.00	 466.18	 6.4871	34.2744	26.9219	 0.41	 17.64	0.040	  148.34	 99.98
 471.00	 467.17	 6.4837	34.2758	26.9235	 0.41	 17.62	0.040	  148.35	 99.98
 472.00	 468.16	 6.4836	34.2762	26.9238	 0.40	 17.56	0.040	  148.29	 99.98
 473.00	 469.15	 6.4794	34.2767	26.9248	 0.40	 17.38	0.040	  148.25	 99.98
 474.00	 470.14	 6.4697	34.2766	26.9260	 0.40	 17.41	0.042	  148.34	 99.98
 475.00	 471.13	 6.4598	34.2780	26.9284	 0.40	 17.31	0.041	  148.36	 99.98
 476.00	 472.12	 6.4577	34.2778	26.9285	 0.40	 17.18	0.041	  148.28	 99.98
 477.00	 473.11	 6.4483	34.2775	26.9296	 0.39	 16.98	0.041	  148.30	 99.98
 478.00	 474.11	 6.4264	34.2783	26.9330	 0.39	 16.95	0.040	  148.38	 99.98
 479.00	 475.10	 6.4181	34.2803	26.9357	 0.39	 16.80	0.040	  148.38	 99.98
 480.00	 476.09	 6.4179	34.2803	26.9358	 0.39	 16.77	0.040	  148.32	 99.98
 481.00	 477.08	 6.4164	34.2800	26.9357	 0.38	 16.71	0.040	  148.27	 99.98
 482.00	 478.07	 6.4014	34.2803	26.9380	 0.38	 16.56	0.041	  148.30	 99.98
 483.00	 479.06	 6.3713	34.2831	26.9440	 0.38	 16.38	0.041	  148.30	 99.98
 484.00	 480.05	 6.3493	34.2849	26.9483	 0.37	 16.19	0.040	  148.27	 99.98
 485.00	 481.04	 6.3468	34.2854	26.9491	 0.37	 16.08	0.040	  148.30	 99.99
 486.00	 482.03	 6.3404	34.2852	26.9497	 0.37	 15.97	0.040	  148.26	 99.99
 487.00	 483.02	 6.3330	34.2861	26.9514	 0.37	 16.00	0.040	  148.27	 99.98
 488.00	 484.01	 6.3289	34.2860	26.9519	 0.37	 15.96	0.040	  148.23	 99.98
 489.00	 485.00	 6.3216	34.2861	26.9530	 0.37	 15.90	0.040	  148.28	 99.98
 490.00	 485.99	 6.3160	34.2861	26.9536	 0.36	 15.84	0.040	  148.23	 99.99
 491.00	 486.98	 6.3090	34.2867	26.9550	 0.36	 15.74	0.041	  148.29	 99.98
 492.00	 487.97	 6.3025	34.2875	26.9566	 0.36	 15.61	0.042	  148.24	 99.99
 493.00	 488.97	 6.2964	34.2891	26.9586	 0.36	 15.67	0.042	  148.22	 99.99
 494.00	 489.96	 6.2959	34.2892	26.9588	 0.36	 15.70	0.041	  148.21	 99.99
 495.00	 490.95	 6.2946	34.2892	26.9589	 0.36	 15.62	0.040	  148.26	 99.99
 496.00	 491.94	 6.2818	34.2892	26.9606	 0.36	 15.49	0.040	  148.21	 99.99
 497.00	 492.93	 6.2707	34.2902	26.9628	 0.36	 15.47	0.040	  148.24	 99.99
 498.00	 493.92	 6.2714	34.2908	26.9632	 0.36	 15.44	0.040	  148.27	 99.99
 499.00	 494.91	 6.2683	34.2903	26.9632	 0.35	 15.36	0.040	  148.25	 99.99
 500.00	 495.90	 6.2658	34.2905	26.9638	 0.35	 15.22	0.040	  148.27	 99.99
 501.00	 496.89	 6.2598	34.2908	26.9648	 0.35	 15.25	0.040	  148.20	 99.99
 502.00	 497.88	 6.2552	34.2924	26.9666	 0.35	 15.26	0.040	  148.21	 99.99
 503.00	 498.87	 6.2560	34.2930	26.9670	 0.35	 15.23	0.040	  148.21	 99.99
 504.00	 499.86	 6.2558	34.2934	26.9673	 0.35	 15.09	0.040	  148.19	 99.99
 505.00	 500.85	 6.2519	34.2937	26.9681	 0.34	 14.99	0.040	  148.24	 99.99
 506.00	 501.84	 6.2450	34.2949	26.9699	 0.35	 15.03	0.042	  148.22	 99.99
 507.00	 502.83	 6.2396	34.2952	26.9709	 0.34	 14.96	0.040	  148.19	 99.99
 508.00	 503.82	 6.2345	34.2958	26.9721	 0.34	 14.83	0.040	  148.16	 99.99
 509.00	 504.81	 6.2286	34.2967	26.9735	 0.34	 14.80	0.041	  148.14	 99.99
 510.00	 505.81	 6.2204	34.2981	26.9757	 0.34	 14.83	0.041	  148.22	 99.99
 511.00	 506.80	 6.2112	34.2995	26.9780	 0.34	 14.77	0.040	  148.14	 99.99
 512.00	 507.79	 6.2085	34.3001	26.9788	 0.34	 14.66	0.041	  148.13	 99.99
 513.00	 508.78	 6.2025	34.3001	26.9796	 0.34	 14.62	0.042	  148.10	 99.99
 514.00	 509.77	 6.1981	34.3007	26.9807	 0.34	 14.60	0.041	  148.09	 99.99
 515.00	 510.76	 6.1974	34.3008	26.9808	 0.33	 14.51	0.040	  148.12	 99.99
 516.00	 511.75	 6.1901	34.2997	26.9809	 0.33	 14.43	0.040	  148.12	 99.99
 517.00	 512.74	 6.1667	34.3014	26.9852	 0.33	 14.37	0.040	  148.13	 99.99
 518.00	 513.73	 6.1644	34.3017	26.9857	 0.33	 14.23	0.041	  148.15	100.00
 519.00	 514.72	 6.1630	34.3013	26.9857	 0.33	 14.16	0.041	  148.11	100.00
 520.00	 515.71	 6.1574	34.3012	26.9863	 0.32	 14.11	0.040	  148.06	100.00
 521.00	 516.70	 6.1363	34.3011	26.9889	 0.32	 14.00	0.040	  148.08	 99.99
 522.00	 517.69	 6.1187	34.3037	26.9932	 0.32	 13.97	0.040	  148.11	100.00
 523.00	 518.68	 6.1193	34.3036	26.9931	 0.32	 14.03	0.040	  148.12	100.00
 524.00	 519.67	 6.1197	34.3037	26.9931	 0.32	 13.98	0.041	  148.09	100.00
 525.00	 520.66	 6.1190	34.3039	26.9934	 0.32	 13.87	0.041	  148.08	100.00
 526.00	 521.65	 6.1163	34.3040	26.9938	 0.32	 13.78	0.040	  148.09	100.00
 527.00	 522.64	 6.1119	34.3042	26.9945	 0.32	 13.83	0.042	  148.11	100.00
 528.00	 523.63	 6.1004	34.3045	26.9962	 0.32	 13.74	0.041	  148.04	100.00
 529.00	 524.63	 6.0881	34.3058	26.9988	 0.31	 13.65	0.040	  148.05	100.00
 530.00	 525.62	 6.0834	34.3067	27.0001	 0.31	 13.56	0.040	  148.01	100.00
 531.00	 526.61	 6.0751	34.3067	27.0012	 0.31	 13.51	0.040	  148.06	100.00
 532.00	 527.60	 6.0628	34.3076	27.0035	 0.31	 13.31	0.040	  148.00	100.00
 533.00	 528.59	 6.0533	34.3089	27.0057	 0.31	 13.32	0.040	  148.14	100.00
 534.00	 529.58	 6.0446	34.3091	27.0069	 0.31	 13.36	0.041	  148.00	100.00
 535.00	 530.57	 6.0318	34.3106	27.0098	 0.31	 13.29	0.041	  148.03	100.00
 536.00	 531.56	 6.0153	34.3117	27.0128	 0.30	 13.16	0.041	  148.03	100.00
 537.00	 532.55	 6.0013	34.3120	27.0147	 0.30	 13.11	0.040	  147.98	100.00
 538.00	 533.54	 5.9875	34.3124	27.0168	 0.30	 12.98	0.040	  148.03	100.00
 539.00	 534.53	 5.9775	34.3127	27.0183	 0.30	 12.95	0.042	  148.04	100.00
 540.00	 535.52	 5.9685	34.3132	27.0198	 0.30	 12.97	0.041	  147.96	100.00
 541.00	 536.51	 5.9610	34.3140	27.0214	 0.30	 12.91	0.040	  147.99	100.00
 542.00	 537.50	 5.9558	34.3144	27.0224	 0.29	 12.81	0.040	  148.01	100.00
 543.00	 538.49	 5.9454	34.3147	27.0239	 0.29	 12.74	0.040	  148.00	100.00
 544.00	 539.48	 5.9345	34.3154	27.0259	 0.29	 12.78	0.041	  147.97	100.00
 545.00	 540.47	 5.9310	34.3154	27.0263	 0.29	 12.78	0.042	  147.99	100.00
 546.00	 541.46	 5.9260	34.3154	27.0270	 0.29	 12.72	0.042	  147.97	100.00
 547.00	 542.45	 5.9144	34.3157	27.0287	 0.29	 12.65	0.042	  147.99	100.00
 548.00	 543.44	 5.9071	34.3158	27.0297	 0.29	 12.56	0.041	  147.99	100.00
 549.00	 544.43	 5.8762	34.3158	27.0335	 0.29	 12.58	0.040	  147.90	100.00
 550.00	 545.42	 5.8536	34.3161	27.0365	 0.29	 12.55	0.040	  147.98	100.00
 551.00	 546.41	 5.8276	34.3163	27.0400	 0.29	 12.48	0.040	  147.97	100.00
 552.00	 547.40	 5.8217	34.3157	27.0402	 0.29	 12.39	0.041	  147.97	100.00
 553.00	 548.40	 5.8173	34.3157	27.0408	 0.28	 12.34	0.042	  148.01	100.00
 554.00	 549.39	 5.8071	34.3143	27.0409	 0.29	 12.40	0.040	  147.95	100.00
 555.00	 550.38	 5.7894	34.3166	27.0449	 0.29	 12.41	0.041	  147.94	100.00
 556.00	 551.37	 5.7866	34.3167	27.0453	 0.29	 12.39	0.041	  147.95	100.00
 557.00	 552.36	 5.7762	34.3171	27.0470	 0.29	 12.41	0.040	  147.94	100.00
 558.00	 553.35	 5.7669	34.3176	27.0485	 0.29	 12.40	0.041	  147.93	100.00
 559.00	 554.34	 5.7574	34.3172	27.0494	 0.28	 12.31	0.041	  147.98	100.00
 560.00	 555.33	 5.7438	34.3174	27.0513	 0.28	 12.16	0.040	  147.95	100.00
 561.00	 556.32	 5.7288	34.3172	27.0529	 0.28	 12.13	0.040	  147.91	100.00
 562.00	 557.31	 5.7182	34.3194	27.0560	 0.28	 12.20	0.040	  147.93	100.00
 563.00	 558.30	 5.7130	34.3199	27.0570	 0.28	 12.09	0.040	  147.89	100.00
 564.00	 559.29	 5.7072	34.3213	27.0588	 0.28	 11.98	0.040	  147.90	100.00
 565.00	 560.28	 5.7018	34.3220	27.0601	 0.28	 12.00	0.040	  147.79	100.00
 566.00	 561.27	 5.6959	34.3230	27.0616	 0.28	 12.00	0.041	  147.90	100.00
 567.00	 562.26	 5.6871	34.3234	27.0630	 0.28	 11.99	0.042	  147.90	100.00
 568.00	 563.25	 5.6774	34.3243	27.0649	 0.28	 11.98	0.041	  147.88	100.00
 569.00	 564.24	 5.6677	34.3256	27.0671	 0.27	 11.92	0.040	  147.93	100.00
 570.00	 565.23	 5.6611	34.3262	27.0684	 0.27	 11.81	0.040	  147.92	100.00
 571.00	 566.22	 5.6549	34.3265	27.0694	 0.27	 11.85	0.041	  147.88	100.00
 572.00	 567.21	 5.6524	34.3268	27.0700	 0.27	 11.83	0.041	  147.92	100.00
 573.00	 568.20	 5.6514	34.3270	27.0702	 0.27	 11.79	0.040	  147.88	100.00
 574.00	 569.19	 5.6498	34.3268	27.0703	 0.27	 11.80	0.041	  147.81	100.00
 575.00	 570.18	 5.6398	34.3267	27.0714	 0.27	 11.82	0.041	  147.80	100.00
 576.00	 571.17	 5.6283	34.3267	27.0728	 0.27	 11.82	0.041	  147.80	100.00
 577.00	 572.16	 5.6150	34.3264	27.0742	 0.27	 11.81	0.041	  147.80	100.00
 578.00	 573.15	 5.6023	34.3269	27.0762	 0.27	 11.75	0.040	  147.83	100.00
 579.00	 574.14	 5.5893	34.3253	27.0765	 0.27	 11.72	0.040	  147.85	100.00
 580.00	 575.13	 5.5755	34.3257	27.0785	 0.27	 11.71	0.041	  147.83	100.00
 581.00	 576.12	 5.5661	34.3265	27.0803	 0.27	 11.59	0.041	  147.84	100.00
 582.00	 577.11	 5.5643	34.3263	27.0803	 0.27	 11.63	0.040	  147.82	100.00
 583.00	 578.10	 5.5628	34.3264	27.0806	 0.27	 11.61	0.041	  147.78	100.00
 584.00	 579.09	 5.5609	34.3263	27.0808	 0.27	 11.66	0.041	  147.73	100.00
 585.00	 580.08	 5.5603	34.3265	27.0810	 0.27	 11.64	0.041	  147.77	100.00
 586.00	 581.07	 5.5590	34.3265	27.0812	 0.27	 11.62	0.040	  147.82	100.00
 587.00	 582.06	 5.5572	34.3262	27.0811	 0.27	 11.64	0.040	  147.70	100.00
 588.00	 583.05	 5.5548	34.3265	27.0817	 0.27	 11.64	0.040	  147.74	100.00
 589.00	 584.04	 5.5533	34.3266	27.0820	 0.27	 11.64	0.040	  147.75	100.00
 590.00	 585.04	 5.5531	34.3266	27.0820	 0.27	 11.64	0.041	  147.76	100.00
 591.00	 586.03	 5.5537	34.3266	27.0819	 0.27	 11.64	0.040	  147.77	100.00
 592.00	 587.02	 5.5537	34.3267	27.0820	 0.27	 11.63	0.040	  147.82	100.00
 593.00	 588.01	 5.5539	34.3267	27.0820	 0.27	 11.63	0.040	  147.71	100.00
 594.00	 589.00	 5.5524	34.3266	27.0821	 0.27	 11.67	0.041	  147.77	100.00
 595.00	 589.99	 5.5521	34.3266	27.0821	 0.27	 11.65	0.041	  147.73	100.00
 596.00	 590.98	 5.5518	34.3268	27.0823	 0.27	 11.65	0.041	  147.77	100.00
 597.00	 591.97	 5.5500	34.3263	27.0822	 0.27	 11.64	0.040	  147.75	100.00
 598.00	 592.96	 5.5447	34.3265	27.0830	 0.27	 11.63	0.040	  147.72	100.00
 599.00	 593.95	 5.5433	34.3266	27.0832	 0.27	 11.64	0.040	  147.73	100.00
 600.00	 594.94	 5.5413	34.3263	27.0833	 0.27	 11.61	0.040	  147.74	100.00
 601.00	 595.93	 5.5367	34.3265	27.0840	 0.27	 11.58	0.040	  147.71	100.00
 602.00	 596.92	 5.5351	34.3267	27.0843	 0.27	 11.66	0.040	  147.72	100.00
 603.00	 597.91	 5.5346	34.3267	27.0844	 0.27	 11.62	0.040	  147.73	100.00
 604.00	 598.90	 5.5333	34.3266	27.0845	 0.27	 11.58	0.041	  147.69	100.00
 605.00	 599.89	 5.5292	34.3275	27.0857	 0.26	 11.52	0.042	  147.72	100.00
 606.00	 600.88	 5.5224	34.3286	27.0874	 0.26	 11.45	0.041	  147.67	100.00
 607.00	 601.87	 5.5166	34.3293	27.0887	 0.26	 11.47	0.040	  147.71	100.00
 608.00	 602.86	 5.5068	34.3300	27.0904	 0.26	 11.46	0.040	  147.68	100.00
 609.00	 603.85	 5.4968	34.3307	27.0922	 0.26	 11.43	0.040	  147.65	100.00
 610.00	 604.84	 5.4925	34.3308	27.0928	 0.26	 11.43	0.040	  147.62	100.00
 611.00	 605.83	 5.4888	34.3313	27.0936	 0.26	 11.45	0.040	  147.60	100.00
 612.00	 606.82	 5.4864	34.3314	27.0940	 0.26	 11.43	0.040	  147.63	100.00
 613.00	 607.81	 5.4836	34.3314	27.0944	 0.26	 11.44	0.040	  147.61	100.00
 614.00	 608.80	 5.4806	34.3314	27.0948	 0.26	 11.46	0.040	  147.63	100.00
 615.00	 609.79	 5.4716	34.3307	27.0952	 0.26	 11.44	0.041	  147.60	100.00
 616.00	 610.78	 5.4419	34.3293	27.0977	 0.26	 11.43	0.041	  147.63	100.00
 617.00	 611.77	 5.4296	34.3311	27.1006	 0.26	 11.31	0.041	  147.61	100.00
 618.00	 612.76	 5.4092	34.3325	27.1042	 0.26	 11.22	0.042	  147.63	100.00
 619.00	 613.75	 5.3979	34.3364	27.1086	 0.26	 11.34	0.040	  147.63	100.00
 620.00	 614.74	 5.3960	34.3369	27.1093	 0.26	 11.40	0.040	  147.58	100.00
 621.00	 615.73	 5.3942	34.3369	27.1094	 0.26	 11.20	0.040	  147.59	100.00
 622.00	 616.72	 5.3872	34.3381	27.1113	 0.26	 11.29	0.040	  147.64	100.00
 623.00	 617.71	 5.3843	34.3391	27.1124	 0.26	 11.30	0.041	  147.62	100.00
 624.00	 618.70	 5.3825	34.3397	27.1130	 0.26	 11.26	0.040	  147.55	100.00
 625.00	 619.69	 5.3792	34.3406	27.1142	 0.26	 11.28	0.040	  147.58	100.00
 626.00	 620.68	 5.3762	34.3416	27.1153	 0.26	 11.28	0.041	  147.56	100.00
 627.00	 621.67	 5.3743	34.3421	27.1160	 0.26	 11.28	0.042	  147.58	100.00
 628.00	 622.66	 5.3727	34.3426	27.1166	 0.26	 11.29	0.041	  147.50	100.00
 629.00	 623.65	 5.3720	34.3427	27.1167	 0.26	 11.29	0.040	  147.59	100.00
 630.00	 624.64	 5.3705	34.3432	27.1173	 0.26	 11.29	0.040	  147.55	100.00
 631.00	 625.63	 5.3690	34.3433	27.1176	 0.26	 11.29	0.040	  147.56	100.00
 632.00	 626.62	 5.3569	34.3455	27.1208	 0.26	 11.29	0.041	  147.53	100.00
 633.00	 627.61	 5.3520	34.3476	27.1230	 0.26	 11.27	0.041	  147.53	100.00
 634.00	 628.60	 5.3403	34.3503	27.1266	 0.26	 11.25	0.040	  147.53	100.00
 635.00	 629.59	 5.3388	34.3508	27.1271	 0.26	 11.29	0.040	  147.46	100.00
 636.00	 630.58	 5.3370	34.3510	27.1275	 0.26	 11.31	0.040	  147.47	100.00
 637.00	 631.57	 5.3349	34.3513	27.1281	 0.26	 11.29	0.040	  147.54	100.00
 638.00	 632.56	 5.3332	34.3522	27.1289	 0.26	 11.26	0.040	  147.49	100.00
 639.00	 633.55	 5.3333	34.3522	27.1289	 0.26	 11.25	0.040	  147.46	100.00
 640.00	 634.54	 5.3331	34.3523	27.1290	 0.26	 11.28	0.041	  147.50	100.00
 641.00	 635.53	 5.3303	34.3529	27.1298	 0.26	 11.26	0.040	  147.46	100.00
 642.00	 636.52	 5.3225	34.3549	27.1324	 0.26	 11.27	0.040	  147.49	100.00
