wcoa21_data_management/01_CRUISE_METADATA/00_OCADS_data/CTD_downcasts/WCOA_2021_CTD_downcasts/dRB2102_CTD_071_01_F.txt
* Sea-Bird SBE 9 Data:
* Software Version Seasave V 7.26.7.107
* Vessel: NOAA Ship Ronald H. Brown
* Cruise: RB2102, West Coast Ocean Acidification (WCOA) 2021
* Dates: 20210622 to 20210723
* Region: NE Pacific, USA West Coast
* Ports: San Diego, CA to Port Angeles, WA to San Diego, CA
* Chief Scientists: R. Feely, NOAA PMEL; D. Greeley, NOAA PMEL; B. Carter, NOAA PMEL / UW CICOES
*END*
[from data line 214]
 217.00	 215.22	 7.7247	34.0174	26.5456	 2.08	 90.57	0.040	  157.51	 99.76
 218.00	 216.21	 7.7121	34.0168	26.5469	 2.09	 91.10	0.040	  157.49	 99.76
 219.00	 217.20	 7.6744	34.0126	26.5491	 2.11	 91.65	0.040	  157.54	 99.77
 220.00	 218.20	 7.6364	34.0122	26.5542	 2.11	 91.92	0.040	  157.51	 99.76
 221.00	 219.19	 7.6221	34.0118	26.5560	 2.12	 92.08	0.040	  157.51	 99.76
 222.00	 220.18	 7.6067	34.0110	26.5576	 2.12	 92.15	0.040	  157.53	 99.76
 223.00	 221.17	 7.5850	34.0111	26.5608	 2.12	 92.19	0.040	  157.50	 99.76
 224.00	 222.16	 7.5763	34.0112	26.5621	 2.12	 92.11	0.040	  157.53	 99.76
 225.00	 223.15	 7.5477	34.0100	26.5653	 2.13	 92.81	0.040	  157.50	 99.76
 226.00	 224.14	 7.5115	34.0073	26.5683	 2.16	 93.83	0.040	  157.47	 99.76
 227.00	 225.13	 7.4764	34.0044	26.5710	 2.19	 95.42	0.040	  157.48	 99.76
 228.00	 226.13	 7.4505	34.0002	26.5715	 2.23	 96.85	0.040	  157.52	 99.76
 229.00	 227.12	 7.3946	33.9930	26.5736	 2.24	 97.54	0.040	  157.48	 99.76
 230.00	 228.11	 7.3474	33.9911	26.5788	 2.24	 97.46	0.040	  157.45	 99.76
 231.00	 229.10	 7.3325	33.9925	26.5820	 2.22	 96.67	0.040	  157.47	 99.76
 232.00	 230.09	 7.3483	33.9979	26.5841	 2.19	 95.40	0.040	  157.35	 99.76
 233.00	 231.08	 7.3601	34.0001	26.5842	 2.17	 94.19	0.040	  157.42	 99.74
 234.00	 232.07	 7.3715	34.0039	26.5856	 2.14	 93.18	0.040	  157.47	 99.75
 235.00	 233.06	 7.3733	34.0043	26.5857	 2.11	 91.59	0.040	  157.47	 99.74
 236.00	 234.06	 7.3841	34.0089	26.5878	 2.05	 89.25	0.040	  157.42	 99.75
 237.00	 235.05	 7.4080	34.0178	26.5914	 2.00	 86.84	0.040	  157.47	 99.76
 238.00	 236.04	 7.4148	34.0203	26.5924	 1.97	 85.82	0.040	  157.54	 99.76
 239.00	 237.03	 7.4127	34.0212	26.5934	 1.96	 85.47	0.040	  157.44	 99.76
 240.00	 238.02	 7.4134	34.0215	26.5936	 1.96	 85.13	0.041	  157.43	 99.77
 241.00	 239.01	 7.4152	34.0216	26.5934	 1.95	 84.84	0.040	  157.47	 99.78
 242.00	 240.00	 7.4159	34.0218	26.5935	 1.94	 84.60	0.040	  157.51	 99.78
 243.00	 240.99	 7.4170	34.0219	26.5934	 1.94	 84.36	0.040	  157.46	 99.78
 244.00	 241.99	 7.4171	34.0221	26.5936	 1.92	 83.51	0.040	  157.44	 99.78
 245.00	 242.98	 7.4244	34.0259	26.5955	 1.89	 82.28	0.040	  157.42	 99.78
 246.00	 243.97	 7.4286	34.0293	26.5976	 1.87	 81.56	0.040	  157.40	 99.78
 247.00	 244.96	 7.4265	34.0314	26.5997	 1.87	 81.13	0.040	  157.39	 99.78
 248.00	 245.95	 7.4264	34.0323	26.6003	 1.85	 80.67	0.040	  157.46	 99.78
 249.00	 246.94	 7.4229	34.0325	26.6010	 1.84	 80.08	0.040	  157.51	 99.79
 250.00	 247.93	 7.4184	34.0335	26.6025	 1.83	 79.48	0.040	  157.50	 75.80
 251.00	 248.92	 7.4099	34.0357	26.6054	 1.82	 79.02	0.040	  157.39	 99.75
 252.00	 249.91	 7.3959	34.0367	26.6082	 1.81	 78.55	0.040	  157.42	 99.80
 253.00	 250.91	 7.3730	34.0371	26.6117	 1.80	 78.24	0.040	  157.46	 99.80
 254.00	 251.90	 7.3522	34.0372	26.6148	 1.79	 77.85	0.040	  157.42	 99.80
 255.00	 252.89	 7.3406	34.0373	26.6165	 1.79	 77.68	0.040	  157.42	 99.80
 256.00	 253.88	 7.3324	34.0373	26.6176	 1.78	 77.58	0.040	  157.48	 99.80
 257.00	 254.87	 7.3232	34.0363	26.6182	 1.77	 77.13	0.040	  157.44	 99.81
 258.00	 255.86	 7.3127	34.0369	26.6201	 1.76	 76.75	0.040	  157.38	 99.81
 259.00	 256.85	 7.2966	34.0399	26.6247	 1.75	 76.34	0.040	  157.43	 99.81
 260.00	 257.84	 7.2862	34.0404	26.6266	 1.75	 75.92	0.041	  157.46	 99.82
 261.00	 258.83	 7.2830	34.0411	26.6276	 1.74	 75.70	0.041	  157.44	 99.82
 262.00	 259.83	 7.2807	34.0421	26.6287	 1.73	 75.47	0.041	  157.41	 99.83
 263.00	 260.82	 7.2816	34.0432	26.6295	 1.73	 75.24	0.040	  157.41	 99.82
 264.00	 261.81	 7.2840	34.0439	26.6297	 1.72	 75.01	0.040	  157.39	 99.83
 265.00	 262.80	 7.2834	34.0446	26.6304	 1.72	 74.74	0.040	  157.46	 99.83
 266.00	 263.79	 7.2848	34.0456	26.6310	 1.71	 74.46	0.040	  157.36	 99.83
 267.00	 264.78	 7.2860	34.0461	26.6312	 1.71	 74.24	0.040	  157.42	 99.83
 268.00	 265.77	 7.2851	34.0468	26.6319	 1.70	 73.95	0.040	  157.39	 99.83
 269.00	 266.76	 7.2797	34.0471	26.6329	 1.69	 73.40	0.040	  157.35	 99.83
 270.00	 267.75	 7.2767	34.0499	26.6356	 1.68	 72.98	0.040	  157.41	 99.83
 271.00	 268.74	 7.2766	34.0510	26.6365	 1.67	 72.75	0.040	  157.38	 99.83
 272.00	 269.74	 7.2671	34.0512	26.6379	 1.67	 72.48	0.040	  157.37	 99.83
 273.00	 270.73	 7.2431	34.0505	26.6407	 1.67	 72.53	0.040	  157.43	 99.83
 274.00	 271.72	 7.2284	34.0498	26.6422	 1.67	 72.84	0.040	  157.40	 99.83
 275.00	 272.71	 7.1887	34.0458	26.6446	 1.69	 73.31	0.040	  157.36	 99.83
 276.00	 273.70	 7.1696	34.0456	26.6471	 1.70	 73.86	0.040	  157.32	 99.83
 277.00	 274.69	 7.1540	34.0429	26.6472	 1.72	 74.99	0.040	  157.39	 99.83
 278.00	 275.68	 7.0905	34.0318	26.6472	 1.75	 76.20	0.040	  157.30	 99.83
 279.00	 276.67	 7.0351	34.0274	26.6513	 1.78	 77.27	0.040	  157.36	 99.83
 280.00	 277.66	 7.0169	34.0251	26.6521	 1.79	 77.87	0.040	  157.33	 99.83
 281.00	 278.65	 6.9637	34.0193	26.6547	 1.79	 77.99	0.040	  157.31	 99.83
 282.00	 279.65	 6.9284	34.0229	26.6624	 1.79	 78.08	0.040	  157.31	 99.83
 283.00	 280.64	 6.9233	34.0239	26.6639	 1.79	 77.94	0.040	  157.36	 99.82
 284.00	 281.63	 6.9236	34.0240	26.6640	 1.79	 77.78	0.040	  157.31	 99.82
 285.00	 282.62	 6.9093	34.0245	26.6663	 1.78	 77.56	0.040	  157.31	 99.82
 286.00	 283.61	 6.8718	34.0247	26.6715	 1.78	 77.52	0.040	  157.32	 99.82
 287.00	 284.60	 6.8499	34.0248	26.6746	 1.78	 77.51	0.040	  157.39	 99.82
 288.00	 285.59	 6.8258	34.0216	26.6753	 1.78	 77.36	0.040	  157.34	 99.82
 289.00	 286.58	 6.7992	34.0223	26.6795	 1.78	 77.22	0.040	  157.34	 99.83
 290.00	 287.57	 6.7823	34.0220	26.6815	 1.77	 76.88	0.040	  157.33	 99.82
 291.00	 288.56	 6.7659	34.0213	26.6831	 1.76	 76.43	0.040	  157.29	 99.83
 292.00	 289.56	 6.7523	34.0217	26.6853	 1.75	 76.07	0.040	  157.37	 99.83
 293.00	 290.55	 6.7502	34.0218	26.6857	 1.75	 75.95	0.040	  157.36	 99.83
 294.00	 291.54	 6.7491	34.0223	26.6862	 1.74	 75.63	0.040	  157.33	 99.83
 295.00	 292.53	 6.7481	34.0227	26.6867	 1.73	 75.25	0.040	  157.36	 99.83
 296.00	 293.52	 6.7449	34.0232	26.6875	 1.72	 74.87	0.040	  157.36	 99.83
 297.00	 294.51	 6.7371	34.0241	26.6892	 1.71	 74.52	0.040	  157.37	 99.83
 298.00	 295.50	 6.7318	34.0250	26.6907	 1.71	 74.32	0.040	  157.30	 99.83
 299.00	 296.49	 6.7326	34.0251	26.6907	 1.71	 74.43	0.040	  157.29	 99.83
 300.00	 297.48	 6.6889	34.0194	26.6920	 1.72	 74.62	0.040	  157.30	 99.83
 301.00	 298.47	 6.6675	34.0202	26.6955	 1.72	 74.64	0.040	  157.38	 99.83
 302.00	 299.46	 6.6574	34.0209	26.6974	 1.71	 74.54	0.041	  157.33	 99.83
 303.00	 300.46	 6.6521	34.0219	26.6990	 1.71	 74.25	0.041	  157.35	 99.83
 304.00	 301.45	 6.6505	34.0218	26.6991	 1.70	 73.94	0.040	  157.30	 99.83
 305.00	 302.44	 6.6468	34.0222	26.6999	 1.69	 73.65	0.041	  157.31	 99.83
 306.00	 303.43	 6.6341	34.0232	26.7024	 1.69	 73.53	0.040	  157.32	 99.83
 307.00	 304.42	 6.6258	34.0232	26.7035	 1.69	 73.35	0.040	  157.36	 99.83
 308.00	 305.41	 6.6129	34.0231	26.7051	 1.68	 72.99	0.040	  157.32	 99.83
 309.00	 306.40	 6.6049	34.0243	26.7071	 1.67	 72.50	0.040	  157.28	 99.83
 310.00	 307.39	 6.6014	34.0256	26.7086	 1.65	 71.98	0.040	  157.34	 99.83
 311.00	 308.38	 6.5972	34.0273	26.7105	 1.65	 71.56	0.040	  157.39	 99.83
 312.00	 309.37	 6.5802	34.0282	26.7135	 1.64	 71.24	0.040	  157.34	 99.83
 313.00	 310.36	 6.5680	34.0285	26.7154	 1.63	 71.07	0.040	  157.29	 99.84
 314.00	 311.35	 6.5612	34.0286	26.7164	 1.63	 70.77	0.040	  157.26	 99.84
 315.00	 312.35	 6.5457	34.0289	26.7187	 1.62	 70.49	0.040	  157.26	 99.84
 316.00	 313.34	 6.5369	34.0297	26.7204	 1.62	 70.32	0.040	  157.25	 99.85
 317.00	 314.33	 6.5059	34.0279	26.7231	 1.61	 70.17	0.040	  157.31	 99.85
 318.00	 315.32	 6.4943	34.0287	26.7253	 1.61	 70.04	0.040	  157.33	 99.84
 319.00	 316.31	 6.4892	34.0285	26.7258	 1.61	 69.86	0.040	  157.32	 99.84
 320.00	 317.30	 6.4799	34.0283	26.7268	 1.60	 69.53	0.040	  157.26	 99.85
 321.00	 318.29	 6.4702	34.0297	26.7292	 1.59	 69.07	0.040	  157.23	 99.85
 322.00	 319.28	 6.4632	34.0299	26.7303	 1.56	 68.01	0.040	  157.34	 99.85
 323.00	 320.27	 6.4736	34.0376	26.7351	 1.52	 66.03	0.040	  157.28	 99.85
 324.00	 321.26	 6.5236	34.0533	26.7409	 1.46	 63.45	0.040	  157.30	 99.85
 325.00	 322.25	 6.5778	34.0649	26.7429	 1.42	 61.75	0.040	  157.28	 99.85
 326.00	 323.24	 6.5828	34.0680	26.7447	 1.39	 60.61	0.040	  157.26	 99.85
 327.00	 324.24	 6.5949	34.0711	26.7456	 1.37	 59.53	0.040	  157.28	 99.85
 328.00	 325.23	 6.6249	34.0790	26.7479	 1.35	 58.63	0.040	  157.37	 99.87
 329.00	 326.22	 6.6349	34.0821	26.7490	 1.33	 57.78	0.040	  157.24	 99.88
 330.00	 327.21	 6.6450	34.0852	26.7501	 1.32	 57.37	0.040	  157.33	 99.88
 331.00	 328.20	 6.6480	34.0846	26.7493	 1.32	 57.30	0.040	  157.23	 99.88
 332.00	 329.19	 6.6120	34.0806	26.7509	 1.32	 57.49	0.040	  157.21	 99.88
 333.00	 330.18	 6.5841	34.0772	26.7519	 1.32	 57.28	0.040	  157.25	 99.88
 334.00	 331.17	 6.5835	34.0789	26.7533	 1.30	 56.56	0.040	  157.24	 99.89
 335.00	 332.16	 6.5869	34.0854	26.7580	 1.29	 56.24	0.040	  157.25	 99.89
 336.00	 333.15	 6.5869	34.0841	26.7570	 1.29	 55.99	0.040	  157.24	 99.89
 337.00	 334.14	 6.5628	34.0833	26.7596	 1.27	 55.05	0.040	  157.26	 99.89
 338.00	 335.13	 6.5991	34.0935	26.7629	 1.24	 53.95	0.040	  157.23	 99.89
 339.00	 336.12	 6.6051	34.0942	26.7626	 1.23	 53.48	0.040	  157.32	 99.89
 340.00	 337.11	 6.6216	34.0969	26.7626	 1.23	 53.30	0.040	  157.33	 99.89
 341.00	 338.11	 6.6101	34.0938	26.7617	 1.23	 53.30	0.040	  157.28	 99.90
 342.00	 339.10	 6.6145	34.0954	26.7624	 1.22	 53.16	0.040	  157.27	 99.90
 343.00	 340.09	 6.6208	34.0960	26.7620	 1.21	 52.81	0.041	  157.27	 99.90
 344.00	 341.08	 6.6254	34.0977	26.7628	 1.21	 52.75	0.040	  157.29	 99.90
 345.00	 342.07	 6.6227	34.0965	26.7622	 1.22	 52.85	0.040	  157.21	 99.90
 346.00	 343.06	 6.6170	34.0958	26.7624	 1.22	 53.05	0.040	  157.25	 99.90
 347.00	 344.05	 6.6004	34.0923	26.7618	 1.23	 53.45	0.040	  157.27	 99.90
 348.00	 345.04	 6.5876	34.0900	26.7617	 1.24	 53.87	0.040	  157.26	 99.90
 349.00	 346.03	 6.5748	34.0877	26.7616	 1.25	 54.49	0.040	  157.24	 99.90
 350.00	 347.02	 6.5295	34.0815	26.7627	 1.28	 55.76	0.040	  157.26	 99.90
 351.00	 348.01	 6.4551	34.0688	26.7624	 1.34	 58.27	0.040	  157.18	 99.90
 352.00	 349.00	 6.3807	34.0559	26.7619	 1.41	 61.23	0.040	  157.20	 99.90
 353.00	 349.99	 6.1923	34.0289	26.7648	 1.44	 62.84	0.040	  157.28	 99.90
 354.00	 350.98	 6.1275	34.0283	26.7726	 1.46	 63.34	0.040	  157.26	 99.90
 355.00	 351.97	 6.1337	34.0327	26.7753	 1.46	 63.30	0.040	  157.30	 99.89
 356.00	 352.97	 6.1409	34.0346	26.7759	 1.45	 62.95	0.040	  157.18	 99.88
 357.00	 353.96	 6.1379	34.0356	26.7770	 1.44	 62.67	0.040	  157.18	 99.88
 358.00	 354.95	 6.1400	34.0370	26.7779	 1.44	 62.70	0.040	  157.21	 99.88
 359.00	 355.94	 6.1292	34.0351	26.7778	 1.44	 62.79	0.040	  157.22	 99.88
 360.00	 356.93	 6.0990	34.0323	26.7794	 1.44	 62.76	0.042	  157.19	 99.88
 361.00	 357.92	 6.0907	34.0341	26.7819	 1.44	 62.58	0.040	  157.22	 99.88
 362.00	 358.91	 6.0895	34.0343	26.7822	 1.43	 62.33	0.040	  157.21	 99.88
 363.00	 359.90	 6.0821	34.0350	26.7837	 1.43	 62.09	0.040	  157.19	 99.88
 364.00	 360.89	 6.0757	34.0364	26.7856	 1.42	 61.86	0.040	  157.21	 99.88
 365.00	 361.88	 6.0740	34.0370	26.7863	 1.42	 61.81	0.040	  157.22	 99.88
 366.00	 362.87	 6.0738	34.0376	26.7868	 1.42	 61.69	0.040	  157.26	 99.88
 367.00	 363.86	 6.0740	34.0381	26.7872	 1.41	 61.43	0.040	  157.17	 99.88
 368.00	 364.85	 6.0731	34.0387	26.7878	 1.41	 61.29	0.040	  157.24	 99.88
 369.00	 365.84	 6.0714	34.0391	26.7883	 1.41	 61.16	0.040	  157.19	 99.88
 370.00	 366.83	 6.0668	34.0392	26.7890	 1.40	 61.08	0.040	  157.19	 99.88
 371.00	 367.82	 6.0660	34.0396	26.7894	 1.40	 61.05	0.040	  157.17	 99.88
 372.00	 368.81	 6.0627	34.0392	26.7896	 1.40	 60.81	0.040	  157.23	 99.88
 373.00	 369.81	 6.0542	34.0394	26.7908	 1.39	 60.41	0.040	  157.17	 99.88
 374.00	 370.80	 6.0383	34.0396	26.7930	 1.38	 60.07	0.040	  157.18	 99.88
 375.00	 371.79	 6.0116	34.0415	26.7978	 1.37	 59.56	0.040	  157.19	 99.88
 376.00	 372.78	 6.0004	34.0450	26.8020	 1.35	 58.93	0.040	  157.13	 99.88
 377.00	 373.77	 6.0004	34.0471	26.8037	 1.34	 58.32	0.040	  157.13	 99.88
 378.00	 374.76	 6.0015	34.0502	26.8060	 1.33	 57.78	0.040	  157.14	 99.88
 379.00	 375.75	 6.0033	34.0517	26.8070	 1.32	 57.24	0.040	  157.10	 99.89
 380.00	 376.74	 6.0065	34.0534	26.8080	 1.30	 56.43	0.040	  157.15	 99.89
 381.00	 377.73	 6.0116	34.0575	26.8106	 1.28	 55.68	0.040	  157.10	 99.89
 382.00	 378.72	 6.0063	34.0593	26.8127	 1.27	 55.18	0.040	  157.12	 99.90
 383.00	 379.71	 5.9879	34.0609	26.8162	 1.26	 54.90	0.040	  157.14	 99.89
 384.00	 380.70	 5.9790	34.0605	26.8171	 1.26	 54.67	0.040	  157.15	 99.90
 385.00	 381.69	 5.9740	34.0603	26.8175	 1.26	 54.59	0.040	  157.11	 99.90
 386.00	 382.68	 5.9695	34.0600	26.8179	 1.26	 54.60	0.040	  157.15	 99.90
 387.00	 383.67	 5.9635	34.0599	26.8185	 1.25	 54.45	0.040	  157.09	 99.90
 388.00	 384.66	 5.9565	34.0600	26.8195	 1.25	 54.27	0.040	  157.15	 99.90
 389.00	 385.65	 5.9528	34.0599	26.8199	 1.25	 54.22	0.040	  157.16	 99.90
 390.00	 386.64	 5.9517	34.0601	26.8202	 1.24	 54.13	0.040	  157.14	 99.90
 391.00	 387.63	 5.9509	34.0599	26.8202	 1.24	 54.06	0.040	  157.07	 99.90
 392.00	 388.62	 5.9487	34.0598	26.8203	 1.24	 53.73	0.040	  157.08	 99.90
 393.00	 389.62	 5.9436	34.0600	26.8212	 1.22	 53.21	0.040	  157.08	 99.90
 394.00	 390.61	 5.9315	34.0647	26.8264	 1.21	 52.71	0.040	  157.08	 99.90
 395.00	 391.60	 5.9056	34.0633	26.8285	 1.21	 52.63	0.040	  157.07	 99.90
 396.00	 392.59	 5.8549	34.0568	26.8296	 1.22	 53.01	0.040	  157.09	 99.90
 397.00	 393.58	 5.8074	34.0527	26.8322	 1.22	 52.88	0.040	  157.11	 99.91
 398.00	 394.57	 5.7885	34.0545	26.8360	 1.20	 52.39	0.040	  157.10	 99.91
 399.00	 395.56	 5.7948	34.0591	26.8389	 1.20	 52.08	0.040	  157.09	 99.91
 400.00	 396.55	 5.7936	34.0608	26.8404	 1.19	 51.92	0.042	  157.02	 99.91
 401.00	 397.54	 5.7851	34.0606	26.8413	 1.19	 51.76	0.040	  157.00	 99.91
 402.00	 398.53	 5.7664	34.0590	26.8423	 1.18	 51.50	0.040	  157.14	 99.91
 403.00	 399.52	 5.7549	34.0589	26.8437	 1.18	 51.23	0.040	  157.11	 99.91
 404.00	 400.51	 5.7528	34.0597	26.8446	 1.17	 51.00	0.040	  157.11	 99.91
 405.00	 401.50	 5.7518	34.0606	26.8454	 1.17	 50.81	0.040	  157.13	 99.91
 406.00	 402.49	 5.7442	34.0602	26.8460	 1.16	 50.65	0.040	  157.04	 99.92
 407.00	 403.48	 5.7229	34.0585	26.8473	 1.16	 50.62	0.040	  157.03	 99.92
 408.00	 404.47	 5.6951	34.0573	26.8497	 1.16	 50.36	0.040	  157.08	 99.92
 409.00	 405.46	 5.6612	34.0571	26.8537	 1.15	 49.98	0.040	  157.07	 99.92
 410.00	 406.45	 5.6471	34.0604	26.8580	 1.14	 49.58	0.040	  157.06	 99.92
 411.00	 407.44	 5.6345	34.0609	26.8600	 1.13	 49.26	0.040	  157.09	 99.92
 412.00	 408.43	 5.6302	34.0617	26.8611	 1.13	 49.07	0.040	  157.08	 99.93
 413.00	 409.42	 5.6276	34.0620	26.8617	 1.13	 49.01	0.040	  157.07	 99.93
 414.00	 410.41	 5.6260	34.0620	26.8619	 1.12	 48.88	0.040	  157.05	 99.93
 415.00	 411.40	 5.6237	34.0623	26.8624	 1.12	 48.76	0.040	  157.05	 99.93
 416.00	 412.39	 5.6215	34.0625	26.8628	 1.12	 48.67	0.040	  157.02	 99.93
 417.00	 413.38	 5.6179	34.0629	26.8636	 1.12	 48.62	0.041	  157.02	 99.93
 418.00	 414.37	 5.6148	34.0632	26.8643	 1.12	 48.54	0.040	  157.00	 99.93
 419.00	 415.37	 5.6123	34.0635	26.8648	 1.11	 48.32	0.040	  157.05	 99.93
 420.00	 416.36	 5.6075	34.0636	26.8655	 1.11	 48.06	0.040	  157.02	 99.93
 421.00	 417.35	 5.5860	34.0628	26.8674	 1.10	 47.71	0.040	  157.04	 99.93
 422.00	 418.34	 5.5649	34.0645	26.8713	 1.09	 47.34	0.040	  157.03	 99.93
 423.00	 419.33	 5.5574	34.0652	26.8728	 1.07	 46.72	0.041	  157.07	 99.93
 424.00	 420.32	 5.5532	34.0661	26.8740	 1.06	 46.27	0.041	  157.02	 99.93
 425.00	 421.31	 5.5518	34.0669	26.8749	 1.06	 45.95	0.040	  157.05	 99.93
 426.00	 422.30	 5.5514	34.0670	26.8750	 1.05	 45.82	0.040	  156.99	 99.93
 427.00	 423.29	 5.5496	34.0671	26.8753	 1.05	 45.62	0.040	  157.00	 99.93
 428.00	 424.28	 5.5411	34.0675	26.8766	 1.04	 45.43	0.041	  157.02	 99.93
