wcoa21_data_management/01_CRUISE_METADATA/00_OCADS_data/CTD_downcasts/WCOA_2021_CTD_downcasts/dRB2102_CTD_129_01_F.txt
* Sea-Bird SBE 9 Data:
* Software Version Seasave V 7.26.7.107
* Vessel: NOAA Ship Ronald H. Brown
* Cruise: RB2102, West Coast Ocean Acidification (WCOA) 2021
* Dates: 20210622 to 20210723
* Region: NE Pacific, USA West Coast
* Ports: San Diego, CA to Port Angeles, WA to San Diego, CA
* Chief Scientists: R. Feely, NOAA PMEL; D. Greeley, NOAA PMEL; B. Carter, NOAA PMEL / UW CICOES
*END*
   3.00	   2.98	18.7953	33.8049	24.1598	 5.65	246.36	0.046	  162.90	 99.70
   4.00	   3.97	18.8058	33.8049	24.1572	 5.66	246.70	0.048	  162.72	 99.70
   5.00	   4.96	18.8056	33.8050	24.1573	 5.66	246.89	0.047	  162.51	 99.70
   6.00	   5.96	18.8005	33.8050	24.1586	 5.67	247.24	0.048	  162.45	 99.70
   7.00	   6.95	18.8000	33.8048	24.1587	 5.66	246.99	0.049	  162.37	 99.69
   8.00	   7.94	18.7927	33.8046	24.1604	 5.68	247.52	0.049	  162.35	 99.70
   9.00	   8.94	18.6087	33.7913	24.1964	 5.74	250.14	0.049	  162.34	 99.70
  10.00	   9.93	18.2881	33.7909	24.2758	 5.74	250.21	0.053	  162.34	 99.70
  11.00	  10.92	17.6235	33.7692	24.4215	 5.94	258.87	0.056	  162.38	 99.73
  12.00	  11.92	16.3904	33.7581	24.7037	 6.06	264.18	0.086	  162.65	 99.74
  13.00	  12.91	15.6534	33.7489	24.8639	 6.13	267.07	0.105	  162.61	 99.80
  14.00	  13.90	15.4297	33.7488	24.9136	 6.13	267.06	0.120	  162.65	 99.81
  15.00	  14.89	15.2520	33.7544	24.9571	 6.05	263.49	0.130	  162.68	 99.78
  16.00	  15.89	14.8981	33.7547	25.0346	 5.92	257.83	0.132	  162.89	 99.76
  17.00	  16.88	14.5849	33.7580	25.1045	 5.92	258.08	0.127	  162.91	 99.74
  18.00	  17.87	14.4201	33.7654	25.1453	 5.93	258.43	0.128	  162.96	 99.70
  19.00	  18.87	14.3997	33.7698	25.1531	 5.94	258.75	0.134	  162.95	 99.65
  20.00	  19.86	14.4077	33.7730	25.1539	 5.96	259.67	0.132	  162.91	 99.64
  21.00	  20.85	14.4013	33.7738	25.1559	 5.89	256.42	0.132	  162.86	 99.63
  22.00	  21.84	14.3948	33.7745	25.1579	 5.70	248.53	0.136	  162.94	 99.63
  23.00	  22.84	13.9933	33.7626	25.2330	 5.31	231.12	0.134	  163.05	 99.62
  24.00	  23.83	12.9352	33.7498	25.4379	 5.06	220.40	0.187	  163.34	 99.58
  25.00	  24.82	12.4879	33.7486	25.5245	 4.85	211.00	0.241	  163.54	 99.46
  26.00	  25.82	12.2937	33.7490	25.5623	 4.68	203.74	0.227	  163.63	 99.39
  27.00	  26.81	12.0915	33.7566	25.6068	 4.57	199.08	0.240	  163.75	 99.34
  28.00	  27.80	11.9481	33.7735	25.6470	 4.52	196.83	0.252	  163.84	 99.32
  29.00	  28.79	11.9137	33.7775	25.6566	 4.48	194.91	0.269	  163.87	 99.30
  30.00	  29.79	11.8733	33.7806	25.6666	 4.44	193.12	0.259	  163.84	 99.30
  31.00	  30.78	11.8638	33.7823	25.6697	 4.33	188.46	0.274	  163.89	 99.30
  32.00	  31.77	11.7369	33.7806	25.6921	 4.17	181.52	0.251	  163.92	 94.86
  33.00	  32.77	11.5136	33.7900	25.7408	 4.04	175.85	0.193	  164.09	 99.38
  34.00	  33.76	11.4427	33.7942	25.7571	 3.96	172.34	0.177	  164.12	 99.32
  35.00	  34.75	11.3573	33.8008	25.7779	 3.87	168.33	0.190	  164.15	 99.34
  36.00	  35.74	11.3033	33.8045	25.7906	 3.79	165.17	0.184	  164.10	 86.07
  37.00	  36.74	11.2689	33.8080	25.7996	 3.77	164.22	0.177	  164.13	 98.60
  38.00	  37.73	11.2570	33.8094	25.8029	 3.74	162.80	0.172	  164.15	 99.32
  39.00	  38.72	11.2509	33.8097	25.8043	 3.70	161.20	0.157	  164.18	 99.39
  40.00	  39.71	11.2265	33.8101	25.8090	 3.68	160.06	0.170	  164.14	 99.39
  41.00	  40.71	11.1942	33.8135	25.8175	 3.62	157.66	0.173	  164.10	 94.59
  42.00	  41.70	11.1373	33.8129	25.8274	 3.54	154.12	0.163	  164.10	 99.62
  43.00	  42.69	11.0936	33.8144	25.8364	 3.50	152.54	0.126	  164.15	 95.62
  44.00	  43.69	11.0524	33.8152	25.8445	 3.49	151.77	0.126	  164.10	 96.12
  45.00	  44.68	11.0141	33.8184	25.8539	 3.45	150.31	0.120	  164.09	 99.37
  46.00	  45.67	10.9959	33.8184	25.8572	 3.42	149.08	0.104	  164.05	 99.44
  47.00	  46.66	10.9835	33.8198	25.8605	 3.41	148.61	0.088	  164.07	 94.07
  48.00	  47.66	10.9793	33.8203	25.8616	 3.41	148.27	0.098	  164.06	 99.47
  49.00	  48.65	10.9753	33.8202	25.8623	 3.39	147.58	0.098	  164.00	 99.44
  50.00	  49.64	10.9587	33.8209	25.8658	 3.37	146.88	0.088	  163.96	 99.44
  51.00	  50.63	10.9489	33.8213	25.8679	 3.36	146.15	0.088	  163.91	 95.15
  52.00	  51.63	10.9299	33.8225	25.8722	 3.34	145.27	0.086	  163.88	 99.59
  53.00	  52.62	10.9064	33.8241	25.8777	 3.32	144.40	0.089	  163.86	 99.46
  54.00	  53.61	10.8872	33.8246	25.8815	 3.29	143.06	0.096	  163.83	 99.46
  55.00	  54.61	10.8499	33.8253	25.8887	 3.27	142.53	0.077	  163.85	 99.46
  56.00	  55.60	10.8130	33.8243	25.8944	 3.27	142.36	0.079	  163.76	 99.46
  57.00	  56.59	10.7910	33.8233	25.8976	 3.27	142.39	0.072	  163.78	 99.46
  58.00	  57.58	10.7744	33.8227	25.9001	 3.27	142.27	0.074	  163.68	 99.12
  59.00	  58.58	10.7571	33.8220	25.9026	 3.26	142.09	0.074	  163.60	 99.00
  60.00	  59.57	10.7485	33.8218	25.9040	 3.25	141.66	0.075	  163.58	 99.46
  61.00	  60.56	10.7306	33.8207	25.9063	 3.23	140.64	0.070	  163.53	 99.47
  62.00	  61.55	10.6604	33.8183	25.9169	 3.20	139.12	0.070	  163.52	 99.47
  63.00	  62.55	10.5151	33.8182	25.9422	 3.19	138.79	0.058	  163.55	 99.48
  64.00	  63.54	10.3829	33.8106	25.9591	 3.16	137.60	0.053	  163.56	 99.49
  65.00	  64.53	10.3898	33.8266	25.9705	 3.07	133.59	0.052	  163.54	 99.49
  66.00	  65.53	10.4309	33.8496	25.9813	 2.98	129.53	0.057	  163.53	 99.49
  67.00	  66.52	10.4225	33.8614	25.9920	 2.89	125.67	0.057	  163.42	 99.52
  68.00	  67.51	10.3768	33.8648	26.0025	 2.84	123.73	0.055	  163.45	 99.54
  69.00	  68.50	10.3174	33.8683	26.0155	 2.82	122.84	0.057	  163.43	 99.54
  70.00	  69.50	10.2384	33.8712	26.0314	 2.82	122.78	0.054	  163.47	 99.55
  71.00	  70.49	10.1556	33.8728	26.0468	 2.81	122.44	0.054	  163.42	 99.56
  72.00	  71.48	10.1006	33.8781	26.0603	 2.79	121.56	0.056	  163.41	 99.56
  73.00	  72.47	10.0817	33.8792	26.0644	 2.79	121.30	0.050	  163.39	 99.56
  74.00	  73.47	10.0690	33.8810	26.0679	 2.78	121.08	0.046	  163.37	 99.56
  75.00	  74.46	10.0656	33.8829	26.0700	 2.77	120.70	0.050	  163.34	 99.56
  76.00	  75.45	10.0657	33.8835	26.0705	 2.77	120.52	0.048	  163.34	 99.57
  77.00	  76.44	10.0652	33.8838	26.0708	 2.76	120.23	0.048	  163.24	 99.57
  78.00	  77.44	10.0649	33.8853	26.0721	 2.76	119.93	0.046	  163.21	 99.57
  79.00	  78.43	10.0646	33.8857	26.0724	 2.75	119.72	0.048	  163.17	 99.57
  80.00	  79.42	10.0631	33.8857	26.0727	 2.75	119.58	0.047	  163.13	 99.58
  81.00	  80.41	10.0550	33.8866	26.0748	 2.74	119.45	0.047	  163.12	 99.58
  82.00	  81.41	10.0545	33.8871	26.0753	 2.74	119.17	0.048	  163.09	 99.58
  83.00	  82.40	10.0532	33.8880	26.0762	 2.72	118.50	0.048	  163.00	 99.58
  84.00	  83.39	10.0479	33.8898	26.0786	 2.69	117.18	0.048	  162.98	 99.58
  85.00	  84.38	10.0218	33.8960	26.0879	 2.63	114.33	0.047	  162.90	 99.58
  86.00	  85.38	 9.9582	33.9066	26.1069	 2.57	112.01	0.046	  162.89	 99.58
  87.00	  86.37	 9.8855	33.9184	26.1283	 2.55	110.89	0.045	  162.93	 99.59
  88.00	  87.36	 9.8582	33.9220	26.1357	 2.52	109.69	0.044	  162.90	 99.61
  89.00	  88.35	 9.8166	33.9283	26.1476	 2.49	108.37	0.045	  162.86	 99.62
  90.00	  89.35	 9.7782	33.9334	26.1580	 2.47	107.38	0.044	  162.88	 99.62
  91.00	  90.34	 9.7135	33.9421	26.1756	 2.45	106.58	0.044	  162.85	 99.63
  92.00	  91.33	 9.6770	33.9466	26.1852	 2.43	105.66	0.044	  162.83	 99.63
  93.00	  92.33	 9.6403	33.9514	26.1950	 2.42	105.12	0.043	  162.81	 99.63
  94.00	  93.32	 9.6188	33.9559	26.2021	 2.41	104.88	0.042	  162.78	 99.63
  95.00	  94.31	 9.6033	33.9585	26.2067	 2.39	104.14	0.043	  162.75	 99.64
  96.00	  95.30	 9.5866	33.9606	26.2111	 2.40	104.24	0.043	  162.71	 99.65
  97.00	  96.30	 9.5746	33.9615	26.2138	 2.39	104.22	0.043	  162.72	 99.65
  98.00	  97.29	 9.5668	33.9623	26.2158	 2.39	103.89	0.042	  162.67	 99.65
  99.00	  98.28	 9.4868	33.9624	26.2289	 2.37	103.27	0.042	  162.69	 99.65
 100.00	  99.27	 9.3976	33.9679	26.2478	 2.35	102.41	0.042	  162.68	 99.65
 101.00	 100.27	 9.3513	33.9784	26.2635	 2.34	101.83	0.041	  162.67	 99.65
 102.00	 101.26	 9.3378	33.9864	26.2720	 2.33	101.40	0.040	  162.67	 99.66
 103.00	 102.25	 9.3374	33.9871	26.2726	 2.32	101.04	0.040	  162.62	 99.66
 104.00	 103.24	 9.3377	33.9875	26.2729	 2.32	100.87	0.040	  162.63	 99.66
 105.00	 104.23	 9.3377	33.9877	26.2731	 2.31	100.34	0.040	  162.59	 99.66
 106.00	 105.23	 9.3335	33.9895	26.2752	 2.29	 99.85	0.040	  162.58	 99.66
 107.00	 106.22	 9.3197	33.9944	26.2813	 2.29	 99.47	0.040	  162.60	 99.66
 108.00	 107.21	 9.3159	33.9955	26.2828	 2.28	 99.12	0.042	  162.56	 99.66
 109.00	 108.20	 9.3086	33.9982	26.2861	 2.27	 98.77	0.041	  162.58	 99.67
 110.00	 109.20	 9.3011	34.0016	26.2900	 2.26	 98.54	0.041	  162.53	 99.67
 111.00	 110.19	 9.3012	34.0016	26.2900	 2.26	 98.48	0.040	  162.49	 99.68
 112.00	 111.18	 9.3011	34.0017	26.2901	 2.26	 98.43	0.041	  162.48	 99.68
 113.00	 112.17	 9.3007	34.0020	26.2904	 2.26	 98.35	0.041	  162.47	 99.68
 114.00	 113.17	 9.2999	34.0023	26.2908	 2.25	 98.01	0.041	  162.47	 99.68
 115.00	 114.16	 9.2969	34.0039	26.2926	 2.24	 97.51	0.040	  162.39	 99.68
 116.00	 115.15	 9.2847	34.0089	26.2985	 2.23	 96.97	0.040	  162.38	 99.68
 117.00	 116.14	 9.2806	34.0101	26.3000	 2.22	 96.67	0.040	  162.37	 99.68
 118.00	 117.14	 9.2794	34.0102	26.3004	 2.21	 96.35	0.040	  162.41	 99.68
 119.00	 118.13	 9.2765	34.0107	26.3012	 2.21	 96.00	0.040	  162.34	 99.68
 120.00	 119.12	 9.2682	34.0119	26.3035	 2.20	 95.65	0.040	  162.33	 99.68
 121.00	 120.11	 9.2488	34.0165	26.3103	 2.19	 95.18	0.040	  162.30	 99.68
 122.00	 121.11	 9.2345	34.0202	26.3155	 2.17	 94.51	0.040	  162.30	 99.68
 123.00	 122.10	 9.2200	34.0220	26.3192	 2.15	 93.69	0.040	  162.29	 99.68
 124.00	 123.09	 9.1518	34.0352	26.3405	 2.15	 93.71	0.040	  162.29	 99.68
 125.00	 124.08	 9.1297	34.0377	26.3460	 2.17	 94.26	0.041	  162.27	 99.69
 126.00	 125.08	 9.0963	34.0399	26.3531	 2.18	 94.80	0.041	  162.20	 99.70
 127.00	 126.07	 9.0774	34.0421	26.3579	 2.18	 94.99	0.041	  162.17	 99.70
 128.00	 127.06	 9.0654	34.0437	26.3611	 2.19	 95.50	0.041	  162.15	 99.69
 129.00	 128.05	 9.0501	34.0439	26.3636	 2.23	 96.83	0.041	  162.14	 99.69
 130.00	 129.04	 9.0258	34.0438	26.3675	 2.25	 98.04	0.042	  162.10	 99.69
 131.00	 130.04	 9.0047	34.0438	26.3708	 2.27	 98.91	0.041	  162.05	 99.69
 132.00	 131.03	 8.9920	34.0448	26.3736	 2.29	 99.45	0.040	  162.10	 99.68
 133.00	 132.02	 8.9889	34.0437	26.3733	 2.29	 99.82	0.041	  162.06	 99.68
 134.00	 133.01	 8.9841	34.0435	26.3739	 2.31	100.41	0.041	  162.00	 99.68
 135.00	 134.01	 8.9815	34.0432	26.3741	 2.32	101.16	0.040	  161.94	 99.68
 136.00	 135.00	 8.9781	34.0426	26.3742	 2.34	101.67	0.040	  161.97	 99.67
 137.00	 135.99	 8.9748	34.0425	26.3747	 2.35	102.12	0.042	  161.93	 99.68
 138.00	 136.98	 8.9710	34.0419	26.3748	 2.36	102.83	0.040	  161.93	 99.67
 139.00	 137.98	 8.9607	34.0401	26.3751	 2.39	103.91	0.040	  161.91	 99.68
 140.00	 138.97	 8.9337	34.0404	26.3796	 2.42	105.16	0.040	  161.90	 99.67
 141.00	 139.96	 8.9015	34.0401	26.3844	 2.44	106.08	0.040	  161.89	 99.67
 142.00	 140.95	 8.8795	34.0423	26.3897	 2.44	106.37	0.040	  161.85	 99.66
 143.00	 141.94	 8.8820	34.0426	26.3895	 2.45	106.42	0.040	  161.89	 99.66
 144.00	 142.94	 8.8844	34.0431	26.3895	 2.45	106.67	0.040	  161.83	 99.66
 145.00	 143.93	 8.8716	34.0426	26.3912	 2.46	106.88	0.040	  161.75	 99.65
 146.00	 144.92	 8.8672	34.0438	26.3928	 2.46	107.17	0.040	  161.70	 99.65
 147.00	 145.91	 8.8540	34.0431	26.3944	 2.48	107.92	0.040	  161.72	 99.65
 148.00	 146.91	 8.8408	34.0424	26.3959	 2.50	108.58	0.040	  161.67	 99.66
 149.00	 147.90	 8.8266	34.0428	26.3984	 2.50	108.79	0.040	  161.67	 99.66
 150.00	 148.89	 8.8067	34.0458	26.4039	 2.49	108.49	0.040	  161.68	 99.64
 151.00	 149.88	 8.8046	34.0466	26.4049	 2.49	108.41	0.040	  161.64	 99.64
 152.00	 150.88	 8.8045	34.0466	26.4049	 2.49	108.33	0.040	  161.61	 99.64
 153.00	 151.87	 8.8042	34.0468	26.4051	 2.49	108.32	0.040	  161.63	 99.64
 154.00	 152.86	 8.8042	34.0469	26.4052	 2.49	108.24	0.040	  161.53	 99.64
 155.00	 153.85	 8.8033	34.0471	26.4055	 2.49	108.22	0.040	  161.59	 99.64
 156.00	 154.84	 8.8029	34.0472	26.4057	 2.48	108.11	0.039	  161.53	 99.65
 157.00	 155.84	 8.8024	34.0474	26.4059	 2.48	108.12	0.040	  161.59	 99.64
 158.00	 156.83	 8.8023	34.0474	26.4060	 2.49	108.23	0.040	  161.53	 99.64
 159.00	 157.82	 8.8019	34.0474	26.4061	 2.49	108.21	0.040	  161.55	 99.64
 160.00	 158.81	 8.8014	34.0474	26.4062	 2.49	108.16	0.040	  161.47	 99.65
 161.00	 159.81	 8.8014	34.0475	26.4062	 2.49	108.17	0.040	  161.42	 99.64
 162.00	 160.80	 8.8017	34.0475	26.4062	 2.48	108.07	0.040	  161.42	 99.65
 163.00	 161.79	 8.8016	34.0475	26.4063	 2.48	107.96	0.040	  161.45	 99.65
 164.00	 162.78	 8.7995	34.0481	26.4071	 2.48	107.85	0.040	  161.35	 71.19
 165.00	 163.77	 8.7974	34.0484	26.4077	 2.47	107.61	0.040	  161.33	 24.19
 166.00	 164.77	 8.7954	34.0484	26.4080	 2.47	107.30	0.040	  161.38	 48.68
 167.00	 165.76	 8.7934	34.0490	26.4087	 2.45	106.70	0.041	  161.40	 96.73
 168.00	 166.75	 8.7907	34.0504	26.4103	 2.43	105.85	0.041	  161.38	 99.64
 169.00	 167.74	 8.7864	34.0540	26.4138	 2.42	105.24	0.040	  161.35	 99.65
 170.00	 168.73	 8.7828	34.0561	26.4161	 2.41	104.79	0.040	  161.36	 99.66
 171.00	 169.73	 8.7792	34.0567	26.4171	 2.40	104.23	0.041	  161.28	 99.66
 172.00	 170.72	 8.7740	34.0577	26.4187	 2.37	103.31	0.042	  161.27	 99.66
 173.00	 171.71	 8.7672	34.0601	26.4217	 2.35	102.12	0.041	  161.24	 99.66
 174.00	 172.70	 8.7579	34.0647	26.4268	 2.33	101.51	0.041	  161.24	 99.66
 175.00	 173.70	 8.7575	34.0651	26.4272	 2.33	101.24	0.040	  161.24	 99.66
 176.00	 174.69	 8.7574	34.0656	26.4276	 2.32	100.83	0.040	  161.22	 99.67
 177.00	 175.68	 8.7564	34.0662	26.4282	 2.30	100.00	0.040	  161.26	 99.67
 178.00	 176.67	 8.7510	34.0679	26.4304	 2.26	 98.41	0.040	  161.23	 99.68
 179.00	 177.66	 8.7424	34.0689	26.4325	 2.22	 96.39	0.040	  161.21	 99.68
 180.00	 178.66	 8.6991	34.0758	26.4447	 2.19	 95.27	0.040	  161.17	 99.68
 181.00	 179.65	 8.6753	34.0813	26.4527	 2.16	 94.18	0.040	  161.19	 99.68
 182.00	 180.64	 8.6709	34.0819	26.4539	 2.15	 93.37	0.040	  161.20	 99.69
 183.00	 181.63	 8.6666	34.0824	26.4549	 2.14	 93.13	0.040	  161.18	 99.70
 184.00	 182.62	 8.6645	34.0830	26.4558	 2.14	 92.96	0.040	  161.22	 99.71
 185.00	 183.62	 8.6636	34.0834	26.4562	 2.13	 92.78	0.041	  161.19	 99.71
 186.00	 184.61	 8.6633	34.0837	26.4565	 2.12	 92.26	0.040	  161.18	 99.71
 187.00	 185.60	 8.6625	34.0841	26.4570	 2.09	 91.08	0.040	  161.19	 99.71
 188.00	 186.59	 8.6611	34.0847	26.4577	 2.07	 89.89	0.040	  161.17	 99.71
 189.00	 187.58	 8.6549	34.0879	26.4611	 2.05	 89.29	0.040	  161.17	 99.71
 190.00	 188.58	 8.6515	34.0903	26.4636	 2.04	 88.81	0.040	  161.17	 99.71
 191.00	 189.57	 8.6520	34.0914	26.4644	 2.04	 88.58	0.040	  161.15	 99.71
 192.00	 190.56	 8.6519	34.0923	26.4651	 2.00	 87.21	0.040	  161.10	 99.73
 193.00	 191.55	 8.6509	34.0934	26.4662	 1.98	 86.06	0.040	  161.18	 99.73
 194.00	 192.54	 8.6520	34.0949	26.4672	 1.95	 84.68	0.040	  161.06	 99.73
 195.00	 193.54	 8.6553	34.0963	26.4678	 1.92	 83.61	0.040	  161.09	 99.73
 196.00	 194.53	 8.6597	34.1008	26.4707	 1.90	 82.87	0.040	  161.13	 99.73
 197.00	 195.52	 8.6556	34.1031	26.4731	 1.88	 81.65	0.040	  161.11	 99.73
 198.00	 196.51	 8.6525	34.1051	26.4752	 1.84	 80.01	0.040	  161.09	 99.75
 199.00	 197.50	 8.6510	34.1072	26.4771	 1.82	 79.22	0.040	  161.12	 99.76
 200.00	 198.50	 8.6465	34.1080	26.4784	 1.81	 78.82	0.040	  161.10	 99.76
 201.00	 199.49	 8.6433	34.1088	26.4796	 1.81	 78.74	0.040	  161.06	 99.76
 202.00	 200.48	 8.6425	34.1091	26.4800	 1.81	 78.57	0.040	  161.14	 99.76
 203.00	 201.47	 8.6419	34.1093	26.4802	 1.80	 78.44	0.040	  161.10	 99.76
 204.00	 202.46	 8.6412	34.1091	26.4802	 1.80	 78.13	0.040	  161.08	 99.76
 205.00	 203.46	 8.6392	34.1093	26.4807	 1.78	 77.47	0.040	  161.04	 99.77
 206.00	 204.45	 8.6322	34.1097	26.4821	 1.76	 76.63	0.040	  161.11	 99.76
 207.00	 205.44	 8.6181	34.1091	26.4838	 1.74	 75.59	0.040	  161.05	 99.77
 208.00	 206.43	 8.6034	34.1102	26.4869	 1.72	 74.68	0.040	  161.06	 99.77
 209.00	 207.42	 8.5848	34.1120	26.4912	 1.71	 74.19	0.040	  161.01	 99.77
 210.00	 208.42	 8.5406	34.1167	26.5018	 1.69	 73.67	0.040	  161.09	 99.77
 211.00	 209.41	 8.5198	34.1190	26.5067	 1.66	 72.43	0.040	  161.04	 99.78
 212.00	 210.40	 8.5202	34.1210	26.5082	 1.63	 71.13	0.040	  161.13	 99.78
 213.00	 211.39	 8.5230	34.1240	26.5102	 1.63	 70.70	0.040	  161.04	 99.78
 214.00	 212.38	 8.5099	34.1230	26.5114	 1.62	 70.57	0.040	  160.98	 99.78
 215.00	 213.38	 8.4884	34.1222	26.5141	 1.62	 70.50	0.040	  161.04	 99.78
