wcoa21_data_management/01_CRUISE_METADATA/00_OCADS_data/CTD_downcasts/WCOA_2021_CTD_downcasts/dRB2102_CTD_116_01_F.txt
* Sea-Bird SBE 9 Data:
* Software Version Seasave V 7.26.7.107
* Vessel: NOAA Ship Ronald H. Brown
* Cruise: RB2102, West Coast Ocean Acidification (WCOA) 2021
* Dates: 20210622 to 20210723
* Region: NE Pacific, USA West Coast
* Ports: San Diego, CA to Port Angeles, WA to San Diego, CA
* Chief Scientists: R. Feely, NOAA PMEL; D. Greeley, NOAA PMEL; B. Carter, NOAA PMEL / UW CICOES
*END*
[from data line 214]
 217.00	 215.33	 9.2390	34.0801	26.3633	 1.87	 81.48	0.040	  142.86	 43.27
 218.00	 216.32	 9.2339	34.0810	26.3649	 1.86	 81.00	0.040	  142.87	 42.37
 219.00	 217.31	 9.2312	34.0816	26.3658	 1.86	 80.85	0.040	  142.81	 41.40
 220.00	 218.31	 9.2322	34.0815	26.3655	 1.85	 80.44	0.040	  142.84	 40.40
 221.00	 219.30	 9.2290	34.0822	26.3666	 1.84	 79.91	0.040	  142.83	 39.22
 222.00	 220.29	 9.2194	34.0849	26.3703	 1.82	 79.26	0.040	  142.80	 38.25
 223.00	 221.28	 9.2145	34.0862	26.3721	 1.81	 78.56	0.040	  142.83	 37.14
 224.00	 222.27	 9.2075	34.0884	26.3750	 1.80	 78.34	0.040	  142.84	 36.12
 225.00	 223.27	 9.2028	34.0901	26.3771	 1.80	 78.30	0.040	  142.85	 35.17
 226.00	 224.26	 9.2020	34.0907	26.3778	 1.80	 78.21	0.040	  142.84	 34.21
 227.00	 225.25	 9.2033	34.0907	26.3775	 1.79	 78.02	0.040	  142.85	 33.14
 228.00	 226.24	 9.2015	34.0914	26.3784	 1.79	 77.82	0.040	  142.80	 32.30
 229.00	 227.23	 9.1978	34.0926	26.3800	 1.78	 77.66	0.040	  142.70	 31.24
 230.00	 228.22	 9.1974	34.0926	26.3801	 1.77	 77.09	0.040	  142.74	 30.20
 231.00	 229.22	 9.1917	34.0944	26.3823	 1.75	 76.13	0.040	  142.77	 29.18
 232.00	 230.21	 9.1725	34.0969	26.3874	 1.71	 74.44	0.040	  142.75	 28.06
 233.00	 231.20	 9.1466	34.1011	26.3949	 1.66	 72.03	0.040	  142.70	 27.17
 234.00	 232.19	 9.1048	34.1097	26.4083	 1.64	 71.15	0.040	  142.76	 26.15
 235.00	 233.18	 9.0958	34.1118	26.4114	 1.62	 70.31	0.040	  142.76	 25.11
 236.00	 234.17	 9.0865	34.1128	26.4137	 1.61	 69.98	0.040	  142.75	 24.18
 237.00	 235.17	 9.0834	34.1134	26.4147	 1.61	 69.89	0.040	  142.72	 23.26
 238.00	 236.16	 9.0793	34.1147	26.4164	 1.60	 69.70	0.040	  142.72	 22.20
 239.00	 237.15	 9.0772	34.1154	26.4172	 1.59	 69.26	0.040	  142.72	 21.21
 240.00	 238.14	 9.0743	34.1164	26.4185	 1.58	 68.79	0.040	  142.73	 20.18
 241.00	 239.13	 9.0487	34.1195	26.4250	 1.56	 67.98	0.040	  142.63	 19.17
 242.00	 240.12	 9.0448	34.1201	26.4261	 1.56	 67.77	0.041	  142.61	 18.24
 243.00	 241.12	 9.0443	34.1200	26.4262	 1.55	 67.64	0.040	  142.54	 17.23
 244.00	 242.11	 9.0417	34.1203	26.4268	 1.55	 67.34	0.040	  142.47	 16.25
 245.00	 243.10	 9.0199	34.1222	26.4318	 1.52	 66.34	0.040	  142.41	 15.33
 246.00	 244.09	 9.0043	34.1237	26.4355	 1.51	 65.83	0.040	  142.36	 14.34
 247.00	 245.08	 9.0022	34.1239	26.4359	 1.51	 65.71	0.040	  142.23	 13.38
 248.00	 246.07	 8.9943	34.1250	26.4381	 1.50	 65.28	0.040	  142.12	 12.41
 249.00	 247.07	 8.9955	34.1248	26.4378	 1.51	 65.48	0.040	  142.02	 11.42
 250.00	 248.06	 8.9965	34.1248	26.4376	 1.50	 65.33	0.040	  141.81	 10.29
