wcoa21_data_management/01_CRUISE_METADATA/00_OCADS_data/CTD_downcasts/WCOA_2021_CTD_downcasts/dRB2102_CTD_060_01_F.txt
* Sea-Bird SBE 9 Data:
* Software Version Seasave V 7.26.7.107
* Vessel: NOAA Ship Ronald H. Brown
* Cruise: RB2102, West Coast Ocean Acidification (WCOA) 2021
* Dates: 20210622 to 20210723
* Region: NE Pacific, USA West Coast
* Ports: San Diego, CA to Port Angeles, WA to San Diego, CA
* Chief Scientists: R. Feely, NOAA PMEL; D. Greeley, NOAA PMEL; B. Carter, NOAA PMEL / UW CICOES
*END*
[from data line 2774]
2777.00	2737.22	 1.7238	34.6400	27.7196	 2.09	 90.69	0.040	  136.06	 99.95
2778.00	2738.20	 1.7238	34.6402	27.7197	 2.09	 90.68	0.040	  136.01	 99.95
2779.00	2739.18	 1.7238	34.6401	27.7196	 2.09	 90.75	0.040	  136.06	 99.95
2780.00	2740.16	 1.7240	34.6400	27.7196	 2.09	 90.71	0.040	  136.06	 99.95
2781.00	2741.14	 1.7240	34.6402	27.7197	 2.09	 90.71	0.040	  136.03	 99.95
2782.00	2742.12	 1.7240	34.6402	27.7197	 2.09	 90.82	0.040	  136.08	 99.95
2783.00	2743.10	 1.7240	34.6402	27.7198	 2.09	 90.74	0.040	  136.06	 99.95
2784.00	2744.08	 1.7241	34.6401	27.7197	 2.09	 90.70	0.040	  136.05	 99.95
2785.00	2745.06	 1.7242	34.6400	27.7196	 2.09	 90.69	0.040	  136.00	 99.95
2786.00	2746.04	 1.7240	34.6402	27.7198	 2.09	 90.64	0.040	  136.00	 99.95
2787.00	2747.02	 1.7239	34.6401	27.7197	 2.09	 90.70	0.040	  136.02	 99.95
2788.00	2747.99	 1.7239	34.6403	27.7198	 2.09	 90.69	0.040	  136.01	 99.95
2789.00	2748.97	 1.7240	34.6402	27.7198	 2.09	 90.71	0.040	  136.03	 99.95
2790.00	2749.95	 1.7241	34.6402	27.7198	 2.09	 90.74	0.040	  136.06	 99.95
2791.00	2750.93	 1.7242	34.6403	27.7198	 2.09	 90.79	0.040	  136.01	 99.95
2792.00	2751.91	 1.7243	34.6402	27.7198	 2.09	 90.64	0.040	  136.01	 99.95
2793.00	2752.89	 1.7241	34.6402	27.7198	 2.09	 90.73	0.040	  136.02	 99.95
2794.00	2753.87	 1.7241	34.6403	27.7199	 2.09	 90.76	0.040	  136.02	 99.95
2795.00	2754.85	 1.7241	34.6402	27.7199	 2.09	 90.78	0.040	  136.03	 99.95
2796.00	2755.83	 1.7241	34.6403	27.7199	 2.09	 90.91	0.040	  136.02	 99.95
2797.00	2756.81	 1.7239	34.6404	27.7200	 2.09	 90.84	0.040	  135.97	 99.95
2798.00	2757.79	 1.7238	34.6405	27.7201	 2.09	 90.77	0.040	  136.05	 99.95
2799.00	2758.77	 1.7236	34.6406	27.7202	 2.09	 90.88	0.040	  136.03	 99.95
2800.00	2759.75	 1.7235	34.6406	27.7202	 2.09	 90.82	0.040	  136.02	 99.95
2801.00	2760.73	 1.7231	34.6407	27.7203	 2.09	 90.76	0.040	  136.04	 99.95
2802.00	2761.70	 1.7230	34.6406	27.7202	 2.09	 90.77	0.040	  136.05	 99.95
2803.00	2762.68	 1.7224	34.6409	27.7205	 2.09	 90.75	0.040	  136.04	 99.95
2804.00	2763.66	 1.7221	34.6408	27.7205	 2.09	 90.92	0.040	  136.02	 99.95
2805.00	2764.64	 1.7219	34.6410	27.7207	 2.09	 90.96	0.040	  136.04	 99.95
2806.00	2765.62	 1.7222	34.6409	27.7206	 2.09	 90.94	0.040	  135.99	 99.95
2807.00	2766.60	 1.7219	34.6408	27.7206	 2.09	 90.93	0.040	  136.00	 99.95
2808.00	2767.58	 1.7217	34.6410	27.7207	 2.09	 90.92	0.040	  136.00	 99.95
2809.00	2768.56	 1.7216	34.6410	27.7207	 2.09	 90.83	0.040	  136.00	 99.95
2810.00	2769.54	 1.7212	34.6412	27.7209	 2.09	 90.84	0.040	  136.07	 99.95
2811.00	2770.52	 1.7215	34.6411	27.7208	 2.09	 90.96	0.040	  136.03	 99.95
2812.00	2771.50	 1.7216	34.6410	27.7208	 2.09	 90.99	0.040	  136.04	 99.95
2813.00	2772.48	 1.7210	34.6412	27.7210	 2.09	 90.91	0.040	  136.00	 99.95
2814.00	2773.45	 1.7209	34.6411	27.7209	 2.09	 91.00	0.040	  135.95	 99.95
2815.00	2774.43	 1.7208	34.6412	27.7210	 2.09	 90.84	0.040	  135.95	 99.95
2816.00	2775.41	 1.7208	34.6411	27.7209	 2.09	 90.93	0.040	  136.03	 99.95
2817.00	2776.39	 1.7208	34.6411	27.7209	 2.10	 91.07	0.040	  136.03	 99.95
2818.00	2777.37	 1.7207	34.6413	27.7211	 2.10	 91.13	0.040	  136.03	 99.95
2819.00	2778.35	 1.7206	34.6413	27.7211	 2.10	 91.06	0.040	  136.00	 99.95
2820.00	2779.33	 1.7206	34.6413	27.7211	 2.10	 91.09	0.040	  135.99	 99.95
2821.00	2780.31	 1.7206	34.6414	27.7212	 2.09	 90.91	0.040	  135.97	 99.95
2822.00	2781.29	 1.7204	34.6415	27.7213	 2.09	 90.92	0.040	  135.97	 99.95
2823.00	2782.27	 1.7200	34.6413	27.7212	 2.09	 90.95	0.040	  135.96	 99.95
2824.00	2783.25	 1.7198	34.6414	27.7213	 2.09	 90.97	0.040	  135.99	 99.95
2825.00	2784.23	 1.7193	34.6416	27.7215	 2.09	 91.03	0.040	  135.97	 99.95
2826.00	2785.20	 1.7192	34.6416	27.7215	 2.10	 91.12	0.040	  135.97	 99.95
2827.00	2786.18	 1.7192	34.6417	27.7216	 2.10	 91.17	0.040	  136.01	 99.95
2828.00	2787.16	 1.7193	34.6418	27.7216	 2.10	 91.16	0.040	  135.99	 99.95
2829.00	2788.14	 1.7194	34.6417	27.7216	 2.10	 91.09	0.040	  136.02	 99.95
2830.00	2789.12	 1.7194	34.6417	27.7216	 2.10	 91.13	0.040	  135.96	 99.95
2831.00	2790.10	 1.7194	34.6416	27.7215	 2.09	 91.02	0.040	  135.98	 99.95
2832.00	2791.08	 1.7194	34.6418	27.7217	 2.09	 90.97	0.040	  135.96	 99.95
2833.00	2792.06	 1.7195	34.6417	27.7216	 2.09	 91.00	0.040	  135.95	 99.95
2834.00	2793.04	 1.7191	34.6418	27.7217	 2.10	 91.08	0.040	  135.95	 99.95
2835.00	2794.02	 1.7199	34.6417	27.7216	 2.10	 91.08	0.040	  136.03	 99.95
2836.00	2795.00	 1.7177	34.6420	27.7220	 2.10	 91.17	0.040	  135.96	 99.95
2837.00	2795.97	 1.7174	34.6422	27.7222	 2.09	 90.96	0.040	  135.95	 99.95
2838.00	2796.95	 1.7170	34.6422	27.7223	 2.10	 91.10	0.040	  136.00	 99.95
2839.00	2797.93	 1.7170	34.6422	27.7222	 2.10	 91.10	0.040	  135.99	 99.95
2840.00	2798.91	 1.7169	34.6422	27.7222	 2.10	 91.09	0.040	  135.99	 99.95
2841.00	2799.89	 1.7166	34.6424	27.7224	 2.10	 91.10	0.040	  135.99	 99.95
2842.00	2800.87	 1.7167	34.6423	27.7223	 2.10	 91.06	0.040	  135.93	 92.07
2843.00	2801.85	 1.7185	34.6421	27.7221	 2.09	 91.01	0.040	  135.94	 99.93
2844.00	2802.83	 1.7186	34.6421	27.7221	 2.09	 91.00	0.040	  135.97	 99.95
2845.00	2803.81	 1.7173	34.6422	27.7223	 2.09	 90.97	0.040	  135.92	 99.95
2846.00	2804.79	 1.7188	34.6421	27.7220	 2.09	 90.99	0.040	  135.95	 99.95
2847.00	2805.77	 1.7156	34.6424	27.7226	 2.09	 91.04	0.040	  135.99	 99.95
2848.00	2806.74	 1.7139	34.6427	27.7229	 2.10	 91.22	0.040	  135.95	 99.95
2849.00	2807.72	 1.7111	34.6433	27.7236	 2.10	 91.26	0.040	  135.94	 75.74
2850.00	2808.70	 1.7104	34.6435	27.7238	 2.10	 91.24	0.040	  135.95	100.18
2851.00	2809.68	 1.7102	34.6435	27.7238	 2.10	 91.27	0.040	  135.93	 99.95
2852.00	2810.66	 1.7110	34.6433	27.7236	 2.10	 91.31	0.040	  135.94	 85.17
2853.00	2811.64	 1.7096	34.6436	27.7240	 2.10	 91.37	0.040	  135.95	 99.91
2854.00	2812.62	 1.7096	34.6436	27.7240	 2.10	 91.37	0.040	  135.89	 97.10
2855.00	2813.60	 1.7096	34.6436	27.7240	 2.10	 91.45	0.040	  135.95	100.27
2856.00	2814.58	 1.7096	34.6437	27.7241	 2.10	 91.39	0.040	  135.86	 99.95
2857.00	2815.56	 1.7097	34.6436	27.7240	 2.11	 91.53	0.040	  135.86	 99.95
2858.00	2816.53	 1.7099	34.6436	27.7240	 2.10	 91.42	0.040	  135.88	 94.55
2859.00	2817.51	 1.7098	34.6438	27.7241	 2.11	 91.49	0.040	  135.87	100.00
2860.00	2818.49	 1.7090	34.6438	27.7242	 2.10	 91.47	0.040	  135.90	 99.95
2861.00	2819.47	 1.7085	34.6439	27.7243	 2.10	 91.45	0.040	  135.86	 99.95
2862.00	2820.45	 1.7082	34.6440	27.7244	 2.11	 91.49	0.040	  135.85	 94.30
2863.00	2821.43	 1.7078	34.6440	27.7245	 2.11	 91.60	0.040	  135.90	 88.00
2864.00	2822.41	 1.7075	34.6440	27.7246	 2.11	 91.69	0.040	  135.86	 99.92
2865.00	2823.39	 1.7075	34.6442	27.7247	 2.11	 91.60	0.040	  135.85	 91.43
2866.00	2824.37	 1.7072	34.6443	27.7248	 2.11	 91.60	0.040	  135.77	 69.19
2867.00	2825.34	 1.7073	34.6442	27.7247	 2.11	 91.56	0.040	  135.90	 99.47
2868.00	2826.32	 1.7073	34.6442	27.7247	 2.11	 91.65	0.040	  135.81	 83.73
2869.00	2827.30	 1.7072	34.6444	27.7249	 2.11	 91.71	0.040	  135.85	100.71
2870.00	2828.28	 1.7071	34.6443	27.7248	 2.11	 91.69	0.040	  135.86	 99.95
2871.00	2829.26	 1.7068	34.6444	27.7249	 2.11	 91.70	0.041	  135.84	 93.76
2872.00	2830.24	 1.7068	34.6445	27.7251	 2.11	 91.71	0.040	  135.81	 68.93
2873.00	2831.22	 1.7068	34.6445	27.7250	 2.11	 91.72	0.040	  135.79	 72.80
2874.00	2832.20	 1.7067	34.6446	27.7251	 2.11	 91.55	0.040	  135.83	 82.53
2875.00	2833.18	 1.7065	34.6445	27.7251	 2.11	 91.62	0.040	  135.76	 68.29
2876.00	2834.16	 1.7072	34.6445	27.7251	 2.11	 91.68	0.040	  135.72	 57.68
2877.00	2835.13	 1.7065	34.6447	27.7252	 2.11	 91.66	0.040	  135.69	 57.06
2878.00	2836.11	 1.7066	34.6446	27.7251	 2.11	 91.66	0.040	  135.68	 55.68
2879.00	2837.09	 1.7066	34.6445	27.7251	 2.11	 91.67	0.040	  135.67	 54.42
2880.00	2838.07	 1.7067	34.6446	27.7252	 2.11	 91.62	0.040	  135.66	 53.44
2881.00	2839.05	 1.7068	34.6446	27.7252	 2.11	 91.64	0.040	  135.67	 52.57
2882.00	2840.03	 1.7073	34.6444	27.7250	 2.11	 91.63	0.040	  135.66	 51.51
2883.00	2841.01	 1.7070	34.6445	27.7251	 2.11	 91.59	0.040	  135.59	 50.35
2884.00	2841.99	 1.7071	34.6445	27.7251	 2.11	 91.56	0.040	  135.66	 49.37
2885.00	2842.97	 1.7070	34.6445	27.7251	 2.11	 91.60	0.040	  135.56	 48.36
2886.00	2843.94	 1.7067	34.6446	27.7252	 2.11	 91.59	0.040	  135.56	 47.52
2887.00	2844.92	 1.7068	34.6446	27.7252	 2.11	 91.63	0.040	  135.56	 46.55
2888.00	2845.90	 1.7069	34.6446	27.7253	 2.11	 91.63	0.040	  135.60	 45.67
2889.00	2846.88	 1.7069	34.6448	27.7254	 2.11	 91.70	0.040	  135.58	 44.97
2890.00	2847.86	 1.7075	34.6447	27.7252	 2.11	 91.62	0.040	  135.53	 43.79
2891.00	2848.84	 1.7081	34.6445	27.7251	 2.11	 91.56	0.040	  135.56	 42.78
2892.00	2849.82	 1.7081	34.6445	27.7251	 2.11	 91.53	0.040	  135.57	 41.78
2893.00	2850.80	 1.7068	34.6447	27.7254	 2.11	 91.53	0.040	  135.55	 40.79
2894.00	2851.77	 1.7067	34.6449	27.7255	 2.11	 91.65	0.040	  135.52	 40.10
2895.00	2852.75	 1.7070	34.6448	27.7255	 2.11	 91.57	0.040	  135.58	 38.99
2896.00	2853.73	 1.7067	34.6448	27.7255	 2.11	 91.60	0.040	  135.57	 38.08
2897.00	2854.71	 1.7072	34.6447	27.7254	 2.11	 91.61	0.040	  135.53	 37.08
2898.00	2855.69	 1.7081	34.6448	27.7254	 2.11	 91.57	0.040	  135.50	 36.10
2899.00	2856.67	 1.7071	34.6450	27.7256	 2.11	 91.59	0.040	  135.51	 35.21
2900.00	2857.65	 1.7070	34.6449	27.7255	 2.11	 91.61	0.040	  135.55	 34.19
2901.00	2858.63	 1.7077	34.6449	27.7255	 2.11	 91.63	0.040	  135.55	 33.17
2902.00	2859.61	 1.7073	34.6449	27.7255	 2.11	 91.57	0.040	  135.50	 32.26
2903.00	2860.58	 1.7071	34.6449	27.7256	 2.11	 91.62	0.040	  135.50	 31.36
2904.00	2861.56	 1.7074	34.6447	27.7254	 2.11	 91.60	0.040	  135.56	 30.41
2905.00	2862.54	 1.7074	34.6449	27.7255	 2.11	 91.61	0.040	  135.51	 29.39
2906.00	2863.52	 1.7076	34.6448	27.7255	 2.11	 91.62	0.040	  135.52	 28.64
2907.00	2864.50	 1.7074	34.6450	27.7256	 2.11	 91.69	0.040	  135.48	 27.63
2908.00	2865.48	 1.7080	34.6448	27.7255	 2.11	 91.59	0.040	  135.50	 26.44
2909.00	2866.46	 1.7083	34.6448	27.7254	 2.11	 91.55	0.040	  135.54	 25.44
2910.00	2867.44	 1.7083	34.6449	27.7255	 2.11	 91.51	0.040	  135.51	 24.67
2911.00	2868.41	 1.7080	34.6449	27.7256	 2.11	 91.61	0.040	  135.52	 23.59
2912.00	2869.39	 1.7080	34.6449	27.7256	 2.11	 91.58	0.040	  135.52	 22.60
2913.00	2870.37	 1.7086	34.6448	27.7254	 2.11	 91.55	0.040	  135.53	 21.46
2914.00	2871.35	 1.7083	34.6449	27.7256	 2.11	 91.56	0.040	  135.51	 20.53
2915.00	2872.33	 1.7082	34.6449	27.7255	 2.11	 91.52	0.040	  135.55	 19.53
2916.00	2873.31	 1.7083	34.6449	27.7255	 2.11	 91.54	0.040	  135.51	 18.57
2917.00	2874.29	 1.7085	34.6448	27.7255	 2.11	 91.52	0.040	  135.51	 17.57
2918.00	2875.27	 1.7085	34.6449	27.7255	 2.11	 91.52	0.040	  135.53	 16.67
2919.00	2876.24	 1.7087	34.6448	27.7255	 2.11	 91.54	0.040	  135.54	 15.73
2920.00	2877.22	 1.7090	34.6448	27.7254	 2.11	 91.57	0.040	  135.50	 14.75
2921.00	2878.20	 1.7089	34.6448	27.7255	 2.11	 91.59	0.041	  135.52	 13.76
2922.00	2879.18	 1.7089	34.6450	27.7256	 2.11	 91.61	0.040	  135.46	 12.92
2923.00	2880.16	 1.7090	34.6449	27.7256	 2.11	 91.57	0.040	  135.55	 23.76
2924.00	2881.14	 1.7093	34.6449	27.7256	 2.11	 91.54	0.040	  135.51	 11.64
2925.00	2882.12	 1.7098	34.6449	27.7255	 2.11	 91.51	0.040	  135.54	  9.65
