wcoa21_data_management/01_CRUISE_METADATA/00_OCADS_data/CTD_downcasts/WCOA_2021_CTD_downcasts/dRB2102_CTD_036_01_F.txt
* Sea-Bird SBE 9 Data:
* Software Version Seasave V 7.26.7.107
* Vessel: NOAA Ship Ronald H. Brown
* Cruise: RB2102, West Coast Ocean Acidification (WCOA) 2021
* Dates: 20210622 to 20210723
* Region: NE Pacific, USA West Coast
* Ports: San Diego, CA to Port Angeles, WA to San Diego, CA
* Chief Scientists: R. Feely, NOAA PMEL; D. Greeley, NOAA PMEL; B. Carter, NOAA PMEL / UW CICOES
*END*
[from data line 1067]
1070.00	1058.38	 3.4107	34.4049	27.3789	 0.34	 14.78	0.040	  140.68	100.00
1071.00	1059.37	 3.4090	34.4049	27.3790	 0.34	 14.77	0.040	  140.71	100.00
1072.00	1060.35	 3.4091	34.4049	27.3791	 0.34	 14.80	0.041	  140.66	100.00
1073.00	1061.34	 3.4091	34.4048	27.3790	 0.34	 14.79	0.041	  140.66	100.00
1074.00	1062.33	 3.4024	34.4051	27.3798	 0.34	 14.80	0.040	  140.73	100.00
1075.00	1063.31	 3.3931	34.4053	27.3809	 0.34	 14.81	0.040	  140.65	100.00
1076.00	1064.30	 3.3895	34.4056	27.3815	 0.34	 14.88	0.040	  140.72	100.00
1077.00	1065.29	 3.3943	34.4085	27.3833	 0.34	 14.99	0.040	  140.70	100.00
1078.00	1066.27	 3.3949	34.4092	27.3839	 0.35	 15.01	0.040	  140.67	100.00
1079.00	1067.26	 3.3941	34.4095	27.3842	 0.35	 15.08	0.040	  140.66	100.00
1080.00	1068.25	 3.3895	34.4104	27.3854	 0.35	 15.04	0.041	  140.71	100.00
1081.00	1069.23	 3.3877	34.4107	27.3858	 0.35	 15.08	0.041	  140.72	100.00
1082.00	1070.22	 3.3858	34.4112	27.3864	 0.35	 15.16	0.040	  140.67	100.00
1083.00	1071.21	 3.3837	34.4117	27.3869	 0.35	 15.27	0.040	  140.68	100.00
1084.00	1072.19	 3.3804	34.4118	27.3874	 0.35	 15.31	0.041	  140.68	100.00
1085.00	1073.18	 3.3743	34.4125	27.3885	 0.35	 15.31	0.041	  140.73	100.00
1086.00	1074.17	 3.3711	34.4125	27.3888	 0.35	 15.31	0.041	  140.69	100.00
1087.00	1075.15	 3.3678	34.4129	27.3894	 0.35	 15.31	0.041	  140.68	100.00
1088.00	1076.14	 3.3607	34.4126	27.3899	 0.35	 15.31	0.040	  140.70	100.00
1089.00	1077.13	 3.3557	34.4134	27.3910	 0.35	 15.32	0.040	  140.70	100.00
1090.00	1078.11	 3.3559	34.4139	27.3914	 0.35	 15.32	0.042	  140.65	100.00
1091.00	1079.10	 3.3536	34.4142	27.3918	 0.35	 15.34	0.042	  140.65	100.00
1092.00	1080.09	 3.3519	34.4143	27.3921	 0.35	 15.40	0.042	  140.65	100.00
1093.00	1081.07	 3.3494	34.4145	27.3924	 0.36	 15.49	0.041	  140.66	100.00
1094.00	1082.06	 3.3442	34.4149	27.3933	 0.36	 15.48	0.041	  140.66	100.00
1095.00	1083.05	 3.3405	34.4151	27.3938	 0.36	 15.52	0.041	  140.67	100.00
1096.00	1084.03	 3.3378	34.4156	27.3945	 0.36	 15.57	0.041	  140.75	100.00
1097.00	1085.02	 3.3361	34.4159	27.3949	 0.36	 15.60	0.040	  140.51	100.00
1098.00	1086.01	 3.3351	34.4161	27.3951	 0.36	 15.54	0.040	  140.61	100.00
1099.00	1086.99	 3.3343	34.4161	27.3952	 0.36	 15.57	0.040	  140.65	100.00
1100.00	1087.98	 3.3330	34.4162	27.3954	 0.36	 15.59	0.041	  140.66	100.00
1101.00	1088.96	 3.3335	34.4162	27.3954	 0.36	 15.60	0.040	  140.63	100.00
1102.00	1089.95	 3.3272	34.4165	27.3962	 0.36	 15.59	0.041	  140.68	100.00
1103.00	1090.94	 3.3229	34.4167	27.3968	 0.36	 15.65	0.042	  140.68	100.00
1104.00	1091.92	 3.3192	34.4170	27.3974	 0.36	 15.64	0.041	  140.67	100.00
1105.00	1092.91	 3.3176	34.4171	27.3976	 0.36	 15.56	0.040	  140.56	100.00
1106.00	1093.90	 3.3171	34.4171	27.3976	 0.36	 15.60	0.040	  140.59	100.00
1107.00	1094.88	 3.3134	34.4173	27.3982	 0.36	 15.61	0.041	  140.63	100.00
1108.00	1095.87	 3.3112	34.4174	27.3985	 0.36	 15.62	0.041	  140.61	100.00
1109.00	1096.86	 3.3078	34.4178	27.3991	 0.36	 15.61	0.041	  140.60	100.00
1110.00	1097.84	 3.3060	34.4179	27.3994	 0.36	 15.65	0.040	  140.67	100.00
1111.00	1098.83	 3.3042	34.4179	27.3996	 0.36	 15.65	0.040	  140.61	100.00
1112.00	1099.82	 3.2997	34.4184	27.4004	 0.36	 15.66	0.041	  140.64	100.00
1113.00	1100.80	 3.2967	34.4185	27.4008	 0.36	 15.72	0.041	  140.65	100.00
1114.00	1101.79	 3.2936	34.4191	27.4015	 0.36	 15.70	0.041	  140.60	100.00
1115.00	1102.77	 3.2933	34.4191	27.4015	 0.36	 15.77	0.042	  140.66	100.00
1116.00	1103.76	 3.2932	34.4191	27.4015	 0.36	 15.78	0.041	  140.61	100.00
1117.00	1104.75	 3.2926	34.4191	27.4016	 0.36	 15.79	0.041	  140.66	100.00
1118.00	1105.73	 3.2890	34.4194	27.4022	 0.36	 15.80	0.041	  140.55	100.00
1119.00	1106.72	 3.2857	34.4199	27.4029	 0.36	 15.81	0.040	  140.64	100.00
1120.00	1107.71	 3.2831	34.4202	27.4034	 0.36	 15.81	0.040	  140.64	100.00
1121.00	1108.69	 3.2825	34.4205	27.4037	 0.37	 15.87	0.041	  140.57	100.00
1122.00	1109.68	 3.2822	34.4205	27.4037	 0.37	 15.87	0.041	  140.57	100.00
1123.00	1110.67	 3.2814	34.4206	27.4039	 0.37	 15.87	0.041	  140.60	100.00
1124.00	1111.65	 3.2787	34.4209	27.4044	 0.37	 15.91	0.041	  140.55	100.00
1125.00	1112.64	 3.2764	34.4213	27.4049	 0.37	 15.93	0.040	  140.60	100.00
1126.00	1113.62	 3.2754	34.4215	27.4052	 0.37	 15.88	0.040	  140.62	100.00
1127.00	1114.61	 3.2731	34.4216	27.4055	 0.37	 15.93	0.041	  140.54	100.00
1128.00	1115.60	 3.2708	34.4219	27.4060	 0.37	 15.96	0.042	  140.56	100.00
1129.00	1116.58	 3.2682	34.4222	27.4064	 0.37	 16.03	0.042	  140.55	100.00
1130.00	1117.57	 3.2623	34.4226	27.4073	 0.37	 16.09	0.042	  140.57	100.00
1131.00	1118.56	 3.2585	34.4232	27.4082	 0.37	 16.11	0.040	  140.51	100.00
1132.00	1119.54	 3.2578	34.4236	27.4086	 0.37	 16.15	0.040	  140.56	100.00
1133.00	1120.53	 3.2567	34.4237	27.4088	 0.37	 16.16	0.040	  140.59	100.00
1134.00	1121.52	 3.2553	34.4241	27.4092	 0.37	 16.16	0.040	  140.51	100.00
1135.00	1122.50	 3.2540	34.4242	27.4094	 0.37	 16.16	0.041	  140.58	100.00
1136.00	1123.49	 3.2527	34.4242	27.4095	 0.37	 16.21	0.042	  140.53	100.00
1137.00	1124.47	 3.2506	34.4245	27.4100	 0.37	 16.20	0.042	  140.48	100.00
1138.00	1125.46	 3.2490	34.4244	27.4101	 0.37	 16.27	0.042	  140.47	100.00
1139.00	1126.45	 3.2427	34.4250	27.4111	 0.38	 16.36	0.042	  140.51	100.00
1140.00	1127.43	 3.2380	34.4255	27.4120	 0.38	 16.35	0.040	  140.56	100.00
1141.00	1128.42	 3.2335	34.4259	27.4127	 0.38	 16.41	0.040	  140.51	100.00
1142.00	1129.41	 3.2312	34.4260	27.4130	 0.38	 16.41	0.040	  140.49	100.00
1143.00	1130.39	 3.2298	34.4262	27.4133	 0.38	 16.41	0.040	  140.50	100.00
1144.00	1131.38	 3.2283	34.4262	27.4135	 0.38	 16.41	0.040	  140.51	100.00
1145.00	1132.36	 3.2261	34.4264	27.4138	 0.38	 16.43	0.040	  140.53	100.00
1146.00	1133.35	 3.2236	34.4268	27.4143	 0.38	 16.44	0.041	  140.50	100.00
1147.00	1134.34	 3.2215	34.4273	27.4150	 0.38	 16.41	0.042	  140.51	 69.07
1148.00	1135.32	 3.2171	34.4280	27.4160	 0.38	 16.46	0.041	  140.51	 98.14
1149.00	1136.31	 3.2126	34.4285	27.4168	 0.38	 16.58	0.040	  140.52	100.00
1150.00	1137.30	 3.2053	34.4291	27.4179	 0.38	 16.67	0.040	  140.52	100.00
1151.00	1138.28	 3.2012	34.4296	27.4187	 0.38	 16.67	0.042	  140.50	100.00
1152.00	1139.27	 3.1965	34.4300	27.4195	 0.38	 16.69	0.041	  140.56	100.00
1153.00	1140.25	 3.1935	34.4304	27.4201	 0.38	 16.71	0.040	  140.53	100.00
1154.00	1141.24	 3.1906	34.4307	27.4206	 0.38	 16.71	0.041	  140.49	100.00
1155.00	1142.23	 3.1883	34.4311	27.4211	 0.39	 16.74	0.041	  140.51	100.00
1156.00	1143.21	 3.1874	34.4311	27.4212	 0.39	 16.77	0.041	  140.46	100.00
1157.00	1144.20	 3.1870	34.4312	27.4214	 0.39	 16.82	0.041	  140.51	100.00
1158.00	1145.19	 3.1863	34.4314	27.4216	 0.39	 16.89	0.041	  140.45	100.00
1159.00	1146.17	 3.1854	34.4316	27.4218	 0.39	 16.87	0.042	  140.46	100.00
1160.00	1147.16	 3.1848	34.4318	27.4220	 0.39	 16.97	0.042	  140.42	100.00
1161.00	1148.14	 3.1812	34.4323	27.4228	 0.39	 16.97	0.041	  140.47	100.00
1162.00	1149.13	 3.1765	34.4331	27.4239	 0.39	 16.95	0.041	  140.48	100.00
1163.00	1150.12	 3.1745	34.4336	27.4244	 0.39	 16.97	0.040	  140.46	100.00
1164.00	1151.10	 3.1734	34.4337	27.4246	 0.39	 17.05	0.040	  140.47	100.00
1165.00	1152.09	 3.1724	34.4339	27.4249	 0.39	 17.06	0.040	  140.54	100.00
1166.00	1153.08	 3.1698	34.4345	27.4256	 0.39	 16.99	0.040	  140.49	100.00
1167.00	1154.06	 3.1690	34.4347	27.4259	 0.39	 17.12	0.040	  140.44	100.00
1168.00	1155.05	 3.1693	34.4346	27.4258	 0.39	 17.15	0.040	  140.49	100.00
1169.00	1156.03	 3.1694	34.4346	27.4257	 0.39	 17.16	0.041	  140.43	100.00
1170.00	1157.02	 3.1685	34.4350	27.4261	 0.40	 17.17	0.040	  140.49	100.00
1171.00	1158.01	 3.1677	34.4352	27.4264	 0.40	 17.24	0.040	  140.41	100.00
1172.00	1158.99	 3.1670	34.4353	27.4265	 0.40	 17.21	0.040	  140.50	100.00
1173.00	1159.98	 3.1634	34.4354	27.4269	 0.40	 17.27	0.040	  140.44	100.00
1174.00	1160.96	 3.1581	34.4364	27.4283	 0.40	 17.41	0.042	  140.49	100.00
1175.00	1161.95	 3.1595	34.4381	27.4295	 0.40	 17.48	0.041	  140.45	100.00
1176.00	1162.94	 3.1579	34.4384	27.4299	 0.40	 17.51	0.040	  140.51	100.00
1177.00	1163.92	 3.1578	34.4392	27.4305	 0.40	 17.60	0.040	  140.42	100.00
1178.00	1164.91	 3.1565	34.4397	27.4311	 0.41	 17.68	0.040	  140.45	100.00
1179.00	1165.90	 3.1556	34.4400	27.4314	 0.41	 17.74	0.041	  140.41	100.00
1180.00	1166.88	 3.1545	34.4402	27.4316	 0.41	 17.73	0.042	  140.44	100.00
1181.00	1167.87	 3.1528	34.4407	27.4322	 0.41	 17.86	0.041	  140.39	100.00
1182.00	1168.85	 3.1512	34.4414	27.4330	 0.41	 17.97	0.040	  140.44	100.00
1183.00	1169.84	 3.1502	34.4417	27.4333	 0.41	 17.97	0.040	  140.41	100.00
1184.00	1170.83	 3.1490	34.4418	27.4335	 0.41	 17.99	0.040	  140.37	100.00
1185.00	1171.81	 3.1481	34.4420	27.4337	 0.41	 17.99	0.042	  140.44	100.00
1186.00	1172.80	 3.1473	34.4421	27.4339	 0.41	 17.99	0.040	  140.40	100.00
1187.00	1173.78	 3.1461	34.4426	27.4344	 0.42	 18.11	0.040	  140.43	100.00
1188.00	1174.77	 3.1444	34.4431	27.4349	 0.42	 18.23	0.040	  140.39	100.00
1189.00	1175.76	 3.1422	34.4435	27.4354	 0.42	 18.19	0.040	  140.39	100.00
1190.00	1176.74	 3.1397	34.4436	27.4358	 0.42	 18.25	0.041	  140.41	100.00
1191.00	1177.73	 3.1395	34.4439	27.4361	 0.42	 18.30	0.040	  140.39	100.00
1192.00	1178.71	 3.1394	34.4444	27.4364	 0.42	 18.35	0.040	  140.39	100.00
1193.00	1179.70	 3.1377	34.4448	27.4369	 0.42	 18.37	0.040	  140.47	100.00
1194.00	1180.69	 3.1350	34.4447	27.4371	 0.42	 18.38	0.041	  140.44	100.00
1195.00	1181.67	 3.1317	34.4450	27.4376	 0.42	 18.44	0.042	  140.37	100.00
1196.00	1182.66	 3.1326	34.4455	27.4380	 0.42	 18.46	0.042	  140.39	100.00
1197.00	1183.64	 3.1305	34.4456	27.4383	 0.42	 18.47	0.040	  140.40	100.00
1198.00	1184.63	 3.1250	34.4457	27.4389	 0.43	 18.49	0.040	  140.36	100.00
1199.00	1185.62	 3.1247	34.4469	27.4398	 0.43	 18.51	0.041	  140.40	100.00
1200.00	1186.60	 3.1200	34.4464	27.4399	 0.43	 18.52	0.041	  140.38	100.00
1201.00	1187.59	 3.1128	34.4456	27.4399	 0.43	 18.48	0.041	  140.43	100.00
1202.00	1188.57	 3.1118	34.4465	27.4407	 0.43	 18.48	0.040	  140.36	100.00
1203.00	1189.56	 3.1146	34.4471	27.4409	 0.43	 18.55	0.040	  140.35	100.00
1204.00	1190.55	 3.1140	34.4472	27.4411	 0.43	 18.68	0.040	  140.36	100.00
1205.00	1191.53	 3.1124	34.4471	27.4412	 0.43	 18.67	0.040	  140.35	100.00
1206.00	1192.52	 3.1122	34.4472	27.4413	 0.43	 18.66	0.041	  140.38	100.00
1207.00	1193.50	 3.1127	34.4480	27.4418	 0.43	 18.78	0.040	  140.37	100.00
1208.00	1194.49	 3.1127	34.4491	27.4428	 0.43	 18.79	0.042	  140.40	100.00
1209.00	1195.48	 3.1132	34.4494	27.4429	 0.43	 18.83	0.041	  140.28	100.00
1210.00	1196.46	 3.1123	34.4496	27.4432	 0.43	 18.88	0.041	  140.33	100.00
1211.00	1197.45	 3.1098	34.4499	27.4437	 0.44	 18.98	0.040	  140.35	100.00
1212.00	1198.43	 3.1072	34.4500	27.4440	 0.44	 19.10	0.040	  140.40	100.00
1213.00	1199.42	 3.1061	34.4499	27.4440	 0.44	 19.01	0.040	  140.31	100.00
1214.00	1200.41	 3.1041	34.4501	27.4444	 0.44	 19.00	0.040	  140.36	100.00
1215.00	1201.39	 3.1058	34.4500	27.4441	 0.44	 19.02	0.040	  140.34	100.00
1216.00	1202.38	 3.1043	34.4502	27.4445	 0.44	 19.03	0.040	  140.36	100.00
1217.00	1203.36	 3.1044	34.4502	27.4444	 0.44	 19.05	0.041	  140.31	100.00
1218.00	1204.35	 3.1014	34.4499	27.4445	 0.44	 19.03	0.041	  140.37	100.00
1219.00	1205.34	 3.0965	34.4503	27.4453	 0.44	 19.05	0.040	  140.32	100.00
1220.00	1206.32	 3.0952	34.4506	27.4456	 0.44	 19.04	0.041	  140.37	100.00
1221.00	1207.31	 3.0933	34.4507	27.4459	 0.44	 19.08	0.041	  140.32	100.00
1222.00	1208.29	 3.0922	34.4508	27.4461	 0.44	 19.09	0.041	  140.38	100.00
1223.00	1209.28	 3.0913	34.4508	27.4462	 0.44	 19.11	0.040	  140.25	100.00
1224.00	1210.27	 3.0855	34.4508	27.4467	 0.44	 19.18	0.040	  140.39	100.00
1225.00	1211.25	 3.0803	34.4512	27.4475	 0.44	 19.14	0.040	  140.29	100.00
1226.00	1212.24	 3.0761	34.4512	27.4479	 0.44	 19.15	0.040	  140.32	100.00
1227.00	1213.22	 3.0736	34.4514	27.4483	 0.44	 19.25	0.040	  140.25	100.00
1228.00	1214.21	 3.0723	34.4516	27.4485	 0.44	 19.27	0.040	  140.27	100.00
1229.00	1215.20	 3.0714	34.4515	27.4486	 0.44	 19.25	0.040	  140.22	100.00
1230.00	1216.18	 3.0662	34.4513	27.4489	 0.44	 19.21	0.040	  140.28	100.00
1231.00	1217.17	 3.0613	34.4514	27.4494	 0.44	 19.25	0.041	  140.28	100.00
1232.00	1218.15	 3.0574	34.4512	27.4496	 0.44	 19.17	0.041	  140.25	100.00
1233.00	1219.14	 3.0531	34.4511	27.4500	 0.44	 19.21	0.040	  140.22	100.00
1234.00	1220.12	 3.0487	34.4512	27.4504	 0.44	 19.22	0.040	  140.27	 96.25
1235.00	1221.11	 3.0456	34.4510	27.4505	 0.44	 19.21	0.041	  140.25	 98.98
1236.00	1222.10	 3.0419	34.4511	27.4510	 0.44	 19.18	0.041	  140.24	100.08
1237.00	1223.08	 3.0374	34.4513	27.4515	 0.44	 19.19	0.040	  140.25	100.00
1238.00	1224.07	 3.0311	34.4510	27.4519	 0.44	 19.27	0.040	  140.23	100.00
1239.00	1225.05	 3.0244	34.4508	27.4523	 0.44	 19.17	0.040	  140.28	100.00
1240.00	1226.04	 3.0163	34.4511	27.4533	 0.44	 19.22	0.040	  140.24	100.00
1241.00	1227.03	 3.0167	34.4515	27.4536	 0.44	 19.21	0.041	  140.24	100.00
1242.00	1228.01	 3.0170	34.4516	27.4536	 0.44	 19.14	0.041	  140.24	100.00
1243.00	1229.00	 3.0145	34.4515	27.4538	 0.44	 19.25	0.040	  140.23	100.00
1244.00	1229.98	 3.0116	34.4518	27.4543	 0.45	 19.36	0.041	  140.27	100.00
1245.00	1230.97	 3.0123	34.4525	27.4548	 0.44	 19.30	0.041	  140.20	100.00
1246.00	1231.95	 3.0078	34.4523	27.4551	 0.45	 19.39	0.040	  140.21	100.00
1247.00	1232.94	 3.0045	34.4536	27.4564	 0.45	 19.41	0.040	  140.22	100.00
1248.00	1233.93	 3.0019	34.4535	27.4566	 0.45	 19.37	0.040	  140.19	100.00
1249.00	1234.91	 2.9863	34.4511	27.4561	 0.44	 19.24	0.040	  140.19	100.00
1250.00	1235.90	 2.9758	34.4498	27.4560	 0.44	 19.17	0.041	  140.23	100.00
1251.00	1236.88	 2.9715	34.4509	27.4572	 0.44	 19.32	0.042	  140.21	100.00
1252.00	1237.87	 2.9836	34.4531	27.4579	 0.45	 19.40	0.042	  140.17	100.00
1253.00	1238.86	 2.9928	34.4546	27.4583	 0.45	 19.47	0.042	  140.20	100.00
1254.00	1239.84	 2.9939	34.4560	27.4593	 0.45	 19.48	0.042	  140.22	100.00
1255.00	1240.83	 2.9839	34.4555	27.4598	 0.45	 19.55	0.041	  140.20	100.00
1256.00	1241.81	 2.9790	34.4555	27.4602	 0.45	 19.67	0.040	  140.21	100.00
1257.00	1242.80	 2.9749	34.4551	27.4603	 0.45	 19.68	0.041	  140.21	100.00
1258.00	1243.78	 2.9727	34.4551	27.4605	 0.45	 19.67	0.040	  140.23	100.00
1259.00	1244.77	 2.9709	34.4547	27.4604	 0.45	 19.64	0.040	  140.19	100.00
1260.00	1245.76	 2.9664	34.4546	27.4607	 0.45	 19.56	0.040	  140.18	100.00
1261.00	1246.74	 2.9577	34.4536	27.4606	 0.45	 19.56	0.040	  140.20	100.00
1262.00	1247.73	 2.9523	34.4534	27.4610	 0.45	 19.62	0.041	  140.19	100.00
1263.00	1248.71	 2.9542	34.4545	27.4617	 0.45	 19.61	0.042	  140.19	100.00
1264.00	1249.70	 2.9562	34.4548	27.4618	 0.45	 19.65	0.041	  140.18	100.00
1265.00	1250.68	 2.9569	34.4547	27.4616	 0.45	 19.64	0.041	  140.14	100.00
1266.00	1251.67	 2.9541	34.4557	27.4627	 0.45	 19.66	0.040	  140.18	100.00
1267.00	1252.66	 2.9519	34.4559	27.4630	 0.45	 19.72	0.040	  140.18	100.00
1268.00	1253.64	 2.9487	34.4563	27.4636	 0.45	 19.75	0.040	  140.22	100.00
1269.00	1254.63	 2.9507	34.4571	27.4641	 0.45	 19.73	0.040	  140.22	100.00
1270.00	1255.61	 2.9490	34.4572	27.4643	 0.45	 19.76	0.041	  140.16	100.00
1271.00	1256.60	 2.9412	34.4569	27.4648	 0.46	 19.78	0.040	  140.17	100.00
1272.00	1257.58	 2.9308	34.4572	27.4660	 0.46	 19.83	0.040	  140.15	100.00
1273.00	1258.57	 2.9283	34.4578	27.4667	 0.46	 19.96	0.040	  140.15	100.00
1274.00	1259.56	 2.9277	34.4577	27.4667	 0.46	 19.98	0.040	  140.14	100.00
1275.00	1260.54	 2.9231	34.4573	27.4668	 0.46	 19.88	0.040	  140.11	100.00
1276.00	1261.53	 2.9196	34.4571	27.4669	 0.46	 19.89	0.041	  140.11	100.00
1277.00	1262.51	 2.9144	34.4566	27.4670	 0.46	 19.85	0.041	  140.15	100.00
1278.00	1263.50	 2.9108	34.4566	27.4673	 0.46	 19.79	0.041	  140.15	100.00
1279.00	1264.48	 2.9077	34.4565	27.4675	 0.46	 19.84	0.042	  140.19	100.00
1280.00	1265.47	 2.9038	34.4568	27.4682	 0.46	 19.80	0.042	  140.13	100.00
1281.00	1266.45	 2.8966	34.4561	27.4682	 0.46	 19.79	0.041	  140.16	100.00
1282.00	1267.44	 2.8930	34.4562	27.4686	 0.46	 19.79	0.040	  140.18	100.00
