wcoa21_data_management/01_CRUISE_METADATA/00_OCADS_data/CTD_downcasts/WCOA_2021_CTD_downcasts/dRB2102_CTD_009_01_F.txt
* Sea-Bird SBE 9 Data:
* Software Version Seasave V 7.26.7.107
* Vessel: NOAA Ship Ronald H. Brown
* Cruise: RB2102, West Coast Ocean Acidification (WCOA) 2021
* Dates: 20210622 to 20210723
* Region: NE Pacific, USA West Coast
* Ports: San Diego, CA to Port Angeles, WA to San Diego, CA
* Chief Scientists: R. Feely, NOAA PMEL; D. Greeley, NOAA PMEL; B. Carter, NOAA PMEL / UW CICOES
*END*
[from data line 214]
 218.00	 216.05	 7.0542	33.9489	26.5861	 2.22	 96.66	0.041	  125.76	 99.71
 219.00	 217.04	 7.0493	33.9491	26.5869	 2.22	 96.39	0.041	  125.77	 99.71
 220.00	 218.03	 7.0382	33.9497	26.5889	 2.21	 96.29	0.041	  125.80	 99.71
 221.00	 219.02	 7.0319	33.9501	26.5902	 2.21	 96.20	0.041	  125.77	 99.71
 222.00	 220.01	 7.0306	33.9504	26.5906	 2.21	 96.05	0.041	  125.72	 99.71
 223.00	 221.00	 7.0344	33.9503	26.5900	 2.20	 95.91	0.041	  125.74	 99.71
 224.00	 221.99	 7.0224	33.9503	26.5916	 2.20	 95.84	0.041	  125.75	 99.72
 225.00	 222.98	 7.0117	33.9516	26.5941	 2.20	 95.53	0.041	  125.81	 99.71
 226.00	 223.97	 7.0005	33.9513	26.5955	 2.19	 95.27	0.041	  125.72	 99.72
 227.00	 224.96	 6.9729	33.9520	26.5998	 2.18	 94.93	0.041	  125.76	 99.72
 228.00	 225.95	 6.9519	33.9529	26.6033	 2.18	 94.81	0.041	  125.74	 99.72
 229.00	 226.94	 6.9247	33.9522	26.6065	 2.18	 94.66	0.041	  125.76	 99.72
 230.00	 227.93	 6.8917	33.9524	26.6111	 2.17	 94.44	0.041	  125.75	 99.72
 231.00	 228.92	 6.8589	33.9525	26.6157	 2.16	 94.11	0.041	  125.79	 99.72
 232.00	 229.91	 6.8371	33.9523	26.6184	 2.14	 93.21	0.041	  125.70	 99.72
 233.00	 230.91	 6.7822	33.9551	26.6280	 2.12	 92.22	0.041	  125.76	 99.73
 234.00	 231.90	 6.7580	33.9583	26.6339	 2.10	 91.48	0.041	  125.80	 99.73
 235.00	 232.89	 6.7490	33.9591	26.6357	 2.09	 90.85	0.041	  125.79	 99.73
 236.00	 233.88	 6.7424	33.9595	26.6369	 2.08	 90.41	0.041	  125.75	 99.73
 237.00	 234.87	 6.7358	33.9600	26.6382	 2.07	 89.86	0.041	  125.78	 99.73
 238.00	 235.86	 6.7187	33.9594	26.6399	 2.05	 89.23	0.041	  125.80	 99.73
 239.00	 236.85	 6.6824	33.9600	26.6453	 2.04	 88.68	0.041	  125.78	 99.73
 240.00	 237.84	 6.6275	33.9609	26.6533	 2.02	 88.08	0.041	  125.79	 99.74
 241.00	 238.83	 6.5979	33.9621	26.6582	 2.01	 87.47	0.041	  125.81	 99.74
 242.00	 239.82	 6.5867	33.9628	26.6602	 1.99	 86.74	0.041	  125.81	 99.75
 243.00	 240.81	 6.5787	33.9627	26.6612	 1.97	 85.86	0.041	  125.71	 99.75
 244.00	 241.80	 6.5651	33.9617	26.6622	 1.95	 84.91	0.041	  125.81	 99.76
 245.00	 242.79	 6.5250	33.9617	26.6675	 1.94	 84.22	0.041	  125.79	 99.76
 246.00	 243.78	 6.4919	33.9655	26.6749	 1.92	 83.60	0.041	  125.81	 99.76
 247.00	 244.77	 6.4865	33.9658	26.6758	 1.91	 83.12	0.041	  125.78	 99.76
 248.00	 245.76	 6.4848	33.9660	26.6762	 1.89	 82.33	0.041	  125.73	 99.76
 249.00	 246.75	 6.4729	33.9673	26.6787	 1.87	 81.42	0.041	  125.84	 99.77
 250.00	 247.74	 6.4595	33.9689	26.6818	 1.85	 80.66	0.041	  125.81	 99.77
 251.00	 248.73	 6.4501	33.9712	26.6849	 1.84	 80.20	0.041	  125.79	 99.78
 252.00	 249.72	 6.4495	33.9715	26.6852	 1.84	 79.90	0.041	  125.73	 99.78
 253.00	 250.71	 6.4487	33.9719	26.6856	 1.83	 79.73	0.041	  125.76	 99.78
 254.00	 251.70	 6.4476	33.9722	26.6860	 1.83	 79.56	0.041	  125.75	 99.78
 255.00	 252.69	 6.4469	33.9723	26.6862	 1.82	 79.35	0.041	  125.80	 99.78
 256.00	 253.68	 6.4464	33.9725	26.6864	 1.82	 79.14	0.041	  125.79	 99.78
 257.00	 254.67	 6.4443	33.9730	26.6871	 1.81	 78.87	0.041	  125.74	 99.78
 258.00	 255.67	 6.4396	33.9741	26.6886	 1.80	 78.49	0.041	  125.78	 99.78
 259.00	 256.66	 6.4323	33.9749	26.6902	 1.79	 78.08	0.042	  125.76	 99.78
 260.00	 257.65	 6.4211	33.9775	26.6937	 1.79	 77.68	0.041	  125.79	 99.78
 261.00	 258.64	 6.4134	33.9779	26.6951	 1.78	 77.34	0.041	  125.79	 99.79
 262.00	 259.63	 6.3930	33.9778	26.6976	 1.77	 76.87	0.041	  125.77	 99.78
 263.00	 260.62	 6.3823	33.9777	26.6990	 1.76	 76.39	0.041	  125.79	 99.78
 264.00	 261.61	 6.3595	33.9764	26.7009	 1.75	 75.94	0.041	  125.75	 99.78
 265.00	 262.60	 6.3058	33.9789	26.7098	 1.74	 75.51	0.041	  125.75	 99.79
 266.00	 263.59	 6.2818	33.9813	26.7147	 1.73	 75.18	0.041	  125.80	 99.79
 267.00	 264.58	 6.2769	33.9816	26.7156	 1.72	 74.72	0.041	  125.78	 99.79
 268.00	 265.57	 6.2731	33.9815	26.7161	 1.71	 74.49	0.042	  125.80	 99.80
 269.00	 266.56	 6.2644	33.9819	26.7175	 1.71	 74.29	0.041	  125.78	 99.80
 270.00	 267.55	 6.2603	33.9819	26.7180	 1.71	 74.28	0.041	  125.78	 99.80
 271.00	 268.54	 6.2591	33.9819	26.7182	 1.71	 74.22	0.041	  125.77	 99.80
 272.00	 269.53	 6.2585	33.9819	26.7183	 1.71	 74.18	0.042	  125.79	 99.80
 273.00	 270.52	 6.2566	33.9820	26.7186	 1.70	 74.06	0.042	  125.81	 99.80
 274.00	 271.51	 6.2544	33.9820	26.7189	 1.70	 73.92	0.041	  125.78	 99.80
 275.00	 272.50	 6.2461	33.9820	26.7200	 1.69	 73.67	0.041	  125.77	 99.80
 276.00	 273.49	 6.2255	33.9822	26.7228	 1.69	 73.46	0.041	  125.81	 99.80
 277.00	 274.48	 6.2099	33.9831	26.7255	 1.68	 73.28	0.041	  125.80	 99.80
 278.00	 275.47	 6.2076	33.9833	26.7259	 1.68	 73.18	0.042	  125.82	 99.80
 279.00	 276.46	 6.2047	33.9832	26.7263	 1.68	 72.90	0.042	  125.71	 99.80
 280.00	 277.45	 6.1956	33.9835	26.7277	 1.67	 72.69	0.041	  125.77	 99.81
 281.00	 278.44	 6.1865	33.9841	26.7294	 1.67	 72.59	0.041	  125.79	 99.81
 282.00	 279.43	 6.1841	33.9842	26.7297	 1.67	 72.43	0.041	  125.80	 99.80
 283.00	 280.42	 6.1796	33.9844	26.7304	 1.66	 72.29	0.041	  125.76	 99.81
 284.00	 281.41	 6.1781	33.9844	26.7306	 1.66	 72.16	0.041	  125.78	 99.81
 285.00	 282.40	 6.1734	33.9846	26.7315	 1.65	 71.82	0.042	  125.75	 99.81
 286.00	 283.39	 6.1687	33.9855	26.7327	 1.64	 71.43	0.041	  125.73	 99.82
 287.00	 284.38	 6.1658	33.9863	26.7338	 1.63	 70.88	0.041	  125.81	 99.81
 288.00	 285.37	 6.1572	33.9884	26.7365	 1.62	 70.30	0.041	  125.73	 99.81
 289.00	 286.36	 6.1484	33.9904	26.7392	 1.60	 69.72	0.041	  125.75	 99.82
 290.00	 287.35	 6.1404	33.9918	26.7413	 1.59	 69.17	0.041	  125.77	 99.82
 291.00	 288.34	 6.1350	33.9924	26.7426	 1.58	 68.70	0.041	  125.77	 99.83
 292.00	 289.33	 6.1179	33.9939	26.7459	 1.57	 68.22	0.041	  125.74	 99.83
 293.00	 290.32	 6.1055	33.9953	26.7486	 1.56	 67.89	0.041	  125.77	 99.83
 294.00	 291.31	 6.1000	33.9957	26.7496	 1.56	 67.67	0.041	  125.73	 99.83
 295.00	 292.30	 6.0978	33.9957	26.7499	 1.55	 67.45	0.042	  125.74	 99.83
 296.00	 293.29	 6.0916	33.9959	26.7508	 1.55	 67.22	0.042	  125.73	 99.83
 297.00	 294.28	 6.0886	33.9962	26.7515	 1.54	 67.08	0.041	  125.72	 99.83
 298.00	 295.27	 6.0881	33.9963	26.7516	 1.54	 66.99	0.041	  125.73	 99.83
 299.00	 296.26	 6.0867	33.9964	26.7519	 1.54	 66.89	0.041	  125.77	 99.83
 300.00	 297.25	 6.0839	33.9966	26.7524	 1.53	 66.70	0.041	  125.78	 99.83
 301.00	 298.25	 6.0808	33.9957	26.7522	 1.53	 66.48	0.041	  125.72	 99.83
 302.00	 299.24	 6.0481	33.9974	26.7576	 1.52	 66.23	0.041	  125.77	 99.83
 303.00	 300.23	 6.0417	33.9975	26.7585	 1.52	 66.07	0.041	  125.74	 99.83
 304.00	 301.22	 6.0255	33.9984	26.7612	 1.52	 65.93	0.041	  125.77	 99.83
 305.00	 302.21	 6.0204	33.9990	26.7624	 1.51	 65.83	0.041	  125.76	 99.83
 306.00	 303.20	 6.0169	33.9993	26.7631	 1.51	 65.63	0.041	  125.76	 99.84
 307.00	 304.19	 6.0132	33.9994	26.7636	 1.51	 65.52	0.041	  125.78	 99.83
 308.00	 305.18	 6.0037	34.0016	26.7665	 1.50	 65.28	0.042	  125.76	 99.84
 309.00	 306.17	 5.9994	34.0023	26.7677	 1.50	 65.14	0.042	  125.75	 99.84
 310.00	 307.16	 5.9938	34.0033	26.7692	 1.49	 64.96	0.041	  125.74	 99.84
 311.00	 308.15	 5.9918	34.0035	26.7696	 1.49	 64.80	0.041	  125.71	 99.84
 312.00	 309.14	 5.9905	34.0037	26.7699	 1.48	 64.58	0.041	  125.77	 99.84
 313.00	 310.13	 5.9895	34.0039	26.7702	 1.48	 64.48	0.041	  125.73	 99.84
 314.00	 311.12	 5.9888	34.0040	26.7704	 1.48	 64.32	0.041	  125.80	 99.84
 315.00	 312.11	 5.9874	34.0044	26.7709	 1.48	 64.28	0.041	  125.69	 99.85
 316.00	 313.10	 5.9857	34.0046	26.7713	 1.48	 64.24	0.041	  125.75	 99.84
 317.00	 314.09	 5.9835	34.0051	26.7719	 1.48	 64.18	0.041	  125.69	 99.84
 318.00	 315.08	 5.9814	34.0052	26.7723	 1.47	 63.91	0.041	  125.70	 99.85
 319.00	 316.07	 5.9741	34.0053	26.7733	 1.47	 63.76	0.041	  125.67	 99.85
 320.00	 317.06	 5.9669	34.0058	26.7746	 1.46	 63.58	0.042	  125.75	 99.85
 321.00	 318.05	 5.9658	34.0061	26.7750	 1.46	 63.55	0.042	  125.69	 99.85
 322.00	 319.04	 5.9618	34.0063	26.7756	 1.46	 63.41	0.041	  125.72	 99.85
 323.00	 320.03	 5.9590	34.0065	26.7761	 1.45	 63.28	0.041	  125.70	 99.85
 324.00	 321.02	 5.9564	34.0067	26.7766	 1.45	 63.17	0.041	  125.71	 99.85
 325.00	 322.01	 5.9525	34.0070	26.7774	 1.45	 62.95	0.041	  125.68	 99.85
 326.00	 323.00	 5.9493	34.0071	26.7779	 1.44	 62.81	0.041	  125.74	 99.85
 327.00	 323.99	 5.9435	34.0073	26.7788	 1.44	 62.65	0.042	  125.67	 99.85
 328.00	 324.98	 5.9343	34.0082	26.7806	 1.44	 62.55	0.041	  125.73	 99.85
 329.00	 325.97	 5.9320	34.0084	26.7811	 1.44	 62.45	0.041	  125.71	 99.85
 330.00	 326.96	 5.9277	34.0085	26.7817	 1.43	 62.36	0.041	  125.63	 99.85
 331.00	 327.95	 5.9257	34.0087	26.7821	 1.43	 62.23	0.041	  125.64	 99.85
 332.00	 328.94	 5.9228	34.0085	26.7823	 1.43	 62.10	0.041	  125.62	 99.85
 333.00	 329.93	 5.9179	34.0086	26.7831	 1.42	 61.79	0.041	  125.67	 99.85
 334.00	 330.92	 5.8979	34.0091	26.7859	 1.41	 61.53	0.041	  125.67	 99.85
 335.00	 331.91	 5.8843	34.0104	26.7887	 1.41	 61.17	0.042	  125.67	 99.85
 336.00	 332.90	 5.8778	34.0108	26.7898	 1.40	 60.91	0.041	  125.66	 99.85
 337.00	 333.89	 5.8716	34.0112	26.7908	 1.39	 60.60	0.041	  125.68	 99.85
 338.00	 334.88	 5.8659	34.0118	26.7921	 1.39	 60.39	0.041	  125.64	 99.85
 339.00	 335.87	 5.8585	34.0121	26.7933	 1.38	 60.14	0.041	  125.71	 99.85
 340.00	 336.86	 5.8521	34.0127	26.7945	 1.38	 59.91	0.042	  125.68	 99.85
 341.00	 337.85	 5.8443	34.0135	26.7961	 1.37	 59.61	0.041	  125.67	 99.85
 342.00	 338.84	 5.8403	34.0138	26.7968	 1.37	 59.48	0.041	  125.59	 99.85
 343.00	 339.83	 5.8290	34.0145	26.7988	 1.37	 59.40	0.041	  125.69	 99.87
 344.00	 340.82	 5.8237	34.0140	26.7991	 1.37	 59.41	0.041	  125.62	 99.86
 345.00	 341.81	 5.8164	34.0141	26.8000	 1.36	 59.33	0.042	  125.60	 99.86
 346.00	 342.80	 5.8145	34.0141	26.8003	 1.36	 59.25	0.041	  125.65	 99.86
 347.00	 343.79	 5.8127	34.0143	26.8007	 1.36	 59.18	0.041	  125.62	 99.87
 348.00	 344.78	 5.8124	34.0144	26.8009	 1.36	 59.10	0.041	  125.60	 99.86
 349.00	 345.77	 5.8113	34.0145	26.8011	 1.36	 58.97	0.041	  125.61	 99.87
 350.00	 346.76	 5.8024	34.0141	26.8018	 1.35	 58.83	0.041	  125.64	 99.87
 351.00	 347.75	 5.7866	34.0151	26.8046	 1.35	 58.57	0.041	  125.57	 99.87
 352.00	 348.74	 5.7661	34.0177	26.8092	 1.34	 58.36	0.041	  125.59	 99.87
 353.00	 349.73	 5.7596	34.0185	26.8106	 1.34	 58.17	0.041	  125.53	 99.87
 354.00	 350.72	 5.7580	34.0189	26.8111	 1.33	 57.98	0.041	  125.60	 99.86
 355.00	 351.70	 5.7562	34.0191	26.8115	 1.33	 57.87	0.041	  125.54	 99.87
 356.00	 352.69	 5.7558	34.0192	26.8116	 1.33	 57.76	0.042	  125.54	 99.87
 357.00	 353.68	 5.7552	34.0193	26.8118	 1.32	 57.61	0.041	  125.64	 99.87
 358.00	 354.67	 5.7547	34.0193	26.8119	 1.32	 57.47	0.041	  125.56	 99.87
 359.00	 355.66	 5.7514	34.0196	26.8125	 1.32	 57.39	0.041	  125.55	 99.88
 360.00	 356.65	 5.7500	34.0199	26.8130	 1.32	 57.25	0.041	  125.55	 99.88
 361.00	 357.64	 5.7472	34.0201	26.8135	 1.31	 57.05	0.041	  125.59	 99.88
 362.00	 358.63	 5.7393	34.0210	26.8151	 1.31	 56.82	0.041	  125.54	 99.88
 363.00	 359.62	 5.7317	34.0220	26.8169	 1.30	 56.69	0.041	  125.57	 99.88
 364.00	 360.61	 5.7265	34.0222	26.8177	 1.30	 56.46	0.041	  125.54	 99.88
 365.00	 361.60	 5.7197	34.0231	26.8193	 1.30	 56.35	0.041	  125.55	 99.88
 366.00	 362.59	 5.7157	34.0236	26.8201	 1.29	 56.10	0.041	  125.53	 99.88
 367.00	 363.58	 5.7060	34.0240	26.8217	 1.28	 55.87	0.042	  125.58	 99.88
 368.00	 364.57	 5.6914	34.0239	26.8233	 1.28	 55.62	0.042	  125.54	 99.88
 369.00	 365.56	 5.6767	34.0253	26.8262	 1.28	 55.51	0.041	  125.59	 99.88
 370.00	 366.55	 5.6668	34.0251	26.8273	 1.27	 55.31	0.041	  125.59	 99.88
 371.00	 367.54	 5.6540	34.0262	26.8297	 1.27	 55.03	0.041	  125.52	 99.88
 372.00	 368.53	 5.6490	34.0270	26.8310	 1.25	 54.54	0.041	  125.56	 99.88
 373.00	 369.52	 5.6445	34.0297	26.8337	 1.24	 54.08	0.042	  125.60	 99.88
 374.00	 370.51	 5.6437	34.0305	26.8345	 1.24	 53.74	0.041	  125.51	 99.88
 375.00	 371.50	 5.6387	34.0308	26.8353	 1.23	 53.42	0.040	  125.55	 99.88
 376.00	 372.49	 5.6321	34.0318	26.8369	 1.23	 53.30	0.041	  125.55	 99.88
 377.00	 373.48	 5.6317	34.0320	26.8371	 1.22	 53.15	0.041	  125.50	 99.88
 378.00	 374.47	 5.6304	34.0321	26.8374	 1.22	 53.08	0.041	  125.49	 99.88
 379.00	 375.46	 5.6293	34.0320	26.8374	 1.22	 52.93	0.041	  125.50	 99.88
 380.00	 376.45	 5.6289	34.0321	26.8375	 1.22	 52.88	0.041	  125.50	 99.88
 381.00	 377.44	 5.6284	34.0324	26.8379	 1.21	 52.73	0.041	  125.53	 99.89
 382.00	 378.43	 5.6278	34.0324	26.8380	 1.21	 52.71	0.042	  125.50	 99.89
 383.00	 379.42	 5.6268	34.0326	26.8382	 1.21	 52.48	0.042	  125.51	 99.89
 384.00	 380.41	 5.6226	34.0328	26.8389	 1.20	 52.33	0.042	  125.47	 99.89
 385.00	 381.40	 5.6115	34.0328	26.8403	 1.20	 52.12	0.041	  125.49	 99.89
 386.00	 382.39	 5.5865	34.0347	26.8448	 1.20	 52.01	0.042	  125.48	 99.89
 387.00	 383.38	 5.5764	34.0349	26.8461	 1.19	 51.89	0.041	  125.50	 99.89
 388.00	 384.37	 5.5669	34.0352	26.8475	 1.19	 51.77	0.040	  125.53	 99.89
 389.00	 385.36	 5.5622	34.0354	26.8483	 1.19	 51.61	0.041	  125.50	 99.89
 390.00	 386.35	 5.5598	34.0356	26.8487	 1.19	 51.58	0.041	  125.50	 99.89
 391.00	 387.34	 5.5560	34.0356	26.8492	 1.18	 51.54	0.041	  125.51	 99.89
 392.00	 388.33	 5.5530	34.0357	26.8497	 1.18	 51.50	0.041	  125.51	 99.89
 393.00	 389.32	 5.5495	34.0359	26.8502	 1.18	 51.50	0.042	  125.48	 99.89
 394.00	 390.31	 5.5470	34.0362	26.8508	 1.18	 51.41	0.041	  125.51	 99.90
 395.00	 391.30	 5.5476	34.0362	26.8507	 1.18	 51.31	0.042	  125.51	 99.90
 396.00	 392.29	 5.5431	34.0360	26.8511	 1.17	 51.00	0.041	  125.51	 99.89
 397.00	 393.28	 5.5239	34.0374	26.8545	 1.17	 50.77	0.042	  125.54	 99.90
 398.00	 394.26	 5.5133	34.0386	26.8568	 1.16	 50.51	0.041	  125.53	 99.90
 399.00	 395.25	 5.5075	34.0396	26.8583	 1.16	 50.37	0.041	  125.56	 99.90
 400.00	 396.24	 5.5039	34.0403	26.8593	 1.15	 50.17	0.041	  125.54	 99.90
 401.00	 397.23	 5.4995	34.0408	26.8602	 1.15	 49.96	0.041	  125.52	 99.90
 402.00	 398.22	 5.4952	34.0415	26.8612	 1.14	 49.77	0.041	  125.54	 99.90
 403.00	 399.21	 5.4941	34.0417	26.8616	 1.14	 49.63	0.041	  125.47	 99.90
 404.00	 400.20	 5.4923	34.0418	26.8618	 1.14	 49.43	0.041	  125.55	 99.90
 405.00	 401.19	 5.4839	34.0427	26.8636	 1.14	 49.36	0.041	  125.52	 99.90
 406.00	 402.18	 5.4806	34.0431	26.8643	 1.13	 49.27	0.041	  125.59	 99.90
 407.00	 403.17	 5.4752	34.0431	26.8650	 1.13	 49.29	0.041	  125.47	 99.90
 408.00	 404.16	 5.4598	34.0413	26.8654	 1.13	 49.31	0.041	  125.47	 99.90
 409.00	 405.15	 5.4431	34.0417	26.8677	 1.13	 49.24	0.041	  125.53	 99.90
 410.00	 406.14	 5.4402	34.0417	26.8680	 1.13	 49.18	0.041	  125.50	 99.90
 411.00	 407.13	 5.4384	34.0417	26.8683	 1.13	 49.16	0.041	  125.52	 99.90
 412.00	 408.12	 5.4325	34.0419	26.8692	 1.13	 49.05	0.041	  125.50	 99.90
 413.00	 409.11	 5.4238	34.0421	26.8704	 1.12	 48.91	0.041	  125.50	 99.90
 414.00	 410.10	 5.4139	34.0425	26.8718	 1.12	 48.82	0.042	  125.51	 99.90
 415.00	 411.09	 5.4124	34.0427	26.8722	 1.12	 48.82	0.041	  125.47	 99.90
 416.00	 412.08	 5.4122	34.0429	26.8724	 1.12	 48.71	0.041	  125.54	 99.90
 417.00	 413.07	 5.4118	34.0430	26.8725	 1.12	 48.61	0.041	  125.52	 99.90
 418.00	 414.06	 5.4108	34.0434	26.8730	 1.11	 48.47	0.041	  125.44	 99.90
 419.00	 415.05	 5.4092	34.0442	26.8738	 1.11	 48.29	0.041	  125.47	 99.90
 420.00	 416.04	 5.4059	34.0446	26.8745	 1.11	 48.16	0.041	  125.45	 99.90
 421.00	 417.03	 5.4005	34.0450	26.8754	 1.11	 48.09	0.041	  125.49	 99.90
 422.00	 418.02	 5.3951	34.0454	26.8764	 1.10	 47.94	0.041	  125.46	 99.90
 423.00	 419.01	 5.3874	34.0459	26.8777	 1.10	 47.66	0.041	  125.46	 99.90
 424.00	 419.99	 5.3779	34.0471	26.8799	 1.09	 47.38	0.041	  125.44	 99.91
 425.00	 420.98	 5.3663	34.0479	26.8818	 1.09	 47.22	0.041	  125.50	 99.90
 426.00	 421.97	 5.3565	34.0496	26.8843	 1.08	 46.95	0.041	  125.41	 99.90
 427.00	 422.96	 5.3505	34.0497	26.8851	 1.08	 46.76	0.041	  125.41	 99.90
 428.00	 423.95	 5.3478	34.0503	26.8860	 1.07	 46.55	0.042	  125.40	 99.90
 429.00	 424.94	 5.3459	34.0510	26.8867	 1.07	 46.36	0.041	  125.42	 99.90
