wcoa21_data_management/01_CRUISE_METADATA/00_OCADS_data/CTD_downcasts/WCOA_2021_CTD_downcasts/dRB2102_CTD_068_01_F.txt
* Sea-Bird SBE 9 Data:
* Software Version Seasave V 7.26.7.107
* Vessel: NOAA Ship Ronald H. Brown
* Cruise: RB2102, West Coast Ocean Acidification (WCOA) 2021
* Dates: 20210622 to 20210723
* Region: NE Pacific, USA West Coast
* Ports: San Diego, CA to Port Angeles, WA to San Diego, CA
* Chief Scientists: R. Feely, NOAA PMEL; D. Greeley, NOAA PMEL; B. Carter, NOAA PMEL / UW CICOES
*END*
   4.00	   3.97	13.1729	33.2032	24.9670	 7.88	343.46	0.425	  171.08	 30.82
   5.00	   4.96	13.0179	33.2234	25.0134	 7.62	331.84	0.469	  170.69	 30.17
   6.00	   5.95	12.9911	33.2268	25.0214	 7.50	326.56	0.415	  170.72	 29.20
   7.00	   6.95	12.9485	33.2321	25.0339	 7.39	322.19	0.424	  170.73	 28.28
   8.00	   7.94	12.9903	33.2289	25.0232	 7.54	328.32	0.430	  170.69	 27.32
   9.00	   8.93	13.0706	33.2189	24.9996	 7.56	329.39	0.446	  170.58	 26.08
  10.00	   9.92	12.9208	33.2370	25.0432	 7.37	321.09	0.426	  170.62	 25.22
  11.00	  10.91	12.9095	33.2383	25.0464	 7.33	319.21	0.427	  170.61	 24.30
  12.00	  11.91	12.8091	33.2439	25.0705	 7.26	316.22	0.443	  170.67	 23.22
  13.00	  12.90	12.7313	33.2582	25.0968	 7.14	311.02	0.402	  170.63	 22.23
  14.00	  13.89	12.3972	33.2878	25.1844	 6.76	294.68	0.366	  170.89	 21.27
  15.00	  14.88	12.1747	33.3066	25.2415	 6.73	293.15	0.366	  170.95	 20.30
  16.00	  15.87	11.9848	33.3155	25.2842	 6.81	296.54	0.555	  170.96	 19.20
  17.00	  16.87	11.5639	33.3235	25.3686	 6.66	289.98	0.492	  171.01	 18.29
  18.00	  17.86	11.1394	33.3319	25.4522	 6.21	270.45	0.364	  171.18	 17.31
  19.00	  18.85	10.8131	33.3396	25.5161	 5.86	255.29	0.353	  171.48	 16.20
  20.00	  19.84	10.4927	33.3598	25.5878	 5.61	244.25	0.260	  171.63	 15.37
  21.00	  20.84	10.3218	33.3718	25.6266	 5.40	234.93	0.272	  171.75	 14.37
  22.00	  21.83	10.0577	33.3999	25.6934	 5.18	225.61	0.192	  171.94	 13.29
  23.00	  22.82	 9.8747	33.4193	25.7391	 5.04	219.64	0.163	  172.04	 12.15
  24.00	  23.81	 9.7863	33.4515	25.7790	 4.92	214.39	0.255	  172.11	 11.35
  25.00	  24.80	 9.5693	33.5169	25.8658	 4.71	204.96	0.184	  172.24	 10.25
  26.00	  25.80	 9.5693	33.5164	25.8655	 4.99	217.21	0.220	  171.28	  8.86
