wcoa21_data_management/01_CRUISE_METADATA/00_OCADS_data/CTD_downcasts/WCOA_2021_CTD_downcasts/dRB2102_CTD_096_01_F.txt
* Sea-Bird SBE 9 Data:
* Software Version Seasave V 7.26.7.107
* Vessel: NOAA Ship Ronald H. Brown
* Cruise: RB2102, West Coast Ocean Acidification (WCOA) 2021
* Dates: 20210622 to 20210723
* Region: NE Pacific, USA West Coast
* Ports: San Diego, CA to Port Angeles, WA to San Diego, CA
* Chief Scientists: R. Feely, NOAA PMEL; D. Greeley, NOAA PMEL; B. Carter, NOAA PMEL / UW CICOES
*END*
[from data line 1494]
1497.00	1480.71	 2.8750	34.5475	27.5447	 1.04	 45.09	0.040	  170.88	 99.99
1498.00	1481.69	 2.8750	34.5474	27.5446	 1.04	 45.10	0.040	  170.85	100.00
1499.00	1482.68	 2.8748	34.5474	27.5446	 1.03	 44.94	0.040	  170.87	 99.99
1500.00	1483.66	 2.8741	34.5476	27.5449	 1.04	 45.02	0.040	  170.87	 99.99
1501.00	1484.65	 2.8733	34.5476	27.5449	 1.04	 45.05	0.040	  170.85	 99.99
1502.00	1485.63	 2.8728	34.5476	27.5450	 1.03	 44.84	0.040	  170.86	 99.99
1503.00	1486.62	 2.8723	34.5475	27.5450	 1.04	 45.12	0.040	  170.81	 99.99
1504.00	1487.60	 2.8720	34.5477	27.5451	 1.04	 45.23	0.040	  170.83	 99.99
1505.00	1488.59	 2.8703	34.5477	27.5453	 1.04	 45.38	0.040	  170.83	 99.99
1506.00	1489.58	 2.8687	34.5481	27.5458	 1.04	 45.35	0.040	  170.81	 99.99
1507.00	1490.56	 2.8673	34.5483	27.5461	 1.05	 45.56	0.042	  170.79	 99.99
1508.00	1491.55	 2.8616	34.5488	27.5469	 1.05	 45.85	0.041	  170.78	 99.99
1509.00	1492.53	 2.8578	34.5492	27.5477	 1.05	 45.70	0.040	  170.83	100.00
1510.00	1493.52	 2.8525	34.5493	27.5482	 1.06	 45.94	0.040	  170.78	 99.99
1511.00	1494.50	 2.8484	34.5498	27.5490	 1.06	 46.07	0.040	  170.84	 99.99
1512.00	1495.49	 2.8475	34.5497	27.5490	 1.05	 45.84	0.041	  170.82	 99.99
1513.00	1496.47	 2.8468	34.5498	27.5491	 1.06	 45.91	0.041	  170.78	 99.99
1514.00	1497.46	 2.8447	34.5499	27.5494	 1.06	 45.93	0.040	  170.80	 99.99
1515.00	1498.45	 2.8443	34.5498	27.5494	 1.06	 45.91	0.040	  170.75	 99.99
1516.00	1499.43	 2.8433	34.5498	27.5494	 1.06	 46.02	0.040	  170.65	 99.99
1517.00	1500.42	 2.8412	34.5496	27.5495	 1.05	 45.78	0.040	  170.70	 99.99
1518.00	1501.40	 2.8406	34.5495	27.5494	 1.04	 45.40	0.040	  170.74	 99.99
1519.00	1502.39	 2.8381	34.5492	27.5494	 1.05	 45.56	0.040	  170.86	 99.99
1520.00	1503.37	 2.8353	34.5488	27.5494	 1.05	 45.49	0.040	  170.70	 99.99
1521.00	1504.36	 2.8302	34.5488	27.5498	 1.04	 45.39	0.040	  170.78	 99.99
1522.00	1505.34	 2.8243	34.5489	27.5504	 1.04	 45.30	0.040	  170.70	 99.99
1523.00	1506.33	 2.8231	34.5492	27.5508	 1.05	 45.44	0.040	  170.71	 99.99
1524.00	1507.32	 2.8224	34.5491	27.5508	 1.05	 45.58	0.040	  170.70	 99.99
1525.00	1508.30	 2.8202	34.5490	27.5508	 1.05	 45.65	0.040	  170.76	 99.99
1526.00	1509.29	 2.8176	34.5491	27.5512	 1.05	 45.61	0.040	  170.72	 99.99
1527.00	1510.27	 2.8149	34.5493	27.5516	 1.05	 45.66	0.040	  170.68	 99.99
1528.00	1511.26	 2.8140	34.5496	27.5519	 1.05	 45.69	0.040	  170.77	 99.99
1529.00	1512.24	 2.8138	34.5495	27.5519	 1.05	 45.61	0.040	  170.77	 99.99
1530.00	1513.23	 2.8136	34.5496	27.5520	 1.05	 45.69	0.040	  170.73	 99.99
1531.00	1514.21	 2.8129	34.5497	27.5521	 1.05	 45.77	0.040	  170.72	 99.99
1532.00	1515.20	 2.8112	34.5497	27.5523	 1.05	 45.66	0.040	  170.67	 99.99
1533.00	1516.18	 2.8093	34.5497	27.5525	 1.05	 45.85	0.040	  170.66	 99.99
1534.00	1517.17	 2.8071	34.5496	27.5526	 1.06	 45.90	0.040	  170.64	 99.99
1535.00	1518.16	 2.8054	34.5498	27.5529	 1.06	 45.96	0.040	  170.67	 99.99
1536.00	1519.14	 2.8053	34.5501	27.5531	 1.06	 45.93	0.040	  170.74	 99.99
1537.00	1520.13	 2.8053	34.5501	27.5531	 1.05	 45.78	0.040	  170.70	 99.99
1538.00	1521.11	 2.8023	34.5499	27.5532	 1.06	 45.97	0.040	  170.63	100.00
1539.00	1522.10	 2.7987	34.5499	27.5536	 1.05	 45.75	0.040	  170.67	 99.99
1540.00	1523.08	 2.8025	34.5497	27.5531	 1.05	 45.72	0.040	  170.71	 99.99
1541.00	1524.07	 2.7937	34.5500	27.5541	 1.06	 46.28	0.040	  170.68	 99.99
1542.00	1525.05	 2.7931	34.5501	27.5542	 1.07	 46.33	0.040	  170.67	 99.99
1543.00	1526.04	 2.7923	34.5503	27.5545	 1.06	 45.94	0.040	  170.70	 99.99
1544.00	1527.02	 2.7910	34.5503	27.5545	 1.07	 46.44	0.040	  170.62	 99.99
1545.00	1528.01	 2.7882	34.5506	27.5550	 1.06	 46.15	0.040	  170.62	100.00
1546.00	1528.99	 2.7878	34.5506	27.5551	 1.06	 45.90	0.040	  170.59	 99.99
1547.00	1529.98	 2.7878	34.5506	27.5551	 1.06	 46.11	0.040	  170.71	 99.99
1548.00	1530.97	 2.7882	34.5507	27.5552	 1.06	 46.17	0.040	  170.63	 99.99
1549.00	1531.95	 2.7888	34.5508	27.5552	 1.07	 46.29	0.040	  170.65	 99.99
1550.00	1532.94	 2.7892	34.5513	27.5556	 1.07	 46.58	0.040	  170.60	 99.99
1551.00	1533.92	 2.7914	34.5520	27.5560	 1.08	 46.75	0.040	  170.65	 99.99
1552.00	1534.91	 2.7926	34.5524	27.5562	 1.08	 47.08	0.040	  170.62	 99.99
1553.00	1535.89	 2.7931	34.5526	27.5563	 1.09	 47.44	0.040	  170.57	 99.99
1554.00	1536.88	 2.7937	34.5534	27.5569	 1.09	 47.37	0.041	  170.56	 99.99
1555.00	1537.86	 2.7936	34.5540	27.5574	 1.09	 47.36	0.041	  170.56	 99.99
1556.00	1538.85	 2.7894	34.5542	27.5579	 1.10	 47.61	0.040	  170.61	 99.99
1557.00	1539.83	 2.7878	34.5544	27.5582	 1.10	 47.85	0.040	  170.59	 99.99
1558.00	1540.82	 2.7876	34.5544	27.5583	 1.10	 47.90	0.040	  170.53	 99.99
1559.00	1541.80	 2.7857	34.5547	27.5587	 1.10	 47.93	0.040	  170.52	 99.99
1560.00	1542.79	 2.7834	34.5549	27.5590	 1.10	 47.88	0.040	  170.54	 99.99
1561.00	1543.78	 2.7809	34.5549	27.5593	 1.11	 48.03	0.040	  170.59	 99.99
1562.00	1544.76	 2.7727	34.5551	27.5601	 1.11	 48.11	0.040	  170.54	 99.99
1563.00	1545.75	 2.7691	34.5554	27.5607	 1.11	 48.05	0.040	  170.53	 99.99
1564.00	1546.73	 2.7681	34.5555	27.5608	 1.11	 48.07	0.040	  170.52	 99.99
1565.00	1547.72	 2.7655	34.5554	27.5610	 1.11	 48.15	0.040	  170.55	 99.99
1566.00	1548.70	 2.7645	34.5555	27.5612	 1.11	 48.30	0.040	  170.54	 99.99
1567.00	1549.69	 2.7642	34.5556	27.5613	 1.11	 48.23	0.040	  170.53	 99.98
1568.00	1550.67	 2.7639	34.5556	27.5613	 1.10	 47.96	0.040	  170.52	 99.98
1569.00	1551.66	 2.7637	34.5556	27.5614	 1.11	 48.12	0.040	  170.48	 99.98
1570.00	1552.64	 2.7628	34.5556	27.5614	 1.11	 48.32	0.040	  170.52	 99.98
1571.00	1553.63	 2.7596	34.5558	27.5619	 1.11	 48.27	0.040	  170.48	 99.99
1572.00	1554.61	 2.7586	34.5560	27.5622	 1.11	 48.22	0.040	  170.50	 99.99
1573.00	1555.60	 2.7578	34.5561	27.5623	 1.11	 48.26	0.040	  170.48	 99.99
1574.00	1556.58	 2.7564	34.5562	27.5625	 1.11	 48.34	0.040	  170.50	 99.99
1575.00	1557.57	 2.7561	34.5563	27.5626	 1.12	 48.48	0.040	  170.52	 99.98
1576.00	1558.55	 2.7558	34.5564	27.5627	 1.11	 48.40	0.040	  170.48	 99.99
1577.00	1559.54	 2.7547	34.5563	27.5628	 1.11	 48.44	0.040	  170.46	 99.99
1578.00	1560.53	 2.7542	34.5566	27.5630	 1.12	 48.57	0.040	  170.43	 99.99
1579.00	1561.51	 2.7532	34.5565	27.5630	 1.12	 48.66	0.040	  170.47	 99.99
1580.00	1562.50	 2.7504	34.5566	27.5634	 1.12	 48.75	0.040	  170.42	 99.99
1581.00	1563.48	 2.7452	34.5566	27.5639	 1.12	 48.58	0.040	  170.44	 99.99
1582.00	1564.47	 2.7385	34.5569	27.5647	 1.12	 48.66	0.040	  170.45	 99.99
1583.00	1565.45	 2.7345	34.5571	27.5651	 1.13	 48.94	0.040	  170.43	 99.99
1584.00	1566.44	 2.7333	34.5574	27.5655	 1.13	 49.10	0.040	  170.43	 99.98
1585.00	1567.42	 2.7318	34.5572	27.5655	 1.13	 49.04	0.040	  170.47	 99.98
1586.00	1568.41	 2.7285	34.5575	27.5660	 1.14	 49.37	0.040	  170.42	 99.98
1587.00	1569.39	 2.7234	34.5581	27.5670	 1.14	 49.52	0.040	  170.48	 99.99
1588.00	1570.38	 2.7215	34.5585	27.5674	 1.14	 49.44	0.040	  170.42	 99.99
1589.00	1571.36	 2.7195	34.5584	27.5675	 1.13	 49.17	0.040	  170.43	 99.99
1590.00	1572.35	 2.7180	34.5585	27.5678	 1.13	 49.32	0.040	  170.43	 99.99
1591.00	1573.33	 2.7156	34.5584	27.5679	 1.14	 49.50	0.040	  170.41	 99.99
1592.00	1574.32	 2.7133	34.5586	27.5683	 1.14	 49.43	0.041	  170.40	 99.99
1593.00	1575.30	 2.7125	34.5585	27.5683	 1.13	 49.23	0.041	  170.43	 99.98
1594.00	1576.29	 2.7124	34.5586	27.5684	 1.13	 49.26	0.040	  170.35	 99.99
1595.00	1577.27	 2.7122	34.5587	27.5684	 1.14	 49.52	0.040	  170.42	 99.98
1596.00	1578.26	 2.7114	34.5588	27.5686	 1.13	 49.28	0.040	  170.43	 99.98
1597.00	1579.24	 2.7110	34.5587	27.5686	 1.14	 49.45	0.040	  170.43	 99.98
1598.00	1580.23	 2.7103	34.5590	27.5688	 1.14	 49.44	0.040	  170.35	 99.99
1599.00	1581.21	 2.7091	34.5588	27.5689	 1.14	 49.38	0.040	  170.39	 99.99
1600.00	1582.20	 2.7080	34.5588	27.5689	 1.13	 49.24	0.040	  170.39	 99.98
1601.00	1583.18	 2.7040	34.5587	27.5692	 1.13	 49.08	0.040	  170.39	 99.98
1602.00	1584.17	 2.7003	34.5588	27.5696	 1.14	 49.33	0.040	  170.34	 99.98
1603.00	1585.15	 2.6983	34.5588	27.5698	 1.14	 49.51	0.040	  170.34	 99.98
1604.00	1586.14	 2.6965	34.5588	27.5699	 1.14	 49.63	0.040	  170.35	 99.99
1605.00	1587.12	 2.6955	34.5589	27.5701	 1.14	 49.57	0.040	  170.40	 99.98
1606.00	1588.11	 2.6944	34.5590	27.5702	 1.14	 49.33	0.040	  170.37	 99.98
1607.00	1589.10	 2.6929	34.5589	27.5704	 1.14	 49.56	0.040	  170.24	 99.99
1608.00	1590.08	 2.6919	34.5590	27.5705	 1.14	 49.45	0.040	  170.25	 99.99
1609.00	1591.07	 2.6914	34.5591	27.5706	 1.14	 49.44	0.040	  170.28	 99.98
1610.00	1592.05	 2.6908	34.5592	27.5708	 1.16	 50.35	0.040	  170.35	 99.99
1611.00	1593.04	 2.6911	34.5605	27.5718	 1.16	 50.47	0.040	  170.28	 99.98
1612.00	1594.02	 2.6921	34.5615	27.5725	 1.16	 50.53	0.040	  170.32	 99.99
1613.00	1595.01	 2.6917	34.5616	27.5726	 1.17	 50.86	0.040	  170.27	 99.99
1614.00	1595.99	 2.6901	34.5618	27.5729	 1.17	 51.05	0.040	  170.32	 99.98
1615.00	1596.98	 2.6871	34.5621	27.5734	 1.18	 51.19	0.040	  170.30	 99.98
1616.00	1597.96	 2.6855	34.5624	27.5738	 1.18	 51.16	0.040	  170.24	 99.99
1617.00	1598.95	 2.6832	34.5624	27.5740	 1.18	 51.32	0.040	  170.30	 99.98
1618.00	1599.93	 2.6812	34.5628	27.5746	 1.17	 50.82	0.040	  170.27	 99.98
1619.00	1600.92	 2.6810	34.5633	27.5749	 1.19	 51.69	0.040	  170.26	 99.98
1620.00	1601.90	 2.6816	34.5638	27.5753	 1.20	 52.00	0.040	  170.24	 99.98
1621.00	1602.89	 2.6820	34.5641	27.5756	 1.19	 51.70	0.040	  170.29	 99.98
1622.00	1603.87	 2.6818	34.5643	27.5757	 1.19	 51.70	0.040	  170.22	 99.98
1623.00	1604.86	 2.6819	34.5641	27.5756	 1.19	 51.70	0.040	  170.24	 99.98
1624.00	1605.84	 2.6809	34.5645	27.5760	 1.20	 52.06	0.040	  170.26	 99.98
1625.00	1606.83	 2.6781	34.5651	27.5767	 1.20	 52.32	0.040	  170.22	 99.98
1626.00	1607.81	 2.6735	34.5654	27.5773	 1.20	 52.23	0.041	  170.25	 99.98
1627.00	1608.80	 2.6706	34.5657	27.5778	 1.20	 52.08	0.042	  170.25	 99.98
1628.00	1609.78	 2.6694	34.5658	27.5780	 1.21	 52.49	0.041	  170.20	 99.98
1629.00	1610.77	 2.6691	34.5659	27.5781	 1.21	 52.52	0.040	  170.19	 99.98
1630.00	1611.75	 2.6684	34.5659	27.5782	 1.20	 52.06	0.040	  170.19	 99.98
1631.00	1612.74	 2.6670	34.5658	27.5782	 1.21	 52.41	0.040	  170.15	 99.98
1632.00	1613.72	 2.6661	34.5660	27.5785	 1.21	 52.38	0.040	  170.17	 99.98
1633.00	1614.71	 2.6657	34.5660	27.5785	 1.21	 52.51	0.040	  170.15	 99.98
1634.00	1615.69	 2.6638	34.5661	27.5788	 1.21	 52.63	0.040	  170.19	 99.98
1635.00	1616.68	 2.6628	34.5662	27.5790	 1.21	 52.62	0.040	  170.19	 99.98
1636.00	1617.66	 2.6606	34.5664	27.5793	 1.21	 52.53	0.040	  170.14	 99.98
1637.00	1618.65	 2.6567	34.5666	27.5798	 1.21	 52.47	0.040	  170.20	 99.98
1638.00	1619.63	 2.6537	34.5669	27.5803	 1.21	 52.55	0.040	  170.19	 99.98
1639.00	1620.62	 2.6531	34.5670	27.5804	 1.21	 52.57	0.040	  170.18	 99.98
1640.00	1621.60	 2.6522	34.5671	27.5806	 1.22	 52.81	0.040	  170.21	 99.98
1641.00	1622.59	 2.6510	34.5670	27.5806	 1.22	 53.09	0.040	  170.17	 99.98
1642.00	1623.57	 2.6491	34.5673	27.5810	 1.22	 53.02	0.040	  170.15	 99.98
1643.00	1624.56	 2.6484	34.5675	27.5812	 1.23	 53.28	0.040	  170.18	 99.98
1644.00	1625.54	 2.6468	34.5676	27.5815	 1.23	 53.55	0.040	  170.18	 99.98
1645.00	1626.53	 2.6439	34.5674	27.5816	 1.22	 53.15	0.040	  170.15	 99.98
1646.00	1627.51	 2.6389	34.5678	27.5823	 1.22	 53.20	0.040	  170.12	 99.98
1647.00	1628.50	 2.6349	34.5683	27.5830	 1.23	 53.27	0.040	  170.13	 99.98
1648.00	1629.48	 2.6331	34.5684	27.5833	 1.23	 53.65	0.040	  170.09	 99.98
1649.00	1630.47	 2.6303	34.5685	27.5836	 1.23	 53.58	0.040	  170.10	 99.98
1650.00	1631.45	 2.6262	34.5686	27.5841	 1.23	 53.53	0.040	  170.12	 99.98
1651.00	1632.44	 2.6217	34.5690	27.5847	 1.23	 53.58	0.040	  170.12	 99.98
1652.00	1633.42	 2.6154	34.5682	27.5847	 1.22	 53.16	0.040	  170.09	 99.98
1653.00	1634.41	 2.5981	34.5663	27.5846	 1.20	 52.37	0.040	  170.13	 99.98
1654.00	1635.39	 2.5923	34.5662	27.5851	 1.21	 52.61	0.040	  170.04	 99.98
1655.00	1636.37	 2.5890	34.5661	27.5852	 1.21	 52.38	0.040	  170.07	 99.98
1656.00	1637.36	 2.5855	34.5656	27.5851	 1.19	 51.52	0.040	  170.10	 99.98
1657.00	1638.34	 2.5807	34.5654	27.5854	 1.19	 51.85	0.040	  170.16	 99.98
1658.00	1639.33	 2.5797	34.5652	27.5853	 1.19	 51.78	0.040	  170.12	 99.98
1659.00	1640.31	 2.5788	34.5654	27.5855	 1.19	 51.65	0.040	  170.06	 99.98
1660.00	1641.30	 2.5782	34.5655	27.5857	 1.20	 51.98	0.040	  170.10	 99.98
1661.00	1642.28	 2.5783	34.5656	27.5858	 1.20	 51.98	0.040	  170.08	 99.98
1662.00	1643.27	 2.5781	34.5657	27.5858	 1.20	 52.01	0.040	  170.12	 99.98
1663.00	1644.25	 2.5762	34.5660	27.5863	 1.21	 52.53	0.040	  170.10	 99.98
1664.00	1645.24	 2.5761	34.5661	27.5864	 1.21	 52.54	0.040	  170.07	 99.98
1665.00	1646.22	 2.5756	34.5664	27.5867	 1.20	 52.25	0.040	  170.10	 99.98
1666.00	1647.21	 2.5757	34.5667	27.5869	 1.21	 52.57	0.040	  170.12	 99.99
1667.00	1648.19	 2.5756	34.5667	27.5869	 1.21	 52.40	0.040	  170.05	 99.98
1668.00	1649.18	 2.5748	34.5669	27.5871	 1.21	 52.42	0.040	  170.03	 99.98
1669.00	1650.16	 2.5736	34.5670	27.5874	 1.21	 52.57	0.040	  170.05	 99.98
1670.00	1651.15	 2.5733	34.5671	27.5875	 1.21	 52.70	0.040	  170.04	 99.98
1671.00	1652.13	 2.5715	34.5668	27.5874	 1.22	 52.81	0.040	  170.01	 99.98
1672.00	1653.12	 2.5623	34.5680	27.5891	 1.22	 53.11	0.040	  169.98	 99.98
1673.00	1654.10	 2.5598	34.5677	27.5891	 1.22	 52.84	0.040	  170.04	 99.98
1674.00	1655.09	 2.5559	34.5673	27.5891	 1.21	 52.45	0.040	  170.02	 99.98
1675.00	1656.07	 2.5532	34.5674	27.5894	 1.22	 52.81	0.040	  169.94	 99.98
1676.00	1657.06	 2.5514	34.5669	27.5891	 1.21	 52.48	0.040	  170.03	 99.98
1677.00	1658.04	 2.5488	34.5671	27.5896	 1.20	 52.26	0.040	  169.91	 99.99
1678.00	1659.03	 2.5493	34.5671	27.5895	 1.21	 52.60	0.040	  169.96	 99.98
1679.00	1660.01	 2.5478	34.5669	27.5895	 1.21	 52.54	0.040	  170.02	 99.98
1680.00	1661.00	 2.5524	34.5669	27.5891	 1.20	 52.37	0.040	  169.98	 99.98
1681.00	1661.98	 2.5408	34.5667	27.5899	 1.20	 52.27	0.040	  170.02	 99.98
1682.00	1662.97	 2.5360	34.5668	27.5904	 1.21	 52.73	0.040	  169.99	 99.98
1683.00	1663.95	 2.5323	34.5671	27.5910	 1.21	 52.77	0.040	  169.91	 99.98
1684.00	1664.93	 2.5320	34.5671	27.5910	 1.20	 52.24	0.040	  169.95	 99.98
1685.00	1665.92	 2.5311	34.5671	27.5911	 1.21	 52.48	0.040	  169.98	 99.98
1686.00	1666.90	 2.5292	34.5671	27.5913	 1.21	 52.52	0.040	  169.93	 99.98
1687.00	1667.89	 2.5286	34.5672	27.5914	 1.21	 52.45	0.040	  169.91	 99.98
1688.00	1668.87	 2.5273	34.5671	27.5915	 1.21	 52.55	0.040	  169.99	 99.98
1689.00	1669.86	 2.5270	34.5674	27.5916	 1.21	 52.56	0.040	  170.00	 99.98
1690.00	1670.84	 2.5271	34.5674	27.5917	 1.21	 52.61	0.041	  169.98	 99.98
1691.00	1671.83	 2.5257	34.5675	27.5919	 1.21	 52.72	0.040	  169.99	 99.98
1692.00	1672.81	 2.5236	34.5676	27.5922	 1.22	 52.92	0.040	  169.95	 99.98
1693.00	1673.80	 2.5231	34.5677	27.5923	 1.22	 52.98	0.040	  169.96	 99.98
1694.00	1674.78	 2.5219	34.5679	27.5925	 1.22	 52.82	0.040	  170.03	 99.98
1695.00	1675.77	 2.5202	34.5679	27.5927	 1.22	 53.15	0.041	  170.00	 99.98
1696.00	1676.75	 2.5183	34.5682	27.5931	 1.22	 53.08	0.042	  170.04	 99.98
1697.00	1677.74	 2.5167	34.5685	27.5935	 1.22	 52.86	0.040	  169.97	 99.98
1698.00	1678.72	 2.5164	34.5684	27.5935	 1.22	 52.98	0.040	  169.97	 99.98
1699.00	1679.71	 2.5151	34.5684	27.5935	 1.22	 53.11	0.040	  169.96	 99.98
1700.00	1680.69	 2.5140	34.5685	27.5937	 1.23	 53.39	0.040	  169.96	 99.98
1701.00	1681.67	 2.5112	34.5687	27.5941	 1.23	 53.50	0.040	  169.94	 99.98
1702.00	1682.66	 2.5094	34.5695	27.5949	 1.23	 53.44	0.040	  170.00	 99.98
1703.00	1683.64	 2.5035	34.5693	27.5952	 1.24	 53.81	0.040	  169.95	 99.98
1704.00	1684.63	 2.5012	34.5700	27.5960	 1.24	 54.07	0.040	  169.94	 99.98
1705.00	1685.61	 2.4992	34.5702	27.5964	 1.24	 54.10	0.040	  169.95	 99.98
1706.00	1686.60	 2.4981	34.5704	27.5966	 1.24	 54.06	0.040	  169.93	 99.98
1707.00	1687.58	 2.4978	34.5705	27.5967	 1.24	 53.87	0.040	  169.94	 99.98
1708.00	1688.57	 2.4969	34.5705	27.5968	 1.24	 54.04	0.040	  169.96	 99.98
