wcoa21_data_management/01_CRUISE_METADATA/00_OCADS_data/CTD_downcasts/WCOA_2021_CTD_downcasts/dRB2102_CTD_053_01_F.txt
* Sea-Bird SBE 9 Data:
* Software Version Seasave V 7.26.7.107
* Vessel: NOAA Ship Ronald H. Brown
* Cruise: RB2102, West Coast Ocean Acidification (WCOA) 2021
* Dates: 20210622 to 20210723
* Region: NE Pacific, USA West Coast
* Ports: San Diego, CA to Port Angeles, WA to San Diego, CA
* Chief Scientists: R. Feely, NOAA PMEL; D. Greeley, NOAA PMEL; B. Carter, NOAA PMEL / UW CICOES
*END*
[from data line 427]
 431.00	 427.10	 6.0542	34.1061	26.8442	 0.97	 42.25	0.040	  166.16	 99.93
 432.00	 428.09	 6.0521	34.1081	26.8460	 0.97	 42.00	0.040	  166.12	 99.93
 433.00	 429.08	 6.0520	34.1101	26.8476	 0.96	 41.64	0.040	  166.14	 99.93
 434.00	 430.07	 6.0460	34.1114	26.8494	 0.95	 41.35	0.040	  166.15	 99.93
 435.00	 431.06	 6.0365	34.1113	26.8505	 0.95	 41.21	0.040	  166.08	 99.93
 436.00	 432.05	 6.0326	34.1118	26.8514	 0.94	 41.03	0.040	  166.12	 99.93
 437.00	 433.04	 6.0310	34.1129	26.8525	 0.94	 40.88	0.040	  166.07	 99.93
 438.00	 434.03	 6.0331	34.1140	26.8532	 0.94	 40.69	0.040	  166.18	 99.93
 439.00	 435.01	 6.0318	34.1140	26.8533	 0.93	 40.62	0.041	  166.13	 99.93
 440.00	 436.00	 6.0213	34.1137	26.8544	 0.93	 40.59	0.041	  166.12	 99.93
 441.00	 436.99	 6.0177	34.1136	26.8548	 0.93	 40.56	0.040	  166.12	 99.93
 442.00	 437.98	 5.9980	34.1115	26.8556	 0.93	 40.62	0.041	  166.08	 99.93
 443.00	 438.97	 5.9818	34.1102	26.8566	 0.94	 40.67	0.041	  166.13	 99.93
 444.00	 439.96	 5.9532	34.1074	26.8580	 0.93	 40.49	0.041	  166.11	 99.94
 445.00	 440.95	 5.9244	34.1079	26.8620	 0.92	 40.13	0.041	  166.14	 99.93
 446.00	 441.94	 5.9341	34.1152	26.8666	 0.92	 39.91	0.040	  166.05	 99.94
 447.00	 442.93	 5.9429	34.1165	26.8665	 0.91	 39.61	0.041	  166.07	 99.93
 448.00	 443.92	 5.9428	34.1175	26.8673	 0.90	 39.26	0.041	  166.04	 99.94
 449.00	 444.91	 5.9478	34.1188	26.8677	 0.90	 39.12	0.040	  166.08	 99.93
 450.00	 445.90	 5.9479	34.1193	26.8681	 0.90	 39.00	0.041	  166.08	 99.94
 451.00	 446.89	 5.9474	34.1195	26.8683	 0.89	 38.80	0.041	  166.05	 99.94
 452.00	 447.88	 5.9500	34.1205	26.8688	 0.89	 38.64	0.041	  166.09	 99.94
 453.00	 448.87	 5.9537	34.1214	26.8691	 0.89	 38.58	0.042	  166.08	 99.94
 454.00	 449.86	 5.9539	34.1220	26.8696	 0.89	 38.51	0.040	  166.09	 99.94
 455.00	 450.85	 5.9545	34.1224	26.8698	 0.88	 38.37	0.040	  166.06	 99.94
 456.00	 451.84	 5.9570	34.1236	26.8704	 0.88	 38.09	0.041	  166.09	 99.94
 457.00	 452.83	 5.9610	34.1248	26.8709	 0.87	 37.94	0.041	  166.10	 99.94
 458.00	 453.82	 5.9630	34.1255	26.8712	 0.87	 37.79	0.040	  166.09	 99.95
 459.00	 454.81	 5.9648	34.1263	26.8716	 0.86	 37.51	0.040	  166.10	 99.94
 460.00	 455.80	 5.9592	34.1264	26.8724	 0.86	 37.28	0.040	  166.05	 99.94
 461.00	 456.79	 5.9311	34.1281	26.8773	 0.85	 37.13	0.040	  166.07	 99.94
 462.00	 457.78	 5.9148	34.1312	26.8818	 0.85	 36.95	0.040	  166.11	 99.95
 463.00	 458.77	 5.9123	34.1317	26.8825	 0.84	 36.69	0.040	  166.04	 99.95
 464.00	 459.76	 5.9099	34.1320	26.8830	 0.84	 36.65	0.040	  166.10	 99.95
 465.00	 460.75	 5.9015	34.1304	26.8828	 0.84	 36.70	0.040	  166.05	 99.95
 466.00	 461.74	 5.8875	34.1310	26.8850	 0.84	 36.71	0.040	  166.05	 99.95
 467.00	 462.73	 5.8810	34.1305	26.8855	 0.84	 36.74	0.040	  166.04	 99.95
 468.00	 463.72	 5.8668	34.1296	26.8865	 0.85	 36.75	0.040	  166.04	 99.95
 469.00	 464.71	 5.8588	34.1291	26.8871	 0.85	 36.77	0.040	  166.09	 99.95
 470.00	 465.70	 5.8440	34.1280	26.8881	 0.85	 36.80	0.040	  166.03	 99.95
 471.00	 466.69	 5.8362	34.1277	26.8888	 0.85	 36.79	0.040	  166.07	 99.95
 472.00	 467.68	 5.8265	34.1274	26.8898	 0.85	 36.79	0.040	  166.04	 99.95
 473.00	 468.67	 5.8216	34.1276	26.8906	 0.84	 36.65	0.040	  166.08	 99.95
 474.00	 469.66	 5.8172	34.1284	26.8918	 0.84	 36.45	0.040	  166.02	 99.95
 475.00	 470.65	 5.8140	34.1295	26.8931	 0.83	 36.09	0.040	  166.06	 99.95
 476.00	 471.64	 5.8217	34.1343	26.8959	 0.82	 35.71	0.041	  166.10	 99.95
 477.00	 472.63	 5.8251	34.1351	26.8962	 0.82	 35.52	0.042	  166.01	 99.95
 478.00	 473.62	 5.8264	34.1359	26.8966	 0.81	 35.33	0.041	  166.05	 99.95
 479.00	 474.61	 5.8285	34.1371	26.8973	 0.81	 35.14	0.040	  166.10	 99.95
 480.00	 475.60	 5.8365	34.1380	26.8970	 0.81	 35.05	0.040	  166.06	 99.95
 481.00	 476.59	 5.8370	34.1379	26.8969	 0.81	 35.05	0.040	  166.06	 99.95
 482.00	 477.58	 5.8377	34.1382	26.8971	 0.80	 34.87	0.040	  166.03	 99.95
 483.00	 478.56	 5.8416	34.1391	26.8973	 0.80	 34.74	0.040	  165.96	 99.95
 484.00	 479.55	 5.8418	34.1394	26.8975	 0.80	 34.65	0.042	  165.96	 99.95
 485.00	 480.54	 5.8440	34.1404	26.8981	 0.79	 34.48	0.040	  166.04	 99.95
 486.00	 481.53	 5.8484	34.1416	26.8984	 0.79	 34.32	0.040	  166.03	 99.95
 487.00	 482.52	 5.8509	34.1421	26.8986	 0.79	 34.32	0.040	  166.00	 99.95
 488.00	 483.51	 5.8533	34.1427	26.8988	 0.78	 34.14	0.041	  165.98	 99.95
 489.00	 484.50	 5.8556	34.1435	26.8992	 0.78	 33.86	0.041	  166.04	 99.95
 490.00	 485.49	 5.8589	34.1450	26.8999	 0.78	 33.74	0.041	  166.00	 99.95
 491.00	 486.48	 5.8586	34.1451	26.9000	 0.78	 33.73	0.041	  165.93	 99.95
 492.00	 487.47	 5.8565	34.1456	26.9007	 0.77	 33.61	0.041	  165.93	 99.95
 493.00	 488.46	 5.8489	34.1453	26.9014	 0.77	 33.50	0.042	  165.99	 99.95
 494.00	 489.45	 5.8240	34.1449	26.9042	 0.77	 33.47	0.040	  165.96	 99.95
 495.00	 490.44	 5.8139	34.1452	26.9057	 0.77	 33.60	0.040	  165.98	 99.95
 496.00	 491.43	 5.7822	34.1422	26.9072	 0.78	 33.82	0.041	  165.97	 99.95
 497.00	 492.42	 5.7373	34.1391	26.9103	 0.78	 34.00	0.041	  165.97	 99.95
 498.00	 493.41	 5.7318	34.1385	26.9105	 0.78	 34.11	0.041	  166.04	 99.95
 499.00	 494.40	 5.7256	34.1374	26.9103	 0.79	 34.28	0.041	  165.94	 99.95
 500.00	 495.39	 5.7132	34.1354	26.9103	 0.79	 34.57	0.041	  165.99	 99.96
 501.00	 496.38	 5.6866	34.1321	26.9110	 0.80	 34.79	0.041	  166.01	 99.95
 502.00	 497.37	 5.6640	34.1307	26.9126	 0.81	 35.04	0.040	  165.96	 99.95
 503.00	 498.36	 5.6525	34.1295	26.9130	 0.81	 35.33	0.041	  165.99	 99.96
 504.00	 499.35	 5.6347	34.1266	26.9129	 0.81	 35.37	0.041	  165.99	 99.95
 505.00	 500.34	 5.6193	34.1270	26.9151	 0.81	 35.37	0.040	  165.95	 99.95
 506.00	 501.33	 5.6187	34.1286	26.9165	 0.81	 35.32	0.040	  166.00	 99.95
 507.00	 502.32	 5.6182	34.1295	26.9173	 0.81	 35.11	0.040	  165.89	 99.95
 508.00	 503.31	 5.6128	34.1294	26.9179	 0.80	 34.65	0.040	  165.89	 99.95
 509.00	 504.29	 5.6046	34.1341	26.9225	 0.79	 34.17	0.040	  165.91	 99.95
 510.00	 505.28	 5.6307	34.1420	26.9257	 0.78	 34.04	0.041	  165.88	 99.95
 511.00	 506.27	 5.6002	34.1374	26.9257	 0.78	 34.13	0.041	  165.96	 99.95
 512.00	 507.26	 5.5595	34.1348	26.9285	 0.79	 34.32	0.041	  165.92	 99.95
 513.00	 508.25	 5.5133	34.1300	26.9303	 0.80	 34.61	0.041	  165.94	 99.95
 514.00	 509.24	 5.4957	34.1268	26.9298	 0.80	 34.66	0.040	  165.94	 99.95
 515.00	 510.23	 5.4931	34.1279	26.9310	 0.79	 34.50	0.040	  165.90	 99.96
 516.00	 511.22	 5.4970	34.1295	26.9319	 0.79	 34.23	0.040	  165.92	 99.95
 517.00	 512.21	 5.5017	34.1317	26.9330	 0.78	 34.11	0.040	  165.89	 99.96
 518.00	 513.20	 5.5072	34.1332	26.9336	 0.78	 33.88	0.041	  165.90	 99.96
 519.00	 514.19	 5.5112	34.1345	26.9342	 0.78	 33.74	0.041	  165.94	 99.95
 520.00	 515.18	 5.5130	34.1353	26.9346	 0.77	 33.53	0.042	  165.99	 99.95
 521.00	 516.17	 5.5141	34.1363	26.9353	 0.77	 33.33	0.041	  165.93	 99.96
 522.00	 517.16	 5.5167	34.1374	26.9359	 0.76	 32.94	0.040	  165.90	 99.95
 523.00	 518.15	 5.5179	34.1381	26.9363	 0.74	 32.37	0.040	  165.90	 99.95
 524.00	 519.14	 5.5304	34.1464	26.9413	 0.73	 31.94	0.040	  165.81	 99.96
 525.00	 520.13	 5.5377	34.1512	26.9443	 0.73	 31.64	0.040	  165.89	 99.97
 526.00	 521.12	 5.5374	34.1516	26.9446	 0.72	 31.39	0.040	  165.89	 99.96
 527.00	 522.11	 5.5373	34.1522	26.9451	 0.72	 31.10	0.040	  165.89	 99.96
 528.00	 523.10	 5.5368	34.1530	26.9459	 0.71	 30.87	0.040	  165.85	 99.96
 529.00	 524.08	 5.5358	34.1544	26.9471	 0.71	 30.80	0.041	  165.86	 99.97
 530.00	 525.07	 5.5353	34.1552	26.9478	 0.71	 30.66	0.041	  165.76	 99.98
 531.00	 526.06	 5.5353	34.1554	26.9479	 0.70	 30.51	0.040	  165.91	 99.97
 532.00	 527.05	 5.5352	34.1560	26.9485	 0.70	 30.33	0.040	  165.83	 99.97
 533.00	 528.04	 5.5328	34.1577	26.9501	 0.69	 30.07	0.040	  165.82	 99.98
 534.00	 529.03	 5.5313	34.1588	26.9512	 0.69	 30.07	0.041	  165.86	 99.97
 535.00	 530.02	 5.5292	34.1590	26.9516	 0.69	 29.88	0.041	  165.82	 99.98
 536.00	 531.01	 5.5232	34.1601	26.9532	 0.69	 29.79	0.041	  165.80	 99.98
 537.00	 532.00	 5.5204	34.1604	26.9538	 0.68	 29.56	0.041	  165.84	 99.98
 538.00	 532.99	 5.5147	34.1622	26.9559	 0.67	 29.01	0.040	  165.78	 99.98
 539.00	 533.98	 5.5149	34.1653	26.9583	 0.65	 28.38	0.041	  165.85	 99.98
 540.00	 534.97	 5.5180	34.1725	26.9636	 0.65	 28.09	0.042	  165.80	 99.98
 541.00	 535.96	 5.5187	34.1749	26.9655	 0.64	 27.84	0.041	  165.79	 99.98
 542.00	 536.95	 5.4999	34.1735	26.9667	 0.64	 27.80	0.041	  165.79	 99.98
 543.00	 537.94	 5.4899	34.1736	26.9679	 0.64	 27.64	0.042	  165.83	 99.98
 544.00	 538.93	 5.4878	34.1735	26.9681	 0.63	 27.50	0.041	  165.84	 99.98
 545.00	 539.92	 5.4905	34.1739	26.9681	 0.63	 27.37	0.040	  165.78	 99.98
 546.00	 540.90	 5.4899	34.1738	26.9681	 0.63	 27.44	0.040	  165.81	 99.98
 547.00	 541.89	 5.4820	34.1729	26.9684	 0.63	 27.48	0.041	  165.81	 99.98
 548.00	 542.88	 5.4679	34.1715	26.9690	 0.63	 27.49	0.041	  165.77	 99.98
 549.00	 543.87	 5.4638	34.1723	26.9701	 0.63	 27.39	0.040	  165.83	 99.98
 550.00	 544.86	 5.4431	34.1711	26.9716	 0.63	 27.18	0.041	  165.80	 99.98
 551.00	 545.85	 5.4474	34.1757	26.9747	 0.62	 26.93	0.041	  165.79	 99.98
 552.00	 546.84	 5.4560	34.1789	26.9763	 0.61	 26.70	0.040	  165.82	 99.98
 553.00	 547.83	 5.4394	34.1772	26.9769	 0.61	 26.64	0.040	  165.75	 99.98
 554.00	 548.82	 5.4251	34.1768	26.9783	 0.61	 26.58	0.040	  165.78	 99.98
 555.00	 549.81	 5.4211	34.1780	26.9797	 0.61	 26.37	0.041	  165.75	 99.98
 556.00	 550.80	 5.4285	34.1806	26.9809	 0.60	 26.02	0.041	  165.73	 99.98
 557.00	 551.79	 5.4598	34.1866	26.9819	 0.60	 25.93	0.040	  165.73	 99.98
 558.00	 552.78	 5.4537	34.1849	26.9814	 0.60	 25.95	0.040	  165.79	 99.98
 559.00	 553.77	 5.4336	34.1808	26.9805	 0.60	 26.19	0.041	  165.76	 99.98
 560.00	 554.76	 5.4172	34.1783	26.9805	 0.61	 26.37	0.042	  165.74	 99.98
 561.00	 555.74	 5.4009	34.1758	26.9805	 0.61	 26.57	0.041	  165.68	 99.98
 562.00	 556.73	 5.3908	34.1750	26.9810	 0.61	 26.65	0.040	  165.77	 99.98
 563.00	 557.72	 5.3842	34.1736	26.9807	 0.61	 26.69	0.040	  165.69	 99.98
 564.00	 558.71	 5.3784	34.1731	26.9810	 0.62	 26.82	0.040	  165.74	 99.98
 565.00	 559.70	 5.3692	34.1721	26.9813	 0.62	 26.89	0.040	  165.70	 99.98
 566.00	 560.69	 5.3718	34.1712	26.9803	 0.62	 26.98	0.042	  165.70	 99.98
 567.00	 561.68	 5.3615	34.1711	26.9814	 0.62	 27.07	0.040	  165.74	 99.98
 568.00	 562.67	 5.3412	34.1687	26.9819	 0.62	 26.96	0.040	  165.72	 99.98
 569.00	 563.66	 5.3438	34.1706	26.9831	 0.62	 26.84	0.040	  165.71	 99.98
 570.00	 564.65	 5.3552	34.1739	26.9844	 0.61	 26.67	0.041	  165.68	 99.98
 571.00	 565.64	 5.3656	34.1755	26.9845	 0.61	 26.57	0.041	  165.68	 99.98
 572.00	 566.63	 5.3672	34.1764	26.9850	 0.61	 26.53	0.040	  165.69	 99.98
 573.00	 567.62	 5.3629	34.1755	26.9848	 0.61	 26.52	0.040	  165.66	 99.98
 574.00	 568.60	 5.3523	34.1752	26.9858	 0.61	 26.45	0.041	  165.74	 99.98
 575.00	 569.59	 5.3515	34.1755	26.9861	 0.61	 26.43	0.042	  165.71	 99.98
 576.00	 570.58	 5.3575	34.1770	26.9866	 0.60	 26.31	0.040	  165.72	 99.98
 577.00	 571.57	 5.3545	34.1769	26.9870	 0.61	 26.35	0.040	  165.65	 99.98
 578.00	 572.56	 5.3489	34.1768	26.9875	 0.61	 26.32	0.040	  165.66	 99.98
 579.00	 573.55	 5.3504	34.1773	26.9877	 0.60	 26.27	0.040	  165.68	 99.98
 580.00	 574.54	 5.3494	34.1774	26.9879	 0.60	 26.27	0.040	  165.69	 99.98
 581.00	 575.53	 5.3492	34.1776	26.9882	 0.60	 26.22	0.040	  165.64	 99.98
 582.00	 576.52	 5.3467	34.1780	26.9888	 0.60	 26.11	0.040	  165.66	 99.99
 583.00	 577.51	 5.3336	34.1778	26.9902	 0.60	 25.97	0.040	  165.61	 99.98
 584.00	 578.50	 5.3301	34.1783	26.9910	 0.59	 25.68	0.041	  165.67	 99.98
 585.00	 579.49	 5.3374	34.1817	26.9928	 0.58	 25.25	0.042	  165.70	 99.98
 586.00	 580.48	 5.3506	34.1855	26.9943	 0.57	 24.77	0.042	  165.64	 99.98
 587.00	 581.46	 5.3711	34.1922	26.9972	 0.56	 24.34	0.041	  165.62	 99.98
 588.00	 582.45	 5.3737	34.1946	26.9988	 0.55	 24.05	0.041	  165.61	 99.99
 589.00	 583.44	 5.3686	34.1960	27.0005	 0.55	 23.90	0.041	  165.65	 99.98
 590.00	 584.43	 5.3652	34.1959	27.0009	 0.55	 23.87	0.041	  165.58	 99.98
 591.00	 585.42	 5.3634	34.1959	27.0011	 0.55	 23.74	0.042	  165.62	 99.99
 592.00	 586.41	 5.3601	34.1953	27.0010	 0.55	 23.77	0.040	  165.64	 99.99
 593.00	 587.40	 5.3552	34.1951	27.0014	 0.55	 23.84	0.041	  165.56	 99.99
 594.00	 588.39	 5.3448	34.1949	27.0025	 0.55	 23.78	0.041	  165.59	 99.99
 595.00	 589.38	 5.3370	34.1950	27.0035	 0.55	 23.75	0.040	  165.59	 99.99
 596.00	 590.37	 5.3223	34.1938	27.0043	 0.54	 23.65	0.040	  165.60	 99.99
 597.00	 591.36	 5.3072	34.1955	27.0074	 0.54	 23.59	0.040	  165.62	 99.99
 598.00	 592.35	 5.2925	34.1984	27.0115	 0.54	 23.54	0.040	  165.53	 99.99
 599.00	 593.33	 5.2920	34.1983	27.0115	 0.54	 23.46	0.040	  165.63	 99.99
 600.00	 594.32	 5.2915	34.1985	27.0117	 0.54	 23.38	0.040	  165.57	 99.99
 601.00	 595.31	 5.2899	34.1985	27.0118	 0.54	 23.29	0.040	  165.57	100.00
 602.00	 596.30	 5.2871	34.1986	27.0123	 0.54	 23.30	0.040	  165.57	100.00
 603.00	 597.29	 5.2816	34.1986	27.0129	 0.54	 23.30	0.040	  165.60	 99.99
 604.00	 598.28	 5.2775	34.1984	27.0133	 0.54	 23.33	0.041	  165.63	 99.99
 605.00	 599.27	 5.2690	34.1977	27.0137	 0.54	 23.34	0.041	  165.57	100.00
 606.00	 600.26	 5.2654	34.1978	27.0142	 0.54	 23.39	0.040	  165.57	 99.99
 607.00	 601.25	 5.2625	34.1977	27.0145	 0.54	 23.36	0.040	  165.57	 99.99
 608.00	 602.24	 5.2589	34.1978	27.0150	 0.54	 23.37	0.042	  165.54	100.00
 609.00	 603.23	 5.2487	34.1975	27.0160	 0.54	 23.34	0.042	  165.54	100.00
 610.00	 604.21	 5.2417	34.1977	27.0169	 0.54	 23.38	0.040	  165.57	 99.99
 611.00	 605.20	 5.2347	34.1978	27.0178	 0.54	 23.46	0.041	  165.56	 99.99
 612.00	 606.19	 5.2347	34.1975	27.0176	 0.54	 23.46	0.041	  165.55	100.00
 613.00	 607.18	 5.2317	34.1978	27.0182	 0.54	 23.35	0.040	  165.63	 99.99
 614.00	 608.17	 5.2279	34.1983	27.0190	 0.54	 23.38	0.040	  165.51	100.00
 615.00	 609.16	 5.2188	34.1983	27.0202	 0.54	 23.37	0.041	  165.44	100.00
 616.00	 610.15	 5.2023	34.2003	27.0236	 0.54	 23.27	0.042	  165.57	 99.99
 617.00	 611.14	 5.1959	34.2014	27.0253	 0.53	 23.16	0.040	  165.50	100.00
 618.00	 612.13	 5.1945	34.2019	27.0258	 0.53	 23.10	0.040	  165.53	 99.99
 619.00	 613.12	 5.1926	34.2020	27.0262	 0.53	 22.95	0.041	  165.56	100.00
 620.00	 614.10	 5.1860	34.2025	27.0273	 0.53	 22.96	0.042	  165.54	100.00
 621.00	 615.09	 5.1802	34.2032	27.0286	 0.53	 22.90	0.041	  165.53	 99.99
 622.00	 616.08	 5.1770	34.2038	27.0294	 0.52	 22.79	0.040	  165.55	100.00
 623.00	 617.07	 5.1760	34.2040	27.0297	 0.52	 22.79	0.040	  165.45	100.00
 624.00	 618.06	 5.1756	34.2041	27.0298	 0.52	 22.78	0.040	  165.48	100.00
 625.00	 619.05	 5.1698	34.2042	27.0306	 0.52	 22.76	0.040	  165.45	100.00
 626.00	 620.04	 5.1599	34.2039	27.0315	 0.52	 22.59	0.040	  165.50	100.00
 627.00	 621.03	 5.1523	34.2045	27.0329	 0.52	 22.68	0.041	  165.47	100.00
 628.00	 622.02	 5.1514	34.2054	27.0337	 0.52	 22.56	0.042	  165.53	100.00
 629.00	 623.01	 5.1451	34.2065	27.0353	 0.52	 22.40	0.041	  165.44	100.00
 630.00	 623.99	 5.1303	34.2083	27.0384	 0.51	 22.29	0.040	  165.45	100.00
 631.00	 624.98	 5.1313	34.2087	27.0386	 0.51	 22.27	0.040	  165.45	100.00
 632.00	 625.97	 5.1190	34.2075	27.0392	 0.51	 22.26	0.042	  165.45	100.00
 633.00	 626.96	 5.1063	34.2086	27.0414	 0.51	 22.18	0.042	  165.43	100.00
 634.00	 627.95	 5.0908	34.2079	27.0427	 0.51	 22.19	0.041	  165.45	100.00
 635.00	 628.94	 5.0498	34.2072	27.0468	 0.51	 22.15	0.040	  165.35	100.00
 636.00	 629.93	 5.0351	34.2084	27.0495	 0.51	 22.09	0.041	  165.45	100.00
 637.00	 630.92	 5.0357	34.2082	27.0493	 0.51	 22.00	0.040	  165.39	100.00
 638.00	 631.91	 5.0304	34.2084	27.0500	 0.51	 21.99	0.040	  165.36	100.00
 639.00	 632.90	 5.0302	34.2086	27.0502	 0.50	 21.96	0.040	  165.36	100.00
 640.00	 633.88	 5.0298	34.2086	27.0503	 0.51	 21.97	0.041	  165.37	100.00
 641.00	 634.87	 5.0292	34.2086	27.0504	 0.50	 21.94	0.042	  165.35	100.00
 642.00	 635.86	 5.0257	34.2086	27.0508	 0.50	 21.86	0.041	  165.35	100.00
 643.00	 636.85	 5.0231	34.2090	27.0514	 0.50	 21.86	0.040	  165.29	100.00
