wcoa21_data_management/01_CRUISE_METADATA/00_OCADS_data/CTD_downcasts/WCOA_2021_CTD_downcasts/dRB2102_CTD_077_01_F.txt
* Sea-Bird SBE 9 Data:
* Software Version Seasave V 7.26.7.107
* Vessel: NOAA Ship Ronald H. Brown
* Cruise: RB2102, West Coast Ocean Acidification (WCOA) 2021
* Dates: 20210622 to 20210723
* Region: NE Pacific, USA West Coast
* Ports: San Diego, CA to Port Angeles, WA to San Diego, CA
* Chief Scientists: R. Feely, NOAA PMEL; D. Greeley, NOAA PMEL; B. Carter, NOAA PMEL / UW CICOES
*END*
[from data line 214]
 217.00	 215.25	 8.1178	34.0700	26.5291	 1.79	 77.72	0.040	  148.96	 41.87
 218.00	 216.24	 8.1120	34.0735	26.5328	 1.78	 77.29	0.040	  148.99	 40.91
 219.00	 217.23	 8.1096	34.0746	26.5340	 1.77	 77.04	0.040	  148.93	 39.79
 220.00	 218.22	 8.1056	34.0746	26.5347	 1.77	 76.90	0.040	  148.99	 38.79
 221.00	 219.21	 8.1055	34.0748	26.5348	 1.76	 76.71	0.040	  149.00	 37.69
 222.00	 220.20	 8.1057	34.0741	26.5342	 1.76	 76.46	0.040	  148.98	 36.93
 223.00	 221.19	 8.0820	34.0749	26.5384	 1.75	 76.32	0.040	  148.98	 36.00
 224.00	 222.19	 8.0807	34.0752	26.5389	 1.75	 76.20	0.040	  148.97	 34.80
 225.00	 223.18	 8.0753	34.0754	26.5398	 1.75	 75.99	0.040	  148.95	 33.80
 226.00	 224.17	 8.0685	34.0753	26.5408	 1.74	 75.87	0.040	  148.98	 33.02
 227.00	 225.16	 8.0647	34.0757	26.5417	 1.74	 75.81	0.040	  148.98	 32.10
 228.00	 226.15	 8.0618	34.0759	26.5423	 1.74	 75.73	0.040	  148.93	 30.91
 229.00	 227.14	 8.0587	34.0762	26.5430	 1.74	 75.72	0.040	  148.95	 29.71
 230.00	 228.13	 8.0581	34.0764	26.5433	 1.74	 75.74	0.040	  148.95	 29.00
 231.00	 229.13	 8.0567	34.0764	26.5435	 1.74	 75.71	0.040	  148.94	 27.94
 232.00	 230.12	 8.0557	34.0765	26.5437	 1.74	 75.64	0.040	  148.93	 26.91
 233.00	 231.11	 8.0550	34.0766	26.5439	 1.74	 75.53	0.040	  148.91	 25.73
 234.00	 232.10	 8.0508	34.0768	26.5448	 1.74	 75.50	0.040	  148.92	 24.93
 235.00	 233.09	 8.0512	34.0770	26.5448	 1.74	 75.54	0.040	  148.92	 24.08
 236.00	 234.08	 8.0500	34.0768	26.5449	 1.74	 75.52	0.040	  148.91	 23.07
 237.00	 235.07	 8.0486	34.0767	26.5450	 1.74	 75.52	0.040	  148.96	 21.94
 238.00	 236.06	 8.0506	34.0764	26.5445	 1.74	 75.50	0.040	  148.91	 20.77
 239.00	 237.06	 8.0534	34.0760	26.5438	 1.73	 75.44	0.040	  148.93	 19.76
 240.00	 238.05	 8.0521	34.0762	26.5442	 1.73	 75.35	0.040	  148.92	 18.90
 241.00	 239.04	 8.0527	34.0761	26.5440	 1.73	 75.33	0.040	  148.94	 17.96
 242.00	 240.03	 8.0501	34.0764	26.5446	 1.73	 75.27	0.040	  148.93	 16.83
 243.00	 241.02	 8.0499	34.0762	26.5445	 1.73	 75.25	0.040	  148.91	 15.80
 244.00	 242.01	 8.0461	34.0765	26.5453	 1.73	 75.09	0.040	  148.92	 14.89
 245.00	 243.00	 8.0438	34.0766	26.5458	 1.73	 75.08	0.040	  148.91	 13.84
 246.00	 244.00	 8.0467	34.0763	26.5451	 1.72	 75.00	0.040	  148.88	 12.86
 247.00	 244.99	 8.0335	34.0777	26.5482	 1.71	 74.49	0.040	  148.87	 11.92
 248.00	 245.98	 8.0316	34.0778	26.5486	 1.71	 74.37	0.040	  148.87	 10.86
 249.00	 246.97	 8.0316	34.0774	26.5482	 1.71	 74.55	0.040	  148.66	 10.07
