wcoa21_data_management/01_CRUISE_METADATA/00_OCADS_data/CTD_downcasts/WCOA_2021_CTD_downcasts/dRB2102_CTD_096_01_F.txt
* Sea-Bird SBE 9 Data:
* Software Version Seasave V 7.26.7.107
* Vessel: NOAA Ship Ronald H. Brown
* Cruise: RB2102, West Coast Ocean Acidification (WCOA) 2021
* Dates: 20210622 to 20210723
* Region: NE Pacific, USA West Coast
* Ports: San Diego, CA to Port Angeles, WA to San Diego, CA
* Chief Scientists: R. Feely, NOAA PMEL; D. Greeley, NOAA PMEL; B. Carter, NOAA PMEL / UW CICOES
*END*
[from data line 854]
 857.00	 848.96	 4.4862	34.4134	27.2751	 0.33	 14.47	0.041	  174.15	100.00
 858.00	 849.95	 4.4833	34.4134	27.2755	 0.33	 14.51	0.042	  174.09	100.00
 859.00	 850.94	 4.4797	34.4136	27.2760	 0.33	 14.53	0.041	  174.14	100.00
 860.00	 851.93	 4.4753	34.4139	27.2767	 0.33	 14.48	0.041	  174.15	100.00
 861.00	 852.92	 4.4708	34.4144	27.2776	 0.34	 14.60	0.042	  174.11	100.00
 862.00	 853.91	 4.4624	34.4154	27.2793	 0.34	 14.88	0.042	  174.08	100.00
 863.00	 854.89	 4.4600	34.4159	27.2800	 0.34	 14.92	0.042	  174.10	100.00
 864.00	 855.88	 4.4541	34.4165	27.2811	 0.34	 14.80	0.041	  174.04	100.00
 865.00	 856.87	 4.4505	34.4168	27.2818	 0.34	 14.73	0.040	  174.12	100.00
 866.00	 857.86	 4.4480	34.4167	27.2819	 0.34	 14.69	0.042	  174.13	100.00
 867.00	 858.85	 4.4451	34.4168	27.2824	 0.34	 14.68	0.041	  174.12	100.00
 868.00	 859.84	 4.4383	34.4163	27.2826	 0.34	 14.72	0.041	  174.13	100.00
 869.00	 860.83	 4.4336	34.4163	27.2832	 0.34	 14.76	0.041	  174.09	100.00
 870.00	 861.81	 4.4326	34.4164	27.2834	 0.34	 14.87	0.042	  174.11	100.00
 871.00	 862.80	 4.4306	34.4164	27.2836	 0.35	 15.08	0.042	  174.12	100.00
 872.00	 863.79	 4.4285	34.4168	27.2841	 0.35	 15.13	0.041	  174.14	100.00
 873.00	 864.78	 4.4262	34.4171	27.2846	 0.34	 14.96	0.040	  174.06	100.00
 874.00	 865.77	 4.4252	34.4174	27.2850	 0.34	 14.97	0.041	  174.07	100.00
 875.00	 866.76	 4.4223	34.4174	27.2853	 0.35	 15.09	0.042	  174.03	100.00
 876.00	 867.75	 4.4148	34.4184	27.2870	 0.35	 15.07	0.040	  174.02	100.00
 877.00	 868.73	 4.4089	34.4188	27.2879	 0.35	 15.03	0.041	  174.02	100.00
 878.00	 869.72	 4.4045	34.4193	27.2888	 0.35	 15.20	0.041	  174.01	100.00
 879.00	 870.71	 4.4020	34.4196	27.2893	 0.35	 15.35	0.041	  174.00	100.00
 880.00	 871.70	 4.3905	34.4206	27.2913	 0.35	 15.23	0.040	  174.00	100.00
 881.00	 872.69	 4.3877	34.4210	27.2919	 0.35	 15.32	0.040	  173.99	100.00
 882.00	 873.68	 4.3825	34.4212	27.2927	 0.36	 15.63	0.040	  173.99	100.00
 883.00	 874.66	 4.3740	34.4218	27.2941	 0.36	 15.75	0.040	  173.98	100.00
 884.00	 875.65	 4.3638	34.4228	27.2960	 0.36	 15.55	0.041	  173.98	100.00
 885.00	 876.64	 4.3607	34.4231	27.2965	 0.36	 15.47	0.041	  174.01	100.00
 886.00	 877.63	 4.3578	34.4232	27.2969	 0.36	 15.62	0.040	  173.88	100.00
 887.00	 878.62	 4.3505	34.4236	27.2980	 0.36	 15.85	0.041	  173.89	100.00
 888.00	 879.61	 4.3383	34.4252	27.3006	 0.37	 15.92	0.042	  173.97	100.00
 889.00	 880.60	 4.3313	34.4258	27.3018	 0.37	 15.98	0.041	  173.96	100.00
 890.00	 881.58	 4.3282	34.4259	27.3022	 0.37	 16.00	0.040	  173.92	100.00
 891.00	 882.57	 4.3275	34.4261	27.3025	 0.37	 15.90	0.040	  173.94	100.00
 892.00	 883.56	 4.3266	34.4263	27.3027	 0.37	 15.92	0.040	  173.87	100.00
 893.00	 884.55	 4.3265	34.4265	27.3029	 0.37	 15.87	0.040	  173.96	100.00
 894.00	 885.54	 4.3262	34.4264	27.3029	 0.37	 15.88	0.040	  173.87	100.00
 895.00	 886.53	 4.3245	34.4267	27.3033	 0.37	 15.88	0.040	  173.86	100.00
 896.00	 887.51	 4.3226	34.4270	27.3037	 0.37	 15.88	0.040	  173.87	100.00
 897.00	 888.50	 4.3207	34.4273	27.3042	 0.37	 15.89	0.040	  173.88	100.00
 898.00	 889.49	 4.3203	34.4274	27.3043	 0.37	 16.02	0.041	  173.86	100.00
 899.00	 890.48	 4.3182	34.4276	27.3047	 0.38	 16.38	0.040	  173.84	100.00
 900.00	 891.47	 4.3112	34.4277	27.3056	 0.38	 16.41	0.040	  173.87	100.00
 901.00	 892.46	 4.3070	34.4282	27.3064	 0.38	 16.58	0.040	  173.89	100.00
 902.00	 893.44	 4.2978	34.4285	27.3076	 0.39	 16.85	0.040	  173.85	100.00
 903.00	 894.43	 4.2820	34.4302	27.3107	 0.38	 16.49	0.042	  173.83	100.00
 904.00	 895.42	 4.2768	34.4311	27.3119	 0.38	 16.47	0.041	  173.86	100.00
 905.00	 896.41	 4.2738	34.4314	27.3125	 0.38	 16.71	0.041	  173.87	100.00
 906.00	 897.40	 4.2699	34.4316	27.3131	 0.39	 16.78	0.042	  173.84	100.00
 907.00	 898.39	 4.2666	34.4320	27.3137	 0.38	 16.64	0.041	  173.85	100.00
 908.00	 899.37	 4.2655	34.4321	27.3139	 0.38	 16.64	0.040	  173.81	100.00
 909.00	 900.36	 4.2636	34.4323	27.3143	 0.39	 16.75	0.040	  173.85	100.00
 910.00	 901.35	 4.2617	34.4325	27.3147	 0.39	 16.87	0.041	  173.83	100.00
 911.00	 902.34	 4.2576	34.4329	27.3154	 0.39	 16.96	0.041	  173.78	100.00
 912.00	 903.33	 4.2526	34.4333	27.3163	 0.39	 16.88	0.041	  173.85	100.00
 913.00	 904.32	 4.2483	34.4335	27.3169	 0.39	 16.99	0.042	  173.80	100.00
 914.00	 905.30	 4.2444	34.4341	27.3177	 0.39	 17.08	0.040	  173.78	100.00
 915.00	 906.29	 4.2423	34.4342	27.3181	 0.40	 17.29	0.040	  173.76	100.00
 916.00	 907.28	 4.2377	34.4348	27.3191	 0.40	 17.32	0.040	  173.76	100.00
 917.00	 908.27	 4.2348	34.4352	27.3197	 0.39	 16.95	0.040	  173.81	100.00
 918.00	 909.26	 4.2335	34.4354	27.3200	 0.39	 17.11	0.040	  173.75	100.00
 919.00	 910.25	 4.2289	34.4359	27.3209	 0.40	 17.28	0.040	  173.74	100.00
 920.00	 911.23	 4.2262	34.4360	27.3213	 0.40	 17.48	0.040	  173.72	100.00
 921.00	 912.22	 4.2174	34.4367	27.3227	 0.40	 17.28	0.040	  173.76	100.00
 922.00	 913.21	 4.2129	34.4374	27.3238	 0.40	 17.40	0.040	  173.76	100.00
 923.00	 914.20	 4.2108	34.4373	27.3240	 0.41	 17.82	0.042	  173.71	100.00
 924.00	 915.19	 4.2077	34.4382	27.3250	 0.41	 17.98	0.041	  173.70	100.00
 925.00	 916.18	 4.2055	34.4381	27.3251	 0.41	 17.65	0.040	  173.70	100.00
 926.00	 917.16	 4.1998	34.4387	27.3262	 0.41	 17.65	0.040	  173.70	100.00
 927.00	 918.15	 4.1986	34.4389	27.3265	 0.41	 17.80	0.040	  173.70	100.00
 928.00	 919.14	 4.1954	34.4391	27.3270	 0.41	 17.85	0.040	  173.69	100.00
 929.00	 920.13	 4.1901	34.4396	27.3280	 0.41	 17.84	0.040	  173.69	100.00
 930.00	 921.12	 4.1872	34.4399	27.3285	 0.41	 17.75	0.041	  173.65	100.00
 931.00	 922.11	 4.1855	34.4401	27.3288	 0.41	 17.73	0.041	  173.65	100.00
 932.00	 923.09	 4.1810	34.4405	27.3296	 0.41	 17.80	0.040	  173.62	100.00
 933.00	 924.08	 4.1792	34.4407	27.3300	 0.41	 18.00	0.040	  173.65	100.00
 934.00	 925.07	 4.1782	34.4409	27.3302	 0.41	 18.02	0.040	  173.58	100.00
 935.00	 926.06	 4.1775	34.4409	27.3303	 0.41	 17.94	0.040	  173.64	100.00
 936.00	 927.05	 4.1772	34.4408	27.3303	 0.42	 18.06	0.040	  173.64	100.00
 937.00	 928.03	 4.1751	34.4410	27.3307	 0.42	 18.10	0.041	  173.62	100.00
 938.00	 929.02	 4.1749	34.4410	27.3307	 0.41	 17.95	0.042	  173.63	100.00
 939.00	 930.01	 4.1737	34.4410	27.3309	 0.41	 17.86	0.041	  173.67	100.00
 940.00	 931.00	 4.1718	34.4413	27.3313	 0.41	 17.79	0.042	  173.57	100.00
 941.00	 931.99	 4.1705	34.4415	27.3316	 0.41	 17.83	0.042	  173.64	100.00
 942.00	 932.98	 4.1706	34.4413	27.3315	 0.41	 17.90	0.042	  173.65	100.00
 943.00	 933.96	 4.1695	34.4416	27.3318	 0.42	 18.07	0.041	  173.62	100.00
 944.00	 934.95	 4.1675	34.4416	27.3320	 0.42	 18.14	0.040	  173.61	100.00
 945.00	 935.94	 4.1667	34.4419	27.3324	 0.42	 18.17	0.041	  173.63	100.00
 946.00	 936.93	 4.1650	34.4420	27.3326	 0.42	 18.46	0.042	  173.59	100.00
 947.00	 937.92	 4.1623	34.4421	27.3330	 0.42	 18.42	0.041	  173.47	100.00
 948.00	 938.90	 4.1577	34.4424	27.3337	 0.42	 18.14	0.040	  173.58	100.00
 949.00	 939.89	 4.1542	34.4431	27.3346	 0.42	 18.27	0.040	  173.65	100.00
 950.00	 940.88	 4.1535	34.4431	27.3348	 0.42	 18.32	0.041	  173.55	100.00
 951.00	 941.87	 4.1528	34.4432	27.3349	 0.42	 18.31	0.041	  173.55	100.00
 952.00	 942.86	 4.1519	34.4433	27.3351	 0.43	 18.54	0.041	  173.58	100.00
 953.00	 943.85	 4.1500	34.4433	27.3352	 0.43	 18.75	0.041	  173.61	100.00
 954.00	 944.83	 4.1395	34.4438	27.3368	 0.43	 18.54	0.040	  173.52	100.00
 955.00	 945.82	 4.1317	34.4447	27.3383	 0.43	 18.68	0.040	  173.50	100.00
 956.00	 946.81	 4.1292	34.4449	27.3388	 0.43	 18.82	0.040	  173.50	100.00
 957.00	 947.80	 4.1248	34.4450	27.3393	 0.43	 18.88	0.040	  173.50	100.00
 958.00	 948.79	 4.1178	34.4454	27.3404	 0.43	 18.73	0.041	  173.49	100.00
 959.00	 949.77	 4.1120	34.4458	27.3413	 0.43	 18.72	0.041	  173.50	100.00
 960.00	 950.76	 4.1089	34.4460	27.3417	 0.43	 18.75	0.040	  173.50	100.00
 961.00	 951.75	 4.1071	34.4461	27.3420	 0.43	 18.73	0.042	  173.48	100.00
 962.00	 952.74	 4.1051	34.4462	27.3423	 0.43	 18.71	0.040	  173.44	100.00
 963.00	 953.73	 4.1030	34.4464	27.3427	 0.43	 18.72	0.040	  173.43	100.00
 964.00	 954.72	 4.1014	34.4465	27.3429	 0.43	 18.72	0.040	  173.48	100.00
 965.00	 955.70	 4.1000	34.4466	27.3432	 0.43	 18.73	0.040	  173.41	100.00
 966.00	 956.69	 4.0995	34.4467	27.3433	 0.43	 18.78	0.040	  173.38	100.00
 967.00	 957.68	 4.0981	34.4467	27.3435	 0.43	 18.75	0.041	  173.37	100.00
 968.00	 958.67	 4.0966	34.4469	27.3438	 0.43	 18.71	0.041	  173.38	100.00
 969.00	 959.66	 4.0957	34.4469	27.3439	 0.43	 18.76	0.040	  173.40	100.00
 970.00	 960.64	 4.0946	34.4471	27.3442	 0.44	 19.04	0.040	  173.40	100.00
 971.00	 961.63	 4.0937	34.4473	27.3444	 0.44	 19.33	0.040	  173.43	100.00
 972.00	 962.62	 4.0930	34.4473	27.3445	 0.44	 19.09	0.040	  173.32	100.00
 973.00	 963.61	 4.0925	34.4474	27.3446	 0.43	 18.87	0.040	  173.42	100.00
 974.00	 964.60	 4.0919	34.4474	27.3447	 0.43	 18.74	0.041	  173.39	100.00
 975.00	 965.58	 4.0911	34.4473	27.3447	 0.43	 18.82	0.041	  173.39	100.00
 976.00	 966.57	 4.0893	34.4474	27.3450	 0.43	 18.85	0.040	  173.33	100.00
 977.00	 967.56	 4.0853	34.4475	27.3455	 0.44	 18.93	0.041	  173.39	100.00
 978.00	 968.55	 4.0842	34.4479	27.3460	 0.44	 19.03	0.041	  173.41	100.00
 979.00	 969.54	 4.0824	34.4483	27.3465	 0.44	 19.08	0.042	  173.33	100.00
 980.00	 970.52	 4.0808	34.4484	27.3467	 0.44	 18.99	0.041	  173.34	100.00
 981.00	 971.51	 4.0801	34.4487	27.3471	 0.44	 19.04	0.042	  173.30	100.00
 982.00	 972.50	 4.0782	34.4488	27.3473	 0.45	 19.35	0.040	  173.37	100.00
 983.00	 973.49	 4.0740	34.4492	27.3481	 0.45	 19.58	0.040	  173.40	100.00
 984.00	 974.48	 4.0719	34.4495	27.3485	 0.45	 19.41	0.040	  173.36	100.00
 985.00	 975.46	 4.0719	34.4496	27.3486	 0.44	 19.25	0.040	  173.36	100.00
 986.00	 976.45	 4.0710	34.4496	27.3487	 0.45	 19.38	0.040	  173.39	100.00
 987.00	 977.44	 4.0684	34.4498	27.3492	 0.45	 19.61	0.040	  173.35	100.00
 988.00	 978.43	 4.0636	34.4499	27.3497	 0.45	 19.75	0.040	  173.33	100.00
 989.00	 979.42	 4.0485	34.4506	27.3518	 0.46	 19.88	0.040	  173.32	100.00
 990.00	 980.40	 4.0469	34.4514	27.3527	 0.46	 19.97	0.041	  173.27	100.00
 991.00	 981.39	 4.0432	34.4516	27.3532	 0.46	 19.90	0.041	  173.28	100.00
 992.00	 982.38	 4.0382	34.4523	27.3543	 0.45	 19.70	0.040	  173.28	100.00
 993.00	 983.37	 4.0368	34.4524	27.3546	 0.45	 19.70	0.040	  173.26	100.00
 994.00	 984.36	 4.0367	34.4525	27.3546	 0.45	 19.70	0.041	  173.27	100.00
 995.00	 985.34	 4.0367	34.4525	27.3547	 0.45	 19.73	0.040	  173.31	100.00
 996.00	 986.33	 4.0352	34.4528	27.3550	 0.46	 20.03	0.040	  173.33	100.00
 997.00	 987.32	 4.0315	34.4532	27.3557	 0.47	 20.38	0.040	  173.32	100.00
 998.00	 988.31	 4.0301	34.4534	27.3561	 0.47	 20.45	0.040	  173.30	100.00
 999.00	 989.30	 4.0208	34.4541	27.3575	 0.47	 20.45	0.040	  173.30	100.00
1000.00	 990.28	 4.0097	34.4557	27.3600	 0.47	 20.40	0.040	  173.25	100.00
1001.00	 991.27	 4.0083	34.4559	27.3603	 0.47	 20.63	0.040	  173.20	100.00
1002.00	 992.26	 4.0034	34.4557	27.3607	 0.47	 20.62	0.040	  173.26	100.00
1003.00	 993.25	 3.9966	34.4563	27.3618	 0.47	 20.50	0.042	  173.25	100.00
1004.00	 994.23	 3.9932	34.4562	27.3621	 0.47	 20.54	0.042	  173.23	100.00
1005.00	 995.22	 3.9906	34.4565	27.3626	 0.48	 20.82	0.042	  173.19	100.00
1006.00	 996.21	 3.9877	34.4571	27.3634	 0.48	 20.92	0.040	  173.14	100.00
1007.00	 997.20	 3.9850	34.4578	27.3642	 0.48	 20.84	0.040	  173.16	100.00
1008.00	 998.19	 3.9826	34.4581	27.3647	 0.48	 21.05	0.040	  173.14	100.00
1009.00	 999.17	 3.9800	34.4584	27.3652	 0.48	 20.97	0.041	  173.20	100.00
1010.00	1000.16	 3.9791	34.4585	27.3654	 0.48	 20.90	0.042	  173.21	100.00
1011.00	1001.15	 3.9785	34.4585	27.3655	 0.48	 20.89	0.040	  173.23	100.00
1012.00	1002.14	 3.9770	34.4586	27.3657	 0.48	 20.81	0.042	  173.20	100.00
1013.00	1003.13	 3.9761	34.4586	27.3658	 0.48	 20.91	0.041	  173.14	100.00
1014.00	1004.11	 3.9756	34.4588	27.3660	 0.48	 20.94	0.040	  173.13	100.00
1015.00	1005.10	 3.9749	34.4589	27.3662	 0.48	 20.88	0.042	  173.19	100.00
1016.00	1006.09	 3.9743	34.4588	27.3662	 0.48	 20.94	0.041	  173.11	100.00
1017.00	1007.08	 3.9736	34.4589	27.3664	 0.49	 21.11	0.040	  173.16	100.00
1018.00	1008.07	 3.9731	34.4588	27.3663	 0.48	 21.01	0.040	  173.16	100.00
1019.00	1009.05	 3.9728	34.4588	27.3664	 0.48	 20.83	0.040	  173.15	100.00
1020.00	1010.04	 3.9719	34.4589	27.3665	 0.48	 20.85	0.040	  173.16	100.00
1021.00	1011.03	 3.9714	34.4590	27.3667	 0.48	 20.90	0.041	  173.14	100.00
1022.00	1012.02	 3.9709	34.4592	27.3669	 0.48	 20.99	0.042	  173.15	100.00
1023.00	1013.00	 3.9704	34.4592	27.3669	 0.49	 21.10	0.042	  173.14	100.00
1024.00	1013.99	 3.9693	34.4593	27.3672	 0.49	 21.20	0.040	  173.18	100.00
1025.00	1014.98	 3.9675	34.4593	27.3674	 0.50	 21.56	0.040	  173.16	100.00
1026.00	1015.97	 3.9627	34.4596	27.3681	 0.49	 21.31	0.040	  173.13	100.00
1027.00	1016.96	 3.9591	34.4598	27.3686	 0.48	 21.05	0.041	  173.16	100.00
1028.00	1017.94	 3.9550	34.4602	27.3693	 0.49	 21.13	0.041	  173.15	100.00
1029.00	1018.93	 3.9560	34.4598	27.3689	 0.49	 21.11	0.041	  173.03	100.00
1030.00	1019.92	 3.9525	34.4603	27.3697	 0.49	 21.28	0.040	  173.10	100.00
1031.00	1020.91	 3.9483	34.4607	27.3704	 0.49	 21.51	0.040	  173.13	100.00
1032.00	1021.89	 3.9471	34.4606	27.3705	 0.49	 21.51	0.040	  173.12	100.00
1033.00	1022.88	 3.9432	34.4610	27.3712	 0.49	 21.43	0.040	  173.13	100.00
1034.00	1023.87	 3.9416	34.4613	27.3716	 0.50	 21.69	0.040	  173.12	100.00
1035.00	1024.86	 3.9409	34.4613	27.3717	 0.49	 21.47	0.040	  173.17	100.00
1036.00	1025.85	 3.9405	34.4613	27.3717	 0.49	 21.36	0.042	  173.11	100.00
1037.00	1026.83	 3.9386	34.4614	27.3720	 0.49	 21.36	0.042	  173.04	100.00
1038.00	1027.82	 3.9330	34.4615	27.3727	 0.49	 21.49	0.041	  173.01	100.00
1039.00	1028.81	 3.9227	34.4620	27.3742	 0.50	 21.78	0.040	  173.09	100.00
1040.00	1029.80	 3.9174	34.4625	27.3751	 0.51	 21.97	0.040	  173.06	100.00
1041.00	1030.78	 3.9148	34.4628	27.3756	 0.50	 21.69	0.040	  173.04	100.00
1042.00	1031.77	 3.9130	34.4628	27.3758	 0.50	 21.64	0.041	  173.02	100.00
1043.00	1032.76	 3.9115	34.4630	27.3761	 0.50	 21.65	0.040	  173.04	100.00
1044.00	1033.75	 3.9095	34.4631	27.3764	 0.50	 21.79	0.040	  173.00	100.00
1045.00	1034.73	 3.9052	34.4633	27.3770	 0.51	 22.15	0.040	  172.99	100.00
1046.00	1035.72	 3.8975	34.4640	27.3784	 0.52	 22.46	0.040	  172.98	100.00
1047.00	1036.71	 3.8875	34.4652	27.3803	 0.52	 22.49	0.040	  172.96	100.00
1048.00	1037.70	 3.8851	34.4655	27.3808	 0.51	 22.25	0.040	  173.07	100.00
1049.00	1038.69	 3.8844	34.4655	27.3809	 0.51	 22.13	0.040	  172.97	100.00
1050.00	1039.67	 3.8840	34.4655	27.3809	 0.51	 22.13	0.040	  172.99	100.00
1051.00	1040.66	 3.8835	34.4655	27.3810	 0.51	 22.17	0.040	  172.99	100.00
1052.00	1041.65	 3.8829	34.4656	27.3811	 0.51	 22.23	0.040	  172.98	100.00
1053.00	1042.64	 3.8817	34.4659	27.3815	 0.51	 22.27	0.040	  172.89	100.00
1054.00	1043.62	 3.8819	34.4658	27.3814	 0.51	 22.15	0.040	  172.91	100.00
1055.00	1044.61	 3.8819	34.4659	27.3815	 0.51	 22.08	0.040	  172.94	100.00
1056.00	1045.60	 3.8814	34.4657	27.3814	 0.51	 22.17	0.040	  172.92	100.00
1057.00	1046.59	 3.8800	34.4659	27.3817	 0.51	 22.20	0.041	  172.97	100.00
1058.00	1047.57	 3.8793	34.4660	27.3818	 0.51	 22.38	0.040	  172.92	100.00
1059.00	1048.56	 3.8782	34.4660	27.3819	 0.52	 22.39	0.041	  172.94	100.00
1060.00	1049.55	 3.8766	34.4659	27.3821	 0.51	 22.13	0.041	  172.91	100.00
1061.00	1050.54	 3.8756	34.4660	27.3823	 0.51	 22.19	0.040	  172.89	100.00
1062.00	1051.53	 3.8729	34.4662	27.3826	 0.51	 22.29	0.040	  172.90	100.00
1063.00	1052.51	 3.8710	34.4663	27.3829	 0.52	 22.41	0.041	  172.91	100.00
1064.00	1053.50	 3.8680	34.4664	27.3834	 0.52	 22.68	0.041	  172.90	100.00
1065.00	1054.49	 3.8644	34.4669	27.3841	 0.52	 22.62	0.040	  172.93	100.00
1066.00	1055.48	 3.8636	34.4671	27.3844	 0.51	 22.35	0.040	  172.92	100.00
1067.00	1056.46	 3.8631	34.4670	27.3843	 0.51	 22.36	0.042	  172.88	100.00
1068.00	1057.45	 3.8607	34.4670	27.3846	 0.52	 22.48	0.040	  172.91	100.00
