wcoa21_data_management/01_CRUISE_METADATA/00_OCADS_data/CTD_downcasts/WCOA_2021_CTD_downcasts/dRB2102_CTD_108_01_F.txt
* Sea-Bird SBE 9 Data:
* Software Version Seasave V 7.26.7.107
* Vessel: NOAA Ship Ronald H. Brown
* Cruise: RB2102, West Coast Ocean Acidification (WCOA) 2021
* Dates: 20210622 to 20210723
* Region: NE Pacific, USA West Coast
* Ports: San Diego, CA to Port Angeles, WA to San Diego, CA
* Chief Scientists: R. Feely, NOAA PMEL; D. Greeley, NOAA PMEL; B. Carter, NOAA PMEL / UW CICOES
*END*
[from data line 854]
 858.00	 850.07	 4.2528	34.4057	27.2939	 0.31	 13.56	0.041	  158.72	100.00
 859.00	 851.06	 4.2452	34.4062	27.2950	 0.31	 13.57	0.040	  158.59	100.00
 860.00	 852.05	 4.2414	34.4061	27.2954	 0.31	 13.55	0.041	  158.63	100.00
 861.00	 853.04	 4.2405	34.4067	27.2960	 0.31	 13.44	0.041	  158.67	100.00
 862.00	 854.03	 4.2394	34.4067	27.2960	 0.31	 13.42	0.040	  158.66	100.00
 863.00	 855.02	 4.2370	34.4069	27.2964	 0.31	 13.58	0.041	  158.73	100.00
 864.00	 856.01	 4.2337	34.4075	27.2973	 0.31	 13.68	0.040	  158.69	100.00
 865.00	 856.99	 4.2283	34.4077	27.2981	 0.31	 13.56	0.040	  158.71	100.00
 866.00	 857.98	 4.2200	34.4086	27.2996	 0.32	 13.73	0.042	  158.66	100.00
 867.00	 858.97	 4.2122	34.4083	27.3002	 0.32	 13.77	0.041	  158.67	100.00
 868.00	 859.96	 4.2065	34.4084	27.3009	 0.32	 13.79	0.041	  158.69	100.00
 869.00	 860.95	 4.2025	34.4086	27.3015	 0.32	 13.84	0.040	  158.62	100.00
 870.00	 861.94	 4.1994	34.4091	27.3022	 0.32	 13.83	0.040	  158.65	100.00
 871.00	 862.93	 4.1926	34.4100	27.3037	 0.32	 13.71	0.040	  158.62	100.00
 872.00	 863.91	 4.1900	34.4105	27.3044	 0.32	 13.94	0.040	  158.64	100.00
 873.00	 864.90	 4.1894	34.4106	27.3045	 0.33	 14.35	0.040	  158.54	100.00
 874.00	 865.89	 4.1889	34.4111	27.3050	 0.33	 14.27	0.040	  158.57	100.00
 875.00	 866.88	 4.1857	34.4118	27.3059	 0.32	 13.99	0.040	  158.60	100.00
 876.00	 867.87	 4.1798	34.4119	27.3066	 0.32	 14.06	0.040	  158.59	100.00
 877.00	 868.86	 4.1747	34.4118	27.3070	 0.32	 14.12	0.040	  158.61	100.00
 878.00	 869.85	 4.1703	34.4124	27.3079	 0.33	 14.26	0.040	  158.60	100.00
 879.00	 870.84	 4.1699	34.4125	27.3080	 0.33	 14.52	0.041	  158.61	100.00
 880.00	 871.82	 4.1694	34.4131	27.3086	 0.33	 14.29	0.041	  158.61	100.00
 881.00	 872.81	 4.1715	34.4142	27.3093	 0.33	 14.20	0.040	  158.61	100.00
 882.00	 873.80	 4.1704	34.4142	27.3094	 0.33	 14.23	0.041	  158.54	100.00
 883.00	 874.79	 4.1702	34.4144	27.3096	 0.33	 14.24	0.040	  158.55	100.00
 884.00	 875.78	 4.1682	34.4140	27.3095	 0.33	 14.22	0.040	  158.60	100.00
 885.00	 876.77	 4.1673	34.4143	27.3098	 0.33	 14.22	0.041	  158.55	100.00
 886.00	 877.76	 4.1672	34.4143	27.3098	 0.33	 14.23	0.041	  158.55	100.00
 887.00	 878.74	 4.1641	34.4141	27.3100	 0.33	 14.23	0.041	  158.56	100.00
 888.00	 879.73	 4.1596	34.4135	27.3100	 0.33	 14.23	0.041	  158.56	100.00
 889.00	 880.72	 4.1557	34.4141	27.3109	 0.33	 14.24	0.040	  158.58	100.00
 890.00	 881.71	 4.1563	34.4156	27.3121	 0.33	 14.34	0.041	  158.52	100.00
 891.00	 882.70	 4.1496	34.4156	27.3127	 0.33	 14.54	0.041	  158.53	100.00
 892.00	 883.69	 4.1323	34.4153	27.3143	 0.34	 14.76	0.040	  158.53	100.00
 893.00	 884.68	 4.1295	34.4176	27.3164	 0.34	 14.84	0.040	  158.48	100.00
 894.00	 885.66	 4.1414	34.4208	27.3178	 0.34	 14.96	0.040	  158.51	100.00
 895.00	 886.65	 4.1367	34.4201	27.3177	 0.34	 14.97	0.040	  158.49	100.00
 896.00	 887.64	 4.1218	34.4193	27.3186	 0.35	 15.05	0.040	  158.50	100.00
 897.00	 888.63	 4.1309	34.4228	27.3205	 0.35	 15.20	0.040	  158.47	100.00
 898.00	 889.62	 4.1327	34.4226	27.3201	 0.35	 15.31	0.040	  158.46	100.00
 899.00	 890.61	 4.1296	34.4229	27.3207	 0.35	 15.30	0.041	  158.49	100.00
 900.00	 891.60	 4.1303	34.4236	27.3212	 0.35	 15.22	0.041	  158.44	100.00
 901.00	 892.58	 4.1295	34.4238	27.3214	 0.36	 15.67	0.040	  158.57	100.00
 902.00	 893.57	 4.1288	34.4248	27.3223	 0.37	 15.87	0.040	  158.46	100.00
 903.00	 894.56	 4.1269	34.4245	27.3223	 0.35	 15.39	0.040	  158.43	100.00
 904.00	 895.55	 4.1238	34.4243	27.3225	 0.35	 15.31	0.041	  158.45	100.00
 905.00	 896.54	 4.1232	34.4242	27.3225	 0.35	 15.40	0.040	  158.43	100.00
 906.00	 897.53	 4.1164	34.4238	27.3228	 0.35	 15.40	0.040	  158.48	100.00
 907.00	 898.52	 4.1125	34.4246	27.3239	 0.35	 15.33	0.040	  158.45	100.00
 908.00	 899.50	 4.1118	34.4245	27.3239	 0.35	 15.40	0.040	  158.43	100.00
 909.00	 900.49	 4.1075	34.4249	27.3247	 0.36	 15.46	0.040	  158.45	100.00
 910.00	 901.48	 4.1051	34.4252	27.3252	 0.36	 15.51	0.041	  158.45	100.00
 911.00	 902.47	 4.1049	34.4253	27.3253	 0.36	 15.63	0.041	  158.47	100.00
 912.00	 903.46	 4.1034	34.4254	27.3255	 0.36	 15.58	0.041	  158.47	100.00
 913.00	 904.45	 4.0990	34.4255	27.3260	 0.36	 15.67	0.041	  158.47	100.00
 914.00	 905.43	 4.0932	34.4258	27.3269	 0.36	 15.71	0.040	  158.45	100.00
 915.00	 906.42	 4.0885	34.4262	27.3277	 0.36	 15.64	0.040	  158.45	100.00
 916.00	 907.41	 4.0879	34.4263	27.3278	 0.36	 15.69	0.040	  158.50	100.00
 917.00	 908.40	 4.0823	34.4268	27.3289	 0.37	 15.95	0.040	  158.47	100.00
 918.00	 909.39	 4.0785	34.4271	27.3295	 0.37	 16.16	0.041	  158.47	100.00
 919.00	 910.38	 4.0730	34.4275	27.3304	 0.37	 16.20	0.041	  158.45	100.00
 920.00	 911.37	 4.0636	34.4282	27.3319	 0.37	 16.28	0.040	  158.53	100.00
 921.00	 912.35	 4.0521	34.4289	27.3336	 0.37	 16.12	0.040	  158.41	100.00
 922.00	 913.34	 4.0477	34.4304	27.3353	 0.37	 16.10	0.041	  158.38	100.00
 923.00	 914.33	 4.0465	34.4308	27.3357	 0.37	 16.18	0.041	  158.36	100.00
 924.00	 915.32	 4.0458	34.4309	27.3359	 0.38	 16.33	0.040	  158.35	100.00
 925.00	 916.31	 4.0453	34.4310	27.3360	 0.38	 16.39	0.040	  158.36	100.00
 926.00	 917.30	 4.0438	34.4311	27.3363	 0.38	 16.37	0.040	  158.36	100.00
 927.00	 918.28	 4.0408	34.4312	27.3367	 0.38	 16.34	0.040	  158.30	100.00
 928.00	 919.27	 4.0382	34.4316	27.3373	 0.38	 16.38	0.040	  158.36	100.00
 929.00	 920.26	 4.0370	34.4314	27.3373	 0.39	 16.80	0.041	  158.29	100.00
 930.00	 921.25	 4.0319	34.4317	27.3380	 0.39	 16.94	0.041	  158.31	100.00
 931.00	 922.24	 4.0234	34.4324	27.3394	 0.38	 16.55	0.040	  158.37	100.00
 932.00	 923.23	 4.0151	34.4327	27.3406	 0.38	 16.55	0.040	  158.36	100.00
 933.00	 924.21	 4.0092	34.4328	27.3413	 0.38	 16.60	0.040	  158.36	100.00
 934.00	 925.20	 4.0038	34.4334	27.3422	 0.38	 16.68	0.040	  158.34	100.00
 935.00	 926.19	 4.0010	34.4337	27.3428	 0.39	 16.83	0.041	  158.32	100.00
 936.00	 927.18	 4.0003	34.4341	27.3432	 0.39	 16.87	0.040	  158.32	100.00
 937.00	 928.17	 3.9992	34.4341	27.3433	 0.38	 16.64	0.041	  158.27	100.00
 938.00	 929.16	 3.9976	34.4338	27.3433	 0.38	 16.67	0.041	  158.29	100.00
 939.00	 930.14	 3.9936	34.4340	27.3438	 0.39	 16.89	0.041	  158.29	100.00
 940.00	 931.13	 3.9914	34.4344	27.3443	 0.39	 16.95	0.042	  158.29	100.00
 941.00	 932.12	 3.9895	34.4344	27.3446	 0.39	 17.05	0.042	  158.28	100.00
 942.00	 933.11	 3.9852	34.4351	27.3456	 0.39	 16.98	0.040	  158.32	100.00
 943.00	 934.10	 3.9835	34.4353	27.3460	 0.39	 17.04	0.040	  158.29	100.00
 944.00	 935.09	 3.9820	34.4354	27.3461	 0.39	 17.10	0.041	  158.27	100.00
 945.00	 936.07	 3.9797	34.4358	27.3467	 0.39	 17.03	0.041	  158.29	100.00
 946.00	 937.06	 3.9774	34.4363	27.3473	 0.39	 16.99	0.040	  158.30	100.00
 947.00	 938.05	 3.9737	34.4366	27.3480	 0.39	 17.04	0.040	  158.24	100.00
 948.00	 939.04	 3.9672	34.4377	27.3495	 0.40	 17.44	0.041	  158.26	100.00
 949.00	 940.03	 3.9641	34.4374	27.3496	 0.41	 17.76	0.041	  158.27	100.00
 950.00	 941.02	 3.9585	34.4376	27.3503	 0.41	 17.66	0.042	  158.23	100.00
 951.00	 942.00	 3.9583	34.4388	27.3513	 0.41	 17.62	0.042	  158.23	100.00
 952.00	 942.99	 3.9558	34.4392	27.3519	 0.41	 17.61	0.040	  158.25	100.00
 953.00	 943.98	 3.9521	34.4402	27.3531	 0.41	 17.84	0.040	  158.29	100.00
 954.00	 944.97	 3.9497	34.4410	27.3539	 0.41	 17.94	0.040	  158.31	100.00
 955.00	 945.96	 3.9464	34.4411	27.3544	 0.41	 17.79	0.040	  158.29	100.00
 956.00	 946.95	 3.9442	34.4416	27.3550	 0.41	 17.93	0.040	  158.25	100.00
 957.00	 947.93	 3.9433	34.4418	27.3553	 0.42	 18.06	0.040	  158.24	100.00
 958.00	 948.92	 3.9409	34.4419	27.3557	 0.42	 18.07	0.041	  158.23	100.00
 959.00	 949.91	 3.9358	34.4419	27.3561	 0.41	 17.96	0.041	  158.25	100.00
 960.00	 950.90	 3.9303	34.4425	27.3572	 0.41	 18.03	0.040	  158.25	100.00
 961.00	 951.89	 3.9291	34.4426	27.3574	 0.42	 18.31	0.040	  158.23	100.00
 962.00	 952.88	 3.9284	34.4429	27.3577	 0.42	 18.47	0.040	  158.17	100.00
 963.00	 953.86	 3.9276	34.4440	27.3587	 0.43	 18.49	0.040	  158.24	100.00
 964.00	 954.85	 3.9217	34.4452	27.3602	 0.43	 18.84	0.040	  158.22	100.00
 965.00	 955.84	 3.9154	34.4462	27.3617	 0.44	 19.00	0.040	  158.23	100.00
 966.00	 956.83	 3.9148	34.4475	27.3628	 0.44	 19.10	0.041	  158.23	100.00
 967.00	 957.82	 3.9123	34.4478	27.3633	 0.44	 18.96	0.042	  158.28	100.00
 968.00	 958.80	 3.9101	34.4477	27.3635	 0.43	 18.82	0.041	  158.22	100.00
 969.00	 959.79	 3.9059	34.4478	27.3639	 0.44	 18.96	0.040	  158.14	100.00
 970.00	 960.78	 3.9049	34.4476	27.3639	 0.43	 18.86	0.040	  158.15	100.00
 971.00	 961.77	 3.9021	34.4478	27.3643	 0.44	 18.93	0.041	  158.18	100.00
 972.00	 962.76	 3.9008	34.4479	27.3645	 0.44	 19.04	0.041	  158.19	100.00
 973.00	 963.75	 3.8994	34.4483	27.3650	 0.44	 19.12	0.040	  158.25	100.00
 974.00	 964.73	 3.8961	34.4487	27.3657	 0.44	 19.22	0.040	  158.17	100.00
 975.00	 965.72	 3.8912	34.4493	27.3667	 0.44	 19.08	0.040	  158.16	100.00
 976.00	 966.71	 3.8898	34.4493	27.3668	 0.44	 19.08	0.041	  158.13	100.00
 977.00	 967.70	 3.8883	34.4492	27.3669	 0.44	 19.15	0.041	  158.14	100.00
 978.00	 968.69	 3.8882	34.4493	27.3670	 0.44	 19.26	0.040	  158.15	100.00
 979.00	 969.67	 3.8862	34.4488	27.3668	 0.44	 19.30	0.040	  158.10	100.00
 980.00	 970.66	 3.8819	34.4492	27.3676	 0.44	 18.99	0.040	  158.17	100.00
 981.00	 971.65	 3.8800	34.4495	27.3680	 0.44	 18.93	0.040	  158.03	100.00
 982.00	 972.64	 3.8794	34.4494	27.3680	 0.44	 19.16	0.040	  158.10	100.00
 983.00	 973.63	 3.8780	34.4496	27.3683	 0.44	 19.32	0.040	  158.11	100.00
 984.00	 974.62	 3.8736	34.4501	27.3691	 0.45	 19.64	0.040	  158.11	100.00
 985.00	 975.60	 3.8697	34.4508	27.3701	 0.45	 19.50	0.040	  158.07	100.00
 986.00	 976.59	 3.8667	34.4509	27.3705	 0.45	 19.51	0.040	  158.07	100.00
 987.00	 977.58	 3.8643	34.4509	27.3708	 0.46	 19.85	0.040	  158.05	100.00
 988.00	 978.57	 3.8589	34.4513	27.3716	 0.45	 19.76	0.040	  158.06	100.00
 989.00	 979.56	 3.8545	34.4521	27.3727	 0.45	 19.74	0.040	  158.06	100.00
 990.00	 980.54	 3.8534	34.4524	27.3730	 0.46	 19.88	0.040	  158.08	100.00
 991.00	 981.53	 3.8507	34.4529	27.3737	 0.46	 19.99	0.040	  158.04	100.00
 992.00	 982.52	 3.8461	34.4536	27.3747	 0.46	 20.16	0.040	  158.05	100.00
 993.00	 983.51	 3.8404	34.4537	27.3754	 0.47	 20.39	0.040	  158.09	100.00
 994.00	 984.50	 3.8378	34.4543	27.3761	 0.46	 20.20	0.040	  158.03	100.00
 995.00	 985.49	 3.8316	34.4545	27.3770	 0.47	 20.24	0.040	  158.09	100.00
 996.00	 986.47	 3.8280	34.4557	27.3783	 0.48	 20.72	0.040	  158.02	100.00
 997.00	 987.46	 3.8274	34.4565	27.3789	 0.48	 20.89	0.041	  157.96	100.00
 998.00	 988.45	 3.8279	34.4578	27.3800	 0.47	 20.63	0.041	  158.02	100.00
 999.00	 989.44	 3.8265	34.4589	27.3810	 0.47	 20.63	0.040	  158.02	100.00
1000.00	 990.43	 3.8251	34.4591	27.3813	 0.48	 20.76	0.042	  158.01	100.00
1001.00	 991.41	 3.8248	34.4593	27.3815	 0.49	 21.15	0.042	  158.00	100.00
1002.00	 992.40	 3.8239	34.4593	27.3816	 0.48	 20.84	0.041	  158.00	100.00
1003.00	 993.39	 3.8233	34.4595	27.3818	 0.48	 20.70	0.041	  157.96	100.00
1004.00	 994.38	 3.8234	34.4593	27.3817	 0.48	 20.68	0.041	  157.98	100.00
1005.00	 995.37	 3.8229	34.4594	27.3818	 0.48	 20.73	0.040	  157.97	100.00
1006.00	 996.35	 3.8214	34.4597	27.3822	 0.48	 20.86	0.040	  158.03	100.00
1007.00	 997.34	 3.8211	34.4596	27.3821	 0.48	 20.82	0.040	  158.00	100.00
1008.00	 998.33	 3.8159	34.4599	27.3829	 0.48	 20.95	0.040	  158.01	100.00
1009.00	 999.32	 3.8129	34.4606	27.3838	 0.48	 21.07	0.040	  158.02	100.00
1010.00	1000.31	 3.8106	34.4605	27.3840	 0.48	 21.05	0.040	  157.91	100.00
1011.00	1001.29	 3.8066	34.4611	27.3848	 0.48	 21.07	0.040	  158.01	100.00
1012.00	1002.28	 3.8082	34.4610	27.3846	 0.49	 21.10	0.041	  158.00	100.00
1013.00	1003.27	 3.8015	34.4613	27.3855	 0.49	 21.31	0.042	  158.00	100.00
1014.00	1004.26	 3.7975	34.4618	27.3863	 0.49	 21.28	0.042	  157.96	100.00
1015.00	1005.25	 3.7953	34.4617	27.3865	 0.48	 20.99	0.041	  157.92	100.00
1016.00	1006.23	 3.7947	34.4619	27.3867	 0.49	 21.35	0.040	  157.90	100.00
1017.00	1007.22	 3.7942	34.4619	27.3867	 0.49	 21.33	0.040	  157.98	100.00
1018.00	1008.21	 3.7931	34.4620	27.3870	 0.49	 21.19	0.040	  157.99	100.00
1019.00	1009.20	 3.7899	34.4620	27.3873	 0.49	 21.20	0.040	  157.94	100.00
1020.00	1010.19	 3.7857	34.4623	27.3879	 0.49	 21.20	0.040	  157.95	100.00
1021.00	1011.17	 3.7843	34.4623	27.3881	 0.49	 21.24	0.041	  157.91	100.00
1022.00	1012.16	 3.7817	34.4624	27.3884	 0.49	 21.33	0.042	  157.94	100.00
1023.00	1013.15	 3.7789	34.4627	27.3889	 0.49	 21.37	0.041	  157.92	100.00
1024.00	1014.14	 3.7770	34.4629	27.3893	 0.49	 21.46	0.041	  157.91	100.00
1025.00	1015.13	 3.7749	34.4632	27.3897	 0.50	 21.65	0.041	  157.88	100.00
1026.00	1016.11	 3.7731	34.4634	27.3901	 0.50	 21.64	0.041	  157.87	100.00
1027.00	1017.10	 3.7728	34.4636	27.3903	 0.49	 21.44	0.041	  157.93	100.00
1028.00	1018.09	 3.7721	34.4637	27.3905	 0.49	 21.42	0.042	  157.90	100.00
1029.00	1019.08	 3.7682	34.4635	27.3907	 0.50	 21.56	0.040	  157.86	100.00
1030.00	1020.07	 3.7625	34.4635	27.3912	 0.51	 21.98	0.040	  157.88	100.00
1031.00	1021.05	 3.7571	34.4639	27.3921	 0.51	 22.03	0.040	  157.91	100.00
1032.00	1022.04	 3.7513	34.4638	27.3927	 0.50	 21.69	0.040	  157.94	100.00
1033.00	1023.03	 3.7481	34.4639	27.3930	 0.50	 21.72	0.040	  157.93	100.00
1034.00	1024.02	 3.7463	34.4638	27.3931	 0.50	 21.76	0.040	  157.91	100.00
1035.00	1025.00	 3.7450	34.4640	27.3934	 0.50	 21.80	0.040	  157.90	100.00
1036.00	1025.99	 3.7417	34.4640	27.3937	 0.50	 21.95	0.041	  157.90	100.00
1037.00	1026.98	 3.7375	34.4645	27.3945	 0.51	 22.19	0.041	  157.87	100.00
1038.00	1027.97	 3.7354	34.4647	27.3950	 0.52	 22.46	0.040	  157.89	100.00
1039.00	1028.96	 3.7303	34.4649	27.3957	 0.52	 22.51	0.040	  157.85	100.00
1040.00	1029.94	 3.7197	34.4662	27.3977	 0.51	 22.28	0.040	  157.77	100.00
1041.00	1030.93	 3.7178	34.4661	27.3978	 0.51	 22.24	0.040	  157.90	100.00
1042.00	1031.92	 3.7163	34.4661	27.3980	 0.52	 22.68	0.041	  157.85	100.00
1043.00	1032.91	 3.7153	34.4661	27.3981	 0.53	 22.91	0.041	  157.88	100.00
1044.00	1033.90	 3.7061	34.4665	27.3993	 0.52	 22.48	0.040	  157.83	100.00
1045.00	1034.88	 3.7024	34.4672	27.4002	 0.52	 22.60	0.040	  157.85	100.00
1046.00	1035.87	 3.7016	34.4674	27.4005	 0.53	 22.83	0.040	  157.83	100.00
1047.00	1036.86	 3.6990	34.4673	27.4007	 0.53	 22.86	0.040	  157.84	100.00
1048.00	1037.85	 3.6952	34.4674	27.4012	 0.52	 22.65	0.040	  157.80	100.00
1049.00	1038.83	 3.6932	34.4678	27.4017	 0.52	 22.69	0.040	  157.76	100.00
1050.00	1039.82	 3.6919	34.4681	27.4020	 0.52	 22.78	0.040	  157.82	100.00
1051.00	1040.81	 3.6902	34.4683	27.4024	 0.52	 22.75	0.040	  157.76	100.00
1052.00	1041.80	 3.6895	34.4683	27.4024	 0.52	 22.61	0.040	  157.78	100.00
1053.00	1042.79	 3.6881	34.4684	27.4026	 0.53	 22.85	0.040	  157.81	100.00
1054.00	1043.77	 3.6865	34.4685	27.4029	 0.53	 23.18	0.040	  157.80	100.00
1055.00	1044.76	 3.6837	34.4689	27.4035	 0.53	 23.05	0.040	  157.74	100.00
1056.00	1045.75	 3.6826	34.4690	27.4037	 0.52	 22.78	0.040	  157.78	100.00
1057.00	1046.74	 3.6820	34.4691	27.4039	 0.53	 22.97	0.040	  157.75	100.00
1058.00	1047.73	 3.6820	34.4693	27.4040	 0.54	 23.33	0.040	  157.77	100.00
1059.00	1048.71	 3.6791	34.4695	27.4045	 0.53	 23.24	0.040	  157.77	100.00
1060.00	1049.70	 3.6742	34.4706	27.4058	 0.53	 23.22	0.040	  157.76	100.00
1061.00	1050.69	 3.6724	34.4707	27.4061	 0.54	 23.32	0.040	  157.75	100.00
1062.00	1051.68	 3.6696	34.4714	27.4069	 0.54	 23.31	0.041	  157.74	100.00
1063.00	1052.66	 3.6684	34.4716	27.4072	 0.54	 23.45	0.041	  157.75	100.00
1064.00	1053.65	 3.6661	34.4716	27.4074	 0.54	 23.61	0.041	  157.72	100.00
1065.00	1054.64	 3.6571	34.4713	27.4082	 0.55	 23.96	0.041	  157.75	100.00
1066.00	1055.63	 3.6545	34.4717	27.4087	 0.55	 23.93	0.040	  157.73	100.00
1067.00	1056.62	 3.6523	34.4718	27.4090	 0.54	 23.63	0.040	  157.76	100.00
1068.00	1057.60	 3.6510	34.4717	27.4091	 0.55	 23.91	0.040	  157.77	100.00
1069.00	1058.59	 3.6472	34.4720	27.4097	 0.55	 23.97	0.040	  157.70	100.00
