wcoa21_data_management/01_CRUISE_METADATA/00_OCADS_data/CTD_downcasts/WCOA_2021_CTD_downcasts/dRB2102_CTD_001_01_F.txt
* Sea-Bird SBE 9 Data:
* Software Version Seasave V 7.26.7.107
* Vessel: NOAA Ship Ronald H. Brown
* Cruise: RB2102, West Coast Ocean Acidification (WCOA) 2021
* Dates: 20210622 to 20210723
* Region: NE Pacific, USA West Coast
* Ports: San Diego, CA to Port Angeles, WA to San Diego, CA
* Chief Scientists: R. Feely, NOAA PMEL; D. Greeley, NOAA PMEL; B. Carter, NOAA PMEL / UW CICOES
*END*
[from data line 854]
 858.00	 848.78	 3.6744	34.3035	27.2711	 0.39	 17.02	0.040	  196.10	100.00
 859.00	 849.76	 3.6718	34.3034	27.2713	 0.39	 16.96	0.040	  196.06	100.00
 860.00	 850.75	 3.6687	34.3038	27.2719	 0.39	 16.97	0.040	  196.07	100.00
 861.00	 851.74	 3.6672	34.3040	27.2722	 0.39	 16.96	0.040	  196.02	100.00
 862.00	 852.73	 3.6662	34.3043	27.2725	 0.39	 16.99	0.040	  196.00	100.00
 863.00	 853.71	 3.6657	34.3054	27.2735	 0.39	 16.94	0.040	  196.07	100.00
 864.00	 854.70	 3.6660	34.3082	27.2757	 0.39	 16.92	0.041	  196.11	100.00
 865.00	 855.69	 3.6677	34.3104	27.2773	 0.39	 16.84	0.041	  196.08	100.00
 866.00	 856.67	 3.6685	34.3119	27.2784	 0.39	 16.80	0.040	  196.01	100.00
 867.00	 857.66	 3.6681	34.3136	27.2798	 0.39	 16.77	0.041	  196.01	100.00
 868.00	 858.65	 3.6648	34.3147	27.2810	 0.38	 16.68	0.042	  196.06	100.00
 869.00	 859.64	 3.6633	34.3149	27.2813	 0.38	 16.70	0.041	  196.05	100.00
 870.00	 860.62	 3.6617	34.3153	27.2818	 0.38	 16.71	0.042	  195.98	100.00
 871.00	 861.61	 3.6577	34.3156	27.2824	 0.38	 16.66	0.042	  195.99	100.00
 872.00	 862.60	 3.6539	34.3164	27.2835	 0.38	 16.65	0.041	  195.97	100.00
 873.00	 863.58	 3.6523	34.3179	27.2848	 0.38	 16.62	0.040	  195.96	100.00
 874.00	 864.57	 3.6502	34.3189	27.2858	 0.38	 16.62	0.040	  195.90	100.00
 875.00	 865.56	 3.6493	34.3191	27.2861	 0.38	 16.64	0.040	  195.95	100.00
 876.00	 866.55	 3.6430	34.3195	27.2870	 0.38	 16.62	0.041	  195.94	100.00
 877.00	 867.53	 3.6397	34.3196	27.2875	 0.38	 16.62	0.041	  195.92	100.00
 878.00	 868.52	 3.6379	34.3199	27.2879	 0.38	 16.61	0.041	  195.97	100.00
 879.00	 869.51	 3.6358	34.3210	27.2889	 0.38	 16.62	0.041	  195.87	100.00
 880.00	 870.49	 3.6324	34.3212	27.2895	 0.38	 16.62	0.040	  195.96	100.00
 881.00	 871.48	 3.6313	34.3216	27.2899	 0.38	 16.63	0.040	  195.94	100.00
 882.00	 872.47	 3.6289	34.3223	27.2907	 0.38	 16.67	0.040	  195.93	100.00
 883.00	 873.46	 3.6202	34.3235	27.2925	 0.38	 16.60	0.040	  195.91	100.00
 884.00	 874.44	 3.6153	34.3246	27.2938	 0.38	 16.60	0.040	  195.87	100.00
 885.00	 875.43	 3.6138	34.3252	27.2945	 0.38	 16.60	0.041	  195.90	100.00
 886.00	 876.42	 3.6131	34.3253	27.2947	 0.38	 16.61	0.041	  195.95	100.00
 887.00	 877.40	 3.6131	34.3255	27.2948	 0.38	 16.59	0.040	  195.84	100.00
 888.00	 878.39	 3.6145	34.3264	27.2954	 0.38	 16.55	0.042	  195.91	100.00
 889.00	 879.38	 3.6174	34.3279	27.2963	 0.38	 16.59	0.042	  195.92	100.00
 890.00	 880.37	 3.6189	34.3285	27.2966	 0.38	 16.56	0.041	  195.87	100.00
 891.00	 881.35	 3.6190	34.3284	27.2966	 0.38	 16.52	0.041	  195.87	100.00
 892.00	 882.34	 3.6202	34.3290	27.2970	 0.38	 16.52	0.041	  195.81	100.00
 893.00	 883.33	 3.6242	34.3305	27.2978	 0.38	 16.55	0.040	  195.88	100.00
 894.00	 884.31	 3.6259	34.3309	27.2979	 0.38	 16.49	0.040	  195.82	100.00
 895.00	 885.30	 3.6263	34.3308	27.2978	 0.38	 16.40	0.042	  195.80	100.00
 896.00	 886.29	 3.6264	34.3310	27.2979	 0.38	 16.45	0.041	  195.87	100.00
 897.00	 887.27	 3.6272	34.3315	27.2983	 0.38	 16.47	0.041	  195.83	100.00
 898.00	 888.26	 3.6283	34.3317	27.2983	 0.38	 16.43	0.041	  195.80	100.00
 899.00	 889.25	 3.6314	34.3326	27.2988	 0.38	 16.38	0.040	  195.87	100.00
 900.00	 890.24	 3.6323	34.3328	27.2989	 0.38	 16.39	0.041	  195.86	100.00
 901.00	 891.22	 3.6322	34.3329	27.2990	 0.38	 16.38	0.042	  195.81	100.00
 902.00	 892.21	 3.6324	34.3329	27.2989	 0.38	 16.34	0.042	  195.81	100.00
 903.00	 893.20	 3.6328	34.3331	27.2991	 0.38	 16.37	0.042	  195.74	100.00
 904.00	 894.18	 3.6321	34.3330	27.2991	 0.38	 16.39	0.042	  195.75	100.00
 905.00	 895.17	 3.6302	34.3328	27.2991	 0.38	 16.37	0.041	  195.78	100.00
 906.00	 896.16	 3.6204	34.3317	27.2992	 0.38	 16.39	0.041	  195.83	100.00
 907.00	 897.15	 3.6124	34.3308	27.2993	 0.38	 16.47	0.042	  195.80	100.00
 908.00	 898.13	 3.6023	34.3310	27.3004	 0.38	 16.48	0.041	  195.79	100.00
 909.00	 899.12	 3.5963	34.3306	27.3007	 0.38	 16.51	0.041	  195.77	100.00
 910.00	 900.11	 3.5968	34.3325	27.3021	 0.38	 16.53	0.042	  195.79	100.00
 911.00	 901.09	 3.6017	34.3330	27.3021	 0.38	 16.52	0.041	  195.70	100.00
 912.00	 902.08	 3.6034	34.3338	27.3026	 0.38	 16.52	0.041	  195.75	100.00
 913.00	 903.07	 3.6096	34.3345	27.3025	 0.38	 16.41	0.041	  195.75	100.00
 914.00	 904.05	 3.6102	34.3344	27.3024	 0.38	 16.40	0.041	  195.79	100.00
 915.00	 905.04	 3.6088	34.3345	27.3026	 0.38	 16.43	0.040	  195.79	100.00
 916.00	 906.03	 3.6063	34.3347	27.3030	 0.38	 16.36	0.040	  195.75	100.00
 917.00	 907.01	 3.6027	34.3346	27.3033	 0.38	 16.39	0.040	  195.73	100.00
 918.00	 908.00	 3.6004	34.3344	27.3034	 0.38	 16.39	0.040	  195.71	100.00
 919.00	 908.99	 3.5986	34.3343	27.3035	 0.38	 16.36	0.041	  195.69	100.00
 920.00	 909.98	 3.5987	34.3345	27.3037	 0.38	 16.38	0.040	  195.66	100.00
 921.00	 910.96	 3.5971	34.3338	27.3032	 0.38	 16.47	0.040	  195.71	100.00
 922.00	 911.95	 3.5921	34.3335	27.3035	 0.38	 16.42	0.040	  195.70	100.00
 923.00	 912.94	 3.5897	34.3334	27.3037	 0.38	 16.38	0.040	  195.67	100.00
 924.00	 913.92	 3.5896	34.3335	27.3038	 0.38	 16.42	0.041	  195.73	100.00
 925.00	 914.91	 3.5890	34.3336	27.3039	 0.38	 16.46	0.040	  195.69	100.00
 926.00	 915.90	 3.5876	34.3340	27.3044	 0.38	 16.41	0.041	  195.60	100.00
 927.00	 916.88	 3.5803	34.3336	27.3048	 0.38	 16.50	0.042	  195.69	100.00
 928.00	 917.87	 3.5705	34.3336	27.3057	 0.38	 16.50	0.040	  195.65	100.00
 929.00	 918.86	 3.5679	34.3339	27.3062	 0.38	 16.49	0.041	  195.65	100.00
 930.00	 919.84	 3.5605	34.3337	27.3068	 0.38	 16.45	0.042	  195.65	100.00
 931.00	 920.83	 3.5525	34.3348	27.3084	 0.38	 16.47	0.041	  195.56	100.00
 932.00	 921.82	 3.5503	34.3353	27.3090	 0.38	 16.48	0.041	  195.61	100.00
 933.00	 922.81	 3.5486	34.3357	27.3095	 0.38	 16.41	0.041	  195.60	100.00
 934.00	 923.79	 3.5473	34.3359	27.3098	 0.38	 16.43	0.041	  195.59	100.00
 935.00	 924.78	 3.5463	34.3361	27.3101	 0.38	 16.43	0.042	  195.62	100.00
 936.00	 925.77	 3.5450	34.3363	27.3103	 0.38	 16.35	0.041	  195.63	100.00
 937.00	 926.75	 3.5423	34.3364	27.3107	 0.38	 16.48	0.040	  195.62	100.00
 938.00	 927.74	 3.5337	34.3369	27.3120	 0.38	 16.47	0.040	  195.65	100.00
 939.00	 928.73	 3.5258	34.3382	27.3138	 0.38	 16.44	0.040	  195.65	100.00
 940.00	 929.71	 3.5257	34.3383	27.3138	 0.38	 16.50	0.040	  195.66	100.00
 941.00	 930.70	 3.5247	34.3385	27.3141	 0.38	 16.50	0.040	  195.64	100.00
 942.00	 931.69	 3.5233	34.3387	27.3144	 0.38	 16.47	0.040	  195.63	100.00
 943.00	 932.67	 3.5206	34.3392	27.3150	 0.38	 16.45	0.041	  195.61	100.00
 944.00	 933.66	 3.5172	34.3397	27.3158	 0.38	 16.46	0.042	  195.66	100.00
 945.00	 934.65	 3.5136	34.3402	27.3165	 0.38	 16.48	0.041	  195.58	100.00
 946.00	 935.63	 3.5098	34.3403	27.3170	 0.38	 16.48	0.040	  195.66	100.00
 947.00	 936.62	 3.5055	34.3410	27.3180	 0.38	 16.47	0.040	  195.57	100.00
 948.00	 937.61	 3.5009	34.3412	27.3186	 0.38	 16.47	0.042	  195.54	100.00
 949.00	 938.59	 3.4955	34.3421	27.3198	 0.38	 16.46	0.041	  195.56	100.00
 950.00	 939.58	 3.4907	34.3425	27.3206	 0.38	 16.47	0.040	  195.59	100.00
 951.00	 940.57	 3.4865	34.3428	27.3213	 0.38	 16.47	0.040	  195.55	100.00
 952.00	 941.55	 3.4832	34.3435	27.3221	 0.38	 16.47	0.041	  195.60	100.00
 953.00	 942.54	 3.4829	34.3437	27.3223	 0.38	 16.51	0.041	  195.49	100.00
 954.00	 943.53	 3.4816	34.3443	27.3230	 0.38	 16.49	0.041	  195.53	100.00
 955.00	 944.52	 3.4799	34.3451	27.3237	 0.38	 16.48	0.042	  195.62	100.00
 956.00	 945.50	 3.4762	34.3458	27.3247	 0.38	 16.55	0.042	  195.61	100.00
 957.00	 946.49	 3.4739	34.3465	27.3254	 0.38	 16.56	0.041	  195.53	100.00
 958.00	 947.48	 3.4712	34.3474	27.3265	 0.38	 16.50	0.040	  195.51	100.00
 959.00	 948.46	 3.4710	34.3476	27.3266	 0.38	 16.50	0.040	  195.61	100.00
 960.00	 949.45	 3.4701	34.3482	27.3272	 0.38	 16.53	0.040	  195.58	100.00
 961.00	 950.44	 3.4700	34.3484	27.3274	 0.38	 16.47	0.040	  195.48	100.00
 962.00	 951.42	 3.4694	34.3488	27.3278	 0.38	 16.45	0.041	  195.55	100.00
 963.00	 952.41	 3.4691	34.3492	27.3281	 0.38	 16.47	0.042	  195.48	100.00
 964.00	 953.40	 3.4681	34.3506	27.3293	 0.38	 16.44	0.041	  195.53	100.00
 965.00	 954.38	 3.4676	34.3514	27.3300	 0.38	 16.48	0.041	  195.58	100.00
 966.00	 955.37	 3.4676	34.3516	27.3302	 0.38	 16.46	0.040	  195.52	100.00
 967.00	 956.36	 3.4674	34.3517	27.3303	 0.38	 16.44	0.041	  195.48	100.00
 968.00	 957.34	 3.4665	34.3521	27.3307	 0.38	 16.43	0.041	  195.50	100.00
 969.00	 958.33	 3.4647	34.3525	27.3312	 0.38	 16.44	0.040	  195.52	100.00
 970.00	 959.32	 3.4603	34.3537	27.3326	 0.38	 16.44	0.041	  195.46	100.00
 971.00	 960.30	 3.4547	34.3554	27.3345	 0.38	 16.46	0.042	  195.48	100.00
 972.00	 961.29	 3.4505	34.3567	27.3360	 0.38	 16.50	0.042	  195.46	100.00
 973.00	 962.28	 3.4479	34.3570	27.3364	 0.38	 16.48	0.042	  195.47	100.00
 974.00	 963.26	 3.4418	34.3585	27.3382	 0.38	 16.47	0.042	  195.37	100.00
 975.00	 964.25	 3.4406	34.3588	27.3386	 0.38	 16.54	0.042	  195.49	100.00
 976.00	 965.24	 3.4361	34.3597	27.3397	 0.38	 16.44	0.042	  195.47	100.00
 977.00	 966.22	 3.4341	34.3601	27.3403	 0.38	 16.44	0.042	  195.42	100.00
 978.00	 967.21	 3.4276	34.3615	27.3420	 0.38	 16.53	0.041	  195.39	100.00
 979.00	 968.20	 3.4247	34.3621	27.3427	 0.38	 16.50	0.040	  195.41	100.00
 980.00	 969.18	 3.4237	34.3631	27.3437	 0.38	 16.54	0.040	  195.41	100.00
 981.00	 970.17	 3.4221	34.3651	27.3454	 0.38	 16.50	0.041	  195.45	100.00
 982.00	 971.16	 3.4217	34.3654	27.3457	 0.38	 16.46	0.041	  195.37	100.00
 983.00	 972.14	 3.4208	34.3657	27.3460	 0.38	 16.54	0.040	  195.36	100.00
 984.00	 973.13	 3.4195	34.3659	27.3463	 0.38	 16.53	0.040	  195.42	100.00
 985.00	 974.12	 3.4133	34.3677	27.3483	 0.38	 16.57	0.040	  195.36	100.00
 986.00	 975.10	 3.4100	34.3695	27.3501	 0.38	 16.62	0.040	  195.35	100.00
 987.00	 976.09	 3.4083	34.3716	27.3519	 0.38	 16.55	0.040	  195.39	100.00
 988.00	 977.08	 3.4077	34.3718	27.3521	 0.38	 16.56	0.041	  195.34	100.00
 989.00	 978.06	 3.4053	34.3721	27.3526	 0.38	 16.61	0.041	  195.35	100.00
 990.00	 979.05	 3.4047	34.3719	27.3526	 0.38	 16.60	0.040	  195.29	100.00
 991.00	 980.04	 3.4050	34.3721	27.3527	 0.38	 16.56	0.041	  195.37	 81.41
 992.00	 981.02	 3.4049	34.3718	27.3525	 0.38	 16.60	0.042	  195.36	 99.54
 993.00	 982.01	 3.4045	34.3716	27.3524	 0.38	 16.55	0.042	  195.35	100.00
 994.00	 983.00	 3.4032	34.3712	27.3522	 0.38	 16.58	0.041	  195.39	100.00
 995.00	 983.98	 3.4034	34.3712	27.3521	 0.38	 16.53	0.040	  195.31	100.00
 996.00	 984.97	 3.4029	34.3711	27.3521	 0.38	 16.53	0.040	  195.35	100.00
 997.00	 985.96	 3.4003	34.3710	27.3523	 0.38	 16.60	0.040	  195.33	100.00
 998.00	 986.94	 3.3964	34.3717	27.3532	 0.38	 16.57	0.041	  195.24	100.00
 999.00	 987.93	 3.3958	34.3719	27.3534	 0.38	 16.54	0.042	  195.38	100.00
1000.00	 988.92	 3.3958	34.3724	27.3538	 0.38	 16.60	0.041	  195.31	100.00
1001.00	 989.90	 3.3957	34.3726	27.3540	 0.38	 16.55	0.040	  195.22	100.00
1002.00	 990.89	 3.3952	34.3725	27.3540	 0.38	 16.53	0.040	  195.27	100.00
1003.00	 991.87	 3.3955	34.3726	27.3541	 0.38	 16.57	0.040	  195.28	100.00
1004.00	 992.86	 3.3959	34.3732	27.3545	 0.38	 16.53	0.041	  195.24	100.00
1005.00	 993.85	 3.3959	34.3736	27.3548	 0.38	 16.63	0.042	  195.22	100.00
1006.00	 994.83	 3.3977	34.3750	27.3557	 0.38	 16.54	0.041	  195.23	100.00
1007.00	 995.82	 3.3988	34.3755	27.3561	 0.38	 16.55	0.040	  195.20	100.00
1008.00	 996.81	 3.3999	34.3758	27.3563	 0.38	 16.61	0.041	  195.14	100.00
1009.00	 997.79	 3.3994	34.3758	27.3563	 0.38	 16.56	0.042	  195.18	100.00
1010.00	 998.78	 3.3973	34.3759	27.3566	 0.38	 16.54	0.041	  195.15	100.00
1011.00	 999.77	 3.3958	34.3758	27.3566	 0.38	 16.59	0.041	  195.15	100.00
1012.00	1000.75	 3.3951	34.3759	27.3567	 0.38	 16.53	0.040	  195.18	100.00
1013.00	1001.74	 3.3954	34.3761	27.3569	 0.38	 16.55	0.041	  195.18	100.00
1014.00	1002.73	 3.3964	34.3765	27.3571	 0.38	 16.53	0.042	  195.16	100.00
1015.00	1003.71	 3.3961	34.3768	27.3574	 0.38	 16.62	0.041	  195.20	100.00
1016.00	1004.70	 3.3956	34.3771	27.3577	 0.38	 16.62	0.040	  195.24	100.00
1017.00	1005.69	 3.3927	34.3775	27.3583	 0.38	 16.63	0.040	  195.23	100.00
1018.00	1006.67	 3.3873	34.3792	27.3602	 0.38	 16.63	0.040	  195.12	100.00
1019.00	1007.66	 3.3812	34.3819	27.3629	 0.38	 16.63	0.041	  195.14	100.00
1020.00	1008.65	 3.3780	34.3825	27.3637	 0.38	 16.65	0.040	  195.12	100.00
1021.00	1009.63	 3.3771	34.3824	27.3637	 0.38	 16.66	0.040	  195.16	100.00
1022.00	1010.62	 3.3758	34.3826	27.3641	 0.38	 16.63	0.040	  195.10	100.00
1023.00	1011.60	 3.3775	34.3832	27.3643	 0.38	 16.66	0.040	  195.12	100.00
1024.00	1012.59	 3.3786	34.3834	27.3644	 0.38	 16.64	0.040	  195.13	100.00
1025.00	1013.58	 3.3788	34.3835	27.3645	 0.38	 16.62	0.041	  195.11	100.00
1026.00	1014.56	 3.3782	34.3842	27.3651	 0.38	 16.62	0.040	  195.12	100.00
1027.00	1015.55	 3.3786	34.3847	27.3654	 0.38	 16.70	0.040	  195.10	100.00
1028.00	1016.54	 3.3782	34.3845	27.3654	 0.38	 16.72	0.040	  195.11	100.00
1029.00	1017.52	 3.3747	34.3854	27.3664	 0.38	 16.68	0.041	  194.99	100.00
1030.00	1018.51	 3.3737	34.3857	27.3668	 0.39	 16.74	0.042	  195.12	100.00
1031.00	1019.50	 3.3732	34.3859	27.3670	 0.39	 16.75	0.042	  195.17	100.00
1032.00	1020.48	 3.3728	34.3860	27.3671	 0.38	 16.73	0.042	  195.08	100.00
1033.00	1021.47	 3.3729	34.3859	27.3670	 0.38	 16.70	0.041	  195.02	100.00
1034.00	1022.46	 3.3715	34.3862	27.3674	 0.38	 16.72	0.040	  195.10	100.00
1035.00	1023.44	 3.3690	34.3867	27.3680	 0.38	 16.71	0.040	  195.03	100.00
1036.00	1024.43	 3.3675	34.3870	27.3684	 0.38	 16.71	0.041	  195.09	100.00
1037.00	1025.41	 3.3670	34.3871	27.3685	 0.39	 16.74	0.041	  195.05	100.00
1038.00	1026.40	 3.3623	34.3876	27.3694	 0.39	 16.77	0.041	  195.02	100.00
1039.00	1027.39	 3.3505	34.3896	27.3721	 0.39	 16.75	0.041	  195.01	100.00
1040.00	1028.37	 3.3489	34.3901	27.3726	 0.39	 16.81	0.041	  195.03	100.00
1041.00	1029.36	 3.3479	34.3905	27.3731	 0.39	 16.85	0.040	  195.05	100.00
1042.00	1030.35	 3.3469	34.3908	27.3734	 0.39	 16.86	0.040	  194.99	100.00
1043.00	1031.33	 3.3452	34.3912	27.3739	 0.39	 16.88	0.040	  195.09	100.00
1044.00	1032.32	 3.3444	34.3914	27.3742	 0.39	 16.89	0.041	  194.97	100.00
1045.00	1033.31	 3.3431	34.3918	27.3746	 0.39	 16.90	0.042	  194.99	100.00
1046.00	1034.29	 3.3381	34.3925	27.3757	 0.39	 16.92	0.041	  195.00	100.00
1047.00	1035.28	 3.3274	34.3944	27.3782	 0.39	 16.92	0.041	  194.97	100.00
1048.00	1036.26	 3.3206	34.3954	27.3796	 0.39	 17.01	0.040	  194.97	100.00
1049.00	1037.25	 3.3195	34.3955	27.3798	 0.39	 17.01	0.040	  195.02	100.00
1050.00	1038.24	 3.3168	34.3957	27.3802	 0.39	 17.03	0.040	  194.99	100.00
1051.00	1039.22	 3.3109	34.3968	27.3816	 0.39	 17.03	0.040	  195.09	100.00
1052.00	1040.21	 3.3128	34.3965	27.3812	 0.39	 17.05	0.040	  194.99	100.00
1053.00	1041.20	 3.3127	34.3964	27.3811	 0.39	 17.10	0.040	  194.98	100.00
1054.00	1042.18	 3.3090	34.3968	27.3818	 0.39	 17.03	0.041	  194.99	100.00
1055.00	1043.17	 3.3066	34.3973	27.3825	 0.39	 17.05	0.041	  194.94	100.00
1056.00	1044.15	 3.3051	34.3975	27.3828	 0.39	 17.08	0.040	  194.98	100.00
1057.00	1045.14	 3.3012	34.3979	27.3835	 0.39	 17.05	0.041	  194.98	100.00
1058.00	1046.13	 3.2989	34.3982	27.3840	 0.39	 17.07	0.042	  194.99	100.00
1059.00	1047.11	 3.2942	34.3989	27.3849	 0.40	 17.18	0.042	  194.88	100.00
1060.00	1048.10	 3.2921	34.3993	27.3855	 0.39	 17.15	0.042	  194.97	100.00
1061.00	1049.09	 3.2896	34.3997	27.3860	 0.40	 17.18	0.042	  194.94	100.00
1062.00	1050.07	 3.2883	34.3999	27.3863	 0.39	 17.17	0.040	  194.91	100.00
1063.00	1051.06	 3.2875	34.4001	27.3865	 0.39	 17.16	0.041	  194.96	100.00
1064.00	1052.05	 3.2873	34.4001	27.3866	 0.39	 17.15	0.042	  194.90	100.00
1065.00	1053.03	 3.2871	34.4000	27.3865	 0.39	 17.16	0.042	  194.90	100.00
1066.00	1054.02	 3.2867	34.4003	27.3868	 0.39	 17.15	0.041	  194.85	100.00
1067.00	1055.00	 3.2860	34.4004	27.3870	 0.39	 17.14	0.041	  194.87	100.00
1068.00	1055.99	 3.2858	34.4005	27.3871	 0.39	 17.13	0.041	  194.87	100.00
1069.00	1056.98	 3.2825	34.4012	27.3879	 0.39	 17.15	0.042	  194.88	100.00
