wcoa21_data_management/01_CRUISE_METADATA/00_OCADS_data/CTD_downcasts/WCOA_2021_CTD_downcasts/dRB2102_CTD_054_01_F.txt
* Sea-Bird SBE 9 Data:
* Software Version Seasave V 7.26.7.107
* Vessel: NOAA Ship Ronald H. Brown
* Cruise: RB2102, West Coast Ocean Acidification (WCOA) 2021
* Dates: 20210622 to 20210723
* Region: NE Pacific, USA West Coast
* Ports: San Diego, CA to Port Angeles, WA to San Diego, CA
* Chief Scientists: R. Feely, NOAA PMEL; D. Greeley, NOAA PMEL; B. Carter, NOAA PMEL / UW CICOES
*END*
[from data line 641]
 644.00	 637.84	 5.3516	34.2127	27.0163	 0.50	 21.95	0.041	  141.23	100.00
 645.00	 638.83	 5.3381	34.2132	27.0183	 0.51	 22.01	0.041	  141.14	100.00
 646.00	 639.82	 5.3266	34.2142	27.0205	 0.50	 21.87	0.041	  141.20	100.00
 647.00	 640.81	 5.3228	34.2145	27.0212	 0.50	 21.76	0.041	  141.21	100.00
 648.00	 641.80	 5.3208	34.2144	27.0213	 0.50	 21.84	0.040	  141.21	100.00
 649.00	 642.78	 5.3198	34.2146	27.0217	 0.50	 21.71	0.042	  141.18	100.00
 650.00	 643.77	 5.3177	34.2143	27.0216	 0.50	 21.57	0.041	  141.22	100.00
 651.00	 644.76	 5.3115	34.2149	27.0228	 0.50	 21.68	0.041	  141.16	100.00
 652.00	 645.75	 5.3079	34.2150	27.0233	 0.50	 21.62	0.040	  141.08	100.00
 653.00	 646.74	 5.3018	34.2159	27.0248	 0.49	 21.49	0.040	  141.16	100.00
 654.00	 647.73	 5.2995	34.2164	27.0255	 0.49	 21.49	0.040	  141.14	100.00
 655.00	 648.72	 5.2958	34.2167	27.0262	 0.49	 21.49	0.040	  141.17	100.00
 656.00	 649.71	 5.2727	34.2163	27.0285	 0.49	 21.43	0.041	  141.22	100.00
 657.00	 650.70	 5.2571	34.2178	27.0316	 0.49	 21.44	0.040	  141.23	100.00
 658.00	 651.68	 5.2474	34.2183	27.0331	 0.49	 21.34	0.040	  141.17	100.00
 659.00	 652.67	 5.2300	34.2171	27.0342	 0.48	 21.09	0.040	  141.22	100.00
 660.00	 653.66	 5.1997	34.2183	27.0387	 0.49	 21.19	0.040	  141.15	100.00
 661.00	 654.65	 5.1851	34.2182	27.0403	 0.49	 21.18	0.040	  141.18	100.00
 662.00	 655.64	 5.1703	34.2190	27.0426	 0.49	 21.12	0.040	  141.16	100.00
 663.00	 656.63	 5.1628	34.2192	27.0437	 0.48	 21.08	0.040	  141.15	100.00
 664.00	 657.62	 5.1569	34.2196	27.0447	 0.48	 20.97	0.042	  141.18	100.00
 665.00	 658.61	 5.1534	34.2196	27.0451	 0.48	 20.92	0.041	  141.15	100.00
 666.00	 659.59	 5.1515	34.2199	27.0456	 0.48	 20.92	0.041	  141.13	100.00
 667.00	 660.58	 5.1487	34.2200	27.0460	 0.48	 20.82	0.042	  141.20	100.00
 668.00	 661.57	 5.1448	34.2202	27.0466	 0.48	 20.83	0.041	  141.20	100.00
 669.00	 662.56	 5.1430	34.2207	27.0472	 0.48	 20.78	0.040	  141.19	100.00
 670.00	 663.55	 5.1433	34.2207	27.0472	 0.48	 20.72	0.041	  141.12	100.00
 671.00	 664.54	 5.1384	34.2212	27.0481	 0.47	 20.64	0.040	  141.15	100.00
 672.00	 665.53	 5.1322	34.2211	27.0488	 0.48	 20.75	0.040	  141.16	100.00
 673.00	 666.52	 5.1273	34.2215	27.0497	 0.48	 20.69	0.041	  141.18	100.00
 674.00	 667.50	 5.1202	34.2214	27.0504	 0.47	 20.61	0.042	  141.17	100.00
 675.00	 668.49	 5.1124	34.2215	27.0514	 0.47	 20.62	0.040	  141.17	100.00
 676.00	 669.48	 5.0966	34.2218	27.0534	 0.47	 20.56	0.041	  141.14	100.00
 677.00	 670.47	 5.0836	34.2223	27.0554	 0.47	 20.51	0.040	  141.12	100.00
 678.00	 671.46	 5.0786	34.2230	27.0565	 0.47	 20.44	0.040	  141.09	100.00
 679.00	 672.45	 5.0775	34.2231	27.0568	 0.47	 20.45	0.041	  141.13	100.00
 680.00	 673.44	 5.0767	34.2231	27.0569	 0.47	 20.38	0.041	  141.14	 80.70
 681.00	 674.43	 5.0745	34.2234	27.0573	 0.47	 20.33	0.041	  141.10	100.20
 682.00	 675.41	 5.0693	34.2229	27.0575	 0.47	 20.33	0.042	  141.15	100.00
 683.00	 676.40	 5.0627	34.2226	27.0581	 0.47	 20.31	0.041	  141.07	100.00
 684.00	 677.39	 5.0460	34.2224	27.0598	 0.47	 20.27	0.040	  141.11	100.00
 685.00	 678.38	 5.0333	34.2228	27.0616	 0.46	 20.20	0.040	  141.21	100.00
 686.00	 679.37	 5.0253	34.2241	27.0635	 0.46	 20.19	0.040	  141.13	100.00
 687.00	 680.36	 5.0131	34.2244	27.0652	 0.46	 20.10	0.040	  141.14	100.00
 688.00	 681.35	 5.0032	34.2248	27.0666	 0.46	 20.15	0.040	  141.24	100.00
 689.00	 682.34	 4.9950	34.2253	27.0680	 0.46	 20.17	0.042	  141.14	100.00
 690.00	 683.32	 4.9873	34.2250	27.0686	 0.46	 20.19	0.041	  141.10	100.00
 691.00	 684.31	 4.9704	34.2234	27.0692	 0.46	 20.22	0.040	  141.14	100.00
 692.00	 685.30	 4.9431	34.2234	27.0724	 0.47	 20.35	0.040	  141.09	100.00
 693.00	 686.29	 4.9397	34.2233	27.0727	 0.47	 20.39	0.040	  141.13	100.00
 694.00	 687.28	 4.9347	34.2231	27.0731	 0.47	 20.30	0.040	  141.06	100.00
 695.00	 688.27	 4.9343	34.2232	27.0732	 0.47	 20.38	0.040	  141.13	100.00
 696.00	 689.26	 4.9343	34.2232	27.0733	 0.47	 20.37	0.041	  141.09	100.00
 697.00	 690.24	 4.9356	34.2234	27.0733	 0.47	 20.28	0.041	  141.11	100.00
 698.00	 691.23	 4.9366	34.2237	27.0734	 0.46	 20.16	0.041	  141.12	100.00
 699.00	 692.22	 4.9357	34.2236	27.0734	 0.47	 20.28	0.040	  141.13	100.00
 700.00	 693.21	 4.9362	34.2239	27.0736	 0.47	 20.23	0.040	  141.11	100.00
 701.00	 694.20	 4.9337	34.2238	27.0738	 0.46	 20.19	0.040	  141.08	100.00
 702.00	 695.19	 4.9284	34.2232	27.0740	 0.47	 20.22	0.040	  141.15	100.00
 703.00	 696.18	 4.9285	34.2238	27.0744	 0.47	 20.22	0.040	  141.06	100.00
 704.00	 697.17	 4.9228	34.2235	27.0749	 0.46	 20.21	0.040	  141.08	100.00
 705.00	 698.15	 4.8878	34.2242	27.0794	 0.46	 20.22	0.040	  141.06	100.00
 706.00	 699.14	 4.8829	34.2258	27.0812	 0.47	 20.28	0.040	  141.11	100.00
 707.00	 700.13	 4.8811	34.2254	27.0811	 0.46	 20.16	0.040	  141.04	100.00
 708.00	 701.12	 4.8794	34.2251	27.0810	 0.46	 20.02	0.040	  141.03	100.00
 709.00	 702.11	 4.8640	34.2261	27.0835	 0.46	 20.01	0.040	  141.08	100.00
 710.00	 703.10	 4.8548	34.2273	27.0856	 0.46	 19.99	0.040	  141.08	100.00
 711.00	 704.09	 4.8547	34.2275	27.0857	 0.46	 19.88	0.040	  141.05	100.00
 712.00	 705.07	 4.8560	34.2274	27.0855	 0.46	 19.82	0.040	  141.05	100.00
 713.00	 706.06	 4.8521	34.2272	27.0858	 0.46	 19.85	0.041	  141.05	100.00
 714.00	 707.05	 4.8471	34.2277	27.0868	 0.46	 19.83	0.041	  141.03	100.00
 715.00	 708.04	 4.8462	34.2280	27.0871	 0.45	 19.70	0.041	  140.94	100.00
 716.00	 709.03	 4.8428	34.2282	27.0877	 0.45	 19.64	0.042	  140.98	100.00
 717.00	 710.02	 4.8333	34.2286	27.0891	 0.45	 19.70	0.042	  141.01	100.00
 718.00	 711.01	 4.8268	34.2294	27.0904	 0.45	 19.62	0.041	  141.03	100.00
 719.00	 711.99	 4.8214	34.2311	27.0924	 0.45	 19.45	0.040	  141.07	100.00
 720.00	 712.98	 4.8172	34.2342	27.0953	 0.45	 19.47	0.040	  141.04	100.00
 721.00	 713.97	 4.8135	34.2342	27.0958	 0.45	 19.35	0.040	  140.99	100.00
 722.00	 714.96	 4.8058	34.2366	27.0985	 0.44	 19.22	0.040	  141.00	100.00
 723.00	 715.95	 4.8048	34.2371	27.0990	 0.44	 19.16	0.040	  140.97	100.00
 724.00	 716.94	 4.8005	34.2380	27.1003	 0.44	 19.12	0.040	  140.95	100.00
 725.00	 717.93	 4.7939	34.2394	27.1021	 0.44	 19.08	0.040	  140.95	100.00
 726.00	 718.91	 4.7842	34.2405	27.1040	 0.44	 18.93	0.040	  140.87	100.00
 727.00	 719.90	 4.7720	34.2419	27.1065	 0.43	 18.71	0.040	  140.91	100.00
 728.00	 720.89	 4.7608	34.2436	27.1091	 0.43	 18.66	0.041	  140.90	100.00
 729.00	 721.88	 4.7553	34.2444	27.1104	 0.43	 18.76	0.042	  140.94	100.00
 730.00	 722.87	 4.7495	34.2452	27.1116	 0.43	 18.70	0.041	  140.93	100.00
 731.00	 723.86	 4.7481	34.2456	27.1121	 0.43	 18.58	0.040	  140.94	100.00
 732.00	 724.84	 4.7460	34.2458	27.1125	 0.43	 18.54	0.040	  140.92	100.00
 733.00	 725.83	 4.7365	34.2470	27.1145	 0.43	 18.49	0.041	  140.91	100.00
 734.00	 726.82	 4.7333	34.2475	27.1153	 0.42	 18.31	0.042	  140.90	100.00
 735.00	 727.81	 4.7258	34.2483	27.1168	 0.42	 18.29	0.042	  140.92	100.00
 736.00	 728.80	 4.7145	34.2497	27.1191	 0.42	 18.24	0.042	  140.92	100.00
 737.00	 729.79	 4.7047	34.2511	27.1214	 0.42	 18.18	0.041	  140.91	100.00
 738.00	 730.78	 4.6961	34.2525	27.1234	 0.42	 18.11	0.041	  140.89	100.00
 739.00	 731.76	 4.6865	34.2534	27.1252	 0.41	 17.95	0.041	  140.92	100.00
 740.00	 732.75	 4.6731	34.2552	27.1281	 0.41	 17.99	0.040	  140.89	100.00
 741.00	 733.74	 4.6656	34.2564	27.1298	 0.41	 17.91	0.040	  140.85	100.00
 742.00	 734.73	 4.6612	34.2572	27.1310	 0.41	 17.72	0.041	  140.91	100.00
 743.00	 735.72	 4.6513	34.2579	27.1327	 0.40	 17.48	0.042	  140.91	100.00
 744.00	 736.71	 4.6410	34.2599	27.1354	 0.41	 17.63	0.040	  140.88	100.00
 745.00	 737.69	 4.6375	34.2607	27.1364	 0.41	 17.65	0.040	  140.87	100.00
 746.00	 738.68	 4.6372	34.2607	27.1364	 0.40	 17.56	0.040	  140.82	100.00
 747.00	 739.67	 4.6364	34.2608	27.1366	 0.40	 17.38	0.040	  140.92	100.00
 748.00	 740.66	 4.6347	34.2611	27.1371	 0.40	 17.43	0.041	  140.92	100.00
 749.00	 741.65	 4.6325	34.2614	27.1376	 0.40	 17.46	0.041	  140.89	100.00
 750.00	 742.64	 4.6307	34.2618	27.1381	 0.40	 17.42	0.040	  140.83	100.00
 751.00	 743.63	 4.6297	34.2620	27.1383	 0.40	 17.29	0.040	  140.89	100.00
 752.00	 744.61	 4.6243	34.2626	27.1394	 0.40	 17.28	0.040	  140.87	100.00
 753.00	 745.60	 4.6187	34.2635	27.1408	 0.40	 17.39	0.040	  140.92	100.00
 754.00	 746.59	 4.6142	34.2643	27.1419	 0.40	 17.29	0.040	  140.85	100.00
 755.00	 747.58	 4.6134	34.2641	27.1418	 0.40	 17.25	0.040	  140.84	100.00
 756.00	 748.57	 4.6087	34.2649	27.1429	 0.40	 17.23	0.040	  140.90	100.00
 757.00	 749.56	 4.6025	34.2657	27.1443	 0.39	 17.15	0.041	  140.86	100.00
 758.00	 750.54	 4.5954	34.2667	27.1459	 0.40	 17.18	0.041	  140.80	100.00
 759.00	 751.53	 4.5884	34.2679	27.1476	 0.39	 17.10	0.042	  140.84	100.00
 760.00	 752.52	 4.5852	34.2681	27.1481	 0.39	 16.84	0.041	  140.82	100.00
 761.00	 753.51	 4.5791	34.2689	27.1494	 0.39	 16.81	0.040	  140.86	100.00
 762.00	 754.50	 4.5762	34.2693	27.1501	 0.39	 16.86	0.040	  140.81	100.00
 763.00	 755.49	 4.5738	34.2697	27.1507	 0.39	 16.91	0.040	  140.79	100.00
 764.00	 756.47	 4.5755	34.2696	27.1504	 0.39	 16.90	0.040	  140.81	100.00
 765.00	 757.46	 4.5720	34.2701	27.1512	 0.39	 16.88	0.040	  140.84	100.00
 766.00	 758.45	 4.5709	34.2703	27.1515	 0.39	 16.90	0.040	  140.78	100.00
 767.00	 759.44	 4.5698	34.2704	27.1517	 0.39	 16.95	0.041	  140.78	100.00
 768.00	 760.43	 4.5689	34.2707	27.1521	 0.39	 16.92	0.042	  140.78	100.00
 769.00	 761.42	 4.5688	34.2706	27.1520	 0.39	 16.83	0.042	  140.87	100.00
 770.00	 762.40	 4.5685	34.2707	27.1521	 0.38	 16.73	0.041	  140.84	100.00
 771.00	 763.39	 4.5684	34.2707	27.1521	 0.38	 16.74	0.040	  140.79	100.00
 772.00	 764.38	 4.5661	34.2709	27.1526	 0.39	 16.75	0.040	  140.78	100.00
 773.00	 765.37	 4.5630	34.2715	27.1534	 0.39	 16.79	0.040	  140.70	100.00
 774.00	 766.36	 4.5632	34.2715	27.1533	 0.38	 16.72	0.040	  140.82	100.00
 775.00	 767.35	 4.5625	34.2715	27.1534	 0.38	 16.67	0.041	  140.67	100.00
 776.00	 768.33	 4.5605	34.2718	27.1539	 0.38	 16.74	0.041	  140.73	100.00
 777.00	 769.32	 4.5591	34.2721	27.1543	 0.39	 16.74	0.041	  140.76	100.00
 778.00	 770.31	 4.5591	34.2721	27.1543	 0.39	 16.75	0.041	  140.71	100.00
 779.00	 771.30	 4.5583	34.2721	27.1544	 0.38	 16.62	0.041	  140.67	100.00
 780.00	 772.29	 4.5565	34.2726	27.1549	 0.38	 16.61	0.042	  140.68	100.00
 781.00	 773.28	 4.5565	34.2725	27.1549	 0.38	 16.71	0.041	  140.72	100.00
 782.00	 774.26	 4.5544	34.2727	27.1553	 0.38	 16.73	0.041	  140.74	100.00
 783.00	 775.25	 4.5521	34.2732	27.1560	 0.38	 16.67	0.042	  140.66	100.00
 784.00	 776.24	 4.5490	34.2733	27.1563	 0.38	 16.50	0.042	  140.67	100.00
 785.00	 777.23	 4.5471	34.2740	27.1572	 0.38	 16.62	0.041	  140.69	100.00
 786.00	 778.22	 4.5488	34.2739	27.1569	 0.38	 16.62	0.040	  140.70	100.00
 787.00	 779.20	 4.5497	34.2736	27.1566	 0.38	 16.58	0.040	  140.76	100.00
 788.00	 780.19	 4.5500	34.2735	27.1565	 0.38	 16.64	0.040	  140.75	100.00
 789.00	 781.18	 4.5491	34.2735	27.1566	 0.38	 16.60	0.041	  140.73	100.00
 790.00	 782.17	 4.5434	34.2744	27.1579	 0.38	 16.55	0.042	  140.69	100.00
 791.00	 783.16	 4.5414	34.2748	27.1585	 0.38	 16.58	0.042	  140.66	100.00
 792.00	 784.15	 4.5416	34.2746	27.1583	 0.38	 16.59	0.041	  140.70	100.00
 793.00	 785.13	 4.5385	34.2750	27.1590	 0.38	 16.59	0.040	  140.69	100.00
 794.00	 786.12	 4.5335	34.2758	27.1601	 0.38	 16.57	0.041	  140.65	100.00
 795.00	 787.11	 4.5329	34.2759	27.1603	 0.38	 16.51	0.042	  140.66	100.00
 796.00	 788.10	 4.5330	34.2759	27.1603	 0.38	 16.49	0.042	  140.72	100.00
 797.00	 789.09	 4.5326	34.2759	27.1604	 0.38	 16.48	0.041	  140.66	100.00
 798.00	 790.07	 4.5315	34.2761	27.1606	 0.38	 16.53	0.040	  140.64	100.00
 799.00	 791.06	 4.5290	34.2764	27.1611	 0.38	 16.55	0.041	  140.64	100.00
 800.00	 792.05	 4.5257	34.2769	27.1619	 0.38	 16.41	0.040	  140.69	100.00
 801.00	 793.04	 4.5230	34.2775	27.1627	 0.38	 16.37	0.042	  140.69	100.00
 802.00	 794.03	 4.5211	34.2772	27.1626	 0.38	 16.43	0.041	  140.63	100.00
 803.00	 795.02	 4.5049	34.2800	27.1666	 0.38	 16.37	0.040	  140.65	100.00
 804.00	 796.00	 4.4902	34.2812	27.1692	 0.38	 16.31	0.040	  140.63	100.00
 805.00	 796.99	 4.4783	34.2829	27.1718	 0.37	 16.25	0.040	  140.68	100.00
 806.00	 797.98	 4.4626	34.2849	27.1751	 0.37	 16.12	0.041	  140.65	100.00
 807.00	 798.97	 4.4566	34.2859	27.1766	 0.37	 16.03	0.042	  140.67	100.00
 808.00	 799.96	 4.4493	34.2868	27.1781	 0.37	 16.00	0.042	  140.69	100.00
 809.00	 800.94	 4.4405	34.2884	27.1803	 0.37	 16.02	0.042	  140.58	100.00
 810.00	 801.93	 4.4404	34.2884	27.1803	 0.37	 16.01	0.042	  140.66	100.00
 811.00	 802.92	 4.4403	34.2887	27.1805	 0.37	 15.99	0.041	  140.63	100.00
 812.00	 803.91	 4.4395	34.2888	27.1807	 0.36	 15.80	0.040	  140.66	100.00
 813.00	 804.90	 4.4391	34.2889	27.1809	 0.36	 15.82	0.040	  140.66	100.00
 814.00	 805.89	 4.4375	34.2891	27.1812	 0.36	 15.85	0.040	  140.60	100.00
 815.00	 806.87	 4.4358	34.2894	27.1816	 0.36	 15.86	0.042	  140.55	100.00
 816.00	 807.86	 4.4361	34.2895	27.1817	 0.36	 15.87	0.041	  140.63	100.00
 817.00	 808.85	 4.4357	34.2896	27.1818	 0.36	 15.87	0.041	  140.66	100.00
 818.00	 809.84	 4.4336	34.2899	27.1823	 0.36	 15.82	0.041	  140.68	100.00
 819.00	 810.83	 4.4309	34.2902	27.1828	 0.36	 15.84	0.040	  140.60	100.00
 820.00	 811.81	 4.4177	34.2910	27.1849	 0.36	 15.80	0.041	  140.62	100.00
 821.00	 812.80	 4.4010	34.2940	27.1891	 0.36	 15.74	0.041	  140.55	100.00
 822.00	 813.79	 4.3951	34.2950	27.1905	 0.36	 15.71	0.041	  140.55	100.00
 823.00	 814.78	 4.3893	34.2959	27.1918	 0.36	 15.73	0.040	  140.54	100.00
 824.00	 815.77	 4.3852	34.2967	27.1929	 0.36	 15.66	0.040	  140.65	100.00
 825.00	 816.75	 4.3790	34.2977	27.1944	 0.36	 15.56	0.041	  140.60	100.00
 826.00	 817.74	 4.3769	34.2981	27.1949	 0.36	 15.46	0.041	  140.58	100.00
 827.00	 818.73	 4.3688	34.2992	27.1966	 0.36	 15.49	0.041	  140.56	100.00
 828.00	 819.72	 4.3592	34.3005	27.1987	 0.36	 15.50	0.042	  140.54	100.00
 829.00	 820.71	 4.3330	34.3041	27.2043	 0.36	 15.48	0.040	  140.62	100.00
 830.00	 821.69	 4.3276	34.3052	27.2058	 0.35	 15.41	0.040	  140.66	100.00
 831.00	 822.68	 4.3273	34.3052	27.2058	 0.35	 15.35	0.040	  140.59	100.00
 832.00	 823.67	 4.3179	34.3060	27.2075	 0.35	 15.29	0.040	  140.59	100.00
 833.00	 824.66	 4.3117	34.3074	27.2093	 0.35	 15.18	0.040	  140.55	100.00
 834.00	 825.65	 4.3118	34.3076	27.2094	 0.35	 15.17	0.040	  140.54	100.00
 835.00	 826.63	 4.3119	34.3073	27.2092	 0.35	 15.14	0.041	  140.54	100.00
 836.00	 827.62	 4.3106	34.3079	27.2098	 0.35	 15.14	0.041	  140.50	100.00
 837.00	 828.61	 4.3064	34.3083	27.2106	 0.35	 15.22	0.040	  140.51	100.00
 838.00	 829.60	 4.3032	34.3090	27.2115	 0.35	 15.18	0.041	  140.48	100.00
 839.00	 830.59	 4.3029	34.3090	27.2115	 0.35	 15.18	0.041	  140.50	100.00
 840.00	 831.57	 4.2980	34.3095	27.2125	 0.35	 15.11	0.040	  140.51	100.00
 841.00	 832.56	 4.2845	34.3113	27.2153	 0.35	 15.09	0.040	  140.53	100.00
 842.00	 833.55	 4.2729	34.3138	27.2185	 0.35	 15.07	0.040	  140.53	100.00
 843.00	 834.54	 4.2709	34.3141	27.2190	 0.35	 15.08	0.040	  140.54	100.00
 844.00	 835.53	 4.2685	34.3149	27.2198	 0.35	 15.14	0.041	  140.48	100.00
 845.00	 836.51	 4.2669	34.3155	27.2205	 0.35	 15.08	0.042	  140.49	 99.66
 846.00	 837.50	 4.2665	34.3156	27.2206	 0.35	 15.14	0.040	  140.50	 99.47
 847.00	 838.49	 4.2651	34.3160	27.2211	 0.35	 15.10	0.040	  140.54	 98.52
 848.00	 839.48	 4.2644	34.3164	27.2215	 0.34	 14.97	0.041	  140.56	 97.72
 849.00	 840.47	 4.2631	34.3168	27.2220	 0.34	 14.88	0.041	  140.53	 95.19
 850.00	 841.45	 4.2609	34.3175	27.2228	 0.34	 14.96	0.041	  140.51	 96.30
 851.00	 842.44	 4.2596	34.3179	27.2232	 0.34	 14.97	0.042	  140.47	 92.97
 852.00	 843.43	 4.2581	34.3183	27.2238	 0.35	 15.00	0.042	  140.41	 92.11
 853.00	 844.42	 4.2561	34.3188	27.2243	 0.35	 15.06	0.041	  140.43	 91.10
 854.00	 845.41	 4.2534	34.3189	27.2247	 0.35	 15.01	0.040	  140.40	 90.16
 855.00	 846.39	 4.2446	34.3183	27.2252	 0.35	 15.01	0.040	  140.42	 89.49
