wcoa21_data_management/01_CRUISE_METADATA/00_OCADS_data/CTD_downcasts/WCOA_2021_CTD_downcasts/dRB2102_CTD_076_01_F.txt
* Sea-Bird SBE 9 Data:
* Software Version Seasave V 7.26.7.107
* Vessel: NOAA Ship Ronald H. Brown
* Cruise: RB2102, West Coast Ocean Acidification (WCOA) 2021
* Dates: 20210622 to 20210723
* Region: NE Pacific, USA West Coast
* Ports: San Diego, CA to Port Angeles, WA to San Diego, CA
* Chief Scientists: R. Feely, NOAA PMEL; D. Greeley, NOAA PMEL; B. Carter, NOAA PMEL / UW CICOES
*END*
[from data line 1494]
1496.00	1479.39	 2.8509	34.5211	27.5257	 0.86	 37.23	0.040	  151.51	100.00
1497.00	1480.38	 2.8483	34.5212	27.5260	 0.86	 37.36	0.040	  151.50	100.00
1498.00	1481.36	 2.8478	34.5213	27.5261	 0.86	 37.50	0.040	  151.47	100.00
1499.00	1482.35	 2.8472	34.5213	27.5262	 0.86	 37.47	0.040	  151.51	100.00
1500.00	1483.33	 2.8444	34.5214	27.5266	 0.86	 37.47	0.040	  151.55	100.00
1501.00	1484.32	 2.8418	34.5219	27.5272	 0.86	 37.53	0.040	  151.47	100.00
1502.00	1485.30	 2.8392	34.5221	27.5275	 0.87	 37.63	0.040	  151.51	100.00
1503.00	1486.29	 2.8380	34.5222	27.5278	 0.87	 37.73	0.040	  151.49	100.00
1504.00	1487.27	 2.8348	34.5231	27.5288	 0.87	 37.87	0.042	  151.47	100.00
1505.00	1488.26	 2.8344	34.5230	27.5287	 0.87	 37.89	0.041	  151.47	100.00
1506.00	1489.25	 2.8340	34.5231	27.5289	 0.88	 38.04	0.040	  151.45	100.00
1507.00	1490.23	 2.8336	34.5232	27.5290	 0.87	 37.93	0.040	  151.47	100.00
1508.00	1491.22	 2.8330	34.5234	27.5292	 0.87	 37.95	0.040	  151.41	100.00
1509.00	1492.20	 2.8325	34.5235	27.5293	 0.88	 38.07	0.040	  151.45	100.00
1510.00	1493.19	 2.8314	34.5237	27.5296	 0.88	 38.06	0.040	  151.50	100.00
1511.00	1494.17	 2.8313	34.5237	27.5296	 0.88	 38.03	0.040	  151.42	100.00
1512.00	1495.16	 2.8311	34.5236	27.5295	 0.88	 38.19	0.041	  151.42	100.00
1513.00	1496.14	 2.8306	34.5236	27.5296	 0.88	 38.32	0.040	  151.39	100.00
1514.00	1497.13	 2.8300	34.5237	27.5297	 0.88	 38.26	0.040	  151.37	100.00
1515.00	1498.11	 2.8297	34.5239	27.5299	 0.88	 38.28	0.040	  151.41	100.00
1516.00	1499.10	 2.8294	34.5241	27.5301	 0.88	 38.19	0.040	  151.42	100.00
1517.00	1500.08	 2.8292	34.5240	27.5300	 0.88	 38.17	0.040	  151.43	100.00
1518.00	1501.07	 2.8288	34.5240	27.5301	 0.88	 38.26	0.040	  151.42	100.00
1519.00	1502.05	 2.8286	34.5241	27.5302	 0.88	 38.26	0.040	  151.41	100.00
1520.00	1503.04	 2.8282	34.5239	27.5301	 0.88	 38.26	0.040	  151.42	100.00
1521.00	1504.03	 2.8257	34.5243	27.5307	 0.88	 38.33	0.040	  151.39	100.00
1522.00	1505.01	 2.8245	34.5244	27.5309	 0.88	 38.32	0.040	  151.37	100.00
1523.00	1506.00	 2.8236	34.5246	27.5311	 0.88	 38.37	0.040	  151.36	100.00
1524.00	1506.98	 2.8227	34.5247	27.5312	 0.89	 38.48	0.040	  151.41	100.00
1525.00	1507.97	 2.8213	34.5250	27.5316	 0.89	 38.64	0.040	  151.41	100.00
1526.00	1508.95	 2.8186	34.5253	27.5320	 0.89	 38.85	0.041	  151.40	100.00
1527.00	1509.94	 2.8035	34.5277	27.5353	 0.90	 39.22	0.042	  151.36	100.00
1528.00	1510.92	 2.8001	34.5286	27.5363	 0.90	 39.27	0.042	  151.38	100.00
1529.00	1511.91	 2.7992	34.5287	27.5365	 0.91	 39.43	0.040	  151.40	100.00
1530.00	1512.89	 2.7983	34.5289	27.5367	 0.91	 39.56	0.040	  151.40	100.00
1531.00	1513.88	 2.7974	34.5290	27.5369	 0.91	 39.65	0.040	  151.36	100.00
1532.00	1514.86	 2.7969	34.5292	27.5371	 0.92	 39.98	0.041	  151.37	100.00
1533.00	1515.85	 2.7943	34.5294	27.5375	 0.92	 40.11	0.040	  151.38	100.00
1534.00	1516.83	 2.7869	34.5301	27.5387	 0.92	 40.14	0.040	  151.41	100.00
1535.00	1517.82	 2.7823	34.5312	27.5400	 0.92	 40.09	0.040	  151.40	100.00
1536.00	1518.80	 2.7820	34.5313	27.5401	 0.93	 40.21	0.040	  151.34	100.00
1537.00	1519.79	 2.7820	34.5312	27.5401	 0.93	 40.38	0.040	  151.36	100.00
1538.00	1520.77	 2.7832	34.5311	27.5399	 0.93	 40.55	0.040	  151.38	100.00
1539.00	1521.76	 2.7823	34.5312	27.5400	 0.93	 40.48	0.040	  151.36	100.00
1540.00	1522.74	 2.7823	34.5313	27.5401	 0.93	 40.56	0.040	  151.30	100.00
1541.00	1523.73	 2.7817	34.5312	27.5401	 0.93	 40.48	0.040	  151.31	100.00
1542.00	1524.72	 2.7811	34.5314	27.5403	 0.93	 40.53	0.040	  151.34	100.00
1543.00	1525.70	 2.7804	34.5315	27.5405	 0.93	 40.55	0.040	  151.31	100.00
1544.00	1526.69	 2.7799	34.5315	27.5405	 0.93	 40.55	0.041	  151.30	100.00
1545.00	1527.67	 2.7786	34.5316	27.5407	 0.93	 40.58	0.040	  151.37	100.00
1546.00	1528.66	 2.7778	34.5317	27.5408	 0.93	 40.62	0.040	  151.31	100.00
1547.00	1529.64	 2.7762	34.5317	27.5410	 0.94	 40.76	0.040	  151.32	100.00
1548.00	1530.63	 2.7687	34.5321	27.5420	 0.94	 40.84	0.040	  151.35	100.00
1549.00	1531.61	 2.7644	34.5328	27.5429	 0.94	 40.96	0.040	  151.30	100.00
1550.00	1532.60	 2.7618	34.5328	27.5432	 0.94	 40.99	0.040	  151.27	100.00
1551.00	1533.58	 2.7598	34.5330	27.5435	 0.94	 40.99	0.040	  151.35	100.00
1552.00	1534.57	 2.7586	34.5331	27.5437	 0.95	 41.21	0.040	  151.25	100.00
1553.00	1535.55	 2.7585	34.5331	27.5437	 0.94	 41.07	0.040	  151.35	100.00
1554.00	1536.54	 2.7586	34.5330	27.5437	 0.95	 41.09	0.040	  151.32	100.00
1555.00	1537.52	 2.7590	34.5331	27.5437	 0.95	 41.14	0.041	  151.27	100.00
1556.00	1538.51	 2.7588	34.5332	27.5438	 0.95	 41.13	0.040	  151.31	100.00
1557.00	1539.49	 2.7585	34.5330	27.5436	 0.95	 41.17	0.040	  151.38	100.00
1558.00	1540.48	 2.7578	34.5333	27.5439	 0.94	 41.06	0.040	  151.22	100.00
1559.00	1541.46	 2.7569	34.5331	27.5439	 0.95	 41.28	0.040	  151.24	100.00
1560.00	1542.45	 2.7548	34.5334	27.5443	 0.95	 41.23	0.040	  151.19	100.00
1561.00	1543.43	 2.7513	34.5335	27.5447	 0.95	 41.16	0.040	  151.27	100.00
1562.00	1544.42	 2.7579	34.5332	27.5439	 0.95	 41.29	0.040	  151.19	100.00
1563.00	1545.40	 2.7489	34.5329	27.5444	 0.95	 41.36	0.040	  151.26	100.00
1564.00	1546.39	 2.7407	34.5345	27.5464	 0.95	 41.44	0.040	  151.26	100.00
1565.00	1547.37	 2.7404	34.5344	27.5464	 0.95	 41.50	0.040	  151.24	100.00
1566.00	1548.36	 2.7384	34.5346	27.5467	 0.96	 41.52	0.041	  151.26	100.00
1567.00	1549.34	 2.7366	34.5348	27.5471	 0.96	 41.55	0.042	  151.21	100.00
1568.00	1550.33	 2.7381	34.5346	27.5468	 0.96	 41.61	0.041	  151.21	100.00
1569.00	1551.31	 2.7383	34.5345	27.5467	 0.96	 41.75	0.040	  151.18	100.00
1570.00	1552.30	 2.7335	34.5351	27.5476	 0.96	 41.73	0.040	  151.22	100.00
1571.00	1553.28	 2.7297	34.5355	27.5483	 0.96	 41.80	0.040	  151.19	100.00
1572.00	1554.27	 2.7278	34.5356	27.5485	 0.96	 41.92	0.041	  151.20	100.00
1573.00	1555.25	 2.7246	34.5355	27.5487	 0.97	 41.95	0.041	  151.23	100.00
1574.00	1556.24	 2.7204	34.5365	27.5499	 0.97	 42.03	0.040	  151.23	100.00
1575.00	1557.22	 2.7201	34.5364	27.5498	 0.97	 42.15	0.040	  151.21	100.00
1576.00	1558.21	 2.7204	34.5365	27.5499	 0.97	 42.21	0.040	  151.22	100.00
1577.00	1559.19	 2.7210	34.5365	27.5498	 0.97	 42.22	0.040	  151.19	100.00
1578.00	1560.18	 2.7210	34.5367	27.5499	 0.97	 42.25	0.040	  151.28	100.00
1579.00	1561.16	 2.7191	34.5369	27.5503	 0.97	 42.29	0.040	  151.18	100.00
1580.00	1562.15	 2.7185	34.5370	27.5505	 0.97	 42.31	0.040	  151.17	100.00
1581.00	1563.13	 2.7166	34.5368	27.5505	 0.97	 42.29	0.040	  151.18	100.00
1582.00	1564.12	 2.7117	34.5369	27.5509	 0.97	 42.30	0.040	  151.21	100.00
1583.00	1565.10	 2.7083	34.5370	27.5513	 0.97	 42.35	0.040	  151.23	100.00
1584.00	1566.09	 2.7048	34.5370	27.5517	 0.98	 42.47	0.040	  151.18	100.00
1585.00	1567.07	 2.7037	34.5373	27.5520	 0.98	 42.52	0.040	  151.18	100.00
1586.00	1568.06	 2.7017	34.5373	27.5522	 0.98	 42.53	0.040	  151.18	100.00
1587.00	1569.04	 2.6973	34.5377	27.5529	 0.98	 42.59	0.040	  151.17	100.00
1588.00	1570.03	 2.6922	34.5382	27.5537	 0.98	 42.64	0.040	  151.20	100.00
1589.00	1571.01	 2.6890	34.5384	27.5542	 0.98	 42.75	0.040	  151.20	100.00
1590.00	1572.00	 2.6880	34.5385	27.5543	 0.99	 42.81	0.041	  151.18	100.00
1591.00	1572.98	 2.6866	34.5384	27.5544	 0.98	 42.81	0.040	  151.21	100.00
1592.00	1573.97	 2.6850	34.5389	27.5549	 0.99	 42.82	0.040	  151.15	100.00
1593.00	1574.95	 2.6830	34.5388	27.5550	 0.99	 42.93	0.040	  151.19	100.00
1594.00	1575.94	 2.6812	34.5390	27.5553	 0.99	 42.90	0.041	  151.14	100.00
1595.00	1576.92	 2.6806	34.5392	27.5555	 0.99	 42.92	0.041	  151.20	100.00
1596.00	1577.91	 2.6799	34.5393	27.5557	 0.99	 42.98	0.040	  151.15	100.00
1597.00	1578.89	 2.6798	34.5392	27.5557	 0.99	 43.04	0.040	  151.15	100.00
1598.00	1579.88	 2.6802	34.5393	27.5557	 0.99	 43.12	0.040	  151.18	100.00
1599.00	1580.86	 2.6765	34.5395	27.5561	 0.99	 43.12	0.040	  151.12	100.00
1600.00	1581.85	 2.6740	34.5397	27.5565	 0.99	 43.16	0.040	  151.12	100.00
1601.00	1582.83	 2.6708	34.5403	27.5573	 0.99	 43.24	0.040	  151.11	100.00
1602.00	1583.82	 2.6702	34.5401	27.5572	 1.00	 43.30	0.040	  151.18	100.00
1603.00	1584.80	 2.6693	34.5403	27.5574	 1.00	 43.33	0.040	  151.12	100.00
1604.00	1585.79	 2.6692	34.5403	27.5575	 1.00	 43.38	0.040	  151.14	100.00
1605.00	1586.77	 2.6687	34.5403	27.5575	 1.00	 43.44	0.040	  151.09	100.00
1606.00	1587.76	 2.6683	34.5403	27.5575	 1.00	 43.59	0.040	  151.18	100.00
1607.00	1588.74	 2.6622	34.5412	27.5588	 1.01	 43.69	0.040	  151.06	100.00
1608.00	1589.73	 2.6599	34.5422	27.5598	 1.01	 43.93	0.040	  151.05	100.00
1609.00	1590.71	 2.6588	34.5427	27.5603	 1.01	 44.09	0.041	  151.13	100.00
1610.00	1591.70	 2.6578	34.5431	27.5607	 1.02	 44.26	0.041	  151.04	100.00
1611.00	1592.68	 2.6569	34.5437	27.5613	 1.02	 44.47	0.040	  151.08	100.00
1612.00	1593.67	 2.6568	34.5437	27.5613	 1.03	 44.61	0.040	  151.06	100.00
1613.00	1594.65	 2.6560	34.5440	27.5616	 1.03	 44.74	0.040	  151.08	100.00
1614.00	1595.64	 2.6542	34.5445	27.5622	 1.03	 44.88	0.040	  151.07	100.00
1615.00	1596.62	 2.6544	34.5446	27.5622	 1.03	 44.92	0.040	  151.06	100.00
1616.00	1597.61	 2.6546	34.5445	27.5622	 1.03	 44.92	0.040	  151.09	100.00
1617.00	1598.59	 2.6547	34.5446	27.5622	 1.03	 44.91	0.040	  151.02	100.00
1618.00	1599.58	 2.6548	34.5445	27.5622	 1.03	 44.91	0.040	  151.03	100.00
1619.00	1600.56	 2.6551	34.5445	27.5621	 1.03	 44.94	0.040	  151.08	100.00
1620.00	1601.55	 2.6552	34.5445	27.5621	 1.04	 45.01	0.041	  151.04	100.00
1621.00	1602.53	 2.6540	34.5448	27.5624	 1.04	 45.09	0.040	  151.03	100.00
1622.00	1603.52	 2.6539	34.5447	27.5624	 1.04	 45.27	0.040	  151.03	100.00
1623.00	1604.50	 2.6497	34.5457	27.5635	 1.05	 45.42	0.040	  151.03	100.00
1624.00	1605.49	 2.6490	34.5460	27.5639	 1.05	 45.46	0.040	  150.95	100.00
1625.00	1606.47	 2.6469	34.5460	27.5641	 1.05	 45.51	0.040	  151.03	100.00
1626.00	1607.45	 2.6443	34.5464	27.5646	 1.05	 45.66	0.040	  151.02	100.00
1627.00	1608.44	 2.6435	34.5465	27.5648	 1.05	 45.80	0.040	  151.00	100.00
1628.00	1609.42	 2.6432	34.5465	27.5648	 1.06	 45.89	0.040	  151.00	100.00
1629.00	1610.41	 2.6419	34.5466	27.5650	 1.06	 45.93	0.040	  150.99	100.00
1630.00	1611.39	 2.6397	34.5468	27.5653	 1.06	 45.92	0.040	  151.01	100.00
1631.00	1612.38	 2.6370	34.5470	27.5658	 1.06	 45.95	0.040	  151.01	100.00
1632.00	1613.36	 2.6368	34.5469	27.5657	 1.06	 45.99	0.040	  150.97	100.00
1633.00	1614.35	 2.6353	34.5471	27.5660	 1.06	 46.15	0.040	  150.96	100.00
1634.00	1615.33	 2.6333	34.5472	27.5663	 1.07	 46.33	0.040	  151.00	100.00
1635.00	1616.32	 2.6200	34.5481	27.5681	 1.07	 46.49	0.040	  151.00	100.00
1636.00	1617.30	 2.6148	34.5489	27.5692	 1.07	 46.59	0.040	  151.04	100.00
1637.00	1618.29	 2.6111	34.5492	27.5697	 1.07	 46.61	0.040	  150.98	100.00
1638.00	1619.27	 2.6094	34.5494	27.5701	 1.08	 46.75	0.040	  150.93	100.00
1639.00	1620.26	 2.6092	34.5495	27.5701	 1.08	 46.93	0.041	  151.03	100.00
1640.00	1621.24	 2.6089	34.5497	27.5703	 1.08	 46.89	0.041	  150.96	100.00
1641.00	1622.23	 2.6072	34.5497	27.5705	 1.08	 46.94	0.041	  150.95	100.00
1642.00	1623.21	 2.6037	34.5501	27.5711	 1.08	 47.06	0.041	  150.99	100.00
1643.00	1624.20	 2.5997	34.5503	27.5716	 1.09	 47.21	0.040	  150.95	100.00
1644.00	1625.18	 2.5909	34.5511	27.5730	 1.09	 47.43	0.040	  150.97	100.00
1645.00	1626.17	 2.5888	34.5514	27.5734	 1.10	 47.60	0.040	  150.95	100.00
1646.00	1627.15	 2.5865	34.5514	27.5736	 1.09	 47.56	0.040	  150.93	100.00
1647.00	1628.13	 2.5830	34.5517	27.5742	 1.09	 47.56	0.040	  150.97	100.00
1648.00	1629.12	 2.5822	34.5520	27.5744	 1.10	 47.65	0.040	  150.94	100.00
1649.00	1630.10	 2.5819	34.5519	27.5744	 1.10	 47.81	0.040	  150.91	100.00
1650.00	1631.09	 2.5818	34.5520	27.5745	 1.10	 47.73	0.040	  150.94	100.00
1651.00	1632.07	 2.5816	34.5518	27.5743	 1.10	 47.79	0.040	  150.89	100.00
1652.00	1633.06	 2.5809	34.5520	27.5746	 1.10	 47.81	0.040	  150.90	100.00
1653.00	1634.04	 2.5797	34.5521	27.5748	 1.10	 47.87	0.041	  150.94	100.00
1654.00	1635.03	 2.5778	34.5524	27.5752	 1.10	 47.92	0.042	  150.97	100.00
1655.00	1636.01	 2.5764	34.5524	27.5753	 1.10	 47.98	0.041	  150.94	100.00
1656.00	1637.00	 2.5727	34.5528	27.5760	 1.11	 48.08	0.040	  150.93	100.00
1657.00	1637.98	 2.5714	34.5529	27.5762	 1.11	 48.09	0.040	  150.92	100.00
1658.00	1638.97	 2.5708	34.5529	27.5762	 1.11	 48.16	0.040	  150.94	100.00
1659.00	1639.95	 2.5698	34.5531	27.5765	 1.11	 48.21	0.040	  150.91	100.00
1660.00	1640.94	 2.5687	34.5531	27.5766	 1.11	 48.25	0.040	  150.93	100.00
1661.00	1641.92	 2.5678	34.5534	27.5769	 1.11	 48.37	0.040	  150.86	100.00
1662.00	1642.90	 2.5669	34.5533	27.5769	 1.11	 48.43	0.040	  150.91	100.00
1663.00	1643.89	 2.5644	34.5536	27.5774	 1.12	 48.50	0.040	  150.93	100.00
1664.00	1644.87	 2.5634	34.5537	27.5775	 1.11	 48.45	0.040	  150.94	100.00
1665.00	1645.86	 2.5630	34.5538	27.5776	 1.12	 48.60	0.040	  150.90	100.00
1666.00	1646.84	 2.5625	34.5538	27.5777	 1.12	 48.63	0.040	  150.87	100.00
1667.00	1647.83	 2.5609	34.5540	27.5780	 1.12	 48.54	0.040	  150.87	100.00
1668.00	1648.81	 2.5602	34.5539	27.5780	 1.12	 48.66	0.040	  150.93	100.00
1669.00	1649.80	 2.5597	34.5541	27.5782	 1.12	 48.61	0.040	  150.93	100.00
1670.00	1650.78	 2.5588	34.5543	27.5784	 1.12	 48.61	0.040	  150.90	100.00
1671.00	1651.77	 2.5569	34.5543	27.5786	 1.12	 48.74	0.040	  150.87	100.00
1672.00	1652.75	 2.5498	34.5547	27.5795	 1.12	 48.86	0.040	  150.85	100.00
1673.00	1653.74	 2.5428	34.5553	27.5806	 1.13	 48.96	0.040	  150.81	100.00
1674.00	1654.72	 2.5412	34.5556	27.5809	 1.13	 49.15	0.041	  150.87	100.00
1675.00	1655.70	 2.5393	34.5558	27.5813	 1.13	 49.21	0.040	  150.82	100.00
1676.00	1656.69	 2.5348	34.5562	27.5820	 1.13	 49.31	0.040	  150.84	100.00
1677.00	1657.67	 2.5302	34.5564	27.5825	 1.14	 49.59	0.040	  150.85	100.00
1678.00	1658.66	 2.5198	34.5572	27.5841	 1.15	 49.79	0.040	  150.85	100.00
1679.00	1659.64	 2.5130	34.5584	27.5856	 1.15	 49.87	0.040	  150.78	100.00
1680.00	1660.63	 2.5121	34.5585	27.5857	 1.15	 50.04	0.040	  150.89	100.00
1681.00	1661.61	 2.5118	34.5586	27.5859	 1.15	 50.18	0.041	  150.88	100.00
1682.00	1662.60	 2.5112	34.5587	27.5860	 1.16	 50.22	0.041	  150.87	100.00
1683.00	1663.58	 2.5112	34.5587	27.5860	 1.16	 50.30	0.040	  150.84	100.00
1684.00	1664.57	 2.5095	34.5589	27.5863	 1.16	 50.28	0.040	  150.73	100.00
1685.00	1665.55	 2.5084	34.5590	27.5865	 1.16	 50.34	0.040	  150.74	100.00
1686.00	1666.53	 2.5081	34.5590	27.5865	 1.16	 50.41	0.041	  150.77	100.00
1687.00	1667.52	 2.5077	34.5590	27.5866	 1.16	 50.48	0.040	  150.79	100.00
1688.00	1668.50	 2.5072	34.5591	27.5867	 1.16	 50.45	0.040	  150.80	100.00
1689.00	1669.49	 2.5062	34.5592	27.5869	 1.16	 50.50	0.040	  150.78	100.00
1690.00	1670.47	 2.5033	34.5594	27.5873	 1.16	 50.54	0.040	  150.81	100.00
1691.00	1671.46	 2.5028	34.5594	27.5873	 1.16	 50.61	0.040	  150.76	100.00
1692.00	1672.44	 2.5022	34.5594	27.5873	 1.17	 50.72	0.040	  150.78	100.00
1693.00	1673.43	 2.5014	34.5595	27.5875	 1.17	 50.70	0.040	  150.78	100.00
1694.00	1674.41	 2.5007	34.5596	27.5877	 1.17	 50.65	0.040	  150.75	100.00
1695.00	1675.40	 2.4999	34.5596	27.5878	 1.17	 50.81	0.040	  150.77	100.00
1696.00	1676.38	 2.4991	34.5596	27.5878	 1.17	 50.78	0.040	  150.81	100.00
1697.00	1677.36	 2.4984	34.5597	27.5880	 1.17	 50.73	0.040	  150.77	 99.99
1698.00	1678.35	 2.4985	34.5597	27.5879	 1.17	 50.74	0.040	  150.74	100.00
1699.00	1679.33	 2.4975	34.5597	27.5881	 1.17	 50.73	0.040	  150.75	100.00
1700.00	1680.32	 2.4971	34.5597	27.5881	 1.17	 50.74	0.040	  150.76	100.00
1701.00	1681.30	 2.4961	34.5599	27.5883	 1.17	 50.83	0.040	  150.76	100.00
1702.00	1682.29	 2.4935	34.5600	27.5886	 1.17	 50.84	0.040	  150.68	100.00
1703.00	1683.27	 2.4888	34.5603	27.5892	 1.17	 50.91	0.040	  150.78	100.00
1704.00	1684.26	 2.4864	34.5605	27.5896	 1.17	 50.98	0.040	  150.79	100.00
1705.00	1685.24	 2.4840	34.5607	27.5900	 1.17	 51.02	0.040	  150.74	100.00
1706.00	1686.22	 2.4830	34.5607	27.5901	 1.18	 51.11	0.040	  150.76	100.00
1707.00	1687.21	 2.4824	34.5609	27.5903	 1.18	 51.18	0.040	  150.74	100.00
