wcoa21_data_management/01_CRUISE_METADATA/00_OCADS_data/CTD_downcasts/WCOA_2021_CTD_downcasts/dRB2102_CTD_075_01_F.txt
* Sea-Bird SBE 9 Data:
* Software Version Seasave V 7.26.7.107
* Vessel: NOAA Ship Ronald H. Brown
* Cruise: RB2102, West Coast Ocean Acidification (WCOA) 2021
* Dates: 20210622 to 20210723
* Region: NE Pacific, USA West Coast
* Ports: San Diego, CA to Port Angeles, WA to San Diego, CA
* Chief Scientists: R. Feely, NOAA PMEL; D. Greeley, NOAA PMEL; B. Carter, NOAA PMEL / UW CICOES
*END*
[from data line 214]
 219.00	 217.20	 8.2759	34.0390	26.4812	 2.05	 89.29	0.043	  146.77	 92.12
 220.00	 218.19	 8.2738	34.0395	26.4819	 2.05	 89.04	0.042	  146.69	 91.14
 221.00	 219.19	 8.2721	34.0400	26.4826	 2.04	 88.71	0.043	  146.73	 90.20
 222.00	 220.18	 8.2714	34.0403	26.4829	 2.04	 88.74	0.042	  146.72	 89.35
 223.00	 221.17	 8.2720	34.0401	26.4827	 2.04	 88.71	0.042	  146.70	 88.25
 224.00	 222.16	 8.2721	34.0401	26.4827	 2.04	 88.81	0.042	  146.71	 87.31
 225.00	 223.15	 8.2724	34.0401	26.4826	 2.04	 88.86	0.043	  146.68	 86.36
 226.00	 224.14	 8.2732	34.0399	26.4824	 2.04	 88.85	0.042	  146.64	 85.50
 227.00	 225.13	 8.2741	34.0398	26.4822	 2.04	 88.83	0.042	  146.64	 84.48
 228.00	 226.12	 8.2736	34.0400	26.4824	 2.04	 88.94	0.043	  146.69	 83.73
 229.00	 227.12	 8.2743	34.0400	26.4823	 2.05	 89.02	0.042	  146.73	 83.07
 230.00	 228.11	 8.2747	34.0398	26.4822	 2.05	 89.01	0.042	  146.68	 81.81
 231.00	 229.10	 8.2748	34.0398	26.4822	 2.05	 89.03	0.043	  146.65	 80.73
 232.00	 230.09	 8.2752	34.0398	26.4821	 2.05	 89.03	0.043	  146.67	 79.77
 233.00	 231.08	 8.2758	34.0395	26.4818	 2.05	 89.14	0.043	  146.70	 78.98
 234.00	 232.07	 8.2759	34.0395	26.4818	 2.05	 89.19	0.043	  146.68	 77.92
 235.00	 233.06	 8.2756	34.0397	26.4820	 2.05	 89.03	0.043	  146.65	 76.87
 236.00	 234.05	 8.2749	34.0403	26.4826	 2.04	 88.71	0.043	  146.66	 76.06
 237.00	 235.04	 8.2753	34.0401	26.4825	 2.04	 88.69	0.042	  146.66	 75.33
 238.00	 236.04	 8.2753	34.0400	26.4824	 2.03	 88.53	0.042	  146.63	 74.63
 239.00	 237.03	 8.2748	34.0405	26.4828	 2.03	 88.34	0.042	  146.63	 73.31
 240.00	 238.02	 8.2740	34.0409	26.4833	 2.03	 88.11	0.043	  146.64	 72.46
 241.00	 239.01	 8.2718	34.0413	26.4840	 2.02	 87.87	0.042	  146.73	 71.79
 242.00	 240.00	 8.2683	34.0418	26.4849	 2.01	 87.64	0.042	  146.66	 70.80
 243.00	 240.99	 8.2622	34.0427	26.4865	 2.00	 87.20	0.042	  146.60	 69.96
 244.00	 241.98	 8.2636	34.0423	26.4860	 2.00	 86.86	0.042	  146.60	 69.05
 245.00	 242.97	 8.2555	34.0437	26.4883	 1.99	 86.77	0.042	  146.63	 68.23
 246.00	 243.97	 8.2561	34.0432	26.4879	 1.99	 86.73	0.042	  146.63	 67.07
 247.00	 244.96	 8.2563	34.0433	26.4880	 1.99	 86.41	0.042	  146.63	 66.13
 248.00	 245.95	 8.2483	34.0445	26.4901	 1.98	 85.94	0.042	  146.66	 65.44
 249.00	 246.94	 8.2471	34.0446	26.4904	 1.97	 85.60	0.042	  146.66	 64.35
 250.00	 247.93	 8.2391	34.0456	26.4924	 1.96	 85.10	0.042	  146.58	 63.43
 251.00	 248.92	 8.2320	34.0467	26.4943	 1.95	 84.70	0.042	  146.61	 62.46
 252.00	 249.91	 8.2288	34.0472	26.4952	 1.95	 84.64	0.042	  146.59	 61.76
 253.00	 250.90	 8.2326	34.0467	26.4943	 1.95	 84.71	0.042	  146.56	 60.74
 254.00	 251.89	 8.2364	34.0462	26.4933	 1.95	 84.82	0.043	  146.56	 59.73
 255.00	 252.89	 8.2368	34.0463	26.4934	 1.95	 84.71	0.042	  146.56	 58.91
 256.00	 253.88	 8.2334	34.0463	26.4939	 1.93	 84.12	0.042	  146.52	 58.16
 257.00	 254.87	 8.2222	34.0478	26.4968	 1.92	 83.44	0.042	  146.54	 57.17
 258.00	 255.86	 8.2098	34.0497	26.5001	 1.88	 81.78	0.042	  146.51	 56.23
 259.00	 256.85	 8.1908	34.0530	26.5056	 1.84	 79.98	0.042	  146.55	 55.64
 260.00	 257.84	 8.1646	34.0554	26.5114	 1.82	 79.34	0.042	  146.56	 54.65
 261.00	 258.83	 8.1497	34.0586	26.5162	 1.81	 78.93	0.042	  146.52	 53.73
 262.00	 259.82	 8.1407	34.0599	26.5185	 1.79	 77.88	0.042	  146.53	 52.52
 263.00	 260.81	 8.1317	34.0611	26.5208	 1.74	 75.91	0.042	  146.56	 51.90
 264.00	 261.81	 8.0899	34.0667	26.5315	 1.71	 74.45	0.042	  146.57	 50.90
 265.00	 262.80	 8.0815	34.0670	26.5329	 1.70	 73.84	0.042	  146.60	 50.08
 266.00	 263.79	 8.0730	34.0672	26.5344	 1.69	 73.62	0.042	  146.63	 49.11
 267.00	 264.78	 8.0719	34.0681	26.5353	 1.68	 73.13	0.042	  146.53	 48.37
 268.00	 265.77	 8.0663	34.0695	26.5372	 1.67	 72.81	0.042	  146.56	 47.67
 269.00	 266.76	 8.0648	34.0695	26.5375	 1.66	 72.36	0.042	  146.55	 47.08
 270.00	 267.75	 8.0469	34.0713	26.5415	 1.65	 72.00	0.042	  146.53	 46.33
 271.00	 268.74	 8.0469	34.0710	26.5413	 1.63	 70.86	0.042	  146.49	 45.61
 272.00	 269.73	 7.9712	34.0777	26.5578	 1.62	 70.38	0.041	  146.49	 44.77
 273.00	 270.72	 7.9693	34.0780	26.5583	 1.61	 70.08	0.040	  146.47	 44.05
 274.00	 271.72	 7.9675	34.0783	26.5588	 1.58	 68.63	0.041	  146.44	 43.37
 275.00	 272.71	 7.8474	34.0885	26.5845	 1.50	 65.07	0.042	  146.51	 42.69
 276.00	 273.70	 7.7965	34.0930	26.5954	 1.45	 63.18	0.041	  146.47	 41.98
 277.00	 274.69	 7.7578	34.0967	26.6040	 1.42	 61.86	0.040	  146.51	 41.25
 278.00	 275.68	 7.7405	34.0987	26.6080	 1.41	 61.43	0.040	  146.46	 40.42
 279.00	 276.67	 7.7298	34.0991	26.6099	 1.40	 60.85	0.041	  146.53	 39.59
 280.00	 277.66	 7.7075	34.1018	26.6153	 1.39	 60.53	0.041	  146.46	 38.71
 281.00	 278.65	 7.6883	34.1038	26.6197	 1.37	 59.50	0.041	  146.41	 37.61
 282.00	 279.64	 7.6727	34.1050	26.6228	 1.35	 58.89	0.041	  146.39	 36.66
 283.00	 280.63	 7.6676	34.1053	26.6238	 1.34	 58.37	0.041	  146.35	 35.75
 284.00	 281.63	 7.6396	34.1082	26.6302	 1.33	 57.76	0.041	  146.33	 34.94
 285.00	 282.62	 7.6403	34.1082	26.6300	 1.32	 57.40	0.041	  146.30	 33.95
 286.00	 283.61	 7.6249	34.1094	26.6333	 1.30	 56.75	0.041	  146.28	 33.02
 287.00	 284.60	 7.5712	34.1136	26.6442	 1.28	 55.57	0.041	  146.31	 32.19
 288.00	 285.59	 7.5499	34.1150	26.6485	 1.27	 55.22	0.040	  146.30	 31.36
 289.00	 286.58	 7.5536	34.1159	26.6486	 1.27	 55.05	0.040	  146.25	 30.45
 290.00	 287.57	 7.5355	34.1165	26.6517	 1.27	 55.30	0.040	  146.21	 29.58
 291.00	 288.56	 7.5173	34.1171	26.6548	 1.27	 55.21	0.040	  146.20	 28.75
 292.00	 289.55	 7.4992	34.1178	26.6579	 1.23	 53.53	0.040	  146.23	 27.88
 293.00	 290.54	 7.4664	34.1205	26.6647	 1.22	 52.87	0.040	  146.20	 27.07
 294.00	 291.53	 7.4075	34.1252	26.6767	 1.20	 52.30	0.040	  146.17	 26.22
 295.00	 292.53	 7.3977	34.1253	26.6782	 1.19	 51.75	0.040	  146.19	 25.31
 296.00	 293.52	 7.4002	34.1255	26.6781	 1.18	 51.43	0.041	  146.18	 24.53
 297.00	 294.51	 7.4007	34.1255	26.6780	 1.18	 51.39	0.040	  146.15	 23.73
 298.00	 295.50	 7.4060	34.1252	26.6770	 1.19	 51.58	0.040	  146.12	 22.90
 299.00	 296.49	 7.4112	34.1249	26.6760	 1.19	 51.77	0.040	  146.10	 22.10
 300.00	 297.48	 7.4165	34.1245	26.6750	 1.19	 51.81	0.040	  146.09	 21.24
 301.00	 298.47	 7.4215	34.1242	26.6741	 1.19	 51.95	0.040	  146.04	 20.54
 302.00	 299.46	 7.4212	34.1241	26.6741	 1.19	 51.95	0.041	  146.02	 19.72
 303.00	 300.45	 7.4140	34.1244	26.6753	 1.19	 51.78	0.041	  146.04	 18.89
 304.00	 301.44	 7.3934	34.1253	26.6789	 1.18	 51.31	0.040	  146.01	 18.03
 305.00	 302.43	 7.3843	34.1261	26.6809	 1.17	 51.05	0.041	  146.02	 17.21
 306.00	 303.43	 7.3745	34.1268	26.6829	 1.17	 50.86	0.041	  146.00	 16.41
 307.00	 304.42	 7.3421	34.1290	26.6891	 1.16	 50.25	0.040	  146.02	 15.61
 308.00	 305.41	 7.3421	34.1289	26.6891	 1.15	 49.99	0.041	  145.99	 14.80
 309.00	 306.40	 7.3030	34.1314	26.6965	 1.14	 49.43	0.041	  145.97	 13.97
 310.00	 307.39	 7.2923	34.1325	26.6989	 1.13	 49.09	0.041	  145.95	 13.11
 311.00	 308.38	 7.2856	34.1329	26.7002	 1.12	 48.79	0.040	  145.88	 12.34
 312.00	 309.37	 7.2653	34.1340	26.7039	 1.11	 48.41	0.040	  145.89	 11.47
 313.00	 310.36	 7.2607	34.1344	26.7049	 1.11	 48.26	0.041	  145.90	 10.64
 314.00	 311.35	 7.2576	34.1346	26.7055	 1.11	 48.14	0.041	  145.78	 10.51
