wcoa21_data_management/01_CRUISE_METADATA/00_OCADS_data/CTD_downcasts/WCOA_2021_CTD_downcasts/dRB2102_CTD_133_01_F.txt
* Sea-Bird SBE 9 Data:
* Software Version Seasave V 7.26.7.107
* Vessel: NOAA Ship Ronald H. Brown
* Cruise: RB2102, West Coast Ocean Acidification (WCOA) 2021
* Dates: 20210622 to 20210723
* Region: NE Pacific, USA West Coast
* Ports: San Diego, CA to Port Angeles, WA to San Diego, CA
* Chief Scientists: R. Feely, NOAA PMEL; D. Greeley, NOAA PMEL; B. Carter, NOAA PMEL / UW CICOES
*END*
[from data line 854]
 856.00	 848.30	 4.6442	34.4353	27.2754	 0.34	 14.79	0.039	     NaN	100.00
 857.00	 849.29	 4.6409	34.4352	27.2757	 0.34	 14.93	0.040	     NaN	100.00
 858.00	 850.28	 4.6377	34.4356	27.2763	 0.34	 14.97	0.041	     NaN	100.00
 859.00	 851.27	 4.6338	34.4358	27.2769	 0.34	 14.94	0.040	     NaN	100.00
 860.00	 852.26	 4.6315	34.4361	27.2775	 0.35	 15.01	0.041	     NaN	100.00
 861.00	 853.25	 4.6293	34.4364	27.2779	 0.35	 15.07	0.040	     NaN	100.00
 862.00	 854.23	 4.6246	34.4371	27.2790	 0.35	 15.11	0.039	     NaN	100.00
 863.00	 855.22	 4.6187	34.4375	27.2800	 0.35	 15.24	0.039	     NaN	100.00
 864.00	 856.21	 4.6131	34.4379	27.2809	 0.35	 15.28	0.040	     NaN	100.00
 865.00	 857.20	 4.6095	34.4381	27.2814	 0.35	 15.25	0.039	     NaN	100.00
 866.00	 858.19	 4.6011	34.4384	27.2826	 0.35	 15.37	0.040	     NaN	100.00
 867.00	 859.18	 4.5928	34.4387	27.2838	 0.35	 15.33	0.041	     NaN	100.00
 868.00	 860.17	 4.5892	34.4390	27.2844	 0.35	 15.31	0.041	     NaN	100.00
 869.00	 861.16	 4.5866	34.4391	27.2848	 0.35	 15.40	0.041	     NaN	100.00
 870.00	 862.15	 4.5840	34.4393	27.2852	 0.35	 15.42	0.041	     NaN	100.00
 871.00	 863.14	 4.5809	34.4394	27.2857	 0.36	 15.53	0.040	     NaN	100.00
 872.00	 864.12	 4.5773	34.4399	27.2865	 0.36	 15.51	0.040	     NaN	100.00
 873.00	 865.11	 4.5764	34.4401	27.2867	 0.36	 15.46	0.040	     NaN	100.00
 874.00	 866.10	 4.5743	34.4402	27.2871	 0.36	 15.62	0.039	     NaN	100.00
 875.00	 867.09	 4.5700	34.4409	27.2881	 0.37	 15.91	0.040	     NaN	100.00
 876.00	 868.08	 4.5666	34.4411	27.2886	 0.36	 15.86	0.040	     NaN	100.00
 877.00	 869.07	 4.5547	34.4432	27.2916	 0.36	 15.86	0.040	     NaN	100.00
 878.00	 870.06	 4.5535	34.4435	27.2920	 0.37	 15.97	0.040	     NaN	100.00
 879.00	 871.05	 4.5527	34.4439	27.2924	 0.37	 16.13	0.041	     NaN	100.00
 880.00	 872.04	 4.5511	34.4446	27.2931	 0.37	 16.08	0.040	     NaN	100.00
 881.00	 873.02	 4.5474	34.4451	27.2939	 0.37	 16.07	0.041	     NaN	100.00
 882.00	 874.01	 4.5431	34.4457	27.2949	 0.37	 16.22	0.041	     NaN	100.00
 883.00	 875.00	 4.5443	34.4458	27.2948	 0.38	 16.39	0.041	     NaN	100.00
 884.00	 875.99	 4.5446	34.4462	27.2951	 0.37	 16.18	0.041	     NaN	100.00
 885.00	 876.98	 4.5425	34.4468	27.2959	 0.37	 16.22	0.040	     NaN	100.00
 886.00	 877.97	 4.5405	34.4474	27.2965	 0.37	 16.21	0.040	     NaN	100.00
 887.00	 878.96	 4.5384	34.4477	27.2970	 0.37	 16.22	0.039	     NaN	100.00
 888.00	 879.95	 4.5372	34.4477	27.2972	 0.38	 16.40	0.040	     NaN	100.00
 889.00	 880.93	 4.5325	34.4479	27.2978	 0.38	 16.55	0.040	     NaN	100.00
 890.00	 881.92	 4.5195	34.4495	27.3006	 0.38	 16.51	0.040	     NaN	100.00
 891.00	 882.91	 4.5178	34.4499	27.3010	 0.38	 16.47	0.040	     NaN	100.00
 892.00	 883.90	 4.5187	34.4501	27.3011	 0.38	 16.49	0.040	     NaN	100.00
 893.00	 884.89	 4.5179	34.4503	27.3013	 0.38	 16.49	0.040	     NaN	100.00
 894.00	 885.88	 4.5169	34.4505	27.3016	 0.38	 16.48	0.040	     NaN	100.00
 895.00	 886.87	 4.5151	34.4506	27.3019	 0.38	 16.68	0.040	     NaN	100.00
 896.00	 887.86	 4.5089	34.4510	27.3029	 0.38	 16.68	0.039	     NaN	100.00
 897.00	 888.85	 4.5014	34.4514	27.3040	 0.38	 16.71	0.040	     NaN	100.00
 898.00	 889.83	 4.5004	34.4513	27.3041	 0.39	 16.79	0.040	     NaN	100.00
 899.00	 890.82	 4.4979	34.4516	27.3046	 0.38	 16.66	0.040	     NaN	100.00
 900.00	 891.81	 4.4965	34.4517	27.3049	 0.38	 16.69	0.040	     NaN	100.00
 901.00	 892.80	 4.4950	34.4517	27.3050	 0.39	 16.81	0.040	     NaN	100.00
 902.00	 893.79	 4.4934	34.4522	27.3056	 0.39	 16.85	0.041	     NaN	100.00
 903.00	 894.78	 4.4905	34.4524	27.3061	 0.39	 17.06	0.040	     NaN	100.00
 904.00	 895.77	 4.4823	34.4521	27.3067	 0.39	 17.06	0.039	     NaN	100.00
 905.00	 896.76	 4.4777	34.4520	27.3072	 0.39	 17.14	0.040	     NaN	100.00
 906.00	 897.74	 4.4754	34.4519	27.3073	 0.40	 17.33	0.040	     NaN	100.00
 907.00	 898.73	 4.4562	34.4507	27.3084	 0.40	 17.35	0.040	     NaN	100.00
 908.00	 899.72	 4.4522	34.4507	27.3089	 0.40	 17.37	0.039	     NaN	100.00
 909.00	 900.71	 4.4513	34.4508	27.3091	 0.40	 17.48	0.041	     NaN	100.00
 910.00	 901.70	 4.4490	34.4509	27.3094	 0.40	 17.47	0.041	     NaN	100.00
 911.00	 902.69	 4.4454	34.4510	27.3099	 0.40	 17.51	0.040	     NaN	100.00
 912.00	 903.68	 4.4415	34.4511	27.3104	 0.40	 17.51	0.040	     NaN	100.00
 913.00	 904.67	 4.4388	34.4513	27.3108	 0.40	 17.50	0.040	     NaN	100.00
 914.00	 905.65	 4.4371	34.4514	27.3111	 0.40	 17.59	0.040	     NaN	100.00
 915.00	 906.64	 4.4352	34.4518	27.3117	 0.41	 17.64	0.040	     NaN	100.00
 916.00	 907.63	 4.4342	34.4519	27.3118	 0.41	 17.66	0.039	     NaN	100.00
 917.00	 908.62	 4.4333	34.4521	27.3121	 0.41	 17.82	0.040	     NaN	100.00
 918.00	 909.61	 4.4292	34.4521	27.3126	 0.41	 17.81	0.039	     NaN	100.00
 919.00	 910.60	 4.4227	34.4520	27.3132	 0.41	 17.89	0.039	     NaN	100.00
 920.00	 911.59	 4.4154	34.4514	27.3135	 0.41	 17.96	0.040	     NaN	100.00
 921.00	 912.57	 4.4044	34.4512	27.3145	 0.41	 17.91	0.039	     NaN	100.00
 922.00	 913.56	 4.4084	34.4528	27.3154	 0.41	 17.90	0.040	     NaN	100.00
 923.00	 914.55	 4.4118	34.4538	27.3158	 0.42	 18.06	0.040	     NaN	100.00
 924.00	 915.54	 4.4011	34.4534	27.3167	 0.42	 18.20	0.040	     NaN	100.00
 925.00	 916.53	 4.3893	34.4532	27.3177	 0.42	 18.15	0.039	     NaN	100.00
 926.00	 917.52	 4.3832	34.4535	27.3187	 0.42	 18.15	0.040	     NaN	100.00
 927.00	 918.51	 4.3811	34.4549	27.3200	 0.42	 18.28	0.040	     NaN	100.00
 928.00	 919.50	 4.3801	34.4552	27.3204	 0.42	 18.29	0.039	     NaN	100.00
 929.00	 920.48	 4.3802	34.4554	27.3205	 0.42	 18.26	0.039	     NaN	100.00
 930.00	 921.47	 4.3803	34.4554	27.3205	 0.42	 18.24	0.039	     NaN	100.00
 931.00	 922.46	 4.3808	34.4557	27.3207	 0.42	 18.23	0.039	     NaN	100.00
 932.00	 923.45	 4.3810	34.4559	27.3209	 0.42	 18.23	0.040	     NaN	100.00
 933.00	 924.44	 4.3801	34.4565	27.3215	 0.42	 18.23	0.041	     NaN	100.00
 934.00	 925.43	 4.3767	34.4575	27.3226	 0.42	 18.28	0.040	     NaN	100.00
 935.00	 926.42	 4.3740	34.4595	27.3245	 0.42	 18.28	0.040	     NaN	100.00
 936.00	 927.40	 4.3709	34.4613	27.3263	 0.42	 18.32	0.040	     NaN	100.00
 937.00	 928.39	 4.3652	34.4629	27.3281	 0.42	 18.39	0.040	     NaN	100.00
 938.00	 929.38	 4.3619	34.4634	27.3289	 0.42	 18.40	0.041	     NaN	100.00
 939.00	 930.37	 4.3594	34.4638	27.3295	 0.43	 18.65	0.041	     NaN	100.00
 940.00	 931.36	 4.3564	34.4637	27.3297	 0.43	 18.70	0.039	     NaN	100.00
 941.00	 932.35	 4.3487	34.4641	27.3309	 0.43	 18.68	0.040	     NaN	100.00
 942.00	 933.34	 4.3420	34.4645	27.3319	 0.43	 18.68	0.040	     NaN	100.00
 943.00	 934.32	 4.3391	34.4643	27.3321	 0.43	 18.71	0.039	     NaN	100.00
 944.00	 935.31	 4.3375	34.4643	27.3322	 0.44	 18.92	0.040	     NaN	100.00
 945.00	 936.30	 4.3322	34.4640	27.3326	 0.44	 18.96	0.040	     NaN	100.00
 946.00	 937.29	 4.3272	34.4638	27.3330	 0.44	 19.08	0.040	     NaN	100.00
 947.00	 938.28	 4.3215	34.4632	27.3331	 0.44	 19.22	0.040	     NaN	100.00
 948.00	 939.27	 4.3156	34.4629	27.3335	 0.44	 19.22	0.041	     NaN	100.00
 949.00	 940.26	 4.3093	34.4624	27.3338	 0.44	 19.02	0.040	     NaN	100.00
 950.00	 941.24	 4.3082	34.4625	27.3340	 0.44	 19.14	0.040	     NaN	100.00
 951.00	 942.23	 4.3083	34.4628	27.3342	 0.44	 19.14	0.041	     NaN	100.00
 952.00	 943.22	 4.3059	34.4629	27.3346	 0.44	 19.19	0.039	     NaN	100.00
 953.00	 944.21	 4.3029	34.4630	27.3350	 0.45	 19.39	0.040	     NaN	100.00
 954.00	 945.20	 4.3012	34.4630	27.3352	 0.45	 19.49	0.040	     NaN	100.00
 955.00	 946.19	 4.2991	34.4635	27.3358	 0.44	 19.23	0.040	     NaN	100.00
 956.00	 947.18	 4.2967	34.4634	27.3360	 0.44	 19.28	0.040	     NaN	100.00
 957.00	 948.16	 4.2952	34.4633	27.3361	 0.44	 19.32	0.039	     NaN	100.00
 958.00	 949.15	 4.2927	34.4632	27.3363	 0.44	 19.33	0.039	     NaN	100.00
 959.00	 950.14	 4.2917	34.4631	27.3362	 0.45	 19.35	0.040	     NaN	100.00
 960.00	 951.13	 4.2888	34.4632	27.3367	 0.45	 19.44	0.040	     NaN	100.00
 961.00	 952.12	 4.2858	34.4631	27.3369	 0.45	 19.54	0.040	     NaN	100.00
 962.00	 953.11	 4.2826	34.4634	27.3375	 0.45	 19.72	0.039	     NaN	100.00
 963.00	 954.09	 4.2793	34.4633	27.3378	 0.45	 19.52	0.040	     NaN	100.00
 964.00	 955.08	 4.2775	34.4635	27.3381	 0.44	 19.34	0.039	     NaN	100.00
 965.00	 956.07	 4.2795	34.4640	27.3384	 0.45	 19.62	0.040	     NaN	100.00
 966.00	 957.06	 4.2812	34.4648	27.3388	 0.45	 19.55	0.040	     NaN	100.00
 967.00	 958.05	 4.2787	34.4645	27.3389	 0.45	 19.57	0.040	     NaN	100.00
 968.00	 959.04	 4.2780	34.4647	27.3391	 0.45	 19.67	0.039	     NaN	100.00
 969.00	 960.03	 4.2702	34.4642	27.3395	 0.45	 19.68	0.040	     NaN	100.00
 970.00	 961.01	 4.2663	34.4639	27.3397	 0.45	 19.78	0.041	     NaN	100.00
 971.00	 962.00	 4.2640	34.4639	27.3400	 0.46	 19.85	0.041	     NaN	100.00
 972.00	 962.99	 4.2651	34.4646	27.3404	 0.45	 19.78	0.040	     NaN	100.00
 973.00	 963.98	 4.2627	34.4647	27.3407	 0.46	 19.84	0.040	     NaN	100.00
 974.00	 964.97	 4.2611	34.4648	27.3410	 0.45	 19.75	0.040	     NaN	100.00
 975.00	 965.96	 4.2595	34.4648	27.3412	 0.46	 19.83	0.040	     NaN	100.00
 976.00	 966.94	 4.2583	34.4649	27.3414	 0.46	 19.91	0.040	     NaN	100.00
 977.00	 967.93	 4.2566	34.4650	27.3416	 0.46	 19.96	0.039	     NaN	100.00
 978.00	 968.92	 4.2509	34.4652	27.3424	 0.46	 19.95	0.040	     NaN	100.00
 979.00	 969.91	 4.2464	34.4656	27.3432	 0.46	 20.09	0.040	     NaN	100.00
 980.00	 970.90	 4.2441	34.4662	27.3439	 0.47	 20.41	0.039	     NaN	100.00
 981.00	 971.89	 4.2362	34.4663	27.3449	 0.47	 20.43	0.040	     NaN	100.00
 982.00	 972.87	 4.2303	34.4674	27.3463	 0.47	 20.31	0.041	     NaN	100.00
 983.00	 973.86	 4.2247	34.4686	27.3479	 0.47	 20.48	0.040	     NaN	100.00
 984.00	 974.85	 4.2206	34.4692	27.3488	 0.47	 20.49	0.039	     NaN	100.00
 985.00	 975.84	 4.2180	34.4700	27.3497	 0.47	 20.30	0.040	     NaN	100.00
 986.00	 976.83	 4.2146	34.4706	27.3505	 0.47	 20.42	0.040	     NaN	100.00
 987.00	 977.82	 4.2100	34.4709	27.3513	 0.47	 20.48	0.039	     NaN	100.00
 988.00	 978.81	 4.2073	34.4731	27.3533	 0.47	 20.42	0.040	     NaN	100.00
 989.00	 979.79	 4.2071	34.4736	27.3537	 0.47	 20.36	0.040	     NaN	100.00
 990.00	 980.78	 4.2069	34.4739	27.3540	 0.47	 20.61	0.039	     NaN	100.00
 991.00	 981.77	 4.2050	34.4741	27.3544	 0.48	 20.91	0.039	     NaN	100.00
 992.00	 982.76	 4.1915	34.4740	27.3558	 0.48	 21.07	0.040	     NaN	100.00
 993.00	 983.75	 4.1752	34.4734	27.3569	 0.49	 21.14	0.041	     NaN	100.00
 994.00	 984.74	 4.1630	34.4729	27.3579	 0.49	 21.16	0.040	     NaN	100.00
 995.00	 985.72	 4.1613	34.4731	27.3582	 0.49	 21.31	0.040	     NaN	100.00
 996.00	 986.71	 4.1612	34.4731	27.3582	 0.49	 21.21	0.040	     NaN	100.00
 997.00	 987.70	 4.1609	34.4733	27.3584	 0.48	 21.06	0.040	     NaN	100.00
 998.00	 988.69	 4.1610	34.4735	27.3585	 0.49	 21.16	0.040	     NaN	100.00
 999.00	 989.68	 4.1613	34.4734	27.3585	 0.49	 21.26	0.040	     NaN	100.00
1000.00	 990.67	 4.1613	34.4737	27.3587	 0.49	 21.18	0.040	     NaN	100.00
1001.00	 991.65	 4.1612	34.4735	27.3586	 0.49	 21.24	0.041	     NaN	100.00
1002.00	 992.64	 4.1610	34.4737	27.3587	 0.49	 21.10	0.040	     NaN	100.00
1003.00	 993.63	 4.1612	34.4736	27.3586	 0.49	 21.17	0.040	     NaN	100.00
1004.00	 994.62	 4.1614	34.4738	27.3588	 0.49	 21.18	0.040	     NaN	100.00
1005.00	 995.61	 4.1612	34.4739	27.3589	 0.49	 21.28	0.039	     NaN	100.00
1006.00	 996.59	 4.1597	34.4740	27.3592	 0.50	 21.71	0.040	     NaN	100.00
1007.00	 997.58	 4.1531	34.4737	27.3596	 0.50	 21.82	0.040	     NaN	100.00
1008.00	 998.57	 4.1384	34.4736	27.3611	 0.50	 21.76	0.040	     NaN	100.00
1009.00	 999.56	 4.1233	34.4740	27.3630	 0.51	 22.03	0.040	     NaN	100.00
1010.00	1000.55	 4.1152	34.4744	27.3642	 0.51	 22.01	0.040	     NaN	100.00
1011.00	1001.54	 4.1127	34.4743	27.3643	 0.51	 21.96	0.040	     NaN	100.00
1012.00	1002.52	 4.1094	34.4749	27.3651	 0.51	 22.08	0.041	     NaN	100.00
1013.00	1003.51	 4.1083	34.4757	27.3659	 0.51	 21.99	0.039	     NaN	100.00
1014.00	1004.50	 4.1014	34.4765	27.3672	 0.51	 22.17	0.039	     NaN	100.00
1015.00	1005.49	 4.0991	34.4773	27.3681	 0.51	 22.24	0.040	     NaN	100.00
1016.00	1006.48	 4.0937	34.4776	27.3689	 0.51	 22.32	0.039	     NaN	100.00
1017.00	1007.47	 4.0890	34.4782	27.3699	 0.51	 22.36	0.040	     NaN	100.00
1018.00	1008.45	 4.0827	34.4792	27.3714	 0.51	 22.30	0.040	     NaN	100.00
1019.00	1009.44	 4.0806	34.4795	27.3719	 0.51	 22.34	0.039	     NaN	100.00
1020.00	1010.43	 4.0798	34.4797	27.3721	 0.52	 22.44	0.039	     NaN	100.00
1021.00	1011.42	 4.0787	34.4800	27.3724	 0.52	 22.48	0.040	     NaN	100.00
1022.00	1012.41	 4.0779	34.4800	27.3725	 0.52	 22.47	0.041	     NaN	100.00
1023.00	1013.39	 4.0749	34.4804	27.3731	 0.52	 22.54	0.040	     NaN	100.00
1024.00	1014.38	 4.0723	34.4805	27.3735	 0.52	 22.48	0.039	     NaN	100.00
1025.00	1015.37	 4.0720	34.4804	27.3735	 0.52	 22.46	0.039	     NaN	100.00
1026.00	1016.36	 4.0712	34.4806	27.3737	 0.52	 22.52	0.039	     NaN	100.00
1027.00	1017.35	 4.0682	34.4809	27.3742	 0.52	 22.67	0.039	     NaN	100.00
1028.00	1018.34	 4.0627	34.4806	27.3746	 0.53	 23.08	0.040	     NaN	100.00
1029.00	1019.32	 4.0476	34.4799	27.3756	 0.54	 23.35	0.040	     NaN	100.00
1030.00	1020.31	 4.0352	34.4800	27.3770	 0.54	 23.45	0.040	     NaN	100.00
1031.00	1021.30	 4.0281	34.4801	27.3778	 0.54	 23.39	0.041	     NaN	100.00
1032.00	1022.29	 4.0212	34.4808	27.3790	 0.54	 23.53	0.039	     NaN	100.00
1033.00	1023.28	 4.0198	34.4808	27.3792	 0.54	 23.63	0.040	     NaN	100.00
1034.00	1024.26	 4.0180	34.4809	27.3795	 0.54	 23.58	0.040	     NaN	100.00
1035.00	1025.25	 4.0155	34.4811	27.3799	 0.54	 23.56	0.039	     NaN	100.00
1036.00	1026.24	 4.0139	34.4812	27.3801	 0.54	 23.51	0.039	     NaN	100.00
1037.00	1027.23	 4.0131	34.4814	27.3804	 0.54	 23.56	0.039	     NaN	100.00
1038.00	1028.22	 4.0107	34.4815	27.3807	 0.55	 23.75	0.040	     NaN	100.00
1039.00	1029.21	 4.0093	34.4817	27.3810	 0.54	 23.67	0.040	     NaN	100.00
1040.00	1030.19	 4.0064	34.4818	27.3814	 0.54	 23.60	0.040	     NaN	100.00
1041.00	1031.18	 4.0025	34.4821	27.3821	 0.55	 23.81	0.040	     NaN	100.00
1042.00	1032.17	 3.9968	34.4824	27.3829	 0.55	 23.93	0.039	     NaN	100.00
1043.00	1033.16	 3.9966	34.4825	27.3830	 0.55	 23.86	0.040	     NaN	100.00
1044.00	1034.15	 3.9918	34.4829	27.3838	 0.55	 23.84	0.041	     NaN	100.00
1045.00	1035.13	 3.9899	34.4831	27.3842	 0.55	 24.06	0.041	     NaN	100.00
1046.00	1036.12	 3.9891	34.4833	27.3844	 0.55	 23.82	0.040	     NaN	100.00
1047.00	1037.11	 3.9871	34.4834	27.3847	 0.55	 24.03	0.040	     NaN	100.00
1048.00	1038.10	 3.9831	34.4837	27.3854	 0.56	 24.23	0.040	     NaN	100.00
1049.00	1039.09	 3.9801	34.4839	27.3859	 0.55	 24.09	0.041	     NaN	100.00
1050.00	1040.07	 3.9788	34.4838	27.3859	 0.56	 24.13	0.040	     NaN	100.00
1051.00	1041.06	 3.9749	34.4842	27.3867	 0.56	 24.19	0.040	     NaN	100.00
1052.00	1042.05	 3.9708	34.4846	27.3874	 0.55	 24.12	0.040	     NaN	100.00
1053.00	1043.04	 3.9705	34.4847	27.3875	 0.55	 24.07	0.040	     NaN	100.00
1054.00	1044.03	 3.9701	34.4848	27.3876	 0.56	 24.15	0.041	     NaN	100.00
1055.00	1045.01	 3.9699	34.4849	27.3877	 0.56	 24.25	0.040	     NaN	100.00
1056.00	1046.00	 3.9699	34.4848	27.3877	 0.56	 24.18	0.040	     NaN	100.00
1057.00	1046.99	 3.9698	34.4848	27.3877	 0.56	 24.21	0.039	     NaN	100.00
1058.00	1047.98	 3.9687	34.4849	27.3879	 0.56	 24.40	0.039	     NaN	100.00
1059.00	1048.97	 3.9659	34.4851	27.3883	 0.56	 24.33	0.039	     NaN	100.00
1060.00	1049.95	 3.9644	34.4853	27.3886	 0.56	 24.27	0.040	     NaN	100.00
1061.00	1050.94	 3.9622	34.4856	27.3891	 0.56	 24.29	0.040	     NaN	100.00
1062.00	1051.93	 3.9615	34.4855	27.3891	 0.56	 24.43	0.040	     NaN	100.00
1063.00	1052.92	 3.9599	34.4856	27.3894	 0.56	 24.32	0.040	     NaN	100.00
1064.00	1053.91	 3.9582	34.4860	27.3899	 0.56	 24.40	0.039	     NaN	100.00
1065.00	1054.89	 3.9576	34.4860	27.3899	 0.56	 24.43	0.041	     NaN	100.00
1066.00	1055.88	 3.9574	34.4860	27.3900	 0.56	 24.38	0.039	     NaN	100.00
1067.00	1056.87	 3.9548	34.4862	27.3904	 0.56	 24.48	0.040	     NaN	100.00
