wcoa21_data_management/01_CRUISE_METADATA/00_OCADS_data/CTD_downcasts/WCOA_2021_CTD_downcasts/dRB2102_CTD_127_01_F.txt
* Sea-Bird SBE 9 Data:
* Software Version Seasave V 7.26.7.107
* Vessel: NOAA Ship Ronald H. Brown
* Cruise: RB2102, West Coast Ocean Acidification (WCOA) 2021
* Dates: 20210622 to 20210723
* Region: NE Pacific, USA West Coast
* Ports: San Diego, CA to Port Angeles, WA to San Diego, CA
* Chief Scientists: R. Feely, NOAA PMEL; D. Greeley, NOAA PMEL; B. Carter, NOAA PMEL / UW CICOES
*END*
[from data line 214]
 217.00	 215.35	 9.8253	34.2910	26.4320	 1.23	 53.40	0.040	  152.81	 99.82
 218.00	 216.34	 9.8255	34.2915	26.4323	 1.23	 53.37	0.040	  152.86	 99.83
 219.00	 217.34	 9.8259	34.2922	26.4328	 1.23	 53.43	0.040	  152.82	 99.83
 220.00	 218.33	 9.8248	34.2924	26.4332	 1.23	 53.62	0.040	  152.81	 99.83
 221.00	 219.32	 9.8241	34.2925	26.4334	 1.25	 54.38	0.040	  152.81	 99.83
 222.00	 220.31	 9.8099	34.2893	26.4333	 1.29	 56.17	0.040	  152.85	 99.83
 223.00	 221.30	 9.7894	34.2868	26.4348	 1.35	 58.78	0.040	  152.78	 99.83
 224.00	 222.30	 9.7298	34.2752	26.4357	 1.42	 61.62	0.040	  152.74	 99.83
 225.00	 223.29	 9.6401	34.2636	26.4415	 1.45	 63.07	0.040	  152.77	 99.71
 226.00	 224.28	 9.5348	34.2502	26.4484	 1.42	 61.88	0.040	  152.74	 98.81
 227.00	 225.27	 9.4852	34.2457	26.4530	 1.39	 60.38	0.040	  152.78	 98.02
 228.00	 226.26	 9.4941	34.2558	26.4595	 1.39	 60.36	0.040	  152.82	 97.32
 229.00	 227.25	 9.4755	34.2532	26.4605	 1.45	 63.26	0.040	  152.79	 96.10
 230.00	 228.25	 9.4635	34.2500	26.4601	 1.55	 67.41	0.040	  152.72	 94.96
 231.00	 229.24	 9.2977	34.2162	26.4606	 1.49	 64.65	0.040	  152.76	 94.22
 232.00	 230.23	 9.1721	34.2102	26.4761	 1.32	 57.44	0.040	  152.68	 93.25
 233.00	 231.22	 9.2951	34.2512	26.4885	 1.23	 53.64	0.040	  152.67	 92.24
 234.00	 232.21	 9.3659	34.2658	26.4884	 1.21	 52.86	0.040	  152.64	 91.36
 235.00	 233.21	 9.3775	34.2714	26.4909	 1.22	 53.16	0.040	  152.64	 90.32
 236.00	 234.20	 9.3827	34.2734	26.4917	 1.24	 53.98	0.040	  152.64	 89.36
 237.00	 235.19	 9.3749	34.2731	26.4927	 1.27	 55.34	0.041	  152.63	 88.44
 238.00	 236.18	 9.3398	34.2674	26.4940	 1.30	 56.63	0.041	  152.63	 87.47
 239.00	 237.17	 9.2969	34.2630	26.4975	 1.32	 57.51	0.040	  152.60	 86.39
 240.00	 238.16	 9.2636	34.2578	26.4988	 1.36	 59.07	0.040	  152.57	 85.32
 241.00	 239.16	 9.2275	34.2529	26.5008	 1.42	 61.57	0.040	  152.59	 84.66
 242.00	 240.15	 9.1416	34.2358	26.5013	 1.45	 63.14	0.040	  152.60	 83.54
 243.00	 241.14	 9.0623	34.2284	26.5082	 1.45	 63.24	0.040	  152.58	 82.66
 244.00	 242.13	 9.0510	34.2271	26.5090	 1.46	 63.46	0.040	  152.56	 81.52
 245.00	 243.12	 9.0437	34.2250	26.5085	 1.46	 63.64	0.040	  152.58	 80.53
 246.00	 244.12	 9.0162	34.2214	26.5101	 1.46	 63.38	0.040	  152.65	 79.72
 247.00	 245.11	 9.0077	34.2205	26.5108	 1.45	 63.04	0.040	  152.57	 79.10
 248.00	 246.10	 9.0061	34.2212	26.5116	 1.43	 62.37	0.040	  152.59	 77.86
 249.00	 247.09	 9.0051	34.2214	26.5119	 1.41	 61.55	0.040	  152.62	 77.04
 250.00	 248.08	 9.0090	34.2243	26.5135	 1.42	 61.95	0.040	  152.56	 75.79
 251.00	 249.07	 9.0081	34.2253	26.5145	 1.46	 63.33	0.040	  152.63	 74.98
 252.00	 250.07	 8.9226	34.2120	26.5177	 1.48	 64.57	0.040	  152.56	 74.11
 253.00	 251.06	 8.7983	34.2023	26.5296	 1.51	 65.82	0.040	  152.60	 73.08
 254.00	 252.05	 8.7781	34.2025	26.5329	 1.55	 67.26	0.040	  152.60	 71.98
 255.00	 253.04	 8.7026	34.1888	26.5340	 1.55	 67.65	0.040	  152.61	 71.16
 256.00	 254.03	 8.6279	34.1819	26.5402	 1.54	 67.11	0.041	  152.59	 70.24
 257.00	 255.02	 8.6356	34.1832	26.5400	 1.54	 66.78	0.040	  152.66	 69.41
 258.00	 256.02	 8.6139	34.1837	26.5437	 1.54	 66.94	0.040	  152.56	 68.20
 259.00	 257.01	 8.5914	34.1802	26.5445	 1.50	 65.36	0.040	  152.56	 67.23
 260.00	 258.00	 8.5520	34.1770	26.5480	 1.41	 61.53	0.040	  152.56	 66.22
 261.00	 258.99	 8.5850	34.1952	26.5573	 1.35	 58.54	0.040	  152.57	 65.32
 262.00	 259.98	 8.6686	34.2139	26.5590	 1.34	 58.26	0.040	  152.55	 64.37
 263.00	 260.97	 8.6797	34.2159	26.5589	 1.35	 58.71	0.040	  152.46	 63.45
 264.00	 261.97	 8.6803	34.2164	26.5592	 1.38	 59.94	0.040	  152.53	 62.39
 265.00	 262.96	 8.6500	34.2145	26.5624	 1.40	 60.93	0.040	  152.46	 61.46
 266.00	 263.95	 8.6198	34.2126	26.5656	 1.36	 59.15	0.040	  152.45	 60.57
 267.00	 264.94	 8.5895	34.2107	26.5689	 1.32	 57.39	0.040	  152.46	 59.66
 268.00	 265.93	 8.6462	34.2218	26.5688	 1.30	 56.75	0.040	  152.46	 58.40
 269.00	 266.92	 8.6519	34.2227	26.5687	 1.31	 57.11	0.040	  152.47	 57.60
 270.00	 267.92	 8.6393	34.2216	26.5698	 1.33	 57.68	0.041	  152.51	 56.67
 271.00	 268.91	 8.6154	34.2174	26.5702	 1.33	 57.70	0.040	  152.45	 55.62
 272.00	 269.90	 8.5833	34.2170	26.5748	 1.32	 57.58	0.040	  152.44	 54.67
 273.00	 270.89	 8.5587	34.2153	26.5773	 1.32	 57.37	0.040	  152.43	 53.75
 274.00	 271.88	 8.5502	34.2156	26.5788	 1.32	 57.25	0.040	  152.38	 52.57
 275.00	 272.87	 8.5498	34.2172	26.5802	 1.33	 57.87	0.040	  152.45	 51.68
 276.00	 273.87	 8.5393	34.2147	26.5798	 1.36	 59.20	0.040	  152.40	 50.77
 277.00	 274.86	 8.5055	34.2095	26.5810	 1.38	 60.18	0.042	  152.39	 49.83
 278.00	 275.85	 8.4523	34.2010	26.5824	 1.38	 60.01	0.041	  152.37	 48.92
 279.00	 276.84	 8.4300	34.1987	26.5841	 1.36	 58.98	0.040	  152.42	 47.97
 280.00	 277.83	 8.4278	34.2021	26.5871	 1.33	 57.74	0.040	  152.44	 46.90
 281.00	 278.82	 8.4406	34.2061	26.5883	 1.29	 56.18	0.040	  152.35	 45.77
 282.00	 279.81	 8.4333	34.2094	26.5920	 1.25	 54.35	0.040	  152.39	 44.73
 283.00	 280.81	 8.4497	34.2166	26.5952	 1.21	 52.51	0.040	  152.39	 43.90
 284.00	 281.80	 8.4572	34.2234	26.5994	 1.17	 51.00	0.040	  152.40	 43.08
 285.00	 282.79	 8.4700	34.2312	26.6036	 1.15	 50.21	0.042	  152.37	 41.93
 286.00	 283.78	 8.4796	34.2364	26.6062	 1.15	 50.03	0.040	  152.34	 40.89
 287.00	 284.77	 8.4814	34.2376	26.6069	 1.15	 50.05	0.041	  152.34	 39.79
 288.00	 285.76	 8.4776	34.2381	26.6079	 1.15	 49.85	0.040	  152.42	 38.85
 289.00	 286.76	 8.4767	34.2393	26.6090	 1.14	 49.52	0.040	  152.36	 37.85
 290.00	 287.75	 8.4811	34.2411	26.6097	 1.14	 49.62	0.041	  152.33	 36.96
 291.00	 288.74	 8.4870	34.2427	26.6101	 1.17	 50.80	0.040	  152.33	 35.92
 292.00	 289.73	 8.4486	34.2349	26.6098	 1.19	 51.80	0.040	  152.28	 34.93
 293.00	 290.72	 8.4101	34.2270	26.6095	 1.18	 51.50	0.041	  152.35	 33.94
 294.00	 291.71	 8.4037	34.2279	26.6113	 1.15	 50.17	0.040	  152.32	 32.78
 295.00	 292.70	 8.4244	34.2342	26.6131	 1.12	 48.56	0.040	  152.34	 31.82
 296.00	 293.70	 8.4487	34.2399	26.6138	 1.08	 47.10	0.040	  152.31	 30.85
 297.00	 294.69	 8.4818	34.2490	26.6159	 1.06	 46.25	0.040	  152.28	 29.94
 298.00	 295.68	 8.4916	34.2514	26.6163	 1.07	 46.49	0.041	  152.26	 28.98
 299.00	 296.67	 8.4995	34.2540	26.6171	 1.06	 46.17	0.041	  152.26	 27.83
 300.00	 297.66	 8.5040	34.2559	26.6180	 1.04	 45.46	0.041	  152.27	 26.72
 301.00	 298.65	 8.5102	34.2588	26.6193	 1.04	 45.27	0.041	  152.22	 25.79
 302.00	 299.65	 8.5110	34.2591	26.6194	 1.04	 45.16	0.041	  152.23	 24.91
 303.00	 300.64	 8.5110	34.2588	26.6192	 1.03	 44.94	0.041	  152.21	 24.07
 304.00	 301.63	 8.5143	34.2611	26.6205	 1.03	 44.84	0.041	  152.21	 23.18
 305.00	 302.62	 8.5136	34.2608	26.6204	 1.03	 44.82	0.041	  152.24	 22.27
 306.00	 303.61	 8.5153	34.2615	26.6207	 1.03	 44.65	0.040	  152.18	 21.28
 307.00	 304.60	 8.5196	34.2623	26.6207	 1.03	 44.75	0.040	  152.15	 20.30
 308.00	 305.59	 8.5209	34.2623	26.6205	 1.03	 44.62	0.040	  152.22	 19.22
 309.00	 306.59	 8.5231	34.2629	26.6207	 1.02	 44.45	0.041	  152.17	 18.09
 310.00	 307.58	 8.5230	34.2636	26.6213	 1.03	 44.69	0.040	  152.16	 17.14
 311.00	 308.57	 8.4560	34.2531	26.6233	 1.05	 45.77	0.041	  152.12	 16.19
 312.00	 309.56	 8.4070	34.2473	26.6262	 1.07	 46.47	0.041	  152.11	 15.42
 313.00	 310.55	 8.3128	34.2329	26.6293	 1.08	 47.02	0.041	  152.05	 14.45
 314.00	 311.54	 8.2186	34.2184	26.6321	 1.17	 51.10	0.040	  152.04	 13.74
 315.00	 312.53	 8.1795	34.2127	26.6335	 1.18	 51.41	0.041	  152.04	 12.76
 316.00	 313.53	 8.1399	34.2057	26.6339	 1.20	 52.42	0.041	  151.98	 11.91
 317.00	 314.52	 8.1191	34.2024	26.6345	 1.21	 52.71	0.040	  152.03	 11.04
 318.00	 315.51	 8.0736	34.1960	26.6362	 1.23	 53.49	0.041	  151.54	 11.57
