wcoa21_data_management/01_CRUISE_METADATA/00_OCADS_data/CTD_downcasts/WCOA_2021_CTD_downcasts/dRB2102_CTD_097_01_F.txt
* Sea-Bird SBE 9 Data:
* Software Version Seasave V 7.26.7.107
* Vessel: NOAA Ship Ronald H. Brown
* Cruise: RB2102, West Coast Ocean Acidification (WCOA) 2021
* Dates: 20210622 to 20210723
* Region: NE Pacific, USA West Coast
* Ports: San Diego, CA to Port Angeles, WA to San Diego, CA
* Chief Scientists: R. Feely, NOAA PMEL; D. Greeley, NOAA PMEL; B. Carter, NOAA PMEL / UW CICOES
*END*
   3.00	   2.98	14.7465	33.6589	24.9930	 6.01	261.99	0.078	  149.99	 99.67
   4.00	   3.97	14.7458	33.6587	24.9931	 6.01	261.96	0.077	  149.88	 99.67
   5.00	   4.96	14.7464	33.6587	24.9930	 6.00	261.55	0.077	  149.82	 99.67
   6.00	   5.96	14.7471	33.6587	24.9928	 6.01	261.88	0.077	  149.82	 99.66
   7.00	   6.95	14.7482	33.6588	24.9927	 6.01	262.01	0.076	  149.77	 99.66
   8.00	   7.94	14.7506	33.6589	24.9923	 6.02	262.10	0.076	  149.78	 99.67
   9.00	   8.93	14.7513	33.6588	24.9921	 6.02	262.18	0.078	  149.76	 99.67
  10.00	   9.93	14.7503	33.6587	24.9923	 6.02	262.23	0.077	  149.81	 99.67
  11.00	  10.92	14.7492	33.6587	24.9925	 6.02	262.13	0.075	  149.72	 99.67
  12.00	  11.91	14.7486	33.6588	24.9927	 6.01	261.69	0.077	  149.75	 99.67
  13.00	  12.90	14.7482	33.6588	24.9929	 6.02	262.12	0.079	  149.68	 99.67
  14.00	  13.90	14.7496	33.6587	24.9926	 6.02	262.16	0.077	  149.67	 99.66
  15.00	  14.89	14.7486	33.6587	24.9928	 6.01	261.84	0.077	  149.68	 99.67
  16.00	  15.88	14.7484	33.6589	24.9930	 6.01	261.93	0.079	  149.66	 99.67
  17.00	  16.87	14.7353	33.6587	24.9957	 6.02	262.13	0.078	  149.66	 99.67
  18.00	  17.87	14.6558	33.6591	25.0131	 6.02	262.47	0.080	  149.66	 99.67
  19.00	  18.86	14.6342	33.6599	25.0184	 6.01	261.80	0.081	  149.64	 99.67
  20.00	  19.85	14.6285	33.6599	25.0196	 5.96	259.58	0.079	  149.68	 99.66
  21.00	  20.84	14.5772	33.6587	25.0297	 5.90	256.99	0.074	  149.65	 99.66
  22.00	  21.84	14.4386	33.6534	25.0551	 5.87	255.80	0.074	  149.67	 99.66
  23.00	  22.83	14.0929	33.6531	25.1276	 5.83	253.81	0.072	  149.81	 99.65
  24.00	  23.82	13.4317	33.6660	25.2736	 5.74	250.00	0.069	  150.07	 99.61
  25.00	  24.81	13.1861	33.6639	25.3215	 5.72	249.17	0.070	  150.23	 99.57
  26.00	  25.81	13.1034	33.6623	25.3368	 5.61	244.20	0.065	  150.30	 99.55
  27.00	  26.80	13.0049	33.6735	25.3651	 5.52	240.21	0.072	  150.31	 99.54
  28.00	  27.79	12.7742	33.6693	25.4073	 5.49	239.16	0.067	  150.41	 99.52
  29.00	  28.78	12.6081	33.6895	25.4555	 5.42	236.26	0.065	  150.57	 99.46
  30.00	  29.78	12.6150	33.6948	25.4583	 5.35	233.09	0.065	  150.60	 99.44
  31.00	  30.77	12.5066	33.6872	25.4735	 5.27	229.64	0.066	  150.64	 99.42
  32.00	  31.76	12.2846	33.6825	25.5126	 5.27	229.36	0.063	  150.73	 99.41
  33.00	  32.75	12.2723	33.7092	25.5357	 5.24	228.00	0.066	  150.77	 99.39
  34.00	  33.75	12.2798	33.7290	25.5496	 5.14	224.02	0.067	  150.79	 99.38
  35.00	  34.74	12.1707	33.7465	25.5841	 5.00	217.91	0.067	  150.89	 99.37
  36.00	  35.73	12.0006	33.7609	25.6275	 4.97	216.40	0.065	  150.94	 94.61
  37.00	  36.72	11.8302	33.7795	25.6740	 4.94	215.06	0.062	  151.05	 96.73
  38.00	  37.72	11.7511	33.7860	25.6939	 4.82	210.07	0.065	  151.13	 99.31
  39.00	  38.71	11.6554	33.7898	25.7146	 4.67	203.33	0.064	  151.28	 99.32
  40.00	  39.70	11.4257	33.7939	25.7602	 4.59	199.93	0.060	  151.39	 99.32
  41.00	  40.69	11.3209	33.7910	25.7771	 4.47	194.70	0.060	  151.47	 99.32
  42.00	  41.69	11.1827	33.7894	25.8009	 4.37	190.38	0.057	  151.54	 99.30
  43.00	  42.68	10.9986	33.7890	25.8337	 4.30	187.16	0.058	  151.61	 99.31
  44.00	  43.67	10.8361	33.7986	25.8701	 4.21	183.07	0.057	  151.70	 96.70
  45.00	  44.66	10.8029	33.8044	25.8805	 4.15	180.68	0.054	  151.83	 99.63
  46.00	  45.66	10.7788	33.8015	25.8826	 4.14	180.17	0.054	  151.83	 99.34
  47.00	  46.65	10.7539	33.7996	25.8855	 4.14	180.28	0.053	  151.82	 99.34
  48.00	  47.64	10.7416	33.7992	25.8873	 4.11	178.76	0.055	  151.89	 99.34
  49.00	  48.63	10.7175	33.7975	25.8903	 3.99	173.58	0.058	  151.91	 99.34
  50.00	  49.63	10.4616	33.7624	25.9077	 3.91	170.04	0.052	  151.96	 99.33
  51.00	  50.62	10.3179	33.7524	25.9246	 3.91	170.18	0.051	  152.04	 96.96
  52.00	  51.61	10.2849	33.7486	25.9274	 3.86	168.02	0.051	  152.10	 99.29
  53.00	  52.60	10.2290	33.7504	25.9384	 3.76	163.79	0.051	  152.16	 99.39
  54.00	  53.60	10.2356	33.7642	25.9480	 3.68	160.24	0.050	  152.15	 99.39
  55.00	  54.59	10.2402	33.7877	25.9656	 3.64	158.50	0.048	  152.20	 98.20
  56.00	  55.58	10.2271	33.8035	25.9802	 3.63	158.20	0.047	  152.22	 94.78
  57.00	  56.57	10.2370	33.8190	25.9906	 3.59	156.37	0.047	  152.24	 97.95
  58.00	  57.57	10.2421	33.8295	25.9979	 3.56	154.83	0.046	  152.23	 99.45
  59.00	  58.56	10.2411	33.8329	26.0008	 3.50	152.50	0.045	  152.17	 99.44
  60.00	  59.55	10.2436	33.8531	26.0162	 3.47	151.07	0.045	  152.31	 99.44
  61.00	  60.54	10.2329	33.8613	26.0244	 3.47	150.86	0.044	  152.39	 99.44
  62.00	  61.54	10.2298	33.8633	26.0265	 3.42	148.88	0.044	  152.34	 99.46
  63.00	  62.53	10.2301	33.8750	26.0356	 3.34	145.31	0.045	  152.41	 99.46
  64.00	  63.52	10.2258	33.8802	26.0404	 3.28	142.87	0.043	  152.36	 99.46
  65.00	  64.51	10.2138	33.8876	26.0483	 3.27	142.28	0.043	  152.35	 99.46
  66.00	  65.50	10.2009	33.8946	26.0560	 3.26	141.85	0.042	  152.38	 99.47
  67.00	  66.50	10.1768	33.8911	26.0574	 3.16	137.39	0.043	  152.38	 99.50
  68.00	  67.49	10.0928	33.8965	26.0759	 3.05	132.59	0.042	  152.40	 99.50
  69.00	  68.48	10.0519	33.8962	26.0826	 3.04	132.44	0.042	  152.47	 99.49
  70.00	  69.47	10.0280	33.9014	26.0907	 3.01	131.10	0.042	  152.43	 99.50
  71.00	  70.47	 9.9838	33.9016	26.0984	 3.00	130.64	0.042	  152.46	 99.51
  72.00	  71.46	 9.9539	33.9017	26.1035	 2.97	129.38	0.042	  152.45	 99.54
  73.00	  72.45	 9.9389	33.9008	26.1054	 2.95	128.61	0.041	  152.49	 99.55
  74.00	  73.44	 9.9303	33.9018	26.1076	 2.94	128.17	0.041	  152.49	 99.56
  75.00	  74.44	 9.9208	33.9024	26.1097	 2.93	127.69	0.042	  152.49	 99.56
  76.00	  75.43	 9.9148	33.9040	26.1120	 2.91	126.83	0.041	  152.50	 99.56
  77.00	  76.42	 9.9041	33.9049	26.1145	 2.87	124.83	0.042	  152.51	 99.56
  78.00	  77.41	 9.8510	33.9089	26.1265	 2.80	121.99	0.041	  152.53	 99.56
  79.00	  78.40	 9.7941	33.9196	26.1444	 2.76	120.23	0.042	  152.54	 99.57
  80.00	  79.40	 9.7841	33.9212	26.1473	 2.74	119.24	0.040	  152.59	 99.58
  81.00	  80.39	 9.7644	33.9238	26.1526	 2.73	118.76	0.040	  152.52	 99.58
  82.00	  81.38	 9.7481	33.9271	26.1580	 2.73	118.92	0.040	  152.42	 99.58
  83.00	  82.37	 9.7442	33.9284	26.1596	 2.73	118.70	0.041	  152.51	 99.59
  84.00	  83.37	 9.7401	33.9300	26.1616	 2.70	117.49	0.040	  152.53	 99.61
  85.00	  84.36	 9.7213	33.9362	26.1696	 2.68	116.66	0.041	  152.51	 99.61
  86.00	  85.35	 9.7046	33.9376	26.1734	 2.69	117.01	0.040	  152.53	 99.61
  87.00	  86.34	 9.6137	33.9298	26.1824	 2.70	117.33	0.040	  152.50	 99.61
  88.00	  87.33	 9.5520	33.9296	26.1924	 2.70	117.35	0.040	  152.54	 99.61
  89.00	  88.33	 9.5231	33.9279	26.1958	 2.69	117.11	0.041	  152.51	 99.62
  90.00	  89.32	 9.4971	33.9257	26.1984	 2.69	116.97	0.040	  152.54	 99.62
  91.00	  90.31	 9.4691	33.9227	26.2006	 2.68	116.85	0.040	  152.52	 99.63
  92.00	  91.30	 9.4184	33.9194	26.2064	 2.68	116.65	0.040	  152.54	 99.62
  93.00	  92.30	 9.3697	33.9200	26.2147	 2.67	116.36	0.040	  152.52	 99.63
  94.00	  93.29	 9.3349	33.9195	26.2200	 2.68	116.45	0.041	  152.51	 99.63
  95.00	  94.28	 9.3066	33.9184	26.2237	 2.68	116.47	0.041	  152.49	 99.63
  96.00	  95.27	 9.2930	33.9165	26.2244	 2.68	116.70	0.040	  152.46	 99.63
  97.00	  96.26	 9.2549	33.9127	26.2277	 2.68	116.76	0.040	  152.49	 99.63
  98.00	  97.26	 9.2098	33.9138	26.2358	 2.68	116.52	0.040	  152.50	 99.63
  99.00	  98.25	 9.2017	33.9145	26.2376	 2.67	116.04	0.040	  152.44	 99.63
 100.00	  99.24	 9.2030	33.9158	26.2385	 2.66	115.92	0.040	  152.44	 99.63
 101.00	 100.23	 9.2020	33.9169	26.2395	 2.68	116.44	0.040	  152.47	 99.63
 102.00	 101.23	 9.1900	33.9157	26.2405	 2.69	117.16	0.040	  152.41	 99.63
 103.00	 102.22	 9.1525	33.9141	26.2453	 2.69	117.23	0.040	  152.45	 99.63
 104.00	 103.21	 9.1402	33.9144	26.2475	 2.68	116.70	0.040	  152.40	 99.63
 105.00	 104.20	 9.1310	33.9173	26.2512	 2.66	115.90	0.040	  152.41	 99.63
 106.00	 105.19	 9.1153	33.9194	26.2555	 2.64	114.67	0.040	  152.37	 99.63
 107.00	 106.19	 9.1160	33.9270	26.2613	 2.63	114.25	0.040	  152.42	 99.63
 108.00	 107.18	 9.1105	33.9316	26.2658	 2.65	115.16	0.041	  152.34	 99.63
 109.00	 108.17	 9.0803	33.9278	26.2677	 2.67	116.02	0.041	  152.34	 99.63
 110.00	 109.16	 9.0408	33.9262	26.2727	 2.67	116.21	0.040	  152.37	 99.63
 111.00	 110.15	 9.0139	33.9237	26.2750	 2.68	116.79	0.041	  152.38	 99.63
 112.00	 111.15	 8.9928	33.9207	26.2760	 2.69	117.02	0.040	  152.34	 99.63
 113.00	 112.14	 8.9813	33.9201	26.2773	 2.66	115.66	0.040	  152.37	 99.63
 114.00	 113.13	 8.9775	33.9205	26.2783	 2.63	114.46	0.040	  152.33	 99.63
 115.00	 114.12	 8.9708	33.9253	26.2832	 2.61	113.55	0.040	  152.31	 99.63
 116.00	 115.12	 8.9502	33.9393	26.2974	 2.61	113.49	0.040	  152.31	 99.63
 117.00	 116.11	 8.9356	33.9459	26.3048	 2.62	114.02	0.040	  152.34	 99.63
 118.00	 117.10	 8.9107	33.9453	26.3083	 2.63	114.43	0.040	  152.34	 99.64
 119.00	 118.09	 8.8964	33.9441	26.3097	 2.63	114.50	0.040	  152.30	 99.64
 120.00	 119.08	 8.8802	33.9450	26.3129	 2.61	113.63	0.040	  152.34	 99.64
 121.00	 120.08	 8.8770	33.9482	26.3160	 2.58	112.42	0.040	  152.26	 99.64
 122.00	 121.07	 8.8839	33.9522	26.3180	 2.56	111.26	0.040	  152.21	 99.64
 123.00	 122.06	 8.8945	33.9572	26.3202	 2.54	110.58	0.040	  152.18	 99.65
 124.00	 123.05	 8.9039	33.9628	26.3232	 2.52	109.87	0.040	  152.26	 99.65
 125.00	 124.04	 8.9030	33.9661	26.3260	 2.49	108.40	0.041	  152.23	 99.66
 126.00	 125.04	 8.9088	33.9760	26.3328	 2.50	108.65	0.040	  152.24	 99.66
 127.00	 126.03	 8.8726	33.9778	26.3399	 2.53	110.06	0.040	  152.19	 99.66
 128.00	 127.02	 8.8416	33.9760	26.3434	 2.53	110.27	0.040	  152.25	 99.66
 129.00	 128.01	 8.8277	33.9743	26.3443	 2.54	110.51	0.040	  152.24	 99.67
 130.00	 129.00	 8.8208	33.9737	26.3449	 2.53	110.20	0.040	  152.20	 99.66
 131.00	 130.00	 8.8167	33.9735	26.3454	 2.52	109.79	0.040	  152.14	 99.67
 132.00	 130.99	 8.8158	33.9740	26.3459	 2.50	108.93	0.040	  152.19	 99.67
 133.00	 131.98	 8.8203	33.9772	26.3477	 2.48	108.13	0.040	  152.14	 99.67
 134.00	 132.97	 8.8278	33.9811	26.3497	 2.47	107.27	0.040	  152.16	 99.66
 135.00	 133.96	 8.8339	33.9839	26.3509	 2.45	106.41	0.040	  152.17	 99.67
 136.00	 134.96	 8.8414	33.9866	26.3519	 2.43	105.63	0.040	  152.13	 99.67
 137.00	 135.95	 8.8428	33.9872	26.3522	 2.40	104.58	0.040	  152.13	 99.68
 138.00	 136.94	 8.8461	33.9896	26.3535	 2.37	103.28	0.040	  152.12	 99.68
 139.00	 137.93	 8.8338	33.9916	26.3570	 2.36	102.49	0.040	  152.12	 99.68
 140.00	 138.92	 8.8182	33.9925	26.3602	 2.34	101.69	0.040	  152.13	 99.68
 141.00	 139.92	 8.8003	33.9955	26.3653	 2.33	101.50	0.040	  152.16	 99.68
 142.00	 140.91	 8.7936	33.9965	26.3672	 2.35	102.21	0.040	  152.13	 99.69
 143.00	 141.90	 8.7886	33.9980	26.3691	 2.35	102.39	0.040	  152.12	 99.70
 144.00	 142.89	 8.7838	34.0002	26.3716	 2.37	102.98	0.040	  152.07	 99.71
 145.00	 143.88	 8.7805	34.0010	26.3729	 2.37	103.13	0.040	  152.14	 99.70
 146.00	 144.88	 8.7733	34.0026	26.3752	 2.35	102.19	0.040	  152.03	 99.70
 147.00	 145.87	 8.7561	34.0052	26.3799	 2.31	100.38	0.040	  152.10	 99.70
 148.00	 146.86	 8.7292	34.0081	26.3864	 2.25	 97.75	0.040	  152.15	 99.70
 149.00	 147.85	 8.7234	34.0088	26.3879	 2.24	 97.36	0.040	  152.11	 99.71
 150.00	 148.84	 8.7172	34.0095	26.3894	 2.25	 97.83	0.040	  152.14	 99.71
 151.00	 149.84	 8.7107	34.0093	26.3903	 2.26	 98.15	0.040	  152.17	 99.71
 152.00	 150.83	 8.7009	34.0089	26.3915	 2.26	 98.26	0.041	  152.01	 99.71
 153.00	 151.82	 8.6805	34.0110	26.3963	 2.25	 97.75	0.040	  152.06	 99.71
 154.00	 152.81	 8.6616	34.0145	26.4020	 2.21	 96.09	0.040	  152.01	 99.72
 155.00	 153.80	 8.6426	34.0180	26.4077	 2.14	 92.97	0.040	  152.07	 99.72
 156.00	 154.80	 8.6369	34.0206	26.4107	 2.12	 92.06	0.041	  152.06	 99.72
 157.00	 155.79	 8.6241	34.0263	26.4171	 2.10	 91.50	0.041	  152.11	 99.72
 158.00	 156.78	 8.5987	34.0337	26.4269	 2.10	 91.56	0.040	  152.06	 99.72
 159.00	 157.77	 8.6000	34.0398	26.4315	 2.12	 92.30	0.040	  152.08	 99.72
 160.00	 158.76	 8.5981	34.0396	26.4316	 2.11	 91.75	0.040	  152.09	 99.73
 161.00	 159.75	 8.5889	34.0416	26.4346	 2.09	 90.81	0.040	  152.08	 99.74
 162.00	 160.75	 8.5745	34.0422	26.4373	 2.08	 90.43	0.040	  152.11	 99.74
 163.00	 161.74	 8.5660	34.0427	26.4390	 2.07	 89.95	0.040	  152.11	 99.74
 164.00	 162.73	 8.5636	34.0435	26.4400	 2.06	 89.44	0.040	  152.05	 99.74
 165.00	 163.72	 8.5618	34.0445	26.4411	 2.06	 89.41	0.040	  152.08	 99.75
 166.00	 164.71	 8.5600	34.0462	26.4428	 2.04	 88.61	0.040	  152.09	 99.75
 167.00	 165.71	 8.5573	34.0488	26.4452	 1.99	 86.76	0.040	  152.11	 99.76
 168.00	 166.70	 8.5393	34.0551	26.4530	 1.97	 85.58	0.040	  152.06	 99.76
 169.00	 167.69	 8.5197	34.0563	26.4569	 1.97	 85.55	0.040	  152.05	 99.76
 170.00	 168.68	 8.4933	34.0557	26.4605	 1.96	 85.44	0.040	  152.12	 99.76
 171.00	 169.67	 8.4819	34.0566	26.4629	 1.95	 85.05	0.040	  152.02	 99.76
 172.00	 170.67	 8.4773	34.0595	26.4659	 1.96	 85.18	0.040	  152.13	 99.76
 173.00	 171.66	 8.4751	34.0611	26.4676	 1.98	 86.09	0.040	  152.08	 99.77
 174.00	 172.65	 8.4690	34.0621	26.4693	 2.00	 87.10	0.040	  152.06	 99.77
 175.00	 173.64	 8.4307	34.0607	26.4741	 2.01	 87.28	0.040	  152.05	 99.77
 176.00	 174.63	 8.4093	34.0607	26.4773	 2.00	 86.81	0.040	  152.09	 99.77
 177.00	 175.62	 8.4036	34.0603	26.4779	 1.99	 86.41	0.040	  152.04	 99.76
 178.00	 176.62	 8.4003	34.0606	26.4786	 1.97	 85.74	0.040	  152.04	 99.77
 179.00	 177.61	 8.3953	34.0607	26.4795	 1.97	 85.51	0.040	  152.01	 99.77
 180.00	 178.60	 8.3870	34.0619	26.4818	 1.96	 85.44	0.040	  152.03	 99.77
 181.00	 179.59	 8.3816	34.0630	26.4835	 1.95	 84.64	0.040	  152.01	 99.76
 182.00	 180.58	 8.3731	34.0653	26.4865	 1.91	 83.30	0.040	  152.04	 99.77
 183.00	 181.57	 8.3644	34.0681	26.4901	 1.89	 82.31	0.040	  152.01	 99.77
 184.00	 182.57	 8.3516	34.0715	26.4947	 1.88	 81.94	0.040	  152.05	 99.78
 185.00	 183.56	 8.3437	34.0731	26.4972	 1.87	 81.38	0.040	  152.04	 99.78
 186.00	 184.55	 8.3339	34.0740	26.4993	 1.85	 80.35	0.040	  152.01	 99.78
 187.00	 185.54	 8.3183	34.0754	26.5028	 1.84	 79.88	0.040	  151.99	 99.78
 188.00	 186.53	 8.3057	34.0766	26.5057	 1.84	 79.84	0.040	  151.98	 99.78
 189.00	 187.53	 8.2970	34.0766	26.5071	 1.83	 79.60	0.040	  152.02	 99.78
 190.00	 188.52	 8.2937	34.0769	26.5078	 1.83	 79.43	0.040	  151.99	 99.78
 191.00	 189.51	 8.2881	34.0765	26.5083	 1.82	 79.20	0.040	  152.01	 99.78
 192.00	 190.50	 8.2731	34.0758	26.5101	 1.82	 79.15	0.040	  152.01	 99.79
 193.00	 191.49	 8.2649	34.0757	26.5112	 1.82	 79.14	0.040	  152.01	 99.79
 194.00	 192.48	 8.2612	34.0755	26.5117	 1.81	 78.90	0.040	  152.04	 99.79
 195.00	 193.48	 8.2542	34.0754	26.5127	 1.81	 78.78	0.040	  152.10	 99.79
 196.00	 194.47	 8.2398	34.0750	26.5145	 1.81	 78.57	0.040	  152.04	 99.79
 197.00	 195.46	 8.2309	34.0747	26.5157	 1.80	 78.32	0.040	  152.02	 99.79
 198.00	 196.45	 8.2204	34.0744	26.5170	 1.80	 78.12	0.040	  152.07	 99.79
 199.00	 197.44	 8.2072	34.0737	26.5184	 1.79	 78.01	0.040	  152.02	 99.80
 200.00	 198.43	 8.1987	34.0736	26.5197	 1.79	 77.97	0.040	  152.02	 99.80
 201.00	 199.43	 8.1948	34.0736	26.5203	 1.79	 77.92	0.040	  152.08	 99.80
 202.00	 200.42	 8.1938	34.0735	26.5203	 1.77	 77.17	0.040	  152.02	 99.80
 203.00	 201.41	 8.1839	34.0747	26.5227	 1.75	 76.04	0.040	  152.07	 99.80
 204.00	 202.40	 8.1776	34.0776	26.5260	 1.74	 75.63	0.040	  152.08	 99.80
 205.00	 203.39	 8.1718	34.0792	26.5282	 1.73	 75.23	0.040	  152.01	 99.80
 206.00	 204.38	 8.1657	34.0821	26.5314	 1.71	 74.50	0.040	  152.00	 99.80
 207.00	 205.38	 8.1569	34.0841	26.5342	 1.69	 73.69	0.040	  152.04	 99.80
 208.00	 206.37	 8.1556	34.0869	26.5366	 1.67	 72.55	0.040	  152.00	 99.80
 209.00	 207.36	 8.1511	34.0888	26.5388	 1.64	 71.50	0.040	  151.95	 99.81
 210.00	 208.35	 8.1425	34.0918	26.5425	 1.63	 70.84	0.040	  152.01	 99.80
 211.00	 209.34	 8.1373	34.0949	26.5457	 1.61	 69.99	0.040	  152.03	 99.81
 212.00	 210.33	 8.1180	34.0985	26.5514	 1.58	 68.66	0.040	  152.02	 99.82
 213.00	 211.33	 8.1110	34.1013	26.5547	 1.54	 66.96	0.040	  152.05	 99.83
 214.00	 212.32	 8.0968	34.1058	26.5604	 1.51	 65.85	0.040	  151.99	 99.83
 215.00	 213.31	 8.0861	34.1096	26.5649	 1.52	 66.23	0.040	  152.05	 99.83
