wcoa21_data_management/01_CRUISE_METADATA/00_OCADS_data/CTD_downcasts/WCOA_2021_CTD_downcasts/dRB2102_CTD_037_01_F.txt
* Sea-Bird SBE 9 Data:
* Software Version Seasave V 7.26.7.107
* Vessel: NOAA Ship Ronald H. Brown
* Cruise: RB2102, West Coast Ocean Acidification (WCOA) 2021
* Dates: 20210622 to 20210723
* Region: NE Pacific, USA West Coast
* Ports: San Diego, CA to Port Angeles, WA to San Diego, CA
* Chief Scientists: R. Feely, NOAA PMEL; D. Greeley, NOAA PMEL; B. Carter, NOAA PMEL / UW CICOES
*END*
[from data line 641]
 644.00	 637.66	 4.9694	34.1673	27.0244	 0.59	 25.52	0.041	  156.29	100.00
 645.00	 638.64	 4.9681	34.1682	27.0253	 0.59	 25.45	0.041	  156.30	100.00
 646.00	 639.63	 4.9647	34.1685	27.0260	 0.58	 25.35	0.040	  156.28	100.00
 647.00	 640.62	 4.9603	34.1688	27.0267	 0.58	 25.17	0.040	  156.29	100.00
 648.00	 641.61	 4.9520	34.1696	27.0283	 0.58	 25.04	0.041	  156.34	100.00
 649.00	 642.60	 4.9429	34.1704	27.0300	 0.57	 24.96	0.042	  156.27	100.00
 650.00	 643.59	 4.9360	34.1707	27.0309	 0.57	 24.90	0.042	  156.33	100.00
 651.00	 644.58	 4.9312	34.1714	27.0321	 0.57	 24.83	0.041	  156.29	100.00
 652.00	 645.57	 4.9265	34.1711	27.0324	 0.57	 24.70	0.040	  156.31	100.00
 653.00	 646.55	 4.9210	34.1709	27.0328	 0.57	 24.73	0.040	  156.26	100.00
 654.00	 647.54	 4.9188	34.1717	27.0338	 0.57	 24.75	0.040	  156.29	100.00
 655.00	 648.53	 4.9163	34.1706	27.0331	 0.57	 24.74	0.040	  156.24	100.00
 656.00	 649.52	 4.9129	34.1707	27.0336	 0.57	 24.69	0.040	  156.22	100.00
 657.00	 650.51	 4.9099	34.1710	27.0342	 0.57	 24.61	0.040	  156.23	100.00
 658.00	 651.50	 4.9114	34.1708	27.0339	 0.56	 24.54	0.041	  156.23	100.00
 659.00	 652.49	 4.9068	34.1698	27.0336	 0.57	 24.60	0.041	  156.28	100.00
 660.00	 653.47	 4.9039	34.1706	27.0346	 0.56	 24.57	0.041	  156.26	100.00
 661.00	 654.46	 4.9020	34.1697	27.0341	 0.56	 24.51	0.042	  156.28	100.00
 662.00	 655.45	 4.8945	34.1683	27.0339	 0.56	 24.52	0.041	  156.28	100.00
 663.00	 656.44	 4.8864	34.1702	27.0362	 0.56	 24.47	0.040	  156.28	100.00
 664.00	 657.43	 4.8839	34.1706	27.0369	 0.56	 24.45	0.040	  156.24	100.00
 665.00	 658.42	 4.8788	34.1710	27.0378	 0.56	 24.36	0.040	  156.26	100.00
 666.00	 659.40	 4.8797	34.1713	27.0379	 0.56	 24.35	0.041	  156.24	100.00
 667.00	 660.39	 4.8702	34.1702	27.0381	 0.56	 24.29	0.040	  156.28	100.00
 668.00	 661.38	 4.8662	34.1713	27.0394	 0.56	 24.23	0.040	  156.26	100.00
 669.00	 662.37	 4.8638	34.1713	27.0397	 0.56	 24.15	0.041	  156.30	100.00
 670.00	 663.36	 4.8590	34.1710	27.0400	 0.56	 24.14	0.042	  156.31	100.00
 671.00	 664.35	 4.8517	34.1729	27.0423	 0.55	 24.07	0.041	  156.28	100.00
 672.00	 665.34	 4.8485	34.1731	27.0429	 0.55	 23.98	0.041	  156.22	100.00
 673.00	 666.32	 4.8404	34.1742	27.0446	 0.55	 23.97	0.041	  156.21	100.00
 674.00	 667.31	 4.8374	34.1738	27.0447	 0.55	 23.80	0.040	  156.18	100.00
 675.00	 668.30	 4.8280	34.1734	27.0455	 0.54	 23.69	0.041	  156.20	100.00
 676.00	 669.29	 4.8212	34.1761	27.0483	 0.54	 23.61	0.040	  156.20	100.00
 677.00	 670.28	 4.8193	34.1758	27.0483	 0.54	 23.56	0.041	  156.20	100.00
 678.00	 671.27	 4.8165	34.1761	27.0489	 0.54	 23.49	0.041	  156.26	100.00
 679.00	 672.26	 4.8164	34.1763	27.0491	 0.54	 23.45	0.042	  156.24	100.00
 680.00	 673.24	 4.8164	34.1763	27.0491	 0.54	 23.39	0.041	  156.25	100.00
 681.00	 674.23	 4.8166	34.1764	27.0491	 0.54	 23.40	0.041	  156.20	100.00
 682.00	 675.22	 4.8162	34.1766	27.0493	 0.54	 23.40	0.040	  156.21	100.00
 683.00	 676.21	 4.8154	34.1771	27.0498	 0.54	 23.43	0.041	  156.23	100.00
 684.00	 677.20	 4.8157	34.1771	27.0498	 0.54	 23.42	0.042	  156.16	100.00
 685.00	 678.19	 4.8155	34.1773	27.0500	 0.54	 23.35	0.041	  156.17	100.00
 686.00	 679.17	 4.8150	34.1776	27.0503	 0.53	 23.24	0.041	  156.16	100.00
 687.00	 680.16	 4.8124	34.1786	27.0514	 0.53	 23.23	0.040	  156.14	100.00
 688.00	 681.15	 4.8122	34.1789	27.0517	 0.53	 23.24	0.040	  156.13	100.00
 689.00	 682.14	 4.8113	34.1789	27.0518	 0.53	 23.21	0.040	  156.11	100.00
 690.00	 683.13	 4.8087	34.1793	27.0524	 0.53	 23.14	0.041	  156.09	100.00
 691.00	 684.12	 4.8068	34.1801	27.0532	 0.53	 22.99	0.042	  156.08	100.00
 692.00	 685.10	 4.8052	34.1806	27.0538	 0.53	 22.91	0.041	  156.10	100.00
 693.00	 686.09	 4.8021	34.1816	27.0550	 0.52	 22.83	0.040	  156.09	100.00
 694.00	 687.08	 4.7964	34.1845	27.0579	 0.52	 22.66	0.040	  156.13	100.00
 695.00	 688.07	 4.7919	34.1867	27.0602	 0.52	 22.48	0.040	  156.14	100.00
 696.00	 689.06	 4.7849	34.1897	27.0633	 0.51	 22.30	0.040	  156.15	100.00
 697.00	 690.05	 4.7757	34.1921	27.0663	 0.51	 22.10	0.040	  156.14	100.00
 698.00	 691.03	 4.7710	34.1945	27.0687	 0.50	 21.88	0.040	  156.09	100.00
 699.00	 692.02	 4.7683	34.1944	27.0690	 0.50	 21.77	0.040	  156.09	100.00
 700.00	 693.01	 4.7631	34.1951	27.0701	 0.50	 21.72	0.041	  156.15	100.00
 701.00	 694.00	 4.7599	34.1962	27.0714	 0.50	 21.65	0.041	  156.08	100.00
 702.00	 694.99	 4.7579	34.1970	27.0722	 0.50	 21.57	0.040	  156.07	100.00
 703.00	 695.98	 4.7551	34.1970	27.0725	 0.50	 21.61	0.041	  156.08	100.00
 704.00	 696.97	 4.7535	34.1973	27.0729	 0.50	 21.57	0.042	  156.10	100.00
 705.00	 697.95	 4.7507	34.1973	27.0733	 0.49	 21.45	0.040	  156.09	100.00
 706.00	 698.94	 4.7472	34.1973	27.0737	 0.49	 21.36	0.040	  156.08	100.00
 707.00	 699.93	 4.7414	34.1974	27.0744	 0.49	 21.27	0.040	  156.08	100.00
 708.00	 700.92	 4.7332	34.1968	27.0748	 0.49	 21.21	0.041	  156.13	100.00
 709.00	 701.91	 4.7256	34.1971	27.0759	 0.49	 21.21	0.040	  156.11	100.00
 710.00	 702.89	 4.7209	34.1967	27.0761	 0.49	 21.14	0.042	  156.06	100.00
 711.00	 703.88	 4.7146	34.1975	27.0774	 0.48	 20.98	0.040	  156.08	100.00
 712.00	 704.87	 4.7090	34.1980	27.0785	 0.48	 20.90	0.040	  156.10	100.00
 713.00	 705.86	 4.7039	34.2001	27.0807	 0.48	 20.76	0.040	  156.03	100.00
 714.00	 706.85	 4.7009	34.2009	27.0817	 0.48	 20.78	0.040	  156.11	100.00
 715.00	 707.84	 4.6981	34.2016	27.0826	 0.48	 20.68	0.040	  156.07	100.00
 716.00	 708.82	 4.6969	34.2019	27.0830	 0.47	 20.59	0.040	  156.07	100.00
 717.00	 709.81	 4.6957	34.2023	27.0834	 0.47	 20.54	0.040	  156.05	100.00
 718.00	 710.80	 4.6947	34.2024	27.0836	 0.47	 20.48	0.040	  156.00	100.00
 719.00	 711.79	 4.6936	34.2024	27.0837	 0.47	 20.45	0.040	  156.06	100.00
 720.00	 712.78	 4.6918	34.2026	27.0841	 0.47	 20.45	0.040	  156.04	100.00
 721.00	 713.77	 4.6908	34.2029	27.0844	 0.47	 20.44	0.040	  156.05	100.00
 722.00	 714.75	 4.6900	34.2032	27.0848	 0.47	 20.46	0.040	  156.00	100.00
 723.00	 715.74	 4.6894	34.2034	27.0850	 0.47	 20.42	0.040	  156.00	100.00
 724.00	 716.73	 4.6886	34.2034	27.0851	 0.47	 20.44	0.040	  155.97	100.00
 725.00	 717.72	 4.6874	34.2034	27.0852	 0.47	 20.43	0.040	  155.99	100.00
 726.00	 718.71	 4.6859	34.2034	27.0855	 0.47	 20.39	0.040	  156.02	100.00
 727.00	 719.70	 4.6842	34.2036	27.0858	 0.47	 20.35	0.040	  156.04	100.00
 728.00	 720.68	 4.6828	34.2037	27.0860	 0.47	 20.29	0.040	  156.07	100.00
 729.00	 721.67	 4.6805	34.2037	27.0863	 0.47	 20.23	0.040	  156.04	100.00
 730.00	 722.66	 4.6771	34.2047	27.0875	 0.47	 20.26	0.041	  156.07	100.00
 731.00	 723.65	 4.6755	34.2058	27.0886	 0.47	 20.24	0.041	  156.08	100.00
 732.00	 724.64	 4.6747	34.2063	27.0890	 0.46	 20.13	0.040	  156.02	100.00
 733.00	 725.62	 4.6653	34.2067	27.0904	 0.46	 20.04	0.041	  156.03	100.00
 734.00	 726.61	 4.6609	34.2077	27.0917	 0.46	 20.02	0.041	  156.03	100.00
 735.00	 727.60	 4.6598	34.2078	27.0919	 0.46	 19.89	0.042	  155.98	100.00
 736.00	 728.59	 4.6587	34.2086	27.0926	 0.46	 19.81	0.041	  155.95	100.00
 737.00	 729.58	 4.6584	34.2089	27.0929	 0.45	 19.72	0.040	  155.95	100.00
 738.00	 730.57	 4.6548	34.2099	27.0941	 0.45	 19.56	0.040	  155.92	100.00
 739.00	 731.55	 4.6470	34.2108	27.0957	 0.45	 19.50	0.040	  155.94	100.00
 740.00	 732.54	 4.6389	34.2120	27.0975	 0.45	 19.36	0.041	  155.95	100.00
 741.00	 733.53	 4.6337	34.2121	27.0982	 0.44	 19.30	0.041	  155.99	100.00
 742.00	 734.52	 4.6232	34.2135	27.1004	 0.44	 19.26	0.040	  155.96	100.00
 743.00	 735.51	 4.6202	34.2144	27.1015	 0.44	 19.23	0.041	  155.94	100.00
 744.00	 736.49	 4.6195	34.2146	27.1018	 0.44	 19.11	0.041	  155.94	100.00
 745.00	 737.48	 4.6192	34.2146	27.1018	 0.44	 19.00	0.040	  155.92	100.00
 746.00	 738.47	 4.6181	34.2150	27.1022	 0.44	 19.04	0.041	  155.95	100.00
 747.00	 739.46	 4.6170	34.2154	27.1026	 0.44	 19.03	0.041	  155.96	100.00
 748.00	 740.45	 4.6162	34.2157	27.1030	 0.44	 18.96	0.041	  156.03	100.00
 749.00	 741.44	 4.6156	34.2161	27.1034	 0.43	 18.88	0.041	  155.90	100.00
 750.00	 742.42	 4.6096	34.2182	27.1057	 0.43	 18.76	0.040	  155.99	100.00
 751.00	 743.41	 4.6041	34.2204	27.1081	 0.43	 18.63	0.040	  156.00	100.00
 752.00	 744.40	 4.6012	34.2211	27.1090	 0.43	 18.61	0.040	  155.91	100.00
 753.00	 745.39	 4.5976	34.2224	27.1104	 0.43	 18.52	0.041	  155.94	100.00
 754.00	 746.38	 4.5906	34.2225	27.1112	 0.42	 18.45	0.041	  155.94	100.00
 755.00	 747.36	 4.5836	34.2240	27.1132	 0.42	 18.45	0.041	  155.93	100.00
 756.00	 748.35	 4.5817	34.2244	27.1138	 0.42	 18.45	0.042	  155.91	100.00
 757.00	 749.34	 4.5779	34.2246	27.1143	 0.42	 18.41	0.040	  155.94	100.00
 758.00	 750.33	 4.5751	34.2251	27.1151	 0.42	 18.33	0.041	  155.85	100.00
 759.00	 751.32	 4.5734	34.2256	27.1157	 0.42	 18.22	0.041	  155.85	100.00
 760.00	 752.30	 4.5715	34.2264	27.1165	 0.42	 18.11	0.040	  155.87	100.00
 761.00	 753.29	 4.5697	34.2266	27.1169	 0.42	 18.08	0.040	  155.84	100.00
 762.00	 754.28	 4.5680	34.2269	27.1173	 0.42	 18.06	0.041	  155.87	100.00
 763.00	 755.27	 4.5655	34.2273	27.1179	 0.42	 18.05	0.042	  155.81	100.00
 764.00	 756.26	 4.5642	34.2278	27.1184	 0.42	 18.06	0.040	  155.81	100.00
 765.00	 757.24	 4.5637	34.2280	27.1186	 0.42	 18.04	0.040	  155.85	100.00
 766.00	 758.23	 4.5635	34.2281	27.1187	 0.41	 18.03	0.040	  155.88	100.00
 767.00	 759.22	 4.5602	34.2280	27.1191	 0.41	 18.02	0.041	  155.85	100.00
 768.00	 760.21	 4.5587	34.2288	27.1198	 0.41	 17.97	0.042	  155.82	100.00
 769.00	 761.20	 4.5582	34.2287	27.1198	 0.41	 17.90	0.041	  155.84	100.00
 770.00	 762.18	 4.5522	34.2289	27.1206	 0.41	 17.87	0.041	  155.86	100.00
 771.00	 763.17	 4.5489	34.2299	27.1218	 0.41	 17.85	0.040	  155.86	100.00
 772.00	 764.16	 4.5448	34.2309	27.1231	 0.41	 17.84	0.041	  155.83	100.00
 773.00	 765.15	 4.5435	34.2313	27.1235	 0.41	 17.80	0.040	  155.82	100.00
 774.00	 766.14	 4.5427	34.2315	27.1237	 0.41	 17.73	0.040	  155.83	100.00
 775.00	 767.13	 4.5388	34.2314	27.1241	 0.41	 17.67	0.040	  155.86	100.00
 776.00	 768.11	 4.5348	34.2327	27.1256	 0.41	 17.65	0.040	  155.89	100.00
 777.00	 769.10	 4.5330	34.2338	27.1267	 0.41	 17.63	0.040	  155.85	100.00
 778.00	 770.09	 4.5317	34.2344	27.1273	 0.40	 17.54	0.041	  155.84	100.00
 779.00	 771.08	 4.5313	34.2347	27.1276	 0.40	 17.47	0.041	  155.81	100.00
 780.00	 772.07	 4.5311	34.2348	27.1277	 0.40	 17.41	0.040	  155.83	100.00
 781.00	 773.05	 4.5254	34.2360	27.1292	 0.40	 17.30	0.042	  155.79	100.00
 782.00	 774.04	 4.5188	34.2387	27.1321	 0.40	 17.22	0.040	  155.83	100.00
 783.00	 775.03	 4.5157	34.2388	27.1326	 0.40	 17.21	0.040	  155.83	100.00
 784.00	 776.02	 4.5093	34.2391	27.1335	 0.39	 17.01	0.040	  155.82	100.00
 785.00	 777.00	 4.4981	34.2407	27.1360	 0.39	 17.03	0.041	  155.83	100.00
 786.00	 777.99	 4.4935	34.2425	27.1379	 0.39	 16.95	0.042	  155.85	100.00
 787.00	 778.98	 4.4915	34.2430	27.1385	 0.39	 16.87	0.041	  155.86	100.00
 788.00	 779.97	 4.4904	34.2432	27.1388	 0.39	 16.85	0.040	  155.82	100.00
 789.00	 780.96	 4.4897	34.2432	27.1389	 0.39	 16.86	0.040	  155.76	100.00
 790.00	 781.94	 4.4870	34.2440	27.1398	 0.39	 16.87	0.040	  155.81	100.00
 791.00	 782.93	 4.4853	34.2445	27.1404	 0.39	 16.84	0.040	  155.83	100.00
 792.00	 783.92	 4.4835	34.2444	27.1405	 0.39	 16.75	0.041	  155.78	100.00
 793.00	 784.91	 4.4803	34.2453	27.1416	 0.38	 16.67	0.041	  155.82	100.00
 794.00	 785.90	 4.4787	34.2453	27.1418	 0.38	 16.62	0.040	  155.82	100.00
 795.00	 786.88	 4.4716	34.2462	27.1433	 0.38	 16.61	0.040	  155.74	100.00
 796.00	 787.87	 4.4677	34.2473	27.1446	 0.38	 16.50	0.041	  155.77	100.00
 797.00	 788.86	 4.4640	34.2474	27.1451	 0.38	 16.44	0.042	  155.76	100.00
 798.00	 789.85	 4.4586	34.2476	27.1458	 0.38	 16.47	0.041	  155.87	100.00
 799.00	 790.84	 4.4550	34.2479	27.1464	 0.38	 16.46	0.040	  155.79	100.00
 800.00	 791.82	 4.4517	34.2482	27.1471	 0.38	 16.37	0.040	  155.79	100.00
 801.00	 792.81	 4.4477	34.2484	27.1477	 0.37	 16.26	0.040	  155.81	100.00
 802.00	 793.80	 4.4443	34.2489	27.1485	 0.37	 16.22	0.040	  155.81	100.00
 803.00	 794.79	 4.4419	34.2495	27.1492	 0.37	 16.29	0.040	  155.83	100.00
 804.00	 795.78	 4.4405	34.2497	27.1495	 0.37	 16.29	0.042	  155.76	100.00
 805.00	 796.76	 4.4388	34.2499	27.1499	 0.37	 16.26	0.042	  155.80	100.00
 806.00	 797.75	 4.4380	34.2502	27.1502	 0.37	 16.25	0.041	  155.80	100.00
 807.00	 798.74	 4.4378	34.2503	27.1503	 0.37	 16.20	0.040	  155.74	100.00
 808.00	 799.73	 4.4377	34.2504	27.1503	 0.37	 16.23	0.041	  155.77	100.00
 809.00	 800.71	 4.4374	34.2503	27.1504	 0.37	 16.24	0.041	  155.80	100.00
 810.00	 801.70	 4.4369	34.2505	27.1506	 0.37	 16.18	0.040	  155.79	100.00
 811.00	 802.69	 4.4354	34.2505	27.1508	 0.37	 16.12	0.040	  155.80	100.00
 812.00	 803.68	 4.4339	34.2508	27.1511	 0.37	 16.16	0.040	  155.78	100.00
 813.00	 804.67	 4.4291	34.2516	27.1523	 0.37	 16.13	0.040	  155.81	100.00
 814.00	 805.65	 4.4281	34.2520	27.1527	 0.37	 16.10	0.041	  155.82	100.00
 815.00	 806.64	 4.4277	34.2521	27.1528	 0.37	 16.10	0.041	  155.73	100.00
 816.00	 807.63	 4.4278	34.2522	27.1529	 0.37	 16.06	0.041	  155.74	100.00
 817.00	 808.62	 4.4273	34.2520	27.1529	 0.37	 16.07	0.041	  155.69	100.00
 818.00	 809.60	 4.4260	34.2524	27.1533	 0.37	 16.10	0.040	  155.75	100.00
 819.00	 810.59	 4.4255	34.2526	27.1535	 0.37	 16.10	0.041	  155.70	100.00
 820.00	 811.58	 4.4251	34.2528	27.1537	 0.37	 16.10	0.042	  155.67	100.00
 821.00	 812.57	 4.4236	34.2527	27.1538	 0.37	 16.10	0.041	  155.69	100.00
 822.00	 813.56	 4.4232	34.2526	27.1538	 0.37	 16.09	0.041	  155.68	100.00
 823.00	 814.54	 4.4210	34.2529	27.1543	 0.37	 16.07	0.041	  155.69	100.00
 824.00	 815.53	 4.4190	34.2534	27.1549	 0.37	 16.13	0.040	  155.68	100.00
 825.00	 816.52	 4.4182	34.2536	27.1552	 0.37	 16.08	0.042	  155.63	100.00
 826.00	 817.51	 4.4176	34.2537	27.1553	 0.37	 16.02	0.042	  155.67	100.00
 827.00	 818.49	 4.4167	34.2539	27.1556	 0.37	 16.02	0.042	  155.64	100.00
 828.00	 819.48	 4.4126	34.2535	27.1557	 0.37	 15.95	0.042	  155.64	100.00
 829.00	 820.47	 4.4051	34.2553	27.1579	 0.37	 16.02	0.042	  155.61	100.00
 830.00	 821.46	 4.3985	34.2555	27.1588	 0.37	 16.06	0.042	  155.57	100.00
 831.00	 822.45	 4.3932	34.2567	27.1603	 0.37	 16.09	0.041	  155.60	100.00
 832.00	 823.43	 4.3903	34.2575	27.1613	 0.37	 16.04	0.041	  155.61	100.00
 833.00	 824.42	 4.3873	34.2579	27.1619	 0.37	 16.05	0.042	  155.63	100.00
 834.00	 825.41	 4.3809	34.2586	27.1632	 0.37	 16.03	0.042	  155.57	100.00
 835.00	 826.40	 4.3761	34.2597	27.1646	 0.37	 15.97	0.042	  155.62	100.00
 836.00	 827.38	 4.3723	34.2604	27.1656	 0.37	 15.97	0.042	  155.60	100.00
 837.00	 828.37	 4.3700	34.2607	27.1660	 0.37	 15.95	0.041	  155.58	100.00
 838.00	 829.36	 4.3634	34.2620	27.1677	 0.37	 15.96	0.041	  155.66	100.00
 839.00	 830.35	 4.3545	34.2639	27.1702	 0.37	 15.95	0.040	  155.68	100.00
 840.00	 831.34	 4.3537	34.2640	27.1704	 0.37	 15.98	0.040	  155.64	100.00
 841.00	 832.32	 4.3528	34.2644	27.1708	 0.37	 15.99	0.040	  155.65	100.00
 842.00	 833.31	 4.3519	34.2646	27.1711	 0.37	 15.99	0.040	  155.66	100.00
 843.00	 834.30	 4.3501	34.2646	27.1713	 0.37	 15.93	0.041	  155.60	100.00
 844.00	 835.29	 4.3479	34.2652	27.1720	 0.37	 15.93	0.041	  155.62	100.00
 845.00	 836.27	 4.3403	34.2665	27.1738	 0.37	 15.91	0.041	  155.61	100.00
 846.00	 837.26	 4.3437	34.2657	27.1728	 0.37	 15.91	0.041	  155.58	100.00
 847.00	 838.25	 4.3274	34.2685	27.1768	 0.36	 15.80	0.040	  155.60	100.00
 848.00	 839.24	 4.3233	34.2699	27.1783	 0.36	 15.71	0.040	  155.53	100.00
 849.00	 840.22	 4.3216	34.2704	27.1789	 0.36	 15.75	0.041	  155.57	100.00
 850.00	 841.21	 4.3195	34.2704	27.1792	 0.36	 15.75	0.042	  155.63	100.00
 851.00	 842.20	 4.3128	34.2699	27.1795	 0.36	 15.66	0.041	  155.53	100.00
 852.00	 843.19	 4.3004	34.2737	27.1838	 0.36	 15.57	0.040	  155.60	100.00
 853.00	 844.17	 4.2987	34.2746	27.1847	 0.36	 15.57	0.040	  155.58	100.00
 854.00	 845.16	 4.2983	34.2747	27.1849	 0.36	 15.59	0.041	  155.62	100.00
 855.00	 846.15	 4.2991	34.2748	27.1849	 0.36	 15.56	0.041	  155.54	100.00
