wcoa21_data_management/01_CRUISE_METADATA/00_OCADS_data/CTD_downcasts/WCOA_2021_CTD_downcasts/dRB2102_CTD_018_01_F.txt
* Sea-Bird SBE 9 Data:
* Software Version Seasave V 7.26.7.107
* Vessel: NOAA Ship Ronald H. Brown
* Cruise: RB2102, West Coast Ocean Acidification (WCOA) 2021
* Dates: 20210622 to 20210723
* Region: NE Pacific, USA West Coast
* Ports: San Diego, CA to Port Angeles, WA to San Diego, CA
* Chief Scientists: R. Feely, NOAA PMEL; D. Greeley, NOAA PMEL; B. Carter, NOAA PMEL / UW CICOES
*END*
   3.00	   2.97	13.1178	31.7088	23.8216	 7.69	335.54	0.075	  165.50	 86.48
   4.00	   3.97	13.1215	31.7096	23.8215	 7.73	337.23	0.072	  165.40	100.63
   5.00	   4.96	13.1339	31.7091	23.8187	 7.71	336.33	0.074	  165.35	 99.95
   6.00	   5.95	12.9133	31.7242	23.8734	 7.65	333.61	0.075	  165.43	 99.95
   7.00	   6.94	12.6766	31.7390	23.9305	 7.62	332.50	0.084	  165.52	 99.94
   8.00	   7.93	12.6594	31.7438	23.9375	 7.36	321.11	0.083	  165.48	 72.54
   9.00	   8.92	11.9217	31.7941	24.1150	 7.10	309.68	0.116	  165.73	 48.46
  10.00	   9.92	11.6423	31.8159	24.1829	 6.85	298.59	0.140	  165.88	101.25
  11.00	  10.91	11.5325	31.8303	24.2140	 6.72	292.92	0.153	  165.84	 99.89
  12.00	  11.90	11.4632	31.8401	24.2341	 6.60	287.98	0.162	  165.92	 97.07
  13.00	  12.89	11.3061	31.8628	24.2799	 6.48	282.70	0.166	  165.95	 91.53
  14.00	  13.88	11.1298	31.9008	24.3406	 6.33	276.07	0.170	  166.05	 99.88
  15.00	  14.87	11.0320	31.9220	24.3743	 6.23	271.61	0.174	  166.12	 99.73
  16.00	  15.86	11.0088	31.9307	24.3851	 6.19	270.07	0.171	  166.08	 99.71
  17.00	  16.86	10.9713	31.9472	24.4045	 6.13	267.14	0.171	  166.07	 99.68
  18.00	  17.85	10.8869	31.9764	24.4420	 6.06	264.31	0.176	  166.18	 99.67
  19.00	  18.84	10.7890	32.0063	24.4823	 5.98	260.77	0.178	  166.16	 99.64
  20.00	  19.83	10.6904	32.0325	24.5197	 5.90	257.13	0.183	  166.14	 99.44
  21.00	  20.82	10.6504	32.0451	24.5364	 5.84	254.68	0.179	  166.10	 98.82
  22.00	  21.81	10.6139	32.0488	24.5456	 5.79	252.41	0.177	  166.14	 97.89
  23.00	  22.80	10.5486	32.0677	24.5714	 5.70	248.29	0.174	  166.17	 96.99
  24.00	  23.80	10.4327	32.0780	24.5992	 5.58	243.21	0.170	  166.22	 95.90
  25.00	  24.79	10.3464	32.0686	24.6065	 5.47	238.59	0.157	  166.18	 94.85
  26.00	  25.78	10.2772	32.0752	24.6233	 5.33	232.19	0.149	  166.20	 94.06
  27.00	  26.77	10.0727	32.0738	24.6563	 4.89	213.26	0.139	  166.25	 93.06
  28.00	  27.76	 9.4011	32.1644	24.8360	 4.33	188.60	0.087	  166.60	 91.99
  29.00	  28.75	 8.9801	32.3289	25.0306	 3.95	172.04	0.058	  166.79	 90.90
  30.00	  29.75	 8.8084	32.4146	25.1242	 3.77	164.16	0.054	  166.83	 89.94
  31.00	  30.74	 8.5467	32.5438	25.2651	 3.66	159.46	0.051	  166.94	 89.04
  32.00	  31.73	 8.4386	32.5959	25.3221	 3.56	154.98	0.049	  166.99	 87.89
  33.00	  32.72	 8.3903	32.6195	25.3478	 3.52	153.45	0.048	  166.94	 86.73
  34.00	  33.71	 8.3607	32.6347	25.3642	 3.49	151.80	0.048	  167.00	 85.66
  35.00	  34.70	 8.3252	32.6521	25.3831	 3.46	150.86	0.048	  166.95	 84.58
  36.00	  35.69	 8.3043	32.6616	25.3937	 3.44	149.69	0.047	  166.99	 83.62
  37.00	  36.69	 8.2603	32.6829	25.4169	 3.41	148.61	0.047	  166.97	 82.68
  38.00	  37.68	 8.2093	32.7069	25.4433	 3.40	148.19	0.046	  167.00	 81.69
  39.00	  38.67	 8.1717	32.7243	25.4625	 3.39	147.56	0.046	  167.01	 80.63
  40.00	  39.66	 8.0878	32.7659	25.5073	 3.37	146.58	0.046	  167.04	 79.38
  41.00	  40.65	 7.9914	32.8198	25.5637	 3.32	144.65	0.045	  167.08	 78.34
  42.00	  41.64	 7.8526	32.9098	25.6545	 3.25	141.30	0.044	  167.11	 77.68
  43.00	  42.63	 7.7803	32.9615	25.7055	 3.19	138.93	0.043	  167.19	 76.66
  44.00	  43.62	 7.7517	32.9863	25.7290	 3.15	137.00	0.043	  167.17	 75.50
  45.00	  44.62	 7.7464	32.9969	25.7382	 3.11	135.36	0.043	  167.14	 74.35
  46.00	  45.61	 7.7431	33.0036	25.7438	 3.07	133.78	0.043	  167.11	 73.48
  47.00	  46.60	 7.7365	33.0186	25.7566	 3.03	131.90	0.043	  167.07	 72.54
  48.00	  47.59	 7.7343	33.0240	25.7612	 3.00	130.73	0.043	  167.10	 71.63
  49.00	  48.58	 7.7316	33.0297	25.7661	 2.99	130.16	0.043	  167.04	 70.46
  50.00	  49.57	 7.7296	33.0336	25.7694	 2.98	129.58	0.043	  167.06	 69.47
  51.00	  50.56	 7.7287	33.0352	25.7708	 2.97	129.19	0.043	  167.01	 68.54
  52.00	  51.56	 7.7237	33.0412	25.7763	 2.95	128.25	0.043	  166.99	 67.73
  53.00	  52.55	 7.7041	33.0604	25.7942	 2.91	126.88	0.043	  167.00	 66.53
  54.00	  53.54	 7.6764	33.0827	25.8156	 2.87	124.81	0.042	  166.96	 65.56
  55.00	  54.53	 7.6028	33.1418	25.8725	 2.78	120.94	0.042	  167.02	 64.71
  56.00	  55.52	 7.5625	33.1847	25.9119	 2.67	116.33	0.042	  167.04	 64.05
  57.00	  56.51	 7.5026	33.2595	25.9792	 2.59	112.71	0.042	  167.00	 62.90
  58.00	  57.50	 7.4538	33.3093	26.0253	 2.52	109.49	0.042	  167.08	 61.77
  59.00	  58.49	 7.4385	33.3259	26.0405	 2.43	105.87	0.042	  167.02	 60.60
  60.00	  59.49	 7.4276	33.3386	26.0520	 2.39	103.86	0.042	  166.99	 59.83
  61.00	  60.48	 7.4234	33.3440	26.0568	 2.36	102.52	0.042	  167.06	 58.95
  62.00	  61.47	 7.4200	33.3488	26.0611	 2.33	101.33	0.042	  166.95	 57.99
  63.00	  62.46	 7.4108	33.3593	26.0707	 2.30	100.32	0.042	  166.96	 56.77
  64.00	  63.45	 7.4070	33.3634	26.0744	 2.28	 99.35	0.043	  166.94	 55.74
  65.00	  64.44	 7.4035	33.3667	26.0776	 2.26	 98.43	0.042	  166.90	 54.80
  66.00	  65.43	 7.3929	33.3759	26.0863	 2.24	 97.38	0.042	  166.90	 53.79
  67.00	  66.42	 7.3802	33.3860	26.0960	 2.21	 96.14	0.042	  166.84	 52.83
  68.00	  67.42	 7.3642	33.3990	26.1084	 2.20	 95.54	0.043	  166.90	 51.83
  69.00	  68.41	 7.3615	33.4012	26.1105	 2.18	 94.89	0.043	  166.86	 50.85
  70.00	  69.40	 7.3536	33.4076	26.1167	 2.16	 93.86	0.042	  166.84	 49.80
  71.00	  70.39	 7.3309	33.4259	26.1343	 2.13	 92.90	0.043	  166.84	 48.69
  72.00	  71.38	 7.3261	33.4296	26.1379	 2.12	 92.09	0.042	  166.80	 47.86
  73.00	  72.37	 7.3176	33.4363	26.1443	 2.09	 91.06	0.043	  166.75	 46.82
  74.00	  73.36	 7.3042	33.4469	26.1546	 2.07	 89.99	0.043	  166.81	 45.74
  75.00	  74.35	 7.2878	33.4597	26.1670	 2.03	 88.54	0.043	  166.80	 44.66
  76.00	  75.35	 7.2494	33.4888	26.1952	 1.98	 86.30	0.043	  166.78	 43.64
  77.00	  76.34	 7.2058	33.5209	26.2265	 1.94	 84.63	0.043	  166.81	 42.44
  78.00	  77.33	 7.1957	33.5279	26.2334	 1.92	 83.49	0.042	  166.82	 41.49
  79.00	  78.32	 7.1903	33.5316	26.2371	 1.88	 81.87	0.042	  166.82	 40.54
  80.00	  79.31	 7.1461	33.5606	26.2660	 1.82	 79.37	0.042	  166.76	 39.54
  81.00	  80.30	 7.0569	33.6204	26.3253	 1.76	 76.53	0.043	  166.80	 38.42
  82.00	  81.29	 6.9876	33.6648	26.3697	 1.68	 73.00	0.042	  166.78	 37.43
  83.00	  82.28	 6.8775	33.7341	26.4392	 1.58	 68.72	0.042	  166.85	 36.43
  84.00	  83.28	 6.7710	33.7964	26.5026	 1.49	 64.70	0.042	  166.88	 35.42
  85.00	  84.27	 6.7363	33.8144	26.5215	 1.43	 62.30	0.042	  166.91	 34.46
  86.00	  85.26	 6.7080	33.8273	26.5354	 1.40	 60.90	0.042	  166.91	 33.46
  87.00	  86.25	 6.6713	33.8427	26.5525	 1.38	 59.98	0.042	  166.88	 32.47
  88.00	  87.24	 6.6677	33.8442	26.5541	 1.35	 58.93	0.042	  166.87	 31.26
  89.00	  88.23	 6.6480	33.8525	26.5633	 1.33	 57.93	0.042	  166.78	 30.15
  90.00	  89.22	 6.6409	33.8556	26.5667	 1.32	 57.44	0.042	  166.81	 29.23
  91.00	  90.21	 6.6400	33.8562	26.5673	 1.31	 57.07	0.042	  166.82	 28.29
  92.00	  91.20	 6.6275	33.8612	26.5729	 1.31	 56.85	0.042	  166.75	 27.32
  93.00	  92.20	 6.6280	33.8613	26.5730	 1.30	 56.74	0.042	  166.76	 26.30
  94.00	  93.19	 6.6288	33.8611	26.5727	 1.30	 56.63	0.042	  166.70	 25.19
  95.00	  94.18	 6.6297	33.8611	26.5726	 1.30	 56.44	0.042	  166.78	 24.10
  96.00	  95.17	 6.6236	33.8635	26.5753	 1.30	 56.34	0.042	  166.70	 23.03
  97.00	  96.16	 6.6194	33.8653	26.5773	 1.29	 56.22	0.042	  166.67	 22.04
  98.00	  97.15	 6.6195	33.8653	26.5772	 1.29	 56.06	0.042	  166.71	 21.13
  99.00	  98.14	 6.6150	33.8672	26.5794	 1.29	 55.95	0.042	  166.71	 20.14
 100.00	  99.13	 6.6153	33.8671	26.5793	 1.28	 55.87	0.042	  166.64	 19.03
 101.00	 100.12	 6.6154	33.8671	26.5793	 1.28	 55.73	0.042	  166.59	 17.77
 102.00	 101.12	 6.6117	33.8685	26.5809	 1.28	 55.59	0.042	  166.57	 16.80
 103.00	 102.11	 6.6118	33.8683	26.5807	 1.28	 55.51	0.042	  166.54	 15.75
 104.00	 103.10	 6.6110	33.8686	26.5811	 1.28	 55.48	0.042	  166.48	 14.74
 105.00	 104.09	 6.6113	33.8684	26.5809	 1.27	 55.46	0.042	  166.34	 13.71
 106.00	 105.08	 6.6119	33.8682	26.5807	 1.27	 55.39	0.042	  166.31	 12.66
 107.00	 106.07	 6.6110	33.8684	26.5810	 1.27	 55.41	0.042	  166.30	 11.63
 108.00	 107.06	 6.6113	33.8682	26.5808	 1.27	 55.27	0.042	  166.19	 10.67
 109.00	 108.05	 6.6118	33.8681	26.5806	 1.27	 55.04	0.042	  165.22	  9.49
