wcoa21_data_management/01_CRUISE_METADATA/00_OCADS_data/CTD_downcasts/WCOA_2021_CTD_downcasts/dRB2102_CTD_002_01_F.txt
* Sea-Bird SBE 9 Data:
* Software Version Seasave V 7.26.7.107
* Vessel: NOAA Ship Ronald H. Brown
* Cruise: RB2102, West Coast Ocean Acidification (WCOA) 2021
* Dates: 20210622 to 20210723
* Region: NE Pacific, USA West Coast
* Ports: San Diego, CA to Port Angeles, WA to San Diego, CA
* Chief Scientists: R. Feely, NOAA PMEL; D. Greeley, NOAA PMEL; B. Carter, NOAA PMEL / UW CICOES
*END*
[from data line 854]
 856.00	 846.78	 4.0539	34.2409	27.1833	 0.50	 21.80	0.041	  500.00	 66.03
 857.00	 847.77	 4.0510	34.2412	27.1838	 0.50	 21.81	0.040	  500.00	 66.02
 858.00	 848.76	 4.0500	34.2411	27.1839	 0.50	 21.86	0.040	  500.00	 66.03
 859.00	 849.74	 4.0518	34.2412	27.1838	 0.50	 21.79	0.041	  500.00	 66.02
 860.00	 850.73	 4.0541	34.2408	27.1833	 0.50	 21.75	0.042	  500.00	 66.02
 861.00	 851.72	 4.0558	34.2405	27.1828	 0.50	 21.76	0.041	  500.00	 66.02
 862.00	 852.71	 4.0511	34.2417	27.1843	 0.50	 21.73	0.040	  500.00	 66.02
 863.00	 853.69	 4.0535	34.2414	27.1838	 0.50	 21.70	0.040	  500.00	 66.02
 864.00	 854.68	 4.0512	34.2418	27.1844	 0.50	 21.66	0.041	  500.00	 66.02
 865.00	 855.67	 4.0562	34.2413	27.1835	 0.50	 21.66	0.041	  500.00	 66.02
 866.00	 856.66	 4.0612	34.2409	27.1826	 0.50	 21.55	0.040	  500.00	 65.99
 867.00	 857.64	 4.0630	34.2406	27.1823	 0.50	 21.54	0.041	  500.00	 66.00
 868.00	 858.63	 4.0625	34.2406	27.1823	 0.50	 21.54	0.040	  500.00	 65.99
 869.00	 859.62	 4.0589	34.2412	27.1831	 0.50	 21.54	0.041	  500.00	 65.99
 870.00	 860.60	 4.0559	34.2415	27.1837	 0.50	 21.56	0.041	  500.00	 65.99
 871.00	 861.59	 4.0565	34.2417	27.1838	 0.50	 21.56	0.041	  500.00	 65.99
 872.00	 862.58	 4.0571	34.2415	27.1836	 0.50	 21.53	0.040	  500.00	 65.99
 873.00	 863.57	 4.0563	34.2417	27.1839	 0.50	 21.53	0.041	  500.00	 66.00
 874.00	 864.55	 4.0564	34.2418	27.1839	 0.50	 21.54	0.041	  500.00	 65.98
 875.00	 865.54	 4.0571	34.2417	27.1838	 0.50	 21.53	0.041	  500.00	 65.99
 876.00	 866.53	 4.0605	34.2413	27.1831	 0.49	 21.48	0.041	  500.00	 65.98
 877.00	 867.51	 4.0604	34.2414	27.1832	 0.49	 21.47	0.041	  500.00	 65.98
 878.00	 868.50	 4.0603	34.2414	27.1833	 0.49	 21.46	0.041	  500.00	 65.97
 879.00	 869.49	 4.0617	34.2413	27.1830	 0.49	 21.47	0.041	  500.00	 65.97
 880.00	 870.48	 4.0594	34.2415	27.1835	 0.49	 21.46	0.041	  500.00	 65.97
 881.00	 871.46	 4.0568	34.2419	27.1840	 0.49	 21.45	0.041	  500.00	 65.97
 882.00	 872.45	 4.0561	34.2421	27.1843	 0.49	 21.45	0.041	  500.00	 65.97
 883.00	 873.44	 4.0573	34.2420	27.1841	 0.49	 21.45	0.041	  500.00	 65.97
 884.00	 874.42	 4.0556	34.2430	27.1851	 0.49	 21.31	0.040	  500.00	 65.97
 885.00	 875.41	 4.0549	34.2434	27.1854	 0.49	 21.23	0.041	  500.00	 65.97
 886.00	 876.40	 4.0541	34.2435	27.1856	 0.49	 21.20	0.040	  500.00	 65.97
 887.00	 877.38	 4.0535	34.2436	27.1858	 0.49	 21.19	0.041	  500.00	 65.97
 888.00	 878.37	 4.0532	34.2439	27.1861	 0.49	 21.18	0.041	  500.00	 65.97
 889.00	 879.36	 4.0541	34.2438	27.1859	 0.49	 21.16	0.041	  500.00	 65.96
 890.00	 880.35	 4.0541	34.2433	27.1855	 0.49	 21.19	0.040	  500.00	 65.97
