wcoa21_data_management/01_CRUISE_METADATA/00_OCADS_data/CTD_downcasts/WCOA_2021_CTD_downcasts/dRB2102_CTD_021_01_F.txt
* Sea-Bird SBE 9 Data:
* Software Version Seasave V 7.26.7.107
* Vessel: NOAA Ship Ronald H. Brown
* Cruise: RB2102, West Coast Ocean Acidification (WCOA) 2021
* Dates: 20210622 to 20210723
* Region: NE Pacific, USA West Coast
* Ports: San Diego, CA to Port Angeles, WA to San Diego, CA
* Chief Scientists: R. Feely, NOAA PMEL; D. Greeley, NOAA PMEL; B. Carter, NOAA PMEL / UW CICOES
*END*
[from data line 214]
 217.00	 215.07	 6.6663	33.9729	26.6573	 1.88	 81.89	0.041	  179.36	 99.78
 218.00	 216.06	 6.6583	33.9729	26.6584	 1.89	 82.23	0.041	  179.33	 99.77
 219.00	 217.05	 6.6465	33.9736	26.6606	 1.89	 82.35	0.041	  179.36	 99.77
 220.00	 218.04	 6.6387	33.9738	26.6618	 1.89	 82.31	0.041	  179.32	 99.77
 221.00	 219.03	 6.6301	33.9740	26.6631	 1.89	 82.12	0.041	  179.29	 99.76
 222.00	 220.02	 6.6200	33.9745	26.6648	 1.88	 81.89	0.041	  179.32	 99.77
 223.00	 221.01	 6.6101	33.9744	26.6660	 1.88	 81.72	0.041	  179.28	 99.76
 224.00	 222.00	 6.5779	33.9756	26.6713	 1.88	 81.66	0.041	  179.28	 99.77
 225.00	 222.99	 6.5741	33.9761	26.6722	 1.87	 81.50	0.041	  179.32	 99.76
 226.00	 223.98	 6.5691	33.9761	26.6729	 1.87	 81.49	0.041	  179.26	 99.77
 227.00	 224.97	 6.5653	33.9761	26.6734	 1.87	 81.41	0.042	  179.27	 99.77
 228.00	 225.96	 6.5608	33.9766	26.6743	 1.87	 81.38	0.041	  179.28	 99.77
 229.00	 226.95	 6.5563	33.9767	26.6750	 1.87	 81.33	0.041	  179.25	 99.77
 230.00	 227.94	 6.5462	33.9767	26.6764	 1.87	 81.24	0.041	  179.23	 99.77
 231.00	 228.93	 6.5388	33.9772	26.6777	 1.87	 81.17	0.041	  179.26	 99.77
 232.00	 229.92	 6.5305	33.9769	26.6786	 1.87	 81.23	0.041	  179.26	 99.77
 233.00	 230.92	 6.5128	33.9763	26.6805	 1.87	 81.31	0.041	  179.22	 99.78
 234.00	 231.91	 6.5005	33.9766	26.6824	 1.87	 81.31	0.041	  179.24	 99.77
 235.00	 232.90	 6.4953	33.9766	26.6830	 1.87	 81.34	0.041	  179.20	 99.78
 236.00	 233.89	 6.4870	33.9765	26.6841	 1.87	 81.29	0.041	  179.18	 99.78
 237.00	 234.88	 6.4797	33.9765	26.6850	 1.86	 81.03	0.041	  179.21	 99.78
 238.00	 235.87	 6.4718	33.9775	26.6868	 1.85	 80.45	0.041	  179.22	 99.78
 239.00	 236.86	 6.4517	33.9784	26.6902	 1.83	 79.50	0.041	  179.21	 99.77
 240.00	 237.85	 6.4195	33.9808	26.6963	 1.81	 78.69	0.041	  179.26	 99.78
 241.00	 238.84	 6.4092	33.9806	26.6975	 1.80	 78.15	0.041	  179.21	 99.78
 242.00	 239.83	 6.3679	33.9812	26.7033	 1.79	 78.00	0.041	  179.22	 99.78
 243.00	 240.82	 6.3514	33.9819	26.7060	 1.79	 77.84	0.041	  179.21	 99.78
 244.00	 241.81	 6.3437	33.9817	26.7068	 1.79	 77.72	0.041	  179.15	 99.78
 245.00	 242.80	 6.3319	33.9815	26.7083	 1.78	 77.54	0.041	  179.16	 99.78
 246.00	 243.79	 6.3294	33.9822	26.7092	 1.78	 77.26	0.041	  179.19	 99.78
 247.00	 244.78	 6.3291	33.9829	26.7097	 1.77	 77.01	0.041	  179.27	 99.78
 248.00	 245.77	 6.3289	33.9834	26.7102	 1.76	 76.63	0.041	  179.15	 99.78
 249.00	 246.76	 6.3286	33.9839	26.7106	 1.75	 76.03	0.041	  179.18	 99.78
 250.00	 247.75	 6.3268	33.9858	26.7123	 1.74	 75.53	0.041	  179.14	 99.78
 251.00	 248.74	 6.3219	33.9865	26.7136	 1.73	 75.18	0.041	  179.21	 99.79
 252.00	 249.73	 6.3162	33.9873	26.7149	 1.72	 74.85	0.042	  179.20	 99.78
 253.00	 250.72	 6.3122	33.9878	26.7158	 1.71	 74.53	0.041	  179.21	 99.79
 254.00	 251.71	 6.3107	33.9879	26.7162	 1.71	 74.31	0.041	  179.16	 99.79
 255.00	 252.71	 6.3090	33.9882	26.7166	 1.70	 74.00	0.041	  179.18	 99.80
 256.00	 253.70	 6.3037	33.9889	26.7178	 1.69	 73.61	0.041	  179.16	 99.80
 257.00	 254.69	 6.2962	33.9897	26.7195	 1.68	 73.27	0.041	  179.20	 99.80
 258.00	 255.68	 6.2856	33.9902	26.7212	 1.68	 72.91	0.041	  179.15	 99.80
 259.00	 256.67	 6.2711	33.9912	26.7239	 1.67	 72.59	0.041	  179.18	 99.80
 260.00	 257.66	 6.2599	33.9920	26.7260	 1.66	 72.23	0.041	  179.19	 99.80
 261.00	 258.65	 6.2451	33.9925	26.7283	 1.65	 71.93	0.041	  179.14	 99.80
 262.00	 259.64	 6.2339	33.9936	26.7306	 1.65	 71.76	0.041	  179.09	 99.80
 263.00	 260.63	 6.2326	33.9938	26.7309	 1.65	 71.60	0.041	  179.10	 99.80
 264.00	 261.62	 6.2316	33.9940	26.7312	 1.64	 71.40	0.041	  179.12	 99.80
 265.00	 262.61	 6.2298	33.9943	26.7317	 1.63	 71.07	0.041	  179.08	 99.80
 266.00	 263.60	 6.2186	33.9950	26.7337	 1.62	 70.68	0.042	  179.03	 99.81
 267.00	 264.59	 6.2077	33.9961	26.7359	 1.62	 70.30	0.042	  179.05	 99.81
 268.00	 265.58	 6.2008	33.9965	26.7372	 1.61	 70.02	0.041	  179.08	 99.81
 269.00	 266.57	 6.1950	33.9978	26.7389	 1.60	 69.62	0.041	  179.12	 99.80
 270.00	 267.56	 6.1895	33.9986	26.7403	 1.59	 69.12	0.041	  179.10	 99.81
 271.00	 268.55	 6.1831	33.9998	26.7421	 1.57	 68.33	0.041	  179.09	 99.81
 272.00	 269.54	 6.1693	34.0017	26.7453	 1.56	 67.64	0.041	  179.08	 99.82
 273.00	 270.53	 6.1521	34.0030	26.7486	 1.54	 67.06	0.041	  179.04	 99.83
 274.00	 271.52	 6.1372	34.0043	26.7515	 1.53	 66.50	0.041	  179.09	 99.82
 275.00	 272.51	 6.1257	34.0056	26.7540	 1.52	 66.11	0.041	  179.04	 99.83
 276.00	 273.50	 6.1228	34.0060	26.7547	 1.51	 65.81	0.042	  179.12	 99.83
 277.00	 274.49	 6.1187	34.0061	26.7553	 1.51	 65.50	0.041	  179.11	 99.83
 278.00	 275.48	 6.1136	34.0067	26.7564	 1.50	 65.14	0.041	  179.06	 99.83
 279.00	 276.47	 6.1045	34.0083	26.7588	 1.49	 64.83	0.042	  179.03	 99.83
 280.00	 277.46	 6.1023	34.0084	26.7592	 1.48	 64.31	0.042	  179.04	 99.83
 281.00	 278.45	 6.0969	34.0088	26.7602	 1.47	 63.76	0.042	  179.02	 99.83
 282.00	 279.44	 6.0790	34.0099	26.7634	 1.46	 63.30	0.042	  179.07	 99.83
 283.00	 280.43	 6.0624	34.0120	26.7671	 1.45	 62.91	0.042	  179.07	 99.83
 284.00	 281.42	 6.0605	34.0122	26.7675	 1.44	 62.58	0.041	  179.08	 99.83
 285.00	 282.41	 6.0573	34.0124	26.7681	 1.43	 62.32	0.042	  179.04	 99.84
 286.00	 283.40	 6.0485	34.0131	26.7698	 1.43	 62.01	0.042	  179.03	 99.84
 287.00	 284.40	 6.0412	34.0137	26.7712	 1.42	 61.86	0.041	  179.01	 99.84
 288.00	 285.39	 6.0387	34.0140	26.7717	 1.42	 61.67	0.041	  179.04	 99.84
 289.00	 286.38	 6.0353	34.0140	26.7722	 1.41	 61.47	0.041	  179.03	 99.84
 290.00	 287.37	 6.0291	34.0147	26.7735	 1.41	 61.32	0.042	  178.98	 99.85
 291.00	 288.36	 6.0279	34.0148	26.7737	 1.41	 61.23	0.041	  178.97	 99.84
 292.00	 289.35	 6.0263	34.0149	26.7740	 1.40	 60.94	0.041	  178.98	 99.85
 293.00	 290.34	 6.0195	34.0151	26.7751	 1.39	 60.57	0.041	  178.92	 99.85
 294.00	 291.33	 5.9925	34.0164	26.7795	 1.39	 60.29	0.041	  179.02	 99.85
 295.00	 292.32	 5.9774	34.0185	26.7830	 1.38	 60.09	0.041	  179.02	 99.85
 296.00	 293.31	 5.9738	34.0188	26.7838	 1.38	 59.85	0.041	  178.96	 99.85
 297.00	 294.30	 5.9680	34.0191	26.7847	 1.37	 59.59	0.041	  178.99	 99.85
 298.00	 295.29	 5.9633	34.0196	26.7857	 1.37	 59.38	0.042	  178.99	 99.85
 299.00	 296.28	 5.9634	34.0198	26.7859	 1.36	 59.22	0.041	  178.97	 99.85
 300.00	 297.27	 5.9629	34.0198	26.7859	 1.36	 59.10	0.041	  178.97	 99.85
 301.00	 298.26	 5.9620	34.0195	26.7858	 1.36	 59.11	0.041	  178.96	 99.85
 302.00	 299.25	 5.9624	34.0198	26.7860	 1.36	 59.11	0.041	  178.96	 99.85
 303.00	 300.24	 5.9620	34.0199	26.7862	 1.36	 58.97	0.042	  178.96	 99.85
 304.00	 301.23	 5.9627	34.0199	26.7861	 1.36	 58.99	0.041	  178.96	 99.85
 305.00	 302.22	 5.9632	34.0200	26.7861	 1.36	 58.98	0.041	  178.91	 99.85
 306.00	 303.21	 5.9625	34.0199	26.7861	 1.35	 58.87	0.041	  178.90	 99.85
 307.00	 304.20	 5.9544	34.0202	26.7874	 1.35	 58.72	0.041	  178.90	 99.85
 308.00	 305.19	 5.9482	34.0206	26.7885	 1.34	 58.48	0.041	  178.88	 99.85
 309.00	 306.18	 5.9291	34.0215	26.7916	 1.34	 58.12	0.041	  178.89	 99.85
 310.00	 307.17	 5.9140	34.0221	26.7940	 1.33	 57.73	0.042	  178.89	 99.85
 311.00	 308.16	 5.9015	34.0232	26.7964	 1.32	 57.45	0.041	  178.93	 99.85
 312.00	 309.15	 5.8956	34.0239	26.7977	 1.32	 57.21	0.041	  178.89	 99.85
 313.00	 310.14	 5.8902	34.0242	26.7986	 1.31	 56.88	0.041	  178.86	 99.86
 314.00	 311.13	 5.8818	34.0246	26.8000	 1.30	 56.50	0.041	  178.83	 99.85
 315.00	 312.12	 5.8656	34.0262	26.8033	 1.29	 56.17	0.041	  178.85	 99.86
 316.00	 313.11	 5.8625	34.0263	26.8037	 1.29	 56.00	0.041	  178.91	 99.85
 317.00	 314.10	 5.8623	34.0264	26.8038	 1.28	 55.88	0.042	  178.89	 99.86
 318.00	 315.09	 5.8623	34.0264	26.8038	 1.28	 55.81	0.042	  178.84	 99.86
 319.00	 316.08	 5.8624	34.0265	26.8039	 1.28	 55.76	0.042	  178.82	 99.87
 320.00	 317.07	 5.8625	34.0266	26.8040	 1.28	 55.76	0.041	  178.81	 99.87
 321.00	 318.06	 5.8624	34.0267	26.8041	 1.28	 55.80	0.042	  178.79	 99.87
 322.00	 319.05	 5.8624	34.0267	26.8041	 1.28	 55.82	0.041	  178.75	 99.87
 323.00	 320.04	 5.8625	34.0268	26.8042	 1.28	 55.79	0.041	  178.76	 99.87
 324.00	 321.03	 5.8627	34.0268	26.8042	 1.28	 55.71	0.041	  178.82	 99.87
 325.00	 322.02	 5.8626	34.0268	26.8042	 1.28	 55.69	0.041	  178.83	 99.87
 326.00	 323.01	 5.8624	34.0269	26.8043	 1.28	 55.58	0.041	  178.76	 99.88
 327.00	 324.00	 5.8616	34.0270	26.8045	 1.28	 55.54	0.041	  178.75	 99.88
 328.00	 324.99	 5.8601	34.0273	26.8050	 1.27	 55.45	0.041	  178.79	 99.87
 329.00	 325.98	 5.8592	34.0274	26.8052	 1.27	 55.42	0.041	  178.74	 99.87
 330.00	 326.97	 5.8590	34.0273	26.8051	 1.27	 55.43	0.041	  178.74	 99.87
 331.00	 327.96	 5.8577	34.0274	26.8053	 1.28	 55.48	0.041	  178.75	 99.87
 332.00	 328.95	 5.8530	34.0276	26.8061	 1.28	 55.49	0.041	  178.72	 99.87
 333.00	 329.94	 5.8511	34.0275	26.8063	 1.28	 55.50	0.040	  178.73	 99.87
 334.00	 330.93	 5.8419	34.0276	26.8075	 1.27	 55.45	0.041	  178.69	 99.87
 335.00	 331.92	 5.8392	34.0284	26.8085	 1.27	 55.37	0.041	  178.77	 99.87
 336.00	 332.91	 5.8381	34.0283	26.8085	 1.27	 55.33	0.042	  178.70	 99.88
 337.00	 333.90	 5.8351	34.0286	26.8091	 1.27	 55.23	0.042	  178.70	 99.88
 338.00	 334.89	 5.8362	34.0285	26.8090	 1.27	 55.15	0.041	  178.65	 99.88
 339.00	 335.88	 5.8362	34.0286	26.8090	 1.26	 54.99	0.042	  178.68	 99.87
 340.00	 336.87	 5.8350	34.0289	26.8095	 1.26	 54.87	0.041	  178.67	 99.88
 341.00	 337.86	 5.8340	34.0292	26.8098	 1.26	 54.83	0.041	  178.63	 99.88
 342.00	 338.85	 5.8333	34.0292	26.8099	 1.26	 54.84	0.041	  178.64	 99.88
 343.00	 339.84	 5.8315	34.0292	26.8102	 1.26	 54.82	0.041	  178.64	 99.88
 344.00	 340.83	 5.8308	34.0294	26.8104	 1.26	 54.83	0.041	  178.62	 99.88
 345.00	 341.82	 5.8304	34.0293	26.8104	 1.26	 54.78	0.041	  178.62	 99.88
 346.00	 342.81	 5.8299	34.0294	26.8105	 1.26	 54.72	0.041	  178.62	 99.88
 347.00	 343.80	 5.8282	34.0294	26.8107	 1.26	 54.70	0.041	  178.62	 99.88
 348.00	 344.79	 5.8248	34.0298	26.8115	 1.26	 54.62	0.041	  178.60	 99.88
 349.00	 345.78	 5.8231	34.0300	26.8118	 1.25	 54.58	0.041	  178.56	 99.88
 350.00	 346.77	 5.8225	34.0300	26.8120	 1.25	 54.54	0.041	  178.56	 99.88
 351.00	 347.76	 5.8222	34.0301	26.8121	 1.25	 54.44	0.041	  178.57	 99.88
 352.00	 348.75	 5.8225	34.0301	26.8120	 1.25	 54.41	0.041	  178.53	 99.88
 353.00	 349.74	 5.8224	34.0301	26.8121	 1.25	 54.34	0.041	  178.52	 99.88
 354.00	 350.73	 5.8219	34.0301	26.8121	 1.25	 54.33	0.041	  178.53	 99.88
 355.00	 351.72	 5.8180	34.0303	26.8128	 1.25	 54.36	0.041	  178.47	 99.88
 356.00	 352.71	 5.8126	34.0305	26.8136	 1.25	 54.33	0.041	  178.52	 99.88
 357.00	 353.70	 5.8091	34.0308	26.8143	 1.25	 54.33	0.041	  178.52	 99.88
 358.00	 354.69	 5.8076	34.0308	26.8145	 1.25	 54.33	0.041	  178.47	 99.88
 359.00	 355.68	 5.8064	34.0308	26.8147	 1.24	 54.13	0.041	  178.48	 99.88
 360.00	 356.67	 5.8006	34.0310	26.8156	 1.24	 54.01	0.041	  178.51	 99.88
 361.00	 357.66	 5.7939	34.0315	26.8168	 1.24	 54.03	0.041	  178.49	 99.88
 362.00	 358.65	 5.7914	34.0318	26.8173	 1.24	 54.04	0.042	  178.41	 99.88
 363.00	 359.64	 5.7892	34.0319	26.8177	 1.24	 54.01	0.041	  178.48	 99.88
 364.00	 360.63	 5.7855	34.0324	26.8186	 1.24	 54.04	0.041	  178.51	 99.88
 365.00	 361.62	 5.7879	34.0323	26.8182	 1.24	 53.93	0.042	  178.42	 99.88
 366.00	 362.61	 5.7899	34.0321	26.8178	 1.24	 53.89	0.042	  178.42	 99.88
 367.00	 363.60	 5.7884	34.0322	26.8180	 1.24	 53.91	0.042	  178.46	 99.88
 368.00	 364.59	 5.7871	34.0324	26.8183	 1.24	 53.87	0.041	  178.40	 99.88
 369.00	 365.58	 5.7851	34.0324	26.8187	 1.24	 53.77	0.042	  178.42	 99.88
 370.00	 366.57	 5.7802	34.0329	26.8197	 1.23	 53.69	0.041	  178.39	 99.88
 371.00	 367.56	 5.7715	34.0341	26.8217	 1.23	 53.55	0.041	  178.45	 99.88
 372.00	 368.55	 5.7673	34.0346	26.8226	 1.23	 53.41	0.041	  178.42	 99.88
 373.00	 369.54	 5.7665	34.0346	26.8227	 1.22	 53.24	0.041	  178.40	 99.88
 374.00	 370.53	 5.7567	34.0358	26.8249	 1.22	 52.94	0.041	  178.37	 99.88
 375.00	 371.52	 5.7448	34.0371	26.8274	 1.21	 52.58	0.041	  178.41	 99.88
 376.00	 372.51	 5.7317	34.0384	26.8300	 1.20	 52.30	0.042	  178.39	 99.88
 377.00	 373.50	 5.7246	34.0395	26.8318	 1.20	 51.99	0.041	  178.41	 99.88
 378.00	 374.49	 5.7090	34.0399	26.8340	 1.19	 51.76	0.042	  178.36	 99.88
 379.00	 375.48	 5.6976	34.0417	26.8368	 1.18	 51.51	0.041	  178.36	 99.88
 380.00	 376.47	 5.6911	34.0419	26.8377	 1.18	 51.34	0.041	  178.36	 99.88
 381.00	 377.46	 5.6833	34.0426	26.8393	 1.18	 51.16	0.041	  178.36	 99.88
 382.00	 378.45	 5.6777	34.0435	26.8407	 1.17	 50.98	0.041	  178.36	 99.88
 383.00	 379.44	 5.6788	34.0433	26.8404	 1.17	 50.80	0.041	  178.33	 99.88
 384.00	 380.43	 5.6704	34.0439	26.8419	 1.17	 50.69	0.041	  178.33	 99.89
 385.00	 381.42	 5.6689	34.0442	26.8423	 1.16	 50.59	0.041	  178.34	 99.89
 386.00	 382.41	 5.6660	34.0447	26.8431	 1.16	 50.52	0.041	  178.34	 99.89
 387.00	 383.40	 5.6655	34.0447	26.8432	 1.16	 50.34	0.041	  178.31	 99.89
 388.00	 384.38	 5.6619	34.0448	26.8437	 1.15	 50.07	0.041	  178.31	 99.89
 389.00	 385.37	 5.6405	34.0460	26.8473	 1.14	 49.75	0.041	  178.27	 99.89
 390.00	 386.36	 5.6265	34.0487	26.8511	 1.14	 49.47	0.041	  178.29	 99.89
 391.00	 387.35	 5.6233	34.0486	26.8514	 1.14	 49.44	0.041	  178.30	 99.89
 392.00	 388.34	 5.6229	34.0486	26.8515	 1.13	 49.36	0.041	  178.26	 99.90
 393.00	 389.33	 5.6235	34.0489	26.8516	 1.13	 49.31	0.041	  178.25	 99.89
 394.00	 390.32	 5.6251	34.0486	26.8512	 1.13	 49.32	0.041	  178.26	 99.90
 395.00	 391.31	 5.6296	34.0482	26.8504	 1.13	 49.31	0.041	  178.25	 99.90
 396.00	 392.30	 5.6318	34.0484	26.8503	 1.13	 49.36	0.040	  178.26	 99.90
 397.00	 393.29	 5.6342	34.0483	26.8499	 1.14	 49.48	0.041	  178.23	 99.90
 398.00	 394.28	 5.6367	34.0479	26.8493	 1.14	 49.41	0.040	  178.26	 99.90
 399.00	 395.27	 5.6393	34.0475	26.8487	 1.13	 49.33	0.041	  178.28	 99.90
 400.00	 396.26	 5.6317	34.0481	26.8501	 1.13	 49.32	0.041	  178.25	 99.89
 401.00	 397.25	 5.6299	34.0484	26.8505	 1.13	 49.29	0.041	  178.27	 99.90
 402.00	 398.24	 5.6285	34.0486	26.8509	 1.13	 49.20	0.041	  178.19	 99.90
 403.00	 399.23	 5.6289	34.0483	26.8506	 1.13	 49.10	0.040	  178.17	 99.90
 404.00	 400.22	 5.6213	34.0492	26.8523	 1.13	 49.04	0.041	  178.19	 99.90
 405.00	 401.21	 5.6206	34.0496	26.8527	 1.13	 49.03	0.041	  178.13	 99.69
 406.00	 402.20	 5.6225	34.0494	26.8523	 1.13	 49.02	0.042	  178.08	 98.67
 407.00	 403.19	 5.6244	34.0492	26.8519	 1.13	 49.04	0.041	  178.15	 97.95
 408.00	 404.18	 5.6241	34.0492	26.8520	 1.13	 49.06	0.040	  178.10	 96.88
 409.00	 405.17	 5.6239	34.0493	26.8520	 1.13	 49.04	0.041	  178.11	 96.32
 410.00	 406.16	 5.6225	34.0491	26.8521	 1.13	 49.02	0.042	  178.04	 95.33
 411.00	 407.15	 5.6210	34.0496	26.8527	 1.13	 48.95	0.041	  178.07	 94.12
 412.00	 408.14	 5.6216	34.0494	26.8524	 1.13	 48.94	0.040	  178.04	 92.94
 413.00	 409.13	 5.6220	34.0494	26.8524	 1.13	 48.93	0.040	  178.03	 92.04
 414.00	 410.12	 5.6220	34.0494	26.8524	 1.13	 48.94	0.040	  178.01	 91.23
 415.00	 411.11	 5.6216	34.0494	26.8525	 1.12	 48.91	0.041	  178.03	 90.32
 416.00	 412.10	 5.6211	34.0482	26.8516	 1.12	 48.90	0.042	  178.00	 89.22
 417.00	 413.09	 5.6210	34.0497	26.8528	 1.12	 48.84	0.041	  177.99	 88.10
 418.00	 414.08	 5.6214	34.0495	26.8526	 1.12	 48.83	0.040	  178.00	 87.07
 419.00	 415.06	 5.6215	34.0498	26.8528	 1.12	 48.78	0.040	  177.98	 86.14
 420.00	 416.05	 5.6183	34.0502	26.8535	 1.12	 48.66	0.040	  177.99	 85.15
 421.00	 417.04	 5.6155	34.0506	26.8543	 1.12	 48.58	0.040	  177.95	 84.24
 422.00	 418.03	 5.6136	34.0509	26.8547	 1.12	 48.51	0.040	  177.93	 83.34
 423.00	 419.02	 5.6131	34.0511	26.8549	 1.11	 48.47	0.040	  178.00	 82.41
 424.00	 420.01	 5.6133	34.0511	26.8549	 1.11	 48.44	0.040	  177.93	 81.31
 425.00	 421.00	 5.6125	34.0512	26.8551	 1.11	 48.29	0.040	  178.01	 80.32
 426.00	 421.99	 5.6099	34.0514	26.8556	 1.11	 48.30	0.040	  177.97	 79.28
 427.00	 422.98	 5.6095	34.0515	26.8557	 1.11	 48.28	0.040	  177.91	 78.27
 428.00	 423.97	 5.6107	34.0515	26.8556	 1.11	 48.18	0.040	  177.96	 77.20
