wcoa21_data_management/01_CRUISE_METADATA/00_OCADS_data/CTD_downcasts/WCOA_2021_CTD_downcasts/dRB2102_CTD_106_01_F.txt
* Sea-Bird SBE 9 Data:
* Software Version Seasave V 7.26.7.107
* Vessel: NOAA Ship Ronald H. Brown
* Cruise: RB2102, West Coast Ocean Acidification (WCOA) 2021
* Dates: 20210622 to 20210723
* Region: NE Pacific, USA West Coast
* Ports: San Diego, CA to Port Angeles, WA to San Diego, CA
* Chief Scientists: R. Feely, NOAA PMEL; D. Greeley, NOAA PMEL; B. Carter, NOAA PMEL / UW CICOES
*END*
[from data line 427]
 430.00	 426.44	 7.0435	34.2683	26.8420	 0.52	 22.81	0.040	  165.24	 99.98
 431.00	 427.43	 7.0429	34.2682	26.8420	 0.53	 23.02	0.041	  165.23	 99.98
 432.00	 428.42	 7.0439	34.2687	26.8422	 0.53	 22.98	0.042	  165.20	 99.98
 433.00	 429.41	 7.0479	34.2693	26.8422	 0.52	 22.69	0.041	  165.28	 99.98
 434.00	 430.40	 7.0479	34.2689	26.8419	 0.53	 22.83	0.040	  165.19	 99.98
 435.00	 431.39	 7.0411	34.2677	26.8419	 0.53	 23.22	0.040	  165.10	 99.98
 436.00	 432.38	 7.0209	34.2648	26.8424	 0.54	 23.50	0.040	  165.14	 99.98
 437.00	 433.38	 6.9943	34.2600	26.8422	 0.54	 23.52	0.042	  165.22	 99.98
 438.00	 434.37	 6.9191	34.2554	26.8489	 0.54	 23.40	0.041	  165.18	 99.98
 439.00	 435.36	 6.8996	34.2548	26.8511	 0.53	 23.08	0.041	  165.17	 99.98
 440.00	 436.35	 6.8903	34.2572	26.8542	 0.52	 22.46	0.041	  165.20	 99.98
 441.00	 437.34	 6.8886	34.2593	26.8561	 0.51	 22.15	0.041	  165.06	 99.98
 442.00	 438.33	 6.8855	34.2612	26.8581	 0.51	 22.09	0.040	  165.09	 99.98
 443.00	 439.32	 6.8807	34.2616	26.8590	 0.51	 22.34	0.041	  165.15	 99.98
 444.00	 440.31	 6.8748	34.2611	26.8595	 0.51	 22.23	0.041	  165.17	 99.98
 445.00	 441.30	 6.8590	34.2609	26.8615	 0.51	 22.04	0.041	  165.17	 99.98
 446.00	 442.29	 6.8530	34.2614	26.8626	 0.51	 22.03	0.040	  165.17	 99.98
 447.00	 443.28	 6.8491	34.2612	26.8631	 0.50	 21.93	0.040	  165.16	 99.98
 448.00	 444.27	 6.8426	34.2618	26.8644	 0.50	 21.68	0.040	  165.19	 99.98
 449.00	 445.26	 6.8400	34.2622	26.8651	 0.50	 21.58	0.040	  165.14	 99.98
 450.00	 446.25	 6.8390	34.2622	26.8653	 0.50	 21.77	0.040	  165.08	 99.98
 451.00	 447.24	 6.8342	34.2621	26.8658	 0.50	 21.56	0.040	  165.12	 99.98
 452.00	 448.23	 6.8263	34.2632	26.8678	 0.49	 21.33	0.040	  165.10	 99.98
 453.00	 449.23	 6.8227	34.2652	26.8698	 0.49	 21.19	0.041	  165.13	 99.98
 454.00	 450.22	 6.8192	34.2658	26.8708	 0.49	 21.19	0.041	  165.13	 99.98
 455.00	 451.21	 6.8145	34.2655	26.8712	 0.49	 21.36	0.041	  165.14	 99.98
 456.00	 452.20	 6.8064	34.2649	26.8718	 0.49	 21.22	0.040	  165.15	 99.98
 457.00	 453.19	 6.8031	34.2649	26.8724	 0.48	 20.85	0.042	  165.09	 99.98
 458.00	 454.18	 6.8010	34.2653	26.8729	 0.49	 21.14	0.041	  165.07	 99.98
 459.00	 455.17	 6.7973	34.2651	26.8733	 0.49	 21.18	0.040	  165.09	 99.98
 460.00	 456.16	 6.7868	34.2651	26.8747	 0.48	 20.91	0.040	  165.13	 99.98
 461.00	 457.15	 6.7699	34.2659	26.8777	 0.47	 20.65	0.041	  165.10	 99.98
 462.00	 458.14	 6.7625	34.2670	26.8795	 0.48	 20.76	0.041	  165.07	 99.98
 463.00	 459.13	 6.7621	34.2670	26.8795	 0.48	 20.77	0.040	  165.13	 99.98
 464.00	 460.12	 6.7615	34.2672	26.8798	 0.47	 20.41	0.040	  165.08	 99.99
 465.00	 461.11	 6.7613	34.2681	26.8805	 0.46	 20.07	0.040	  165.09	 99.98
 466.00	 462.10	 6.7618	34.2692	26.8814	 0.47	 20.24	0.040	  165.09	 99.99
 467.00	 463.09	 6.7639	34.2709	26.8824	 0.47	 20.36	0.041	  165.01	 99.99
 468.00	 464.08	 6.7548	34.2711	26.8838	 0.46	 20.20	0.042	  165.01	 99.98
 469.00	 465.07	 6.7424	34.2709	26.8854	 0.47	 20.27	0.042	  165.08	 99.98
 470.00	 466.06	 6.7284	34.2683	26.8852	 0.48	 20.74	0.041	  165.08	 99.99
 471.00	 467.05	 6.7094	34.2650	26.8851	 0.48	 20.80	0.040	  165.04	 99.99
 472.00	 468.05	 6.7005	34.2647	26.8861	 0.48	 20.67	0.040	  165.05	 99.98
 473.00	 469.04	 6.6930	34.2641	26.8866	 0.48	 20.86	0.041	  165.10	 99.99
 474.00	 470.03	 6.6785	34.2621	26.8870	 0.49	 21.49	0.041	  165.03	 99.99
 475.00	 471.02	 6.6560	34.2579	26.8867	 0.52	 22.41	0.040	  165.02	 99.98
 476.00	 472.01	 6.5869	34.2471	26.8873	 0.53	 23.03	0.040	  165.07	 99.98
 477.00	 473.00	 6.5177	34.2362	26.8878	 0.53	 22.86	0.040	  165.05	 99.98
 478.00	 473.99	 6.4909	34.2365	26.8917	 0.53	 22.92	0.040	  165.05	 99.98
 479.00	 474.98	 6.4881	34.2363	26.8919	 0.53	 22.91	0.040	  165.03	 99.98
 480.00	 475.97	 6.4869	34.2362	26.8919	 0.52	 22.56	0.040	  165.00	 99.98
 481.00	 476.96	 6.4753	34.2337	26.8915	 0.52	 22.49	0.042	  165.05	 99.98
 482.00	 477.95	 6.4638	34.2330	26.8924	 0.51	 22.19	0.041	  165.03	 99.98
 483.00	 478.94	 6.4394	34.2287	26.8923	 0.50	 21.90	0.041	  164.97	 99.98
 484.00	 479.93	 6.4441	34.2344	26.8962	 0.49	 21.24	0.041	  165.01	 99.98
 485.00	 480.92	 6.4697	34.2435	26.9000	 0.46	 20.21	0.040	  165.03	 99.98
 486.00	 481.91	 6.4922	34.2525	26.9042	 0.45	 19.57	0.040	  165.00	 99.98
 487.00	 482.90	 6.5044	34.2575	26.9065	 0.44	 19.27	0.041	  165.00	 99.98
 488.00	 483.89	 6.5161	34.2599	26.9069	 0.44	 19.05	0.041	  165.04	 99.98
 489.00	 484.88	 6.5154	34.2615	26.9083	 0.44	 19.00	0.040	  165.01	 99.98
 490.00	 485.87	 6.5197	34.2636	26.9094	 0.44	 18.96	0.040	  164.99	 99.98
 491.00	 486.86	 6.5245	34.2656	26.9103	 0.44	 18.96	0.041	  164.97	 99.99
 492.00	 487.85	 6.5216	34.2665	26.9114	 0.43	 18.73	0.042	  164.97	 99.99
 493.00	 488.84	 6.5131	34.2664	26.9125	 0.43	 18.61	0.041	  164.96	 99.99
 494.00	 489.84	 6.5071	34.2699	26.9161	 0.43	 18.56	0.040	  164.97	 99.99
 495.00	 490.83	 6.4955	34.2700	26.9177	 0.42	 18.48	0.040	  164.96	 99.99
 496.00	 491.82	 6.4838	34.2707	26.9198	 0.42	 18.20	0.040	  164.92	 99.99
 497.00	 492.81	 6.4794	34.2706	26.9203	 0.42	 18.06	0.041	  164.96	 99.99
 498.00	 493.80	 6.4762	34.2723	26.9221	 0.42	 18.19	0.042	  164.92	 99.99
 499.00	 494.79	 6.4797	34.2741	26.9230	 0.42	 18.12	0.041	  164.94	 99.99
 500.00	 495.78	 6.4828	34.2753	26.9236	 0.41	 18.01	0.041	  164.91	100.00
 501.00	 496.77	 6.4831	34.2753	26.9236	 0.42	 18.22	0.042	  164.89	 99.99
 502.00	 497.76	 6.4826	34.2754	26.9237	 0.42	 18.18	0.041	  164.92	100.00
 503.00	 498.75	 6.4769	34.2747	26.9239	 0.41	 17.69	0.040	  164.88	100.00
 504.00	 499.74	 6.4654	34.2767	26.9270	 0.40	 17.43	0.040	  164.84	100.00
 505.00	 500.73	 6.4636	34.2770	26.9275	 0.40	 17.50	0.041	  164.83	100.00
 506.00	 501.72	 6.4605	34.2769	26.9278	 0.40	 17.59	0.042	  164.81	100.00
 507.00	 502.71	 6.4493	34.2782	26.9304	 0.40	 17.49	0.041	  164.87	100.00
 508.00	 503.70	 6.4336	34.2794	26.9333	 0.40	 17.39	0.040	  164.85	100.00
 509.00	 504.69	 6.4275	34.2797	26.9344	 0.40	 17.42	0.040	  164.87	100.00
 510.00	 505.68	 6.4222	34.2803	26.9355	 0.40	 17.41	0.040	  164.85	100.00
 511.00	 506.67	 6.4211	34.2806	26.9359	 0.39	 17.09	0.040	  164.83	100.00
 512.00	 507.66	 6.4123	34.2813	26.9377	 0.39	 16.96	0.040	  164.86	100.00
 513.00	 508.65	 6.4067	34.2822	26.9391	 0.39	 16.89	0.041	  164.78	100.00
 514.00	 509.64	 6.4040	34.2825	26.9397	 0.39	 16.89	0.041	  164.82	100.00
 515.00	 510.63	 6.3967	34.2831	26.9412	 0.38	 16.67	0.040	  164.84	100.00
 516.00	 511.62	 6.3837	34.2840	26.9435	 0.38	 16.50	0.040	  164.83	100.00
 517.00	 512.61	 6.3717	34.2855	26.9463	 0.39	 16.79	0.042	  164.85	100.00
 518.00	 513.60	 6.3674	34.2859	26.9472	 0.38	 16.51	0.042	  164.85	100.00
 519.00	 514.59	 6.3633	34.2868	26.9485	 0.37	 16.25	0.042	  164.78	100.00
 520.00	 515.58	 6.3579	34.2869	26.9492	 0.37	 16.14	0.042	  164.80	100.00
 521.00	 516.57	 6.3472	34.2874	26.9511	 0.37	 16.07	0.040	  164.82	100.00
 522.00	 517.56	 6.3361	34.2877	26.9527	 0.37	 16.20	0.041	  164.82	100.00
 523.00	 518.55	 6.3302	34.2880	26.9537	 0.37	 16.12	0.040	  164.75	100.00
 524.00	 519.54	 6.3234	34.2885	26.9550	 0.37	 16.01	0.041	  164.81	100.00
 525.00	 520.53	 6.3173	34.2888	26.9560	 0.37	 16.07	0.041	  164.87	100.00
 526.00	 521.53	 6.3151	34.2887	26.9563	 0.37	 16.17	0.040	  164.76	100.00
 527.00	 522.52	 6.3090	34.2887	26.9570	 0.37	 15.94	0.041	  164.78	100.00
 528.00	 523.51	 6.3051	34.2896	26.9583	 0.37	 15.89	0.042	  164.79	100.00
 529.00	 524.50	 6.3057	34.2896	26.9582	 0.37	 16.08	0.040	  164.78	100.00
 530.00	 525.49	 6.3058	34.2896	26.9583	 0.37	 16.10	0.040	  164.76	100.00
 531.00	 526.48	 6.3063	34.2896	26.9582	 0.37	 15.89	0.040	  164.73	100.00
 532.00	 527.47	 6.3068	34.2896	26.9581	 0.36	 15.75	0.040	  164.75	100.00
 533.00	 528.46	 6.3044	34.2894	26.9583	 0.37	 15.88	0.040	  164.75	100.00
 534.00	 529.45	 6.2978	34.2894	26.9591	 0.37	 15.93	0.041	  164.71	100.00
 535.00	 530.44	 6.2882	34.2893	26.9603	 0.37	 15.95	0.040	  164.67	100.00
 536.00	 531.43	 6.2747	34.2901	26.9627	 0.37	 15.90	0.040	  164.74	100.00
 537.00	 532.42	 6.2660	34.2906	26.9642	 0.37	 15.91	0.040	  164.65	100.00
 538.00	 533.41	 6.2603	34.2899	26.9645	 0.37	 15.96	0.040	  164.65	100.00
 539.00	 534.40	 6.2406	34.2882	26.9656	 0.36	 15.83	0.040	  164.70	100.00
 540.00	 535.39	 6.2229	34.2867	26.9667	 0.36	 15.64	0.041	  164.62	100.00
 541.00	 536.38	 6.2147	34.2887	26.9694	 0.36	 15.70	0.041	  164.61	100.00
 542.00	 537.37	 6.2107	34.2881	26.9694	 0.36	 15.72	0.041	  164.64	100.00
 543.00	 538.36	 6.1971	34.2870	26.9703	 0.36	 15.62	0.041	  164.68	100.00
 544.00	 539.35	 6.1941	34.2891	26.9724	 0.35	 15.38	0.040	  164.60	100.00
 545.00	 540.34	 6.2007	34.2922	26.9739	 0.35	 15.20	0.040	  164.60	100.00
 546.00	 541.33	 6.2009	34.2947	26.9759	 0.35	 15.22	0.041	  164.58	100.00
 547.00	 542.32	 6.1976	34.2953	26.9768	 0.35	 15.27	0.042	  164.57	100.00
 548.00	 543.31	 6.1938	34.2955	26.9774	 0.35	 15.16	0.041	  164.59	100.00
 549.00	 544.30	 6.1859	34.2959	26.9788	 0.34	 15.00	0.040	  164.61	100.00
 550.00	 545.29	 6.1827	34.2963	26.9795	 0.35	 15.21	0.041	  164.58	100.00
 551.00	 546.28	 6.1816	34.2964	26.9798	 0.35	 15.24	0.040	  164.62	100.00
 552.00	 547.27	 6.1800	34.2969	26.9804	 0.35	 15.13	0.040	  164.58	100.00
 553.00	 548.26	 6.1799	34.2970	26.9805	 0.35	 15.01	0.040	  164.61	100.00
 554.00	 549.25	 6.1790	34.2973	26.9808	 0.35	 15.18	0.041	  164.60	100.00
 555.00	 550.24	 6.1775	34.2973	26.9811	 0.35	 15.25	0.042	  164.58	100.00
 556.00	 551.23	 6.1738	34.2975	26.9817	 0.35	 15.12	0.040	  164.66	100.00
 557.00	 552.22	 6.1714	34.2977	26.9822	 0.34	 14.94	0.040	  164.63	100.00
 558.00	 553.21	 6.1680	34.2978	26.9827	 0.34	 14.87	0.040	  164.59	100.00
 559.00	 554.20	 6.1612	34.2973	26.9831	 0.34	 14.96	0.041	  164.54	100.00
 560.00	 555.19	 6.1519	34.2968	26.9840	 0.34	 14.88	0.041	  164.53	100.00
 561.00	 556.18	 6.1447	34.2969	26.9850	 0.34	 14.67	0.041	  164.54	100.00
 562.00	 557.17	 6.1413	34.2966	26.9852	 0.34	 14.82	0.040	  164.57	100.00
 563.00	 558.16	 6.1380	34.2965	26.9855	 0.34	 14.93	0.042	  164.54	100.00
 564.00	 559.15	 6.1345	34.2963	26.9859	 0.34	 14.81	0.042	  164.52	100.00
 565.00	 560.14	 6.1300	34.2963	26.9864	 0.34	 14.62	0.040	  164.56	100.00
 566.00	 561.13	 6.1244	34.2962	26.9871	 0.34	 14.59	0.041	  164.59	100.00
 567.00	 562.12	 6.1226	34.2965	26.9875	 0.34	 14.72	0.040	  164.55	100.00
 568.00	 563.11	 6.1217	34.2965	26.9877	 0.34	 14.75	0.040	  164.53	100.00
 569.00	 564.10	 6.1183	34.2971	26.9886	 0.34	 14.64	0.040	  164.60	100.00
 570.00	 565.09	 6.1172	34.2983	26.9897	 0.33	 14.54	0.040	  164.66	100.00
 571.00	 566.08	 6.1169	34.2992	26.9905	 0.34	 14.57	0.040	  164.59	100.00
 572.00	 567.07	 6.1090	34.3004	26.9924	 0.33	 14.54	0.040	  164.57	100.00
 573.00	 568.06	 6.1004	34.3006	26.9937	 0.33	 14.56	0.042	  164.47	100.00
 574.00	 569.05	 6.0953	34.2999	26.9938	 0.33	 14.42	0.042	  164.53	100.00
 575.00	 570.04	 6.0795	34.2982	26.9945	 0.33	 14.41	0.040	  164.53	100.00
 576.00	 571.03	 6.0464	34.2953	26.9963	 0.33	 14.48	0.040	  164.49	100.00
 577.00	 572.02	 6.0408	34.2958	26.9975	 0.33	 14.40	0.041	  164.48	100.00
 578.00	 573.01	 6.0322	34.2954	26.9982	 0.33	 14.20	0.040	  164.53	100.00
 579.00	 574.00	 6.0214	34.2948	26.9991	 0.33	 14.24	0.041	  164.54	100.00
 580.00	 574.99	 6.0054	34.2956	27.0018	 0.33	 14.26	0.042	  164.50	100.00
 581.00	 575.98	 5.9893	34.2948	27.0031	 0.33	 14.17	0.042	  164.50	100.00
 582.00	 576.97	 5.9880	34.2958	27.0041	 0.32	 14.05	0.041	  164.47	100.00
 583.00	 577.96	 5.9757	34.2966	27.0063	 0.32	 14.01	0.040	  164.54	100.00
 584.00	 578.95	 5.9675	34.2967	27.0074	 0.32	 13.90	0.040	  164.52	100.00
 585.00	 579.94	 5.9631	34.2971	27.0083	 0.32	 13.93	0.040	  164.47	100.00
 586.00	 580.93	 5.9603	34.2974	27.0089	 0.32	 13.77	0.040	  164.54	100.00
 587.00	 581.92	 5.9559	34.3005	27.0119	 0.31	 13.44	0.041	  164.53	100.00
 588.00	 582.91	 5.9532	34.3021	27.0135	 0.31	 13.35	0.042	  164.40	100.00
 589.00	 583.90	 5.9515	34.3037	27.0150	 0.31	 13.38	0.042	  164.42	100.00
 590.00	 584.89	 5.9478	34.3048	27.0164	 0.31	 13.47	0.041	  164.46	100.00
 591.00	 585.88	 5.9474	34.3050	27.0166	 0.31	 13.41	0.040	  164.45	100.00
 592.00	 586.87	 5.9460	34.3052	27.0169	 0.31	 13.32	0.041	  164.44	100.00
 593.00	 587.86	 5.9454	34.3057	27.0174	 0.31	 13.46	0.042	  164.44	100.00
 594.00	 588.85	 5.9446	34.3056	27.0175	 0.31	 13.43	0.041	  164.46	100.00
 595.00	 589.84	 5.9418	34.3066	27.0186	 0.30	 13.25	0.041	  164.41	100.00
 596.00	 590.83	 5.9404	34.3082	27.0201	 0.30	 13.06	0.041	  164.35	100.00
 597.00	 591.82	 5.9349	34.3087	27.0211	 0.30	 13.14	0.040	  164.37	100.00
 598.00	 592.81	 5.9223	34.3081	27.0222	 0.31	 13.41	0.040	  164.33	100.00
 599.00	 593.80	 5.9118	34.3076	27.0231	 0.31	 13.60	0.040	  164.38	100.00
 600.00	 594.79	 5.9063	34.3072	27.0235	 0.31	 13.26	0.040	  164.31	100.00
 601.00	 595.78	 5.8917	34.3053	27.0239	 0.30	 13.02	0.040	  164.39	100.00
 602.00	 596.77	 5.8819	34.3064	27.0260	 0.31	 13.30	0.040	  164.39	100.00
 603.00	 597.76	 5.8784	34.3068	27.0267	 0.30	 13.19	0.040	  164.36	100.00
 604.00	 598.75	 5.8747	34.3072	27.0275	 0.30	 13.01	0.040	  164.37	100.00
 605.00	 599.74	 5.8724	34.3073	27.0279	 0.30	 12.99	0.041	  164.32	100.00
 606.00	 600.73	 5.8713	34.3073	27.0281	 0.30	 13.10	0.042	  164.35	100.00
 607.00	 601.72	 5.8694	34.3074	27.0283	 0.30	 13.14	0.042	  164.30	100.00
 608.00	 602.71	 5.8657	34.3079	27.0292	 0.30	 13.10	0.041	  164.26	100.00
 609.00	 603.70	 5.8634	34.3086	27.0300	 0.30	 12.99	0.040	  164.29	100.00
 610.00	 604.69	 5.8609	34.3100	27.0315	 0.29	 12.76	0.040	  164.36	100.00
 611.00	 605.68	 5.8589	34.3107	27.0323	 0.29	 12.79	0.040	  164.34	100.00
 612.00	 606.67	 5.8475	34.3123	27.0350	 0.30	 12.91	0.041	  164.31	100.00
 613.00	 607.66	 5.8448	34.3137	27.0365	 0.29	 12.79	0.041	  164.31	100.00
 614.00	 608.65	 5.8399	34.3131	27.0366	 0.29	 12.51	0.040	  164.35	100.00
 615.00	 609.64	 5.8349	34.3134	27.0375	 0.29	 12.73	0.041	  164.31	100.00
 616.00	 610.63	 5.8326	34.3137	27.0380	 0.30	 12.83	0.041	  164.35	100.00
 617.00	 611.62	 5.8294	34.3140	27.0386	 0.29	 12.75	0.041	  164.24	100.00
 618.00	 612.61	 5.8233	34.3138	27.0392	 0.29	 12.74	0.042	  164.27	100.00
 619.00	 613.60	 5.8164	34.3143	27.0405	 0.29	 12.72	0.042	  164.33	100.00
 620.00	 614.59	 5.8100	34.3151	27.0419	 0.29	 12.76	0.042	  164.26	100.00
 621.00	 615.58	 5.7968	34.3159	27.0442	 0.29	 12.77	0.040	  164.25	100.00
 622.00	 616.57	 5.7875	34.3174	27.0466	 0.29	 12.74	0.040	  164.21	100.00
 623.00	 617.56	 5.7856	34.3179	27.0472	 0.29	 12.57	0.040	  164.22	100.00
 624.00	 618.55	 5.7852	34.3180	27.0474	 0.29	 12.44	0.040	  164.24	100.00
 625.00	 619.54	 5.7830	34.3175	27.0472	 0.29	 12.53	0.041	  164.29	100.00
 626.00	 620.53	 5.7809	34.3179	27.0478	 0.29	 12.64	0.042	  164.23	100.00
 627.00	 621.52	 5.7781	34.3187	27.0488	 0.29	 12.64	0.041	  164.24	100.00
 628.00	 622.50	 5.7774	34.3191	27.0492	 0.29	 12.45	0.040	  164.22	100.00
 629.00	 623.49	 5.7756	34.3195	27.0498	 0.29	 12.44	0.041	  164.19	100.00
 630.00	 624.48	 5.7725	34.3200	27.0505	 0.29	 12.61	0.041	  164.21	100.00
 631.00	 625.47	 5.7693	34.3209	27.0517	 0.29	 12.64	0.040	  164.22	100.00
 632.00	 626.46	 5.7674	34.3222	27.0529	 0.29	 12.56	0.042	  164.21	100.00
 633.00	 627.45	 5.7646	34.3219	27.0530	 0.29	 12.44	0.041	  164.12	100.00
 634.00	 628.44	 5.7556	34.3210	27.0534	 0.29	 12.52	0.040	  164.11	100.00
 635.00	 629.43	 5.7476	34.3201	27.0537	 0.30	 12.87	0.040	  164.18	100.00
 636.00	 630.42	 5.7283	34.3161	27.0529	 0.30	 12.89	0.040	  164.22	100.00
 637.00	 631.41	 5.7038	34.3135	27.0539	 0.29	 12.70	0.041	  164.14	100.00
 638.00	 632.40	 5.6984	34.3156	27.0562	 0.29	 12.51	0.041	  164.08	100.00
 639.00	 633.39	 5.7138	34.3208	27.0585	 0.29	 12.42	0.041	  164.11	100.00
 640.00	 634.38	 5.7251	34.3215	27.0576	 0.29	 12.56	0.041	  164.12	100.00
 641.00	 635.37	 5.7110	34.3205	27.0585	 0.29	 12.63	0.040	  164.13	100.00
 642.00	 636.36	 5.7051	34.3211	27.0597	 0.29	 12.53	0.041	  164.08	100.00
