wcoa21_data_management/01_CRUISE_METADATA/00_OCADS_data/CTD_downcasts/WCOA_2021_CTD_downcasts/dRB2102_CTD_061_01_F.txt
* Sea-Bird SBE 9 Data:
* Software Version Seasave V 7.26.7.107
* Vessel: NOAA Ship Ronald H. Brown
* Cruise: RB2102, West Coast Ocean Acidification (WCOA) 2021
* Dates: 20210622 to 20210723
* Region: NE Pacific, USA West Coast
* Ports: San Diego, CA to Port Angeles, WA to San Diego, CA
* Chief Scientists: R. Feely, NOAA PMEL; D. Greeley, NOAA PMEL; B. Carter, NOAA PMEL / UW CICOES
*END*
[from data line 214]
 217.00	 215.19	 7.1329	34.0051	26.6195	 1.98	 86.30	0.040	  133.80	 99.78
 218.00	 216.18	 7.1475	34.0118	26.6228	 1.96	 85.30	0.041	  133.71	 99.78
 219.00	 217.17	 7.1497	34.0136	26.6240	 1.95	 84.71	0.041	  133.71	 99.78
 220.00	 218.16	 7.1391	34.0150	26.6265	 1.94	 84.42	0.040	  133.68	 99.78
 221.00	 219.15	 7.1342	34.0175	26.6292	 1.94	 84.19	0.040	  133.76	 99.78
 222.00	 220.14	 7.1268	34.0169	26.6297	 1.93	 83.86	0.040	  133.75	 99.78
 223.00	 221.13	 7.1088	34.0168	26.6322	 1.92	 83.54	0.040	  133.81	 99.79
 224.00	 222.13	 7.0995	34.0168	26.6334	 1.91	 83.15	0.040	  133.70	 99.79
 225.00	 223.12	 7.0911	34.0171	26.6348	 1.90	 82.67	0.040	  133.73	 99.79
 226.00	 224.11	 7.0858	34.0174	26.6358	 1.89	 82.35	0.041	  133.77	 99.80
 227.00	 225.10	 7.0806	34.0180	26.6370	 1.89	 82.09	0.041	  133.81	 99.80
 228.00	 226.09	 7.0764	34.0184	26.6379	 1.88	 81.92	0.040	  133.73	 99.80
 229.00	 227.08	 7.0748	34.0182	26.6380	 1.88	 81.59	0.040	  133.66	 99.80
 230.00	 228.07	 7.0724	34.0188	26.6388	 1.87	 81.38	0.040	  133.70	 99.80
 231.00	 229.06	 7.0682	34.0194	26.6399	 1.86	 81.10	0.040	  133.72	 99.80
 232.00	 230.05	 7.0626	34.0195	26.6408	 1.86	 80.71	0.040	  133.76	 99.80
 233.00	 231.05	 7.0552	34.0198	26.6420	 1.85	 80.33	0.040	  133.84	 99.80
 234.00	 232.04	 7.0391	34.0187	26.6434	 1.84	 79.91	0.040	  133.75	 99.80
 235.00	 233.03	 7.0249	34.0204	26.6467	 1.83	 79.60	0.040	  133.69	 99.80
 236.00	 234.02	 7.0205	34.0211	26.6478	 1.82	 79.28	0.040	  133.71	 99.80
 237.00	 235.01	 7.0172	34.0214	26.6485	 1.82	 78.98	0.040	  133.71	 99.80
 238.00	 236.00	 7.0035	34.0211	26.6502	 1.81	 78.70	0.040	  133.73	 99.81
 239.00	 236.99	 6.9912	34.0214	26.6521	 1.80	 78.25	0.041	  133.76	 99.81
 240.00	 237.98	 6.9791	34.0214	26.6538	 1.78	 77.56	0.041	  133.68	 99.82
 241.00	 238.97	 6.9719	34.0221	26.6553	 1.77	 76.79	0.040	  133.70	 99.82
 242.00	 239.96	 6.9741	34.0251	26.6574	 1.75	 76.17	0.040	  133.73	 99.81
 243.00	 240.96	 6.9712	34.0258	26.6584	 1.75	 75.96	0.040	  133.75	 99.83
 244.00	 241.95	 6.9605	34.0266	26.6604	 1.74	 75.87	0.040	  133.73	 99.82
 245.00	 242.94	 6.9410	34.0246	26.6616	 1.74	 75.66	0.041	  133.75	 99.83
 246.00	 243.93	 6.9255	34.0242	26.6633	 1.73	 75.45	0.041	  133.75	 99.83
 247.00	 244.92	 6.9195	34.0239	26.6639	 1.73	 75.31	0.040	  133.72	 99.83
 248.00	 245.91	 6.9034	34.0240	26.6662	 1.73	 75.11	0.041	  133.78	 99.83
 249.00	 246.90	 6.8882	34.0246	26.6688	 1.71	 74.55	0.041	  133.80	 99.83
 250.00	 247.89	 6.8810	34.0272	26.6718	 1.70	 73.97	0.040	  133.82	 99.83
 251.00	 248.88	 6.8819	34.0284	26.6727	 1.69	 73.38	0.040	  133.73	 99.83
 252.00	 249.87	 6.8922	34.0315	26.6737	 1.67	 72.58	0.040	  133.75	 99.83
 253.00	 250.87	 6.8839	34.0330	26.6760	 1.66	 72.10	0.040	  133.73	 99.83
 254.00	 251.86	 6.8929	34.0389	26.6794	 1.66	 72.05	0.040	  133.78	 99.83
 255.00	 252.85	 6.8643	34.0354	26.6806	 1.66	 72.08	0.040	  133.76	 99.84
 256.00	 253.84	 6.7855	34.0297	26.6867	 1.66	 72.26	0.040	  133.81	 99.83
 257.00	 254.83	 6.7682	34.0279	26.6876	 1.66	 72.25	0.040	  133.77	 99.84
 258.00	 255.82	 6.7650	34.0279	26.6880	 1.66	 72.07	0.041	  133.72	 99.83
 259.00	 256.81	 6.7633	34.0277	26.6882	 1.65	 71.96	0.041	  133.74	 99.84
 260.00	 257.80	 6.7597	34.0280	26.6888	 1.65	 71.83	0.040	  133.80	 99.84
 261.00	 258.79	 6.7475	34.0290	26.6913	 1.64	 71.35	0.040	  133.86	 99.84
 262.00	 259.78	 6.7381	34.0311	26.6942	 1.63	 70.69	0.040	  133.75	 99.84
 263.00	 260.77	 6.7379	34.0343	26.6968	 1.61	 69.83	0.040	  133.74	 99.84
 264.00	 261.77	 6.7432	34.0364	26.6977	 1.58	 68.71	0.040	  133.77	 99.84
 265.00	 262.76	 6.7566	34.0412	26.6997	 1.56	 67.79	0.040	  133.78	 99.84
 266.00	 263.75	 6.7950	34.0499	26.7015	 1.54	 67.06	0.040	  133.76	 99.84
 267.00	 264.74	 6.8351	34.0580	26.7025	 1.53	 66.41	0.040	  133.81	 99.85
 268.00	 265.73	 6.8462	34.0608	26.7032	 1.50	 65.29	0.041	  133.79	 99.85
 269.00	 266.72	 6.8404	34.0639	26.7065	 1.45	 63.26	0.041	  133.73	 99.85
 270.00	 267.71	 6.8523	34.0718	26.7111	 1.43	 62.00	0.040	  133.72	 99.85
 271.00	 268.70	 6.8522	34.0748	26.7134	 1.41	 61.29	0.040	  133.80	 99.86
 272.00	 269.69	 6.8432	34.0765	26.7160	 1.39	 60.59	0.040	  133.73	 99.86
 273.00	 270.68	 6.8351	34.0792	26.7193	 1.38	 60.07	0.040	  133.87	 99.86
 274.00	 271.67	 6.8311	34.0822	26.7221	 1.37	 59.75	0.040	  133.86	 99.86
 275.00	 272.67	 6.8279	34.0839	26.7240	 1.37	 59.44	0.040	  133.77	 99.87
 276.00	 273.66	 6.8225	34.0845	26.7252	 1.35	 58.83	0.041	  133.74	 99.88
 277.00	 274.65	 6.8089	34.0834	26.7262	 1.36	 58.95	0.040	  133.84	 99.88
 278.00	 275.64	 6.7752	34.0801	26.7281	 1.35	 58.74	0.040	  133.81	 99.88
 279.00	 276.63	 6.7483	34.0790	26.7308	 1.34	 58.36	0.040	  133.86	 99.88
 280.00	 277.62	 6.7434	34.0812	26.7332	 1.33	 57.71	0.040	  133.85	 99.88
 281.00	 278.61	 6.7546	34.0854	26.7350	 1.31	 56.85	0.040	  133.80	 99.89
 282.00	 279.60	 6.7715	34.0925	26.7384	 1.28	 55.84	0.040	  133.75	 99.88
 283.00	 280.59	 6.7912	34.0993	26.7412	 1.26	 55.00	0.040	  133.74	 99.88
 284.00	 281.58	 6.7968	34.1012	26.7419	 1.25	 54.31	0.040	  133.79	 99.89
 285.00	 282.57	 6.7905	34.1038	26.7448	 1.23	 53.58	0.040	  133.76	 99.90
 286.00	 283.56	 6.7953	34.1070	26.7467	 1.22	 52.97	0.040	  133.88	 99.89
 287.00	 284.56	 6.8047	34.1106	26.7483	 1.21	 52.55	0.040	  133.79	 99.90
 288.00	 285.55	 6.8053	34.1118	26.7492	 1.20	 52.26	0.041	  133.74	 99.90
 289.00	 286.54	 6.7944	34.1122	26.7509	 1.20	 52.17	0.041	  133.76	 99.90
 290.00	 287.53	 6.7763	34.1109	26.7524	 1.20	 52.35	0.040	  133.76	 99.90
 291.00	 288.52	 6.7639	34.1097	26.7531	 1.21	 52.55	0.040	  133.79	 99.90
 292.00	 289.51	 6.7142	34.1019	26.7537	 1.21	 52.68	0.040	  133.79	 99.90
 293.00	 290.50	 6.6929	34.1035	26.7578	 1.21	 52.55	0.040	  133.80	 99.90
 294.00	 291.49	 6.6946	34.1047	26.7584	 1.20	 52.34	0.040	  133.80	 99.90
 295.00	 292.48	 6.6959	34.1052	26.7587	 1.19	 51.94	0.040	  133.76	 99.90
 296.00	 293.47	 6.7124	34.1102	26.7604	 1.18	 51.33	0.040	  133.76	 81.07
 297.00	 294.46	 6.7308	34.1148	26.7616	 1.17	 50.98	0.040	  133.85	100.35
 298.00	 295.45	 6.7313	34.1152	26.7619	 1.17	 50.92	0.040	  133.76	 99.90
 299.00	 296.44	 6.7283	34.1147	26.7619	 1.17	 50.83	0.040	  133.81	 99.90
 300.00	 297.44	 6.7221	34.1140	26.7622	 1.17	 50.81	0.040	  133.72	 99.90
 301.00	 298.43	 6.7151	34.1134	26.7627	 1.17	 50.78	0.041	  133.75	 99.90
 302.00	 299.42	 6.7085	34.1125	26.7629	 1.16	 50.63	0.041	  133.78	 99.91
 303.00	 300.41	 6.6985	34.1112	26.7632	 1.16	 50.40	0.041	  133.80	 99.91
 304.00	 301.40	 6.6902	34.1166	26.7685	 1.15	 49.99	0.041	  133.80	 99.91
 305.00	 302.39	 6.6933	34.1201	26.7709	 1.14	 49.67	0.040	  133.81	 99.91
 306.00	 303.38	 6.6920	34.1205	26.7714	 1.14	 49.54	0.040	  133.72	 99.91
 307.00	 304.37	 6.6862	34.1203	26.7720	 1.14	 49.43	0.040	  133.71	 99.91
 308.00	 305.36	 6.6808	34.1202	26.7727	 1.13	 49.31	0.040	  133.75	 99.92
 309.00	 306.35	 6.6761	34.1205	26.7736	 1.13	 49.24	0.040	  133.78	 99.91
 310.00	 307.34	 6.6733	34.1209	26.7742	 1.13	 49.16	0.040	  133.77	 99.92
 311.00	 308.33	 6.6655	34.1226	26.7767	 1.13	 48.95	0.040	  133.81	 99.92
 312.00	 309.32	 6.6640	34.1232	26.7773	 1.12	 48.86	0.040	  133.84	 99.92
 313.00	 310.31	 6.6596	34.1234	26.7781	 1.12	 48.80	0.040	  133.78	 99.92
 314.00	 311.31	 6.6556	34.1236	26.7788	 1.12	 48.69	0.040	  133.76	 99.92
 315.00	 312.30	 6.6541	34.1240	26.7793	 1.12	 48.63	0.040	  133.75	 99.93
 316.00	 313.29	 6.6530	34.1241	26.7795	 1.12	 48.60	0.040	  133.83	 99.92
 317.00	 314.28	 6.6520	34.1242	26.7798	 1.11	 48.47	0.040	  133.82	 99.92
 318.00	 315.27	 6.6511	34.1248	26.7804	 1.11	 48.40	0.040	  133.84	 99.93
 319.00	 316.26	 6.6516	34.1249	26.7804	 1.11	 48.39	0.040	  133.80	 99.93
 320.00	 317.25	 6.6522	34.1248	26.7803	 1.11	 48.34	0.040	  133.70	 99.93
 321.00	 318.24	 6.6522	34.1250	26.7805	 1.11	 48.28	0.040	  133.70	 99.93
 322.00	 319.23	 6.6508	34.1249	26.7806	 1.11	 48.33	0.040	  133.72	 99.93
 323.00	 320.22	 6.6472	34.1253	26.7814	 1.11	 48.33	0.040	  133.75	 99.93
 324.00	 321.21	 6.6425	34.1255	26.7822	 1.11	 48.20	0.040	  133.75	 99.93
 325.00	 322.20	 6.6415	34.1257	26.7824	 1.10	 48.02	0.040	  133.76	 99.93
 326.00	 323.19	 6.6398	34.1256	26.7826	 1.10	 47.93	0.040	  133.77	 99.93
 327.00	 324.18	 6.6304	34.1252	26.7836	 1.10	 47.85	0.041	  133.68	 99.93
 328.00	 325.17	 6.6232	34.1258	26.7850	 1.10	 47.79	0.041	  133.70	 99.93
 329.00	 326.16	 6.6230	34.1258	26.7851	 1.10	 47.85	0.041	  133.70	 99.93
 330.00	 327.16	 6.6227	34.1260	26.7852	 1.10	 47.86	0.041	  133.68	 99.93
 331.00	 328.15	 6.6204	34.1260	26.7856	 1.10	 47.73	0.040	  133.69	 99.93
 332.00	 329.14	 6.6171	34.1264	26.7864	 1.09	 47.49	0.041	  133.67	 99.93
 333.00	 330.13	 6.5981	34.1256	26.7883	 1.09	 47.26	0.041	  133.65	 99.93
 334.00	 331.12	 6.5751	34.1260	26.7916	 1.08	 47.14	0.041	  133.69	 99.93
 335.00	 332.11	 6.5588	34.1252	26.7931	 1.08	 46.92	0.040	  133.70	 99.93
 336.00	 333.10	 6.5406	34.1261	26.7962	 1.08	 46.81	0.040	  133.73	 99.93
 337.00	 334.09	 6.5325	34.1268	26.7979	 1.07	 46.60	0.040	  133.74	 99.93
 338.00	 335.08	 6.5134	34.1250	26.7990	 1.07	 46.36	0.040	  133.72	 99.93
 339.00	 336.07	 6.4912	34.1259	26.8026	 1.06	 46.18	0.040	  133.79	 99.93
 340.00	 337.06	 6.4838	34.1269	26.8044	 1.06	 46.03	0.040	  133.78	 99.93
 341.00	 338.05	 6.4825	34.1270	26.8047	 1.05	 45.80	0.040	  133.69	 99.93
 342.00	 339.04	 6.4813	34.1272	26.8049	 1.05	 45.64	0.040	  133.72	 99.93
 343.00	 340.03	 6.4798	34.1272	26.8052	 1.05	 45.59	0.040	  133.74	 99.93
 344.00	 341.02	 6.4778	34.1276	26.8057	 1.05	 45.58	0.040	  133.75	 99.93
 345.00	 342.01	 6.4777	34.1275	26.8057	 1.04	 45.44	0.040	  133.70	 99.93
 346.00	 343.00	 6.4754	34.1275	26.8061	 1.04	 45.34	0.040	  133.65	 99.93
 347.00	 343.99	 6.4720	34.1278	26.8067	 1.04	 45.16	0.040	  133.79	 99.93
 348.00	 344.99	 6.4693	34.1280	26.8072	 1.03	 44.85	0.040	  133.71	 99.93
 349.00	 345.98	 6.4571	34.1283	26.8091	 1.02	 44.49	0.040	  133.70	 99.93
 350.00	 346.97	 6.4303	34.1300	26.8139	 1.02	 44.32	0.040	  133.71	 99.93
 351.00	 347.96	 6.4268	34.1306	26.8149	 1.02	 44.15	0.040	  133.70	 99.93
 352.00	 348.95	 6.4244	34.1306	26.8152	 1.01	 43.98	0.040	  133.72	 99.93
 353.00	 349.94	 6.4175	34.1306	26.8161	 1.01	 43.94	0.040	  133.78	 99.93
 354.00	 350.93	 6.4124	34.1305	26.8167	 1.01	 43.92	0.040	  133.69	 99.93
 355.00	 351.92	 6.4069	34.1304	26.8173	 1.01	 43.75	0.040	  133.69	 99.93
 356.00	 352.91	 6.4028	34.1303	26.8178	 1.01	 43.71	0.040	  133.69	 99.93
 357.00	 353.90	 6.3961	34.1302	26.8186	 1.00	 43.66	0.040	  133.71	 99.93
 358.00	 354.89	 6.3936	34.1302	26.8190	 1.00	 43.62	0.041	  133.67	 99.93
 359.00	 355.88	 6.3854	34.1298	26.8198	 1.00	 43.43	0.041	  133.66	 99.94
 360.00	 356.87	 6.3575	34.1294	26.8230	 0.99	 43.14	0.040	  133.72	 99.93
 361.00	 357.86	 6.3261	34.1283	26.8262	 0.99	 43.01	0.040	  133.63	 99.94
 362.00	 358.85	 6.2881	34.1265	26.8297	 0.99	 42.85	0.040	  133.75	 99.94
 363.00	 359.84	 6.2764	34.1267	26.8314	 0.98	 42.65	0.040	  133.70	 99.94
 364.00	 360.83	 6.2719	34.1272	26.8324	 0.98	 42.45	0.040	  133.70	 99.94
 365.00	 361.82	 6.2647	34.1276	26.8337	 0.97	 42.12	0.041	  133.69	 99.94
 366.00	 362.81	 6.2508	34.1296	26.8370	 0.96	 41.83	0.041	  133.71	 99.94
 367.00	 363.80	 6.2435	34.1316	26.8395	 0.96	 41.60	0.040	  133.75	 99.94
 368.00	 364.79	 6.2443	34.1319	26.8396	 0.95	 41.30	0.040	  133.75	 99.94
 369.00	 365.78	 6.2394	34.1323	26.8407	 0.95	 41.15	0.040	  133.84	 99.94
 370.00	 366.77	 6.2342	34.1329	26.8418	 0.94	 40.81	0.040	  133.70	 99.95
 371.00	 367.77	 6.2238	34.1345	26.8444	 0.93	 40.56	0.041	  133.70	 99.94
 372.00	 368.76	 6.2224	34.1355	26.8454	 0.93	 40.34	0.041	  133.70	 99.94
 373.00	 369.75	 6.2222	34.1356	26.8455	 0.93	 40.31	0.040	  133.74	 99.95
 374.00	 370.74	 6.2201	34.1355	26.8457	 0.93	 40.30	0.040	  133.72	 99.95
 375.00	 371.73	 6.2182	34.1356	26.8460	 0.93	 40.23	0.040	  133.71	 99.95
 376.00	 372.72	 6.2177	34.1356	26.8461	 0.93	 40.24	0.041	  133.71	 99.95
 377.00	 373.71	 6.2089	34.1347	26.8465	 0.92	 40.22	0.042	  133.71	 99.95
 378.00	 374.70	 6.2039	34.1343	26.8469	 0.92	 40.07	0.041	  133.70	 99.95
 379.00	 375.69	 6.1985	34.1341	26.8474	 0.92	 40.05	0.040	  133.70	 99.95
 380.00	 376.68	 6.1917	34.1346	26.8487	 0.92	 40.11	0.040	  133.74	 99.95
 381.00	 377.67	 6.1891	34.1349	26.8492	 0.92	 40.09	0.041	  133.74	 99.95
 382.00	 378.66	 6.1877	34.1351	26.8496	 0.92	 39.96	0.041	  133.70	 99.95
 383.00	 379.65	 6.1852	34.1358	26.8505	 0.91	 39.75	0.040	  133.69	 99.95
 384.00	 380.64	 6.1824	34.1366	26.8515	 0.91	 39.57	0.040	  133.74	 99.95
 385.00	 381.63	 6.1787	34.1375	26.8527	 0.91	 39.50	0.040	  133.71	 99.95
 386.00	 382.62	 6.1759	34.1380	26.8535	 0.91	 39.39	0.040	  133.75	 99.95
 387.00	 383.61	 6.1742	34.1384	26.8540	 0.91	 39.37	0.040	  133.80	 99.95
 388.00	 384.60	 6.1721	34.1389	26.8547	 0.91	 39.41	0.040	  133.75	 99.95
 389.00	 385.59	 6.1713	34.1391	26.8549	 0.90	 39.30	0.040	  133.70	 99.95
 390.00	 386.58	 6.1700	34.1394	26.8554	 0.90	 39.16	0.040	  133.75	 99.95
 391.00	 387.57	 6.1688	34.1397	26.8557	 0.90	 39.07	0.040	  133.70	 99.95
 392.00	 388.56	 6.1674	34.1398	26.8560	 0.89	 38.89	0.041	  133.70	 99.95
 393.00	 389.55	 6.1594	34.1412	26.8582	 0.89	 38.73	0.041	  133.70	 99.95
 394.00	 390.54	 6.1538	34.1421	26.8596	 0.89	 38.62	0.040	  133.70	 99.95
 395.00	 391.53	 6.1506	34.1427	26.8605	 0.89	 38.52	0.040	  133.65	 99.95
 396.00	 392.52	 6.1503	34.1428	26.8606	 0.88	 38.40	0.040	  133.65	 99.95
 397.00	 393.51	 6.1443	34.1437	26.8621	 0.88	 38.18	0.040	  133.63	 99.95
 398.00	 394.50	 6.1387	34.1449	26.8637	 0.88	 38.09	0.041	  133.74	 99.95
 399.00	 395.49	 6.1365	34.1453	26.8643	 0.87	 37.99	0.040	  133.69	 99.95
 400.00	 396.48	 6.1358	34.1455	26.8646	 0.87	 37.96	0.041	  133.70	 99.95
 401.00	 397.48	 6.1356	34.1455	26.8646	 0.87	 37.73	0.041	  133.70	 99.95
 402.00	 398.47	 6.1344	34.1457	26.8650	 0.86	 37.53	0.040	  133.69	 99.95
 403.00	 399.46	 6.1198	34.1490	26.8695	 0.86	 37.51	0.040	  133.67	 99.95
 404.00	 400.45	 6.1122	34.1517	26.8726	 0.86	 37.32	0.040	  133.72	 99.95
 405.00	 401.44	 6.1090	34.1524	26.8736	 0.85	 37.05	0.040	  133.72	 99.95
 406.00	 402.43	 6.1054	34.1532	26.8746	 0.85	 36.91	0.041	  133.66	 99.95
 407.00	 403.42	 6.1009	34.1541	26.8759	 0.84	 36.74	0.040	  133.68	 99.95
 408.00	 404.41	 6.0983	34.1546	26.8767	 0.84	 36.62	0.040	  133.70	 99.95
 409.00	 405.40	 6.0945	34.1553	26.8777	 0.84	 36.53	0.040	  133.72	 99.95
 410.00	 406.39	 6.0913	34.1558	26.8785	 0.84	 36.51	0.041	  133.65	 99.96
 411.00	 407.38	 6.0904	34.1560	26.8788	 0.84	 36.48	0.041	  133.64	 99.96
 412.00	 408.37	 6.0887	34.1564	26.8793	 0.84	 36.39	0.040	  133.64	 99.96
 413.00	 409.36	 6.0870	34.1567	26.8798	 0.83	 36.29	0.040	  133.69	 99.95
 414.00	 410.35	 6.0858	34.1569	26.8801	 0.83	 36.24	0.040	  133.68	 99.95
 415.00	 411.34	 6.0862	34.1572	26.8803	 0.83	 36.22	0.040	  133.68	 99.95
 416.00	 412.33	 6.0836	34.1579	26.8812	 0.83	 36.05	0.040	  133.64	 99.95
 417.00	 413.32	 6.0815	34.1581	26.8817	 0.83	 35.89	0.040	  133.63	 99.96
 418.00	 414.31	 6.0694	34.1592	26.8840	 0.82	 35.78	0.040	  133.60	 99.96
 419.00	 415.30	 6.0606	34.1606	26.8863	 0.82	 35.67	0.040	  133.63	 99.96
 420.00	 416.29	 6.0589	34.1608	26.8867	 0.82	 35.53	0.040	  133.53	 99.97
 421.00	 417.28	 6.0586	34.1609	26.8868	 0.82	 35.49	0.040	  133.65	 99.96
 422.00	 418.27	 6.0580	34.1609	26.8869	 0.81	 35.32	0.040	  133.66	 99.96
 423.00	 419.26	 6.0542	34.1611	26.8876	 0.81	 35.22	0.040	  133.67	 99.96
 424.00	 420.25	 6.0498	34.1625	26.8892	 0.81	 35.04	0.040	  133.62	 99.96
 425.00	 421.24	 6.0423	34.1629	26.8905	 0.80	 34.96	0.040	  133.60	 99.97
 426.00	 422.23	 6.0333	34.1646	26.8929	 0.80	 34.90	0.041	  133.59	 99.97
 427.00	 423.22	 6.0300	34.1648	26.8935	 0.80	 34.64	0.041	  133.61	 99.97
 428.00	 424.21	 6.0191	34.1655	26.8955	 0.79	 34.36	0.040	  133.61	 99.98
