wcoa21_data_management/01_CRUISE_METADATA/00_OCADS_data/CTD_downcasts/WCOA_2021_CTD_downcasts/dRB2102_CTD_132_02_F.txt
* Sea-Bird SBE 9 Data:
* Software Version Seasave V 7.26.7.107
* Vessel: NOAA Ship Ronald H. Brown
* Cruise: RB2102, West Coast Ocean Acidification (WCOA) 2021
* Dates: 20210622 to 20210723
* Region: NE Pacific, USA West Coast
* Ports: San Diego, CA to Port Angeles, WA to San Diego, CA
* Chief Scientists: R. Feely, NOAA PMEL; D. Greeley, NOAA PMEL; B. Carter, NOAA PMEL / UW CICOES
*END*
[from data line 1921]
1923.00	1900.84	 2.2125	34.6114	27.6540	 1.67	 72.62	0.039	     NaN	 99.94
1924.00	1901.83	 2.2115	34.6118	27.6544	 1.67	 72.64	0.039	     NaN	 99.94
1925.00	1902.81	 2.2112	34.6119	27.6545	 1.67	 72.73	0.039	     NaN	 99.94
1926.00	1903.80	 2.2105	34.6119	27.6546	 1.68	 72.99	0.039	     NaN	 99.95
1927.00	1904.78	 2.2096	34.6121	27.6548	 1.68	 72.91	0.039	     NaN	 99.94
1928.00	1905.76	 2.2093	34.6121	27.6549	 1.68	 72.81	0.039	     NaN	 99.94
1929.00	1906.75	 2.2092	34.6121	27.6549	 1.67	 72.69	0.039	     NaN	 99.94
1930.00	1907.73	 2.2088	34.6120	27.6548	 1.67	 72.70	0.039	     NaN	 99.94
1931.00	1908.72	 2.2082	34.6122	27.6550	 1.67	 72.79	0.039	     NaN	 99.94
1932.00	1909.70	 2.2067	34.6124	27.6553	 1.68	 72.89	0.039	     NaN	 99.94
1933.00	1910.68	 2.2046	34.6127	27.6557	 1.68	 73.07	0.039	     NaN	 99.94
1934.00	1911.67	 2.2032	34.6127	27.6559	 1.69	 73.47	0.039	     NaN	 99.94
1935.00	1912.65	 2.2016	34.6129	27.6562	 1.69	 73.45	0.039	     NaN	 99.94
1936.00	1913.64	 2.1990	34.6131	27.6565	 1.69	 73.36	0.039	     NaN	 99.94
1937.00	1914.62	 2.1978	34.6130	27.6565	 1.69	 73.43	0.039	     NaN	 99.94
1938.00	1915.60	 2.1969	34.6134	27.6569	 1.69	 73.59	0.039	     NaN	 99.94
1939.00	1916.59	 2.1963	34.6133	27.6569	 1.70	 73.85	0.039	     NaN	 99.94
1940.00	1917.57	 2.1909	34.6138	27.6578	 1.70	 73.99	0.039	     NaN	 99.94
1941.00	1918.56	 2.1892	34.6141	27.6581	 1.69	 73.65	0.039	     NaN	 99.94
1942.00	1919.54	 2.1890	34.6139	27.6580	 1.70	 73.78	0.039	     NaN	 99.94
1943.00	1920.52	 2.1882	34.6138	27.6580	 1.70	 74.02	0.039	     NaN	 99.94
1944.00	1921.51	 2.1868	34.6140	27.6582	 1.70	 73.89	0.039	     NaN	 99.94
1945.00	1922.49	 2.1842	34.6140	27.6584	 1.70	 73.91	0.039	     NaN	 99.94
1946.00	1923.48	 2.1816	34.6141	27.6588	 1.70	 73.82	0.039	     NaN	 99.94
1947.00	1924.46	 2.1807	34.6142	27.6589	 1.71	 74.15	0.039	     NaN	 99.94
1948.00	1925.44	 2.1795	34.6146	27.6593	 1.71	 74.39	0.039	     NaN	 99.94
1949.00	1926.43	 2.1786	34.6146	27.6594	 1.71	 74.37	0.039	     NaN	 99.94
1950.00	1927.41	 2.1784	34.6145	27.6594	 1.71	 74.27	0.039	     NaN	 99.94
1951.00	1928.40	 2.1780	34.6146	27.6595	 1.71	 74.14	0.039	     NaN	 99.94
1952.00	1929.38	 2.1780	34.6146	27.6595	 1.71	 74.19	0.039	     NaN	 99.94
1953.00	1930.36	 2.1777	34.6147	27.6596	 1.71	 74.32	0.039	     NaN	 99.93
1954.00	1931.35	 2.1772	34.6148	27.6597	 1.72	 74.53	0.039	     NaN	 99.94
1955.00	1932.33	 2.1758	34.6150	27.6600	 1.72	 74.57	0.039	     NaN	 99.93
1956.00	1933.31	 2.1748	34.6152	27.6603	 1.72	 74.53	0.039	     NaN	 99.94
1957.00	1934.30	 2.1747	34.6153	27.6603	 1.72	 74.79	0.039	     NaN	 99.94
1958.00	1935.28	 2.1747	34.6152	27.6603	 1.72	 74.68	0.039	     NaN	 99.94
1959.00	1936.27	 2.1747	34.6153	27.6604	 1.72	 74.54	0.039	     NaN	 99.94
1960.00	1937.25	 2.1744	34.6153	27.6604	 1.72	 74.79	0.039	     NaN	 99.94
1961.00	1938.23	 2.1729	34.6154	27.6606	 1.73	 74.97	0.039	     NaN	 99.93
1962.00	1939.22	 2.1710	34.6157	27.6610	 1.73	 74.99	0.039	     NaN	 99.94
1963.00	1940.20	 2.1696	34.6159	27.6613	 1.73	 75.06	0.039	     NaN	 99.94
1964.00	1941.19	 2.1686	34.6159	27.6614	 1.73	 75.09	0.039	     NaN	 99.94
1965.00	1942.17	 2.1682	34.6160	27.6615	 1.74	 75.44	0.039	     NaN	 99.93
1966.00	1943.15	 2.1677	34.6161	27.6616	 1.74	 75.68	0.039	     NaN	 99.93
1967.00	1944.14	 2.1644	34.6164	27.6621	 1.74	 75.54	0.039	     NaN	 99.93
1968.00	1945.12	 2.1624	34.6165	27.6623	 1.74	 75.67	0.039	     NaN	 99.94
1969.00	1946.10	 2.1609	34.6167	27.6627	 1.74	 75.74	0.039	     NaN	 99.94
1970.00	1947.09	 2.1598	34.6168	27.6628	 1.74	 75.69	0.039	     NaN	 99.94
1971.00	1948.07	 2.1587	34.6169	27.6630	 1.74	 75.69	0.039	     NaN	 99.94
1972.00	1949.06	 2.1571	34.6171	27.6632	 1.75	 75.90	0.039	     NaN	 99.94
1973.00	1950.04	 2.1525	34.6175	27.6640	 1.76	 76.35	0.039	     NaN	 99.93
1974.00	1951.02	 2.1517	34.6176	27.6641	 1.76	 76.47	0.039	     NaN	 99.93
1975.00	1952.01	 2.1504	34.6178	27.6644	 1.75	 76.20	0.039	     NaN	 99.93
1976.00	1952.99	 2.1492	34.6178	27.6645	 1.76	 76.27	0.039	     NaN	 99.93
1977.00	1953.97	 2.1489	34.6177	27.6644	 1.76	 76.38	0.039	     NaN	 99.94
1978.00	1954.96	 2.1482	34.6179	27.6647	 1.76	 76.38	0.039	     NaN	 99.93
1979.00	1955.94	 2.1476	34.6179	27.6647	 1.76	 76.38	0.039	     NaN	 99.93
1980.00	1956.93	 2.1470	34.6182	27.6650	 1.76	 76.41	0.040	     NaN	 99.94
1981.00	1957.91	 2.1470	34.6180	27.6648	 1.76	 76.39	0.040	     NaN	 99.93
1982.00	1958.89	 2.1463	34.6181	27.6650	 1.76	 76.60	0.039	     NaN	 99.93
1983.00	1959.88	 2.1457	34.6182	27.6651	 1.77	 76.91	0.039	     NaN	 99.93
1984.00	1960.86	 2.1438	34.6183	27.6654	 1.76	 76.67	0.039	     NaN	 99.94
1985.00	1961.85	 2.1431	34.6184	27.6655	 1.76	 76.61	0.039	     NaN	 99.93
1986.00	1962.83	 2.1415	34.6186	27.6658	 1.77	 76.96	0.039	     NaN	 99.93
1987.00	1963.81	 2.1401	34.6188	27.6660	 1.77	 76.93	0.039	     NaN	 99.93
1988.00	1964.80	 2.1396	34.6188	27.6661	 1.76	 76.59	0.039	     NaN	 99.93
1989.00	1965.78	 2.1394	34.6188	27.6662	 1.77	 76.71	0.039	     NaN	 99.93
1990.00	1966.76	 2.1391	34.6188	27.6662	 1.77	 76.90	0.039	     NaN	 99.93
1991.00	1967.75	 2.1388	34.6188	27.6662	 1.77	 76.91	0.039	     NaN	 99.93
1992.00	1968.73	 2.1386	34.6189	27.6663	 1.77	 76.91	0.039	     NaN	 99.93
1993.00	1969.71	 2.1384	34.6188	27.6662	 1.77	 77.02	0.039	     NaN	 99.93
1994.00	1970.70	 2.1385	34.6188	27.6662	 1.77	 77.01	0.039	     NaN	 99.93
1995.00	1971.68	 2.1384	34.6189	27.6664	 1.77	 77.04	0.039	     NaN	 99.93
1996.00	1972.67	 2.1384	34.6188	27.6662	 1.77	 77.01	0.039	     NaN	 99.93
1997.00	1973.65	 2.1383	34.6188	27.6663	 1.77	 76.84	0.039	     NaN	 99.93
1998.00	1974.63	 2.1381	34.6190	27.6664	 1.77	 76.84	0.039	     NaN	 99.93
1999.00	1975.62	 2.1378	34.6190	27.6665	 1.77	 76.95	0.039	     NaN	 99.93
2000.00	1976.60	 2.1376	34.6192	27.6666	 1.78	 77.24	0.039	     NaN	 99.93
2001.00	1977.58	 2.1378	34.6190	27.6665	 1.77	 77.04	0.039	     NaN	 99.93
2002.00	1978.57	 2.1379	34.6190	27.6665	 1.77	 76.94	0.039	     NaN	 99.93
2003.00	1979.55	 2.1377	34.6189	27.6664	 1.77	 77.04	0.039	     NaN	 99.93
2004.00	1980.54	 2.1357	34.6193	27.6669	 1.78	 77.15	0.040	     NaN	 99.93
2005.00	1981.52	 2.1346	34.6194	27.6671	 1.77	 76.77	0.039	     NaN	 99.93
2006.00	1982.50	 2.1346	34.6192	27.6669	 1.78	 77.41	0.039	     NaN	 99.93
2007.00	1983.49	 2.1346	34.6193	27.6670	 1.79	 77.57	0.039	     NaN	 99.93
2008.00	1984.47	 2.1344	34.6194	27.6671	 1.78	 77.20	0.040	     NaN	 99.94
2009.00	1985.45	 2.1342	34.6193	27.6671	 1.78	 77.26	0.039	     NaN	 99.93
2010.00	1986.44	 2.1340	34.6193	27.6671	 1.78	 77.32	0.039	     NaN	 99.93
2011.00	1987.42	 2.1338	34.6195	27.6673	 1.78	 77.26	0.039	     NaN	 99.93
2012.00	1988.40	 2.1340	34.6195	27.6673	 1.78	 77.22	0.039	     NaN	 99.93
2013.00	1989.39	 2.1340	34.6196	27.6673	 1.78	 77.33	0.039	     NaN	 99.93
2014.00	1990.37	 2.1341	34.6195	27.6672	 1.79	 77.58	0.040	     NaN	 99.93
2015.00	1991.36	 2.1342	34.6195	27.6673	 1.78	 77.27	0.039	     NaN	 99.93
2016.00	1992.34	 2.1341	34.6196	27.6673	 1.78	 77.27	0.039	     NaN	 99.93
2017.00	1993.32	 2.1339	34.6196	27.6673	 1.78	 77.41	0.039	     NaN	 99.93
2018.00	1994.31	 2.1342	34.6194	27.6672	 1.78	 77.41	0.039	     NaN	 99.93
2019.00	1995.29	 2.1335	34.6196	27.6674	 1.78	 77.34	0.039	     NaN	 99.93
2020.00	1996.27	 2.1318	34.6197	27.6676	 1.79	 77.62	0.039	     NaN	 99.93
2021.00	1997.26	 2.1300	34.6200	27.6680	 1.79	 77.95	0.039	     NaN	 99.93
2022.00	1998.24	 2.1292	34.6201	27.6682	 1.79	 77.67	0.039	     NaN	 99.93
2023.00	1999.22	 2.1282	34.6203	27.6684	 1.78	 77.44	0.039	     NaN	 99.93
2024.00	2000.21	 2.1279	34.6202	27.6684	 1.79	 77.83	0.039	     NaN	 99.93
2025.00	2001.19	 2.1280	34.6202	27.6683	 1.79	 77.88	0.039	     NaN	 99.94
2026.00	2002.17	 2.1279	34.6201	27.6683	 1.79	 77.77	0.039	     NaN	 99.93
2027.00	2003.16	 2.1286	34.6201	27.6683	 1.79	 77.73	0.039	     NaN	 99.93
2028.00	2004.14	 2.1268	34.6203	27.6686	 1.79	 77.62	0.039	     NaN	 99.93
2029.00	2005.12	 2.1251	34.6205	27.6688	 1.79	 77.61	0.039	     NaN	 99.93
2030.00	2006.11	 2.1247	34.6205	27.6689	 1.80	 78.24	0.039	     NaN	 99.93
2031.00	2007.09	 2.1244	34.6207	27.6691	 1.80	 78.27	0.039	     NaN	 99.93
2032.00	2008.08	 2.1245	34.6206	27.6690	 1.79	 77.82	0.039	     NaN	 99.93
2033.00	2009.06	 2.1247	34.6205	27.6690	 1.79	 77.66	0.039	     NaN	 99.93
2034.00	2010.04	 2.1241	34.6206	27.6691	 1.79	 77.88	0.039	     NaN	 99.93
2035.00	2011.03	 2.1239	34.6205	27.6690	 1.80	 78.03	0.039	     NaN	 99.93
2036.00	2012.01	 2.1215	34.6208	27.6695	 1.80	 78.15	0.039	     NaN	 99.93
2037.00	2012.99	 2.1194	34.6211	27.6699	 1.80	 78.24	0.039	     NaN	 99.93
2038.00	2013.98	 2.1180	34.6212	27.6701	 1.80	 78.33	0.039	     NaN	 99.93
2039.00	2014.96	 2.1170	34.6213	27.6702	 1.81	 78.58	0.039	     NaN	 99.93
2040.00	2015.94	 2.1149	34.6215	27.6705	 1.81	 78.62	0.039	     NaN	 99.93
2041.00	2016.93	 2.1135	34.6217	27.6708	 1.81	 78.54	0.039	     NaN	 99.93
2042.00	2017.91	 2.1120	34.6219	27.6711	 1.81	 78.84	0.039	     NaN	 99.93
2043.00	2018.89	 2.1104	34.6218	27.6712	 1.81	 78.57	0.039	     NaN	 99.93
2044.00	2019.88	 2.1131	34.6217	27.6708	 1.81	 78.61	0.039	     NaN	 99.93
2045.00	2020.86	 2.1095	34.6219	27.6713	 1.81	 78.74	0.039	     NaN	 99.93
2046.00	2021.84	 2.1070	34.6225	27.6720	 1.81	 78.70	0.039	     NaN	 99.93
2047.00	2022.83	 2.1052	34.6225	27.6721	 1.83	 79.58	0.039	     NaN	 99.93
2048.00	2023.81	 2.1031	34.6227	27.6724	 1.83	 79.47	0.039	     NaN	 99.93
2049.00	2024.79	 2.1011	34.6229	27.6728	 1.82	 78.99	0.039	     NaN	 99.93
2050.00	2025.78	 2.1007	34.6227	27.6727	 1.82	 79.09	0.039	     NaN	 99.93
2051.00	2026.76	 2.1019	34.6223	27.6723	 1.83	 79.35	0.039	     NaN	 99.93
2052.00	2027.74	 2.0998	34.6229	27.6729	 1.83	 79.63	0.039	     NaN	 99.93
2053.00	2028.73	 2.0994	34.6228	27.6729	 1.82	 79.14	0.039	     NaN	 99.93
2054.00	2029.71	 2.0979	34.6233	27.6734	 1.82	 79.23	0.039	     NaN	 99.93
2055.00	2030.70	 2.0972	34.6232	27.6734	 1.83	 79.38	0.039	     NaN	 99.93
2056.00	2031.68	 2.0960	34.6234	27.6736	 1.83	 79.66	0.039	     NaN	 99.94
2057.00	2032.66	 2.0955	34.6234	27.6736	 1.83	 79.57	0.039	     NaN	 99.94
2058.00	2033.65	 2.0954	34.6234	27.6737	 1.83	 79.48	0.039	     NaN	 99.95
2059.00	2034.63	 2.0951	34.6234	27.6737	 1.83	 79.72	0.039	     NaN	 99.95
2060.00	2035.61	 2.0949	34.6234	27.6737	 1.84	 79.82	0.039	     NaN	 99.95
2061.00	2036.60	 2.0947	34.6236	27.6739	 1.83	 79.71	0.039	     NaN	 99.95
2062.00	2037.58	 2.0943	34.6236	27.6739	 1.83	 79.57	0.039	     NaN	 99.95
2063.00	2038.56	 2.0934	34.6238	27.6742	 1.84	 79.86	0.039	     NaN	 99.95
2064.00	2039.55	 2.0928	34.6235	27.6741	 1.84	 79.80	0.039	     NaN	 99.95
2065.00	2040.53	 2.0916	34.6238	27.6744	 1.83	 79.65	0.039	     NaN	 99.94
2066.00	2041.51	 2.0909	34.6238	27.6744	 1.84	 79.99	0.039	     NaN	 99.95
2067.00	2042.50	 2.0893	34.6238	27.6746	 1.84	 80.14	0.039	     NaN	 99.94
2068.00	2043.48	 2.0882	34.6239	27.6747	 1.84	 80.07	0.039	     NaN	 99.94
2069.00	2044.46	 2.0867	34.6242	27.6751	 1.84	 80.10	0.039	     NaN	 99.94
2070.00	2045.45	 2.0840	34.6245	27.6755	 1.85	 80.57	0.039	     NaN	 99.93
2071.00	2046.43	 2.0831	34.6245	27.6756	 1.86	 80.77	0.039	     NaN	 99.93
2072.00	2047.41	 2.0812	34.6247	27.6759	 1.85	 80.49	0.039	     NaN	 99.94
2073.00	2048.40	 2.0808	34.6247	27.6760	 1.85	 80.56	0.039	     NaN	 99.93
2074.00	2049.38	 2.0786	34.6250	27.6764	 1.86	 80.65	0.039	     NaN	 99.93
2075.00	2050.36	 2.0751	34.6253	27.6769	 1.86	 80.94	0.039	     NaN	 99.93
2076.00	2051.35	 2.0747	34.6254	27.6770	 1.86	 81.03	0.039	     NaN	 99.93
2077.00	2052.33	 2.0741	34.6254	27.6771	 1.86	 80.87	0.039	     NaN	 99.93
2078.00	2053.31	 2.0731	34.6255	27.6773	 1.86	 80.98	0.039	     NaN	 99.93
2079.00	2054.30	 2.0721	34.6257	27.6775	 1.87	 81.16	0.039	     NaN	 99.93
2080.00	2055.28	 2.0717	34.6259	27.6777	 1.87	 81.32	0.039	     NaN	 99.93
2081.00	2056.26	 2.0715	34.6259	27.6777	 1.87	 81.12	0.039	     NaN	 99.93
2082.00	2057.25	 2.0715	34.6260	27.6778	 1.87	 81.05	0.039	     NaN	 99.93
2083.00	2058.23	 2.0716	34.6260	27.6778	 1.87	 81.27	0.039	     NaN	 99.93
2084.00	2059.21	 2.0716	34.6258	27.6776	 1.87	 81.08	0.039	     NaN	 99.93
2085.00	2060.20	 2.0708	34.6259	27.6778	 1.87	 81.31	0.039	     NaN	 99.93
2086.00	2061.18	 2.0678	34.6263	27.6783	 1.88	 81.55	0.039	     NaN	 99.93
2087.00	2062.16	 2.0668	34.6265	27.6786	 1.88	 81.62	0.039	     NaN	 99.93
2088.00	2063.15	 2.0647	34.6264	27.6787	 1.88	 81.55	0.039	     NaN	 99.93
2089.00	2064.13	 2.0638	34.6265	27.6788	 1.88	 81.64	0.039	     NaN	 99.93
2090.00	2065.11	 2.0636	34.6266	27.6789	 1.88	 81.63	0.039	     NaN	 99.93
2091.00	2066.10	 2.0634	34.6267	27.6790	 1.88	 81.58	0.039	     NaN	 99.93
2092.00	2067.08	 2.0633	34.6265	27.6789	 1.88	 81.77	0.039	     NaN	 99.93
2093.00	2068.06	 2.0625	34.6267	27.6791	 1.88	 81.80	0.039	     NaN	 99.93
2094.00	2069.05	 2.0610	34.6268	27.6793	 1.89	 82.00	0.039	     NaN	 99.93
2095.00	2070.03	 2.0592	34.6269	27.6795	 1.89	 82.03	0.039	     NaN	 99.93
2096.00	2071.01	 2.0587	34.6270	27.6797	 1.89	 81.97	0.039	     NaN	 99.93
2097.00	2071.99	 2.0582	34.6270	27.6797	 1.89	 82.06	0.039	     NaN	 99.92
2098.00	2072.98	 2.0563	34.6272	27.6800	 1.89	 82.17	0.039	     NaN	 99.93
2099.00	2073.96	 2.0537	34.6274	27.6804	 1.89	 82.24	0.039	     NaN	 99.93
2100.00	2074.94	 2.0537	34.6275	27.6805	 1.89	 82.26	0.038	     NaN	 99.92
2101.00	2075.93	 2.0534	34.6276	27.6806	 1.90	 82.46	0.039	     NaN	 99.92
2102.00	2076.91	 2.0531	34.6278	27.6807	 1.89	 82.28	0.039	     NaN	 99.93
2103.00	2077.89	 2.0530	34.6275	27.6805	 1.90	 82.42	0.039	     NaN	 99.93
2104.00	2078.88	 2.0525	34.6277	27.6808	 1.90	 82.55	0.039	     NaN	 99.92
2105.00	2079.86	 2.0512	34.6277	27.6808	 1.90	 82.65	0.039	     NaN	 99.93
2106.00	2080.84	 2.0474	34.6281	27.6815	 1.90	 82.75	0.039	     NaN	 99.92
2107.00	2081.83	 2.0445	34.6284	27.6819	 1.90	 82.62	0.039	     NaN	 99.93
2108.00	2082.81	 2.0436	34.6285	27.6821	 1.91	 83.12	0.039	     NaN	 99.93
2109.00	2083.79	 2.0428	34.6285	27.6822	 1.91	 82.80	0.039	     NaN	 99.93
2110.00	2084.78	 2.0425	34.6286	27.6823	 1.91	 83.20	0.039	     NaN	 99.92
2111.00	2085.76	 2.0411	34.6288	27.6826	 1.93	 83.76	0.039	     NaN	 99.92
2112.00	2086.74	 2.0393	34.6288	27.6827	 1.92	 83.28	0.039	     NaN	 99.93
2113.00	2087.73	 2.0370	34.6289	27.6829	 1.92	 83.30	0.039	     NaN	 99.92
2114.00	2088.71	 2.0357	34.6288	27.6830	 1.92	 83.46	0.039	     NaN	 99.93
2115.00	2089.69	 2.0347	34.6292	27.6834	 1.92	 83.38	0.039	     NaN	 99.93
2116.00	2090.68	 2.0343	34.6293	27.6835	 1.92	 83.44	0.039	     NaN	 99.93
2117.00	2091.66	 2.0335	34.6295	27.6837	 1.92	 83.44	0.039	     NaN	 99.93
2118.00	2092.64	 2.0328	34.6294	27.6838	 1.92	 83.59	0.039	     NaN	 99.92
2119.00	2093.62	 2.0323	34.6295	27.6838	 1.93	 84.02	0.039	     NaN	 99.93
2120.00	2094.61	 2.0304	34.6297	27.6842	 1.93	 84.09	0.039	     NaN	 99.93
2121.00	2095.59	 2.0290	34.6297	27.6843	 1.93	 84.00	0.039	     NaN	 99.93
2122.00	2096.57	 2.0276	34.6300	27.6846	 1.93	 83.93	0.039	     NaN	 99.92
2123.00	2097.56	 2.0271	34.6300	27.6846	 1.93	 84.05	0.039	     NaN	 99.93
2124.00	2098.54	 2.0270	34.6299	27.6846	 1.94	 84.14	0.039	     NaN	 99.93
2125.00	2099.52	 2.0269	34.6300	27.6847	 1.94	 84.21	0.039	     NaN	 99.93
2126.00	2100.51	 2.0257	34.6302	27.6849	 1.94	 84.27	0.039	     NaN	 99.93
2127.00	2101.49	 2.0226	34.6305	27.6855	 1.94	 84.49	0.039	     NaN	 99.93
2128.00	2102.47	 2.0212	34.6305	27.6856	 1.95	 84.53	0.039	     NaN	 99.93
2129.00	2103.46	 2.0205	34.6307	27.6858	 1.95	 84.54	0.039	     NaN	 99.93
2130.00	2104.44	 2.0202	34.6308	27.6859	 1.95	 84.78	0.039	     NaN	 99.92
2131.00	2105.42	 2.0191	34.6309	27.6860	 1.95	 84.79	0.039	     NaN	 99.93
2132.00	2106.40	 2.0187	34.6310	27.6862	 1.95	 84.79	0.039	     NaN	 99.93
2133.00	2107.39	 2.0184	34.6309	27.6861	 1.96	 84.97	0.039	     NaN	 99.93
2134.00	2108.37	 2.0179	34.6309	27.6862	 1.95	 84.81	0.039	     NaN	 99.93
