wcoa21_data_management/01_CRUISE_METADATA/00_OCADS_data/CTD_downcasts/WCOA_2021_CTD_downcasts/dRB2102_CTD_049_01_F.txt
* Sea-Bird SBE 9 Data:
* Software Version Seasave V 7.26.7.107
* Vessel: NOAA Ship Ronald H. Brown
* Cruise: RB2102, West Coast Ocean Acidification (WCOA) 2021
* Dates: 20210622 to 20210723
* Region: NE Pacific, USA West Coast
* Ports: San Diego, CA to Port Angeles, WA to San Diego, CA
* Chief Scientists: R. Feely, NOAA PMEL; D. Greeley, NOAA PMEL; B. Carter, NOAA PMEL / UW CICOES
*END*
[from data line 214]
 217.00	 215.13	 6.9566	34.0098	26.6474	 1.63	 71.09	0.040	  171.32	 79.78
 218.00	 216.12	 6.9499	34.0110	26.6492	 1.63	 71.04	0.040	  171.19	 78.80
 219.00	 217.11	 6.9520	34.0112	26.6491	 1.63	 70.91	0.040	  171.18	 77.48
 220.00	 218.10	 6.9516	34.0111	26.6492	 1.63	 70.74	0.040	  171.21	 76.74
 221.00	 219.10	 6.9506	34.0120	26.6500	 1.63	 70.74	0.040	  171.25	 75.80
 222.00	 220.09	 6.9492	34.0121	26.6503	 1.62	 70.60	0.040	  171.27	 74.81
 223.00	 221.08	 6.9488	34.0121	26.6503	 1.62	 70.50	0.040	  171.28	 73.58
 224.00	 222.07	 6.9460	34.0119	26.6506	 1.62	 70.36	0.040	  171.22	 72.39
 225.00	 223.06	 6.9456	34.0118	26.6506	 1.61	 70.08	0.040	  171.23	 71.50
 226.00	 224.05	 6.9435	34.0116	26.6507	 1.61	 69.88	0.040	  171.24	 70.56
 227.00	 225.04	 6.9403	34.0115	26.6511	 1.60	 69.80	0.040	  171.18	 69.58
 228.00	 226.03	 6.9376	34.0119	26.6518	 1.60	 69.64	0.041	  171.16	 68.43
 229.00	 227.02	 6.9370	34.0120	26.6519	 1.60	 69.50	0.040	  171.12	 67.43
 230.00	 228.01	 6.9370	34.0121	26.6520	 1.60	 69.43	0.041	  171.16	 66.46
 231.00	 229.00	 6.9364	34.0122	26.6523	 1.59	 69.38	0.040	  171.11	 65.45
 232.00	 229.99	 6.9348	34.0125	26.6527	 1.59	 69.36	0.040	  171.08	 64.54
 233.00	 230.99	 6.9337	34.0128	26.6531	 1.59	 69.31	0.040	  171.07	 63.60
 234.00	 231.98	 6.9330	34.0129	26.6533	 1.59	 69.25	0.040	  171.15	 62.64
 235.00	 232.97	 6.9325	34.0131	26.6535	 1.59	 69.23	0.040	  171.07	 61.41
 236.00	 233.96	 6.9322	34.0133	26.6537	 1.59	 69.17	0.040	  171.14	 60.34
 237.00	 234.95	 6.9323	34.0133	26.6537	 1.59	 69.08	0.040	  171.06	 59.44
 238.00	 235.94	 6.9321	34.0133	26.6538	 1.59	 69.14	0.041	  171.05	 58.57
 239.00	 236.93	 6.9309	34.0139	26.6544	 1.59	 69.15	0.042	  171.16	 57.65
 240.00	 237.92	 6.9309	34.0139	26.6544	 1.59	 69.15	0.040	  171.01	 56.72
 241.00	 238.91	 6.9309	34.0142	26.6546	 1.59	 69.15	0.040	  171.00	 55.55
 242.00	 239.90	 6.9312	34.0141	26.6545	 1.59	 69.16	0.041	  171.08	 54.37
 243.00	 240.89	 6.9313	34.0140	26.6544	 1.59	 69.17	0.040	  171.05	 53.33
 244.00	 241.88	 6.9309	34.0140	26.6545	 1.59	 69.17	0.040	  171.02	 52.50
 245.00	 242.88	 6.9313	34.0141	26.6545	 1.59	 69.20	0.040	  170.97	 51.61
 246.00	 243.87	 6.9320	34.0141	26.6545	 1.59	 69.21	0.040	  170.92	 50.66
 247.00	 244.86	 6.9325	34.0140	26.6544	 1.59	 69.23	0.040	  170.97	 49.60
 248.00	 245.85	 6.9325	34.0142	26.6545	 1.59	 69.21	0.040	  170.98	 48.46
 249.00	 246.84	 6.9329	34.0139	26.6543	 1.59	 69.16	0.040	  170.98	 47.28
 250.00	 247.83	 6.9323	34.0142	26.6546	 1.59	 69.24	0.040	  170.95	 46.45
 251.00	 248.82	 6.9318	34.0142	26.6547	 1.59	 69.20	0.041	  170.95	 45.30
 252.00	 249.81	 6.9307	34.0141	26.6548	 1.59	 69.09	0.041	  170.94	 44.28
 253.00	 250.80	 6.9282	34.0145	26.6555	 1.59	 69.02	0.041	  170.93	 43.23
 254.00	 251.79	 6.9266	34.0145	26.6557	 1.58	 68.91	0.040	  170.91	 42.33
 255.00	 252.78	 6.9242	34.0149	26.6563	 1.58	 68.94	0.040	  170.90	 41.46
 256.00	 253.77	 6.9225	34.0150	26.6566	 1.59	 68.95	0.040	  170.91	 40.34
 257.00	 254.76	 6.9228	34.0142	26.6559	 1.59	 68.96	0.040	  170.84	 39.48
 258.00	 255.75	 6.9117	34.0143	26.6576	 1.59	 68.96	0.040	  170.82	 38.59
 259.00	 256.74	 6.9099	34.0159	26.6591	 1.59	 68.97	0.040	  170.91	 37.49
 260.00	 257.74	 6.9119	34.0157	26.6587	 1.59	 68.97	0.041	  170.86	 36.23
 261.00	 258.73	 6.9099	34.0157	26.6590	 1.58	 68.87	0.040	  170.85	 35.28
 262.00	 259.72	 6.9067	34.0158	26.6595	 1.58	 68.81	0.040	  170.86	 34.30
 263.00	 260.71	 6.9031	34.0158	26.6600	 1.58	 68.83	0.040	  170.82	 33.41
 264.00	 261.70	 6.9027	34.0159	26.6601	 1.58	 68.84	0.041	  170.86	 32.51
 265.00	 262.69	 6.9034	34.0158	26.6599	 1.58	 68.78	0.040	  170.86	 31.43
 266.00	 263.68	 6.9032	34.0158	26.6600	 1.58	 68.55	0.042	  170.82	 30.68
 267.00	 264.67	 6.8993	34.0151	26.6600	 1.57	 68.43	0.041	  170.85	 29.75
 268.00	 265.66	 6.8928	34.0167	26.6622	 1.57	 68.48	0.040	  170.82	 28.59
 269.00	 266.65	 6.8969	34.0167	26.6616	 1.57	 68.47	0.040	  170.75	 27.28
 270.00	 267.64	 6.8960	34.0166	26.6616	 1.57	 68.44	0.040	  170.75	 26.41
 271.00	 268.63	 6.8952	34.0165	26.6617	 1.57	 68.27	0.040	  170.76	 25.54
 272.00	 269.62	 6.8935	34.0169	26.6622	 1.57	 68.24	0.041	  170.68	 24.57
 273.00	 270.61	 6.8912	34.0169	26.6626	 1.57	 68.21	0.042	  170.77	 23.44
 274.00	 271.60	 6.8957	34.0164	26.6616	 1.57	 68.24	0.041	  170.74	 22.26
 275.00	 272.60	 6.8948	34.0156	26.6611	 1.57	 68.18	0.042	  170.70	 21.49
 276.00	 273.59	 6.8906	34.0170	26.6628	 1.56	 68.00	0.042	  170.67	 20.60
 277.00	 274.58	 6.8885	34.0167	26.6629	 1.56	 68.06	0.041	  170.77	 19.60
 278.00	 275.57	 6.8902	34.0171	26.6629	 1.57	 68.09	0.040	  170.78	 18.35
 279.00	 276.56	 6.8927	34.0165	26.6621	 1.56	 68.03	0.040	  170.73	 17.21
 280.00	 277.55	 6.8887	34.0169	26.6630	 1.56	 67.84	0.041	  170.74	 16.10
 281.00	 278.54	 6.8877	34.0173	26.6635	 1.55	 67.61	0.040	  170.72	 15.09
 282.00	 279.53	 6.8875	34.0171	26.6634	 1.55	 67.57	0.041	  170.66	 14.14
 283.00	 280.52	 6.8861	34.0169	26.6634	 1.55	 67.56	0.040	  170.66	 13.27
 284.00	 281.51	 6.8856	34.0174	26.6639	 1.55	 67.56	0.040	  170.70	 12.12
 285.00	 282.50	 6.8839	34.0175	26.6642	 1.55	 67.41	0.040	  170.68	 10.96
 286.00	 283.49	 6.8839	34.0174	26.6642	 1.55	 67.41	0.041	  170.65	  9.84
