wcoa21_data_management/01_CRUISE_METADATA/00_OCADS_data/CTD_downcasts/WCOA_2021_CTD_downcasts/dRB2102_CTD_085_01_F.txt
* Sea-Bird SBE 9 Data:
* Software Version Seasave V 7.26.7.107
* Vessel: NOAA Ship Ronald H. Brown
* Cruise: RB2102, West Coast Ocean Acidification (WCOA) 2021
* Dates: 20210622 to 20210723
* Region: NE Pacific, USA West Coast
* Ports: San Diego, CA to Port Angeles, WA to San Diego, CA
* Chief Scientists: R. Feely, NOAA PMEL; D. Greeley, NOAA PMEL; B. Carter, NOAA PMEL / UW CICOES
*END*
[from data line 854]
 859.00	 850.84	 4.6012	34.3864	27.2412	 0.29	 12.49	0.040	  163.79	100.00
 860.00	 851.82	 4.6003	34.3868	27.2417	 0.29	 12.51	0.041	  163.80	100.00
 861.00	 852.81	 4.6004	34.3867	27.2416	 0.28	 12.18	0.041	  163.83	100.00
 862.00	 853.80	 4.5988	34.3868	27.2418	 0.28	 12.25	0.040	  163.79	100.00
 863.00	 854.79	 4.5974	34.3872	27.2423	 0.28	 12.32	0.041	  163.75	100.00
 864.00	 855.78	 4.5965	34.3870	27.2423	 0.29	 12.44	0.041	  163.78	100.00
 865.00	 856.77	 4.5925	34.3874	27.2430	 0.28	 12.29	0.040	  163.78	100.00
 866.00	 857.75	 4.5896	34.3879	27.2438	 0.28	 12.28	0.041	  163.75	100.00
 867.00	 858.74	 4.5881	34.3882	27.2442	 0.29	 12.47	0.040	  163.74	100.00
 868.00	 859.73	 4.5879	34.3881	27.2441	 0.28	 12.39	0.040	  163.74	100.00
 869.00	 860.72	 4.5873	34.3883	27.2443	 0.28	 12.37	0.040	  163.76	100.00
 870.00	 861.71	 4.5869	34.3883	27.2444	 0.28	 12.17	0.040	  163.76	100.00
 871.00	 862.70	 4.5866	34.3884	27.2445	 0.28	 12.31	0.042	  163.74	100.00
 872.00	 863.69	 4.5866	34.3884	27.2445	 0.28	 12.33	0.041	  163.71	100.00
 873.00	 864.67	 4.5863	34.3883	27.2445	 0.28	 12.22	0.041	  163.71	100.00
 874.00	 865.66	 4.5853	34.3885	27.2448	 0.29	 12.40	0.041	  163.72	100.00
 875.00	 866.65	 4.5857	34.3884	27.2447	 0.29	 12.49	0.040	  163.67	100.00
 876.00	 867.64	 4.5851	34.3886	27.2449	 0.28	 12.08	0.042	  163.60	100.00
 877.00	 868.63	 4.5854	34.3886	27.2449	 0.28	 12.24	0.042	  163.74	100.00
 878.00	 869.62	 4.5858	34.3885	27.2448	 0.29	 12.47	0.042	  163.61	100.00
 879.00	 870.60	 4.5855	34.3887	27.2449	 0.28	 12.19	0.040	  163.70	100.00
 880.00	 871.59	 4.5858	34.3885	27.2448	 0.28	 12.17	0.040	  163.68	100.00
 881.00	 872.58	 4.5838	34.3886	27.2451	 0.28	 12.38	0.040	  163.65	100.00
 882.00	 873.57	 4.5790	34.3890	27.2459	 0.29	 12.47	0.041	  163.62	100.00
 883.00	 874.56	 4.5677	34.3899	27.2479	 0.28	 12.39	0.041	  163.64	100.00
 884.00	 875.55	 4.5614	34.3906	27.2491	 0.29	 12.50	0.040	  163.61	100.00
 885.00	 876.53	 4.5600	34.3905	27.2492	 0.28	 12.29	0.040	  163.63	100.00
 886.00	 877.52	 4.5585	34.3907	27.2495	 0.28	 12.22	0.040	  163.67	100.00
 887.00	 878.51	 4.5583	34.3907	27.2496	 0.29	 12.39	0.040	  163.69	100.00
 888.00	 879.50	 4.5577	34.3907	27.2497	 0.28	 12.35	0.040	  163.63	100.00
 889.00	 880.49	 4.5591	34.3905	27.2494	 0.28	 12.25	0.040	  163.64	100.00
 890.00	 881.48	 4.5565	34.3909	27.2500	 0.29	 12.46	0.040	  163.64	100.00
 891.00	 882.46	 4.5550	34.3910	27.2502	 0.29	 12.57	0.042	  163.65	100.00
 892.00	 883.45	 4.5547	34.3910	27.2503	 0.28	 12.37	0.041	  163.63	100.00
 893.00	 884.44	 4.5529	34.3912	27.2506	 0.28	 12.35	0.041	  163.64	100.00
 894.00	 885.43	 4.5498	34.3915	27.2512	 0.28	 12.35	0.041	  163.63	100.00
 895.00	 886.42	 4.5418	34.3922	27.2526	 0.29	 12.42	0.040	  163.63	100.00
 896.00	 887.41	 4.5309	34.3926	27.2542	 0.29	 12.51	0.041	  163.60	100.00
 897.00	 888.39	 4.5194	34.3932	27.2559	 0.29	 12.47	0.040	  163.62	100.00
 898.00	 889.38	 4.5048	34.3934	27.2576	 0.29	 12.50	0.040	  163.61	100.00
 899.00	 890.37	 4.4864	34.3943	27.2603	 0.29	 12.75	0.040	  163.65	100.00
 900.00	 891.36	 4.4820	34.3944	27.2609	 0.29	 12.72	0.040	  163.57	100.00
 901.00	 892.35	 4.4774	34.3954	27.2622	 0.29	 12.50	0.040	  163.60	100.00
 902.00	 893.34	 4.4763	34.3958	27.2626	 0.30	 12.84	0.040	  163.57	100.00
 903.00	 894.32	 4.4752	34.3961	27.2630	 0.29	 12.77	0.040	  163.62	100.00
 904.00	 895.31	 4.4732	34.3970	27.2639	 0.29	 12.61	0.041	  163.61	100.00
 905.00	 896.30	 4.4727	34.3974	27.2643	 0.29	 12.67	0.042	  163.63	100.00
 906.00	 897.29	 4.4711	34.3981	27.2650	 0.29	 12.72	0.042	  163.57	100.00
 907.00	 898.28	 4.4686	34.3986	27.2657	 0.30	 12.88	0.041	  163.59	100.00
 908.00	 899.26	 4.4667	34.3991	27.2663	 0.30	 12.90	0.040	  163.58	100.00
 909.00	 900.25	 4.4648	34.3994	27.2668	 0.30	 12.91	0.041	  163.55	100.00
 910.00	 901.24	 4.4625	34.3998	27.2674	 0.30	 13.08	0.042	  163.60	100.00
 911.00	 902.23	 4.4589	34.4005	27.2683	 0.30	 12.87	0.041	  163.58	100.00
 912.00	 903.22	 4.4574	34.4006	27.2686	 0.30	 13.00	0.040	  163.57	100.00
 913.00	 904.21	 4.4566	34.4008	27.2688	 0.30	 13.00	0.041	  163.59	100.00
 914.00	 905.19	 4.4548	34.4011	27.2693	 0.30	 13.05	0.041	  163.61	100.00
 915.00	 906.18	 4.4497	34.4018	27.2703	 0.31	 13.45	0.040	  163.56	100.00
 916.00	 907.17	 4.4388	34.4035	27.2729	 0.31	 13.53	0.041	  163.55	100.00
 917.00	 908.16	 4.4315	34.4052	27.2750	 0.31	 13.35	0.042	  163.51	100.00
 918.00	 909.15	 4.4239	34.4061	27.2766	 0.31	 13.47	0.041	  163.55	100.00
 919.00	 910.14	 4.4197	34.4065	27.2774	 0.31	 13.60	0.040	  163.56	100.00
 920.00	 911.12	 4.4191	34.4067	27.2776	 0.31	 13.37	0.040	  163.53	100.00
 921.00	 912.11	 4.4150	34.4063	27.2777	 0.31	 13.65	0.040	  163.49	100.00
 922.00	 913.10	 4.3964	34.4080	27.2810	 0.31	 13.60	0.042	  163.60	100.00
 923.00	 914.09	 4.3940	34.4081	27.2814	 0.31	 13.55	0.042	  163.57	100.00
 924.00	 915.08	 4.3878	34.4084	27.2823	 0.32	 13.79	0.041	  163.54	100.00
 925.00	 916.06	 4.3791	34.4090	27.2837	 0.32	 13.72	0.040	  163.51	100.00
 926.00	 917.05	 4.3743	34.4095	27.2847	 0.32	 13.80	0.040	  163.49	100.00
 927.00	 918.04	 4.3736	34.4095	27.2847	 0.32	 13.99	0.040	  163.49	100.00
 928.00	 919.03	 4.3725	34.4097	27.2850	 0.32	 13.78	0.040	  163.48	100.00
 929.00	 920.02	 4.3687	34.4097	27.2854	 0.32	 14.00	0.040	  163.51	100.00
 930.00	 921.00	 4.3590	34.4110	27.2874	 0.32	 13.91	0.040	  163.52	100.00
 931.00	 921.99	 4.3524	34.4115	27.2886	 0.32	 13.88	0.040	  163.45	100.00
 932.00	 922.98	 4.3486	34.4120	27.2894	 0.32	 13.89	0.040	  163.57	100.00
 933.00	 923.97	 4.3457	34.4125	27.2901	 0.32	 14.02	0.041	  163.43	100.00
 934.00	 924.96	 4.3424	34.4129	27.2908	 0.33	 14.13	0.040	  163.43	100.00
 935.00	 925.95	 4.3381	34.4132	27.2915	 0.33	 14.14	0.041	  163.48	100.00
 936.00	 926.93	 4.3359	34.4136	27.2920	 0.33	 14.14	0.042	  163.39	100.00
 937.00	 927.92	 4.3353	34.4136	27.2921	 0.32	 13.92	0.042	  163.41	100.00
 938.00	 928.91	 4.3340	34.4136	27.2923	 0.32	 14.05	0.042	  163.39	100.00
 939.00	 929.90	 4.3333	34.4138	27.2925	 0.32	 14.11	0.040	  163.42	100.00
 940.00	 930.89	 4.3301	34.4141	27.2931	 0.32	 14.08	0.040	  163.41	100.00
 941.00	 931.87	 4.3279	34.4144	27.2935	 0.33	 14.38	0.040	  163.43	100.00
 942.00	 932.86	 4.3266	34.4145	27.2938	 0.33	 14.31	0.041	  163.40	100.00
 943.00	 933.85	 4.3251	34.4148	27.2942	 0.32	 14.02	0.041	  163.49	100.00
 944.00	 934.84	 4.3229	34.4148	27.2945	 0.34	 14.60	0.040	  163.39	100.00
 945.00	 935.83	 4.3194	34.4147	27.2948	 0.33	 14.35	0.040	  163.37	100.00
 946.00	 936.81	 4.3119	34.4154	27.2961	 0.32	 14.12	0.041	  163.39	100.00
 947.00	 937.80	 4.3096	34.4154	27.2963	 0.33	 14.36	0.042	  163.38	100.00
 948.00	 938.79	 4.3088	34.4154	27.2965	 0.33	 14.31	0.041	  163.40	100.00
 949.00	 939.78	 4.3088	34.4155	27.2965	 0.33	 14.30	0.042	  163.32	100.00
 950.00	 940.77	 4.3020	34.4152	27.2970	 0.33	 14.42	0.041	  163.32	100.00
 951.00	 941.75	 4.2987	34.4158	27.2978	 0.33	 14.39	0.040	  163.36	100.00
 952.00	 942.74	 4.2972	34.4154	27.2977	 0.33	 14.35	0.040	  163.35	100.00
 953.00	 943.73	 4.2943	34.4151	27.2978	 0.33	 14.26	0.040	  163.36	100.00
 954.00	 944.72	 4.2850	34.4151	27.2987	 0.33	 14.34	0.040	  163.38	100.00
 955.00	 945.71	 4.2715	34.4152	27.3003	 0.33	 14.34	0.040	  163.37	100.00
 956.00	 946.69	 4.2772	34.4158	27.3002	 0.33	 14.36	0.040	  163.39	100.00
 957.00	 947.68	 4.2635	34.4154	27.3013	 0.33	 14.55	0.040	  163.26	100.00
 958.00	 948.67	 4.2499	34.4150	27.3024	 0.35	 15.14	0.040	  163.36	100.00
 959.00	 949.66	 4.2390	34.4167	27.3049	 0.34	 14.68	0.040	  163.39	100.00
 960.00	 950.65	 4.2339	34.4174	27.3060	 0.33	 14.54	0.040	  163.30	100.00
 961.00	 951.63	 4.2325	34.4176	27.3063	 0.34	 14.69	0.040	  163.29	100.00
 962.00	 952.62	 4.2304	34.4178	27.3067	 0.34	 14.81	0.041	  163.32	100.00
 963.00	 953.61	 4.2282	34.4181	27.3072	 0.34	 14.72	0.042	  163.27	100.00
 964.00	 954.60	 4.2265	34.4186	27.3078	 0.34	 14.69	0.041	  163.39	100.00
 965.00	 955.59	 4.2236	34.4188	27.3083	 0.34	 14.93	0.041	  163.30	100.00
 966.00	 956.57	 4.2155	34.4192	27.3094	 0.34	 14.84	0.041	  163.36	100.00
 967.00	 957.56	 4.2002	34.4203	27.3119	 0.35	 15.10	0.040	  163.31	100.00
 968.00	 958.55	 4.1954	34.4208	27.3128	 0.35	 15.26	0.040	  163.31	100.00
 969.00	 959.54	 4.1907	34.4213	27.3137	 0.35	 15.17	0.041	  163.35	100.00
 970.00	 960.53	 4.1866	34.4214	27.3142	 0.35	 15.20	0.041	  163.32	100.00
 971.00	 961.51	 4.1815	34.4219	27.3151	 0.35	 15.08	0.040	  163.33	100.00
 972.00	 962.50	 4.1793	34.4222	27.3156	 0.35	 15.11	0.040	  163.28	100.00
 973.00	 963.49	 4.1774	34.4224	27.3160	 0.35	 15.10	0.041	  163.28	100.00
 974.00	 964.48	 4.1772	34.4223	27.3160	 0.35	 15.09	0.041	  163.32	100.00
 975.00	 965.47	 4.1771	34.4224	27.3161	 0.35	 15.33	0.041	  163.27	100.00
 976.00	 966.45	 4.1761	34.4224	27.3162	 0.35	 15.42	0.040	  163.32	100.00
 977.00	 967.44	 4.1710	34.4229	27.3170	 0.35	 15.24	0.040	  163.29	100.00
 978.00	 968.43	 4.1696	34.4231	27.3174	 0.35	 15.41	0.040	  163.26	100.00
 979.00	 969.42	 4.1684	34.4232	27.3176	 0.35	 15.41	0.040	  163.31	100.00
 980.00	 970.41	 4.1672	34.4235	27.3180	 0.35	 15.30	0.041	  163.41	100.00
 981.00	 971.39	 4.1661	34.4235	27.3181	 0.35	 15.25	0.042	  163.28	100.00
 982.00	 972.38	 4.1656	34.4235	27.3181	 0.35	 15.16	0.040	  163.26	100.00
 983.00	 973.37	 4.1638	34.4235	27.3183	 0.35	 15.27	0.041	  163.28	100.00
 984.00	 974.36	 4.1674	34.4234	27.3179	 0.35	 15.42	0.041	  163.24	100.00
 985.00	 975.34	 4.1598	34.4236	27.3189	 0.36	 15.63	0.040	  163.23	100.00
 986.00	 976.33	 4.1520	34.4241	27.3201	 0.35	 15.10	0.040	  163.31	100.00
 987.00	 977.32	 4.1413	34.4242	27.3213	 0.36	 15.45	0.040	  163.23	100.00
 988.00	 978.31	 4.1328	34.4248	27.3227	 0.37	 16.15	0.040	  163.23	100.00
 989.00	 979.30	 4.1239	34.4250	27.3237	 0.36	 15.77	0.040	  163.23	100.00
 990.00	 980.28	 4.1189	34.4252	27.3244	 0.36	 15.63	0.040	  163.22	100.00
 991.00	 981.27	 4.1169	34.4255	27.3248	 0.36	 15.63	0.040	  163.20	100.00
 992.00	 982.26	 4.1129	34.4257	27.3255	 0.36	 15.61	0.040	  163.21	100.00
 993.00	 983.25	 4.1105	34.4260	27.3260	 0.36	 15.70	0.041	  163.24	100.00
 994.00	 984.24	 4.1088	34.4261	27.3262	 0.36	 15.76	0.040	  163.18	100.00
 995.00	 985.22	 4.1069	34.4261	27.3264	 0.37	 15.89	0.040	  163.20	100.00
 996.00	 986.21	 4.1036	34.4265	27.3271	 0.36	 15.85	0.040	  163.20	100.00
 997.00	 987.20	 4.0992	34.4268	27.3278	 0.36	 15.77	0.040	  163.15	100.00
 998.00	 988.19	 4.0951	34.4274	27.3287	 0.37	 15.91	0.040	  163.21	100.00
 999.00	 989.17	 4.0929	34.4276	27.3290	 0.36	 15.71	0.041	  163.21	100.00
1000.00	 990.16	 4.0916	34.4275	27.3292	 0.36	 15.76	0.041	  163.16	100.00
1001.00	 991.15	 4.0909	34.4277	27.3294	 0.37	 15.89	0.041	  163.16	100.00
1002.00	 992.14	 4.0894	34.4279	27.3297	 0.37	 15.93	0.040	  163.19	100.00
1003.00	 993.13	 4.0874	34.4281	27.3301	 0.36	 15.86	0.040	  163.18	100.00
1004.00	 994.11	 4.0847	34.4284	27.3306	 0.37	 16.17	0.040	  163.14	100.00
1005.00	 995.10	 4.0832	34.4283	27.3307	 0.38	 16.53	0.041	  163.20	100.00
1006.00	 996.09	 4.0815	34.4286	27.3311	 0.37	 15.94	0.042	  163.15	100.00
1007.00	 997.08	 4.0784	34.4285	27.3314	 0.36	 15.76	0.041	  163.13	100.00
1008.00	 998.06	 4.0680	34.4295	27.3332	 0.38	 16.32	0.040	  163.17	100.00
1009.00	 999.05	 4.0636	34.4304	27.3344	 0.37	 16.18	0.040	  163.17	100.00
1010.00	1000.04	 4.0654	34.4301	27.3340	 0.37	 16.07	0.041	  163.13	100.00
1011.00	1001.03	 4.0664	34.4294	27.3333	 0.38	 16.36	0.042	  163.11	100.00
1012.00	1002.02	 4.0481	34.4323	27.3375	 0.38	 16.69	0.042	  163.11	100.00
1013.00	1003.00	 4.0469	34.4324	27.3377	 0.37	 16.27	0.042	  163.18	100.00
1014.00	1003.99	 4.0461	34.4323	27.3377	 0.38	 16.52	0.042	  163.19	100.00
1015.00	1004.98	 4.0433	34.4325	27.3382	 0.38	 16.54	0.040	  163.09	100.00
1016.00	1005.97	 4.0404	34.4326	27.3386	 0.38	 16.59	0.041	  163.12	100.00
1017.00	1006.95	 4.0371	34.4329	27.3392	 0.39	 16.80	0.041	  163.14	100.00
1018.00	1007.94	 4.0333	34.4330	27.3397	 0.38	 16.70	0.040	  163.13	100.00
1019.00	1008.93	 4.0229	34.4342	27.3417	 0.39	 16.76	0.040	  163.09	100.00
1020.00	1009.92	 4.0218	34.4344	27.3420	 0.39	 16.84	0.040	  163.09	100.00
1021.00	1010.91	 4.0203	34.4345	27.3422	 0.39	 16.94	0.040	  163.11	100.00
1022.00	1011.89	 4.0184	34.4349	27.3427	 0.39	 16.78	0.040	  163.04	100.00
1023.00	1012.88	 4.0169	34.4350	27.3429	 0.38	 16.74	0.041	  163.09	100.00
1024.00	1013.87	 4.0162	34.4351	27.3431	 0.39	 16.84	0.041	  163.08	100.00
1025.00	1014.86	 4.0144	34.4352	27.3434	 0.39	 16.79	0.040	  163.03	100.00
1026.00	1015.84	 4.0142	34.4352	27.3434	 0.39	 16.91	0.040	  163.10	100.00
1027.00	1016.83	 4.0108	34.4356	27.3441	 0.39	 16.96	0.041	  163.03	100.00
1028.00	1017.82	 4.0092	34.4358	27.3444	 0.38	 16.66	0.042	  163.09	100.00
1029.00	1018.81	 4.0083	34.4359	27.3446	 0.39	 17.08	0.042	  162.99	100.00
1030.00	1019.79	 4.0029	34.4365	27.3456	 0.39	 17.10	0.041	  163.03	100.00
1031.00	1020.78	 4.0015	34.4365	27.3458	 0.39	 17.09	0.041	  163.00	100.00
1032.00	1021.77	 3.9991	34.4368	27.3463	 0.39	 17.17	0.042	  163.00	100.00
1033.00	1022.76	 3.9949	34.4371	27.3470	 0.40	 17.37	0.040	  163.04	100.00
1034.00	1023.74	 3.9883	34.4381	27.3484	 0.41	 17.62	0.040	  162.99	100.00
1035.00	1024.73	 3.9829	34.4380	27.3489	 0.40	 17.33	0.041	  163.00	100.00
1036.00	1025.72	 3.9709	34.4392	27.3511	 0.41	 17.70	0.042	  163.00	100.00
1037.00	1026.71	 3.9647	34.4398	27.3522	 0.41	 17.64	0.041	  163.01	100.00
1038.00	1027.70	 3.9613	34.4402	27.3528	 0.40	 17.49	0.041	  163.00	100.00
1039.00	1028.68	 3.9622	34.4401	27.3527	 0.41	 17.73	0.040	  162.97	100.00
1040.00	1029.67	 3.9587	34.4402	27.3532	 0.41	 17.88	0.041	  162.90	100.00
1041.00	1030.66	 3.9550	34.4412	27.3543	 0.41	 17.99	0.042	  162.99	100.00
1042.00	1031.65	 3.9569	34.4409	27.3539	 0.40	 17.49	0.041	  162.87	100.00
1043.00	1032.63	 3.9575	34.4408	27.3538	 0.41	 17.73	0.040	  162.87	100.00
1044.00	1033.62	 3.9567	34.4407	27.3538	 0.41	 17.71	0.040	  162.95	100.00
1045.00	1034.61	 3.9522	34.4413	27.3547	 0.40	 17.49	0.041	  162.98	100.00
1046.00	1035.60	 3.9510	34.4413	27.3549	 0.41	 17.74	0.041	  162.96	100.00
1047.00	1036.58	 3.9539	34.4411	27.3544	 0.41	 17.77	0.042	  162.96	100.00
1048.00	1037.57	 3.9482	34.4417	27.3554	 0.41	 17.72	0.041	  162.94	100.00
1049.00	1038.56	 3.9480	34.4415	27.3554	 0.41	 17.88	0.040	  162.87	100.00
1050.00	1039.55	 3.9472	34.4417	27.3556	 0.41	 17.90	0.040	  162.89	100.00
1051.00	1040.53	 3.9457	34.4418	27.3558	 0.40	 17.58	0.040	  162.92	100.00
1052.00	1041.52	 3.9441	34.4418	27.3560	 0.41	 18.04	0.040	  162.88	100.00
1053.00	1042.51	 3.9411	34.4422	27.3566	 0.41	 17.95	0.040	  162.92	100.00
1054.00	1043.50	 3.9379	34.4423	27.3570	 0.41	 17.72	0.041	  162.92	100.00
1055.00	1044.48	 3.9436	34.4420	27.3562	 0.41	 17.95	0.040	  162.94	100.00
1056.00	1045.47	 3.9362	34.4427	27.3575	 0.42	 18.27	0.040	  162.90	100.00
1057.00	1046.46	 3.9351	34.4424	27.3574	 0.42	 18.05	0.040	  162.87	100.00
1058.00	1047.45	 3.9311	34.4431	27.3584	 0.43	 18.57	0.040	  162.87	100.00
1059.00	1048.43	 3.9298	34.4433	27.3587	 0.41	 18.00	0.040	  162.89	100.00
1060.00	1049.42	 3.9298	34.4433	27.3587	 0.40	 17.26	0.040	  162.94	100.00
1061.00	1050.41	 3.9297	34.4434	27.3588	 0.41	 18.00	0.040	  162.82	100.00
1062.00	1051.40	 3.9298	34.4433	27.3587	 0.42	 18.22	0.040	  162.91	100.00
1063.00	1052.38	 3.9296	34.4433	27.3588	 0.41	 17.97	0.040	  162.86	100.00
1064.00	1053.37	 3.9324	34.4432	27.3584	 0.41	 18.03	0.040	  162.89	100.00
1065.00	1054.36	 3.9330	34.4432	27.3583	 0.42	 18.08	0.040	  162.87	100.00
1066.00	1055.35	 3.9284	34.4436	27.3592	 0.43	 18.66	0.040	  162.85	100.00
1067.00	1056.33	 3.9274	34.4439	27.3595	 0.43	 18.91	0.040	  162.81	100.00
1068.00	1057.32	 3.9264	34.4441	27.3597	 0.42	 18.46	0.040	  162.80	100.00
1069.00	1058.31	 3.9249	34.4441	27.3599	 0.42	 18.14	0.040	  162.85	100.00
1070.00	1059.30	 3.9072	34.4449	27.3624	 0.42	 18.41	0.041	  162.91	100.00
