wcoa21_data_management/01_CRUISE_METADATA/00_OCADS_data/CTD_downcasts/WCOA_2021_CTD_downcasts/dRB2102_CTD_113_01_F.txt
* Sea-Bird SBE 9 Data:
* Software Version Seasave V 7.26.7.107
* Vessel: NOAA Ship Ronald H. Brown
* Cruise: RB2102, West Coast Ocean Acidification (WCOA) 2021
* Dates: 20210622 to 20210723
* Region: NE Pacific, USA West Coast
* Ports: San Diego, CA to Port Angeles, WA to San Diego, CA
* Chief Scientists: R. Feely, NOAA PMEL; D. Greeley, NOAA PMEL; B. Carter, NOAA PMEL / UW CICOES
*END*
   3.00	   2.98	15.0143	33.6011	24.8906	 6.48	282.41	0.274	  162.80	 99.81
   4.00	   3.97	15.0300	33.6014	24.8874	 6.48	282.44	0.280	  162.70	 99.81
   5.00	   4.96	15.0403	33.6008	24.8847	 6.49	282.60	0.334	  162.67	 99.81
   6.00	   5.96	15.0395	33.6009	24.8850	 6.47	282.03	0.322	  162.67	 99.81
   7.00	   6.95	15.0369	33.6007	24.8855	 6.40	278.98	0.290	  162.62	 99.80
   8.00	   7.94	14.9986	33.6024	24.8951	 6.16	268.57	0.305	  162.63	 99.81
   9.00	   8.94	14.8788	33.5936	24.9143	 5.75	250.37	0.289	  162.60	 99.80
  10.00	   9.93	14.5116	33.6004	24.9984	 5.48	238.90	0.237	  162.92	 99.77
  11.00	  10.92	14.1059	33.5967	25.0810	 5.06	220.63	0.203	  163.18	 99.66
  12.00	  11.91	13.5187	33.5933	25.1994	 4.63	201.74	0.162	  163.46	 99.56
  13.00	  12.91	12.7607	33.5894	25.3477	 4.46	194.46	0.113	  163.90	 99.47
  14.00	  13.90	12.4130	33.6158	25.4357	 4.37	190.14	0.075	  164.29	 99.37
  15.00	  14.89	12.0805	33.6242	25.5058	 4.16	181.18	0.070	  164.47	 99.30
  16.00	  15.88	11.8360	33.6276	25.5544	 4.17	181.55	0.062	  164.63	 99.30
  17.00	  16.88	11.7551	33.6306	25.5719	 4.15	180.74	0.063	  164.73	 99.32
  18.00	  17.87	11.7388	33.6344	25.5779	 4.12	179.28	0.061	  164.81	 99.32
  19.00	  18.86	11.6945	33.6383	25.5892	 4.08	177.77	0.062	  164.85	 99.33
  20.00	  19.86	11.6813	33.6412	25.5939	 4.03	175.61	0.061	  164.90	 99.34
  21.00	  20.85	11.6298	33.6464	25.6075	 3.94	171.69	0.059	  164.96	 99.34
  22.00	  21.84	11.5660	33.6499	25.6220	 3.83	166.68	0.055	  165.05	 99.34
  23.00	  22.83	11.4432	33.6649	25.6562	 3.78	164.68	0.050	  165.15	 99.35
  24.00	  23.83	11.4160	33.6696	25.6649	 3.77	163.97	0.049	  165.18	 99.37
  25.00	  24.82	11.3960	33.6729	25.6711	 3.75	163.14	0.048	  165.22	 99.38
  26.00	  25.81	11.3643	33.6766	25.6798	 3.72	161.88	0.047	  165.28	 99.39
  27.00	  26.80	11.3198	33.6810	25.6913	 3.68	160.43	0.047	  165.27	 99.39
  28.00	  27.80	11.2812	33.6864	25.7026	 3.67	159.72	0.047	  165.33	 99.39
  29.00	  28.79	11.2791	33.6870	25.7035	 3.65	158.85	0.047	  165.29	 99.40
  30.00	  29.78	11.2688	33.6887	25.7067	 3.64	158.54	0.048	  165.30	 99.41
  31.00	  30.78	11.2446	33.6916	25.7134	 3.63	158.12	0.046	  165.36	 99.41
  32.00	  31.77	11.2281	33.6928	25.7173	 3.59	156.09	0.046	  165.34	 99.41
  33.00	  32.76	11.1317	33.7013	25.7413	 3.54	154.13	0.046	  165.40	 98.09
  34.00	  33.75	11.0808	33.7060	25.7541	 3.51	152.73	0.046	  165.42	 99.37
  35.00	  34.75	11.0173	33.7106	25.7691	 3.45	150.31	0.046	  165.47	 87.42
  36.00	  35.74	10.8728	33.7199	25.8021	 3.42	148.94	0.045	  165.58	 99.57
  37.00	  36.73	10.8160	33.7244	25.8157	 3.43	149.36	0.044	  165.55	 99.44
  38.00	  37.72	10.7840	33.7254	25.8222	 3.42	148.96	0.045	  165.56	 99.45
  39.00	  38.72	10.7620	33.7264	25.8269	 3.40	148.06	0.044	  165.54	 99.46
  40.00	  39.71	10.7479	33.7281	25.8307	 3.39	147.61	0.045	  165.56	 99.46
  41.00	  40.70	10.7393	33.7297	25.8335	 3.38	147.30	0.044	  165.51	 99.46
  42.00	  41.70	10.7234	33.7308	25.8371	 3.38	147.14	0.044	  165.51	 99.46
  43.00	  42.69	10.6813	33.7325	25.8459	 3.37	146.70	0.044	  165.50	 99.46
  44.00	  43.68	10.6542	33.7350	25.8526	 3.35	145.93	0.044	  165.48	 99.46
  45.00	  44.67	10.5928	33.7377	25.8655	 3.35	145.93	0.044	  165.51	 99.46
  46.00	  45.67	10.5608	33.7400	25.8729	 3.35	145.74	0.043	  165.48	 99.47
  47.00	  46.66	10.5545	33.7410	25.8748	 3.34	145.35	0.043	  165.43	 99.47
  48.00	  47.65	10.5517	33.7415	25.8757	 3.34	145.37	0.043	  165.43	 99.48
  49.00	  48.64	10.5484	33.7428	25.8773	 3.33	144.95	0.044	  165.34	 99.49
  50.00	  49.64	10.5385	33.7439	25.8799	 3.32	144.61	0.043	  165.34	 99.48
  51.00	  50.63	10.5172	33.7452	25.8846	 3.33	144.80	0.043	  165.33	 99.48
  52.00	  51.62	10.4932	33.7453	25.8889	 3.31	144.23	0.043	  165.36	 99.49
  53.00	  52.61	10.4400	33.7512	25.9027	 3.30	143.54	0.043	  165.33	 99.49
  54.00	  53.61	10.4282	33.7548	25.9076	 3.29	143.17	0.043	  165.34	 99.49
  55.00	  54.60	10.4227	33.7574	25.9106	 3.28	142.71	0.043	  165.32	 99.49
  56.00	  55.59	10.4208	33.7617	25.9143	 3.27	142.22	0.043	  165.24	 99.49
  57.00	  56.58	10.4095	33.7630	25.9173	 3.25	141.45	0.043	  165.29	 99.49
  58.00	  57.58	10.3840	33.7665	25.9245	 3.24	141.08	0.043	  165.21	 99.49
  59.00	  58.57	10.3637	33.7703	25.9309	 3.24	140.94	0.042	  165.28	 99.49
  60.00	  59.56	10.3546	33.7721	25.9339	 3.23	140.77	0.043	  165.22	 99.50
  61.00	  60.55	10.3444	33.7739	25.9371	 3.23	140.65	0.043	  165.22	 99.50
  62.00	  61.55	10.3387	33.7745	25.9386	 3.23	140.53	0.042	  165.16	 99.50
  63.00	  62.54	10.3330	33.7753	25.9402	 3.22	140.35	0.042	  165.15	 99.50
  64.00	  63.53	10.3289	33.7763	25.9417	 3.20	139.39	0.042	  165.10	 99.50
  65.00	  64.52	10.3281	33.7820	25.9463	 3.18	138.44	0.043	  165.10	 99.51
  66.00	  65.52	10.3275	33.7878	25.9509	 3.14	136.66	0.042	  165.09	 99.51
  67.00	  66.51	10.3243	33.7990	25.9602	 3.11	135.32	0.043	  165.09	 99.51
  68.00	  67.50	10.3166	33.8036	25.9652	 3.10	135.15	0.043	  165.06	 99.51
  69.00	  68.49	10.3029	33.8078	25.9708	 3.10	134.93	0.043	  165.06	 99.52
  70.00	  69.49	10.2935	33.8101	25.9742	 3.09	134.49	0.043	  165.04	 99.53
  71.00	  70.48	10.2880	33.8115	25.9763	 3.08	134.11	0.043	  165.01	 99.53
  72.00	  71.47	10.2642	33.8145	25.9828	 3.08	134.07	0.043	  165.04	 99.54
  73.00	  72.46	10.2566	33.8164	25.9855	 3.08	133.97	0.043	  165.00	 99.54
  74.00	  73.46	10.2565	33.8174	25.9863	 3.05	132.83	0.043	  164.95	 99.54
  75.00	  74.45	10.2562	33.8210	25.9892	 3.01	131.06	0.043	  164.95	 99.54
  76.00	  75.44	10.2460	33.8240	25.9933	 3.01	130.93	0.042	  164.91	 99.54
  77.00	  76.43	10.2292	33.8281	25.9994	 3.01	131.07	0.043	  164.93	 99.54
  78.00	  77.43	10.2208	33.8297	26.0022	 3.00	130.59	0.043	  164.88	 99.55
  79.00	  78.42	10.2032	33.8334	26.0081	 2.98	129.78	0.043	  164.91	 99.55
  80.00	  79.41	10.1896	33.8363	26.0126	 2.97	129.30	0.043	  164.94	 99.55
  81.00	  80.40	10.1783	33.8397	26.0172	 2.96	128.80	0.043	  164.88	 99.55
  82.00	  81.40	10.1753	33.8408	26.0187	 2.94	128.13	0.043	  164.88	 99.56
  83.00	  82.39	10.1709	33.8422	26.0205	 2.94	127.76	0.042	  164.91	 99.56
  84.00	  83.38	10.1630	33.8442	26.0235	 2.93	127.63	0.042	  164.89	 99.56
  85.00	  84.37	10.1519	33.8463	26.0270	 2.92	126.89	0.042	  164.83	 99.56
  86.00	  85.37	10.1329	33.8512	26.0341	 2.88	125.36	0.042	  164.88	 99.56
  87.00	  86.36	10.0958	33.8601	26.0474	 2.86	124.45	0.042	  164.96	 99.56
  88.00	  87.35	10.0731	33.8659	26.0558	 2.84	123.66	0.042	  164.91	 99.56
  89.00	  88.34	10.0652	33.8677	26.0585	 2.83	123.37	0.042	  164.83	 99.57
  90.00	  89.34	10.0514	33.8709	26.0633	 2.83	123.05	0.042	  164.86	 99.57
  91.00	  90.33	10.0404	33.8735	26.0672	 2.81	122.39	0.042	  164.95	 99.57
  92.00	  91.32	10.0320	33.8758	26.0705	 2.80	121.88	0.042	  164.93	 99.58
  93.00	  92.31	10.0188	33.8786	26.0750	 2.80	122.05	0.042	  164.86	 99.58
  94.00	  93.31	10.0015	33.8827	26.0810	 2.82	122.55	0.042	  164.83	 99.58
  95.00	  94.30	 9.9912	33.8840	26.0838	 2.82	122.69	0.042	  164.84	 99.58
  96.00	  95.29	 9.9682	33.8880	26.0908	 2.82	122.69	0.042	  164.80	 99.58
  97.00	  96.28	 9.9632	33.8891	26.0926	 2.81	122.32	0.042	  164.75	 99.58
  98.00	  97.28	 9.9601	33.8902	26.0939	 2.81	122.11	0.042	  164.74	 99.58
  99.00	  98.27	 9.9574	33.8910	26.0950	 2.79	121.51	0.042	  164.80	 99.58
 100.00	  99.26	 9.9384	33.8956	26.1019	 2.77	120.67	0.042	  164.80	 99.58
 101.00	 100.25	 9.9140	33.9013	26.1104	 2.77	120.35	0.042	  164.76	 99.58
 102.00	 101.24	 9.8809	33.9083	26.1215	 2.76	120.12	0.042	  164.74	 99.58
 103.00	 102.24	 9.8740	33.9106	26.1244	 2.75	119.70	0.041	  164.73	 99.59
 104.00	 103.23	 9.8725	33.9112	26.1252	 2.74	119.20	0.040	  164.76	 99.60
 105.00	 104.22	 9.8557	33.9144	26.1305	 2.73	118.94	0.040	  164.72	 99.60
 106.00	 105.21	 9.8388	33.9190	26.1369	 2.72	118.53	0.041	  164.77	 99.60
 107.00	 106.21	 9.8242	33.9232	26.1427	 2.71	117.75	0.041	  164.72	 99.61
 108.00	 107.20	 9.8162	33.9256	26.1459	 2.68	116.81	0.040	  164.71	 99.61
 109.00	 108.19	 9.8071	33.9283	26.1495	 2.67	116.04	0.041	  164.71	 99.61
 110.00	 109.18	 9.8027	33.9294	26.1512	 2.65	115.41	0.042	  164.71	 99.61
 111.00	 110.18	 9.7906	33.9336	26.1565	 2.64	114.69	0.041	  164.73	 99.61
 112.00	 111.17	 9.7865	33.9353	26.1585	 2.62	113.97	0.040	  164.72	 99.61
 113.00	 112.16	 9.7797	33.9379	26.1617	 2.60	113.14	0.040	  164.80	 99.61
 114.00	 113.15	 9.7559	33.9448	26.1711	 2.57	111.99	0.041	  164.78	 99.63
 115.00	 114.14	 9.7425	33.9485	26.1762	 2.56	111.45	0.040	  164.69	 99.63
 116.00	 115.14	 9.7334	33.9514	26.1800	 2.56	111.33	0.040	  164.71	 99.63
 117.00	 116.13	 9.7292	33.9526	26.1817	 2.55	111.00	0.040	  164.72	 99.63
 118.00	 117.12	 9.7212	33.9550	26.1849	 2.54	110.70	0.040	  164.72	 99.63
 119.00	 118.11	 9.7154	33.9570	26.1875	 2.54	110.41	0.040	  164.71	 99.63
 120.00	 119.11	 9.7101	33.9588	26.1897	 2.52	109.85	0.040	  164.71	 99.64
 121.00	 120.10	 9.7022	33.9611	26.1928	 2.52	109.58	0.040	  164.71	 99.64
 122.00	 121.09	 9.6980	33.9627	26.1948	 2.51	109.12	0.040	  164.65	 99.65
 123.00	 122.08	 9.6928	33.9643	26.1969	 2.50	109.01	0.040	  164.69	 99.65
 124.00	 123.08	 9.6896	33.9656	26.1985	 2.50	108.65	0.040	  164.72	 99.65
 125.00	 124.07	 9.6880	33.9664	26.1994	 2.49	108.18	0.040	  164.72	 99.65
 126.00	 125.06	 9.6811	33.9687	26.2024	 2.48	107.88	0.040	  164.71	 99.66
 127.00	 126.05	 9.6774	33.9697	26.2038	 2.46	107.26	0.040	  164.69	 99.66
 128.00	 127.04	 9.6725	33.9712	26.2058	 2.43	105.91	0.040	  164.67	 99.66
 129.00	 128.04	 9.6532	33.9786	26.2148	 2.40	104.63	0.040	  164.67	 99.66
 130.00	 129.03	 9.6449	33.9821	26.2189	 2.40	104.23	0.040	  164.71	 99.66
 131.00	 130.02	 9.6401	33.9839	26.2212	 2.40	104.29	0.040	  164.68	 99.66
 132.00	 131.01	 9.6341	33.9861	26.2238	 2.39	104.22	0.040	  164.71	 99.66
 133.00	 132.00	 9.6315	33.9869	26.2249	 2.39	104.09	0.040	  164.74	 99.67
 134.00	 133.00	 9.6299	33.9877	26.2258	 2.38	103.79	0.040	  164.63	 99.68
 135.00	 133.99	 9.6271	33.9882	26.2267	 2.39	104.06	0.040	  164.73	 99.67
 136.00	 134.98	 9.6231	33.9890	26.2280	 2.40	104.44	0.041	  164.68	 99.68
 137.00	 135.97	 9.6222	33.9893	26.2284	 2.41	104.82	0.040	  164.69	 99.67
 138.00	 136.97	 9.6161	33.9899	26.2299	 2.42	105.15	0.040	  164.65	 99.68
 139.00	 137.96	 9.6038	33.9913	26.2331	 2.42	105.45	0.040	  164.62	 99.68
 140.00	 138.95	 9.5940	33.9923	26.2355	 2.43	105.78	0.040	  164.62	 99.68
 141.00	 139.94	 9.5925	33.9929	26.2362	 2.43	105.68	0.040	  164.61	 99.67
 142.00	 140.93	 9.5924	33.9928	26.2361	 2.44	106.06	0.040	  164.55	 99.67
 143.00	 141.93	 9.5903	33.9924	26.2362	 2.42	105.42	0.040	  164.55	 99.67
 144.00	 142.92	 9.5817	33.9942	26.2390	 2.40	104.35	0.040	  164.57	 99.67
 145.00	 143.91	 9.5747	33.9980	26.2432	 2.38	103.73	0.040	  164.57	 99.67
 146.00	 144.90	 9.5709	33.9994	26.2449	 2.39	103.88	0.040	  164.53	 99.67
 147.00	 145.90	 9.5693	34.0000	26.2457	 2.41	104.68	0.040	  164.57	 99.67
 148.00	 146.89	 9.5629	34.0003	26.2470	 2.43	105.64	0.040	  164.60	 99.67
 149.00	 147.88	 9.5444	34.0023	26.2516	 2.44	106.02	0.040	  164.57	 99.68
 150.00	 148.87	 9.5304	34.0040	26.2552	 2.43	105.96	0.040	  164.58	 99.68
 151.00	 149.86	 9.5159	34.0064	26.2596	 2.43	105.74	0.040	  164.49	 99.68
 152.00	 150.86	 9.5098	34.0077	26.2616	 2.43	105.72	0.040	  164.51	 99.67
 153.00	 151.85	 9.5072	34.0085	26.2626	 2.42	105.44	0.040	  164.48	 99.67
 154.00	 152.84	 9.5029	34.0097	26.2643	 2.42	105.19	0.040	  164.45	 99.67
 155.00	 153.83	 9.5024	34.0101	26.2647	 2.40	104.46	0.040	  164.37	 99.67
 156.00	 154.82	 9.5015	34.0108	26.2654	 2.37	102.92	0.040	  164.41	 99.67
 157.00	 155.82	 9.4979	34.0137	26.2683	 2.31	100.67	0.040	  164.34	 99.68
 158.00	 156.81	 9.4975	34.0142	26.2688	 2.27	 98.69	0.040	  164.45	 99.68
 159.00	 157.80	 9.4915	34.0201	26.2744	 2.26	 98.30	0.040	  164.45	 99.68
 160.00	 158.79	 9.4893	34.0218	26.2760	 2.26	 98.38	0.040	  164.42	 99.68
 161.00	 159.78	 9.4875	34.0228	26.2772	 2.26	 98.21	0.040	  164.37	 99.69
 162.00	 160.78	 9.4872	34.0230	26.2774	 2.26	 98.19	0.040	  164.40	 99.70
 163.00	 161.77	 9.4870	34.0233	26.2777	 2.25	 97.74	0.040	  164.41	 99.71
 164.00	 162.76	 9.4866	34.0236	26.2780	 2.24	 97.55	0.040	  164.41	 99.71
 165.00	 163.75	 9.4862	34.0242	26.2786	 2.24	 97.65	0.040	  164.40	 99.71
 166.00	 164.74	 9.4851	34.0249	26.2793	 2.25	 97.90	0.040	  164.40	 99.71
 167.00	 165.74	 9.4842	34.0253	26.2798	 2.25	 97.73	0.040	  164.38	 99.71
 168.00	 166.73	 9.4833	34.0258	26.2803	 2.24	 97.33	0.040	  164.35	 99.71
 169.00	 167.72	 9.4827	34.0262	26.2807	 2.23	 97.06	0.040	  164.38	 99.71
 170.00	 168.71	 9.4817	34.0270	26.2816	 2.23	 96.99	0.040	  164.38	 99.71
 171.00	 169.71	 9.4816	34.0274	26.2819	 2.22	 96.72	0.040	  164.37	 99.71
 172.00	 170.70	 9.4811	34.0278	26.2823	 2.22	 96.56	0.040	  164.35	 99.71
 173.00	 171.69	 9.4805	34.0272	26.2820	 2.22	 96.41	0.040	  164.38	 99.71
 174.00	 172.68	 9.4794	34.0287	26.2834	 2.20	 95.56	0.040	  164.36	 99.71
 175.00	 173.67	 9.4773	34.0297	26.2845	 2.16	 94.15	0.040	  164.37	 99.71
 176.00	 174.67	 9.4755	34.0313	26.2861	 2.12	 92.11	0.040	  164.36	 99.71
 177.00	 175.66	 9.4691	34.0370	26.2916	 2.06	 89.82	0.040	  164.36	 99.71
 178.00	 176.65	 9.4463	34.0444	26.3011	 2.02	 88.07	0.040	  164.42	 99.71
 179.00	 177.64	 9.4373	34.0464	26.3042	 2.03	 88.53	0.040	  164.38	 99.72
 180.00	 178.63	 9.4359	34.0466	26.3046	 2.04	 88.78	0.040	  164.45	 99.73
 181.00	 179.62	 9.4345	34.0467	26.3049	 2.04	 88.69	0.040	  164.41	 99.73
 182.00	 180.62	 9.4339	34.0465	26.3048	 2.03	 88.42	0.040	  164.34	 99.73
 183.00	 181.61	 9.4335	34.0465	26.3050	 2.02	 88.07	0.040	  164.40	 99.74
 184.00	 182.60	 9.4328	34.0463	26.3049	 2.01	 87.51	0.039	  164.37	 99.74
 185.00	 183.59	 9.4303	34.0463	26.3053	 2.00	 86.92	0.040	  164.36	 99.74
 186.00	 184.58	 9.4231	34.0471	26.3071	 1.98	 86.32	0.040	  164.36	 99.74
 187.00	 185.58	 9.4144	34.0487	26.3098	 1.97	 85.78	0.040	  164.41	 99.74
 188.00	 186.57	 9.4058	34.0505	26.3127	 1.96	 85.13	0.040	  164.41	 99.75
 189.00	 187.56	 9.3943	34.0523	26.3159	 1.94	 84.57	0.040	  164.43	 99.76
 190.00	 188.55	 9.3842	34.0549	26.3196	 1.92	 83.60	0.040	  164.41	 99.76
 191.00	 189.54	 9.3734	34.0576	26.3235	 1.90	 82.58	0.040	  164.41	 99.76
 192.00	 190.54	 9.3520	34.0604	26.3292	 1.89	 82.37	0.040	  164.40	 99.76
 193.00	 191.53	 9.3455	34.0614	26.3311	 1.90	 82.72	0.040	  164.42	 99.76
 194.00	 192.52	 9.3409	34.0621	26.3324	 1.91	 83.30	0.040	  164.36	 99.76
 195.00	 193.51	 9.3310	34.0638	26.3353	 1.93	 83.94	0.040	  164.38	 99.77
 196.00	 194.50	 9.3231	34.0649	26.3375	 1.94	 84.26	0.040	  164.39	 99.76
 197.00	 195.50	 9.3010	34.0678	26.3434	 1.93	 84.03	0.040	  164.37	 99.77
 198.00	 196.49	 9.2751	34.0732	26.3518	 1.91	 83.22	0.040	  164.39	 99.76
 199.00	 197.48	 9.2694	34.0746	26.3538	 1.89	 82.13	0.040	  164.44	 99.76
 200.00	 198.47	 9.2645	34.0757	26.3554	 1.87	 81.55	0.040	  164.36	 99.76
 201.00	 199.46	 9.2561	34.0777	26.3584	 1.87	 81.20	0.040	  164.38	 99.76
 202.00	 200.46	 9.2416	34.0801	26.3626	 1.87	 81.25	0.040	  164.32	 99.76
 203.00	 201.45	 9.2192	34.0838	26.3692	 1.87	 81.47	0.040	  164.34	 99.76
 204.00	 202.44	 9.2020	34.0878	26.3751	 1.88	 81.60	0.040	  164.36	 99.77
 205.00	 203.43	 9.1947	34.0892	26.3773	 1.88	 81.76	0.040	  164.35	 99.77
 206.00	 204.42	 9.1882	34.0900	26.3791	 1.90	 82.52	0.040	  164.38	 99.77
 207.00	 205.41	 9.1757	34.0916	26.3823	 1.91	 83.19	0.040	  164.39	 99.78
 208.00	 206.41	 9.1658	34.0933	26.3852	 1.91	 82.96	0.040	  164.34	 99.78
 209.00	 207.40	 9.1603	34.0942	26.3868	 1.91	 82.92	0.040	  164.33	 99.78
 210.00	 208.39	 9.1529	34.0957	26.3892	 1.91	 82.89	0.040	  164.29	 99.78
 211.00	 209.38	 9.1463	34.0969	26.3912	 1.90	 82.52	0.040	  164.30	 99.77
 212.00	 210.37	 9.1364	34.0985	26.3941	 1.88	 81.86	0.040	  164.27	 99.77
 213.00	 211.37	 9.1256	34.1007	26.3976	 1.87	 81.20	0.040	  164.25	 99.77
 214.00	 212.36	 9.1172	34.1027	26.4005	 1.86	 80.83	0.040	  164.35	 99.77
 215.00	 213.35	 9.1118	34.1041	26.4024	 1.85	 80.49	0.040	  164.37	 99.77
