wcoa21_data_management/01_CRUISE_METADATA/00_OCADS_data/CTD_downcasts/WCOA_2021_CTD_downcasts/dRB2102_CTD_009_01_F.txt
* Sea-Bird SBE 9 Data:
* Software Version Seasave V 7.26.7.107
* Vessel: NOAA Ship Ronald H. Brown
* Cruise: RB2102, West Coast Ocean Acidification (WCOA) 2021
* Dates: 20210622 to 20210723
* Region: NE Pacific, USA West Coast
* Ports: San Diego, CA to Port Angeles, WA to San Diego, CA
* Chief Scientists: R. Feely, NOAA PMEL; D. Greeley, NOAA PMEL; B. Carter, NOAA PMEL / UW CICOES
*END*
[from data line 427]
 431.00	 426.92	 5.3433	34.0516	26.8875	 1.06	 46.14	0.041	  125.45	 99.90
 432.00	 427.91	 5.3413	34.0519	26.8880	 1.06	 46.01	0.041	  125.43	 99.92
 433.00	 428.90	 5.3411	34.0525	26.8886	 1.05	 45.80	0.041	  125.42	 99.92
 434.00	 429.89	 5.3443	34.0540	26.8894	 1.05	 45.58	0.041	  125.45	 99.91
 435.00	 430.88	 5.3498	34.0556	26.8900	 1.04	 45.44	0.041	  125.40	 99.91
 436.00	 431.87	 5.3490	34.0561	26.8905	 1.04	 45.29	0.042	  125.42	 99.92
 437.00	 432.86	 5.3444	34.0563	26.8912	 1.04	 45.16	0.041	  125.35	 99.92
 438.00	 433.85	 5.3395	34.0569	26.8923	 1.04	 45.06	0.041	  125.44	 99.92
 439.00	 434.84	 5.3371	34.0579	26.8933	 1.03	 44.86	0.041	  125.43	 99.92
 440.00	 435.83	 5.3368	34.0581	26.8935	 1.03	 44.67	0.041	  125.38	 99.92
 441.00	 436.82	 5.3359	34.0589	26.8943	 1.02	 44.42	0.041	  125.34	 99.93
 442.00	 437.81	 5.3294	34.0597	26.8957	 1.02	 44.24	0.041	  125.44	 99.92
 443.00	 438.80	 5.3231	34.0607	26.8973	 1.01	 44.06	0.041	  125.34	 99.92
 444.00	 439.78	 5.3217	34.0612	26.8978	 1.01	 43.85	0.042	  125.42	 99.93
 445.00	 440.77	 5.3173	34.0612	26.8984	 1.00	 43.61	0.042	  125.32	 99.93
 446.00	 441.76	 5.3184	34.0641	26.9005	 1.00	 43.28	0.041	  125.37	 99.92
 447.00	 442.75	 5.3151	34.0665	26.9028	 0.99	 43.03	0.041	  125.38	 99.93
 448.00	 443.74	 5.3102	34.0672	26.9040	 0.98	 42.69	0.041	  125.38	 99.93
 449.00	 444.73	 5.3013	34.0678	26.9054	 0.98	 42.55	0.042	  125.34	 99.93
 450.00	 445.72	 5.2953	34.0678	26.9061	 0.98	 42.42	0.041	  125.36	 99.93
 451.00	 446.71	 5.2894	34.0682	26.9072	 0.97	 42.34	0.041	  125.34	 99.93
 452.00	 447.70	 5.2886	34.0682	26.9073	 0.97	 42.29	0.041	  125.30	 99.93
 453.00	 448.69	 5.2871	34.0678	26.9072	 0.97	 42.14	0.041	  125.36	 99.93
 454.00	 449.68	 5.2669	34.0685	26.9101	 0.97	 42.01	0.042	  125.33	 99.93
 455.00	 450.67	 5.2538	34.0685	26.9116	 0.96	 41.82	0.041	  125.34	 99.93
 456.00	 451.66	 5.2481	34.0697	26.9133	 0.96	 41.57	0.041	  125.39	 99.93
 457.00	 452.65	 5.2467	34.0711	26.9145	 0.95	 41.34	0.041	  125.35	 99.93
 458.00	 453.64	 5.2487	34.0719	26.9149	 0.95	 41.16	0.042	  125.33	 99.93
 459.00	 454.63	 5.2520	34.0729	26.9153	 0.94	 40.92	0.041	  125.29	 99.93
 460.00	 455.62	 5.2554	34.0745	26.9162	 0.94	 40.81	0.041	  125.37	 99.93
 461.00	 456.60	 5.2379	34.0732	26.9172	 0.94	 40.85	0.041	  125.32	 99.93
 462.00	 457.59	 5.2289	34.0726	26.9179	 0.94	 40.83	0.041	  125.35	 99.93
 463.00	 458.58	 5.2131	34.0720	26.9192	 0.94	 40.72	0.041	  125.32	 99.93
 464.00	 459.57	 5.2004	34.0717	26.9204	 0.93	 40.54	0.041	  125.34	 99.93
 465.00	 460.56	 5.1995	34.0740	26.9224	 0.93	 40.34	0.041	  125.32	 99.93
 466.00	 461.55	 5.2011	34.0750	26.9230	 0.92	 39.97	0.042	  125.30	 99.93
 467.00	 462.54	 5.2042	34.0767	26.9240	 0.91	 39.57	0.041	  125.32	 99.93
 468.00	 463.53	 5.2292	34.0816	26.9250	 0.90	 38.95	0.041	  125.29	 99.93
 469.00	 464.52	 5.2335	34.0857	26.9278	 0.88	 38.36	0.041	  125.31	 99.93
 470.00	 465.51	 5.2340	34.0872	26.9289	 0.87	 38.00	0.042	  125.32	 99.93
 471.00	 466.50	 5.2349	34.0879	26.9294	 0.87	 37.70	0.041	  125.28	 99.93
 472.00	 467.49	 5.2331	34.0881	26.9298	 0.86	 37.48	0.041	  125.29	 99.94
 473.00	 468.48	 5.2341	34.0894	26.9307	 0.86	 37.27	0.041	  125.27	 99.94
 474.00	 469.47	 5.2345	34.0903	26.9313	 0.86	 37.18	0.041	  125.27	 99.95
 475.00	 470.46	 5.2350	34.0905	26.9314	 0.85	 36.98	0.041	  125.31	 99.94
 476.00	 471.44	 5.2339	34.0904	26.9315	 0.85	 36.91	0.041	  125.30	 99.95
 477.00	 472.43	 5.2305	34.0912	26.9325	 0.85	 36.81	0.041	  125.30	 99.94
 478.00	 473.42	 5.2297	34.0914	26.9328	 0.85	 36.75	0.042	  125.33	 99.95
 479.00	 474.41	 5.2279	34.0915	26.9331	 0.84	 36.61	0.041	  125.30	 99.94
 480.00	 475.40	 5.2277	34.0917	26.9333	 0.84	 36.43	0.041	  125.27	 99.94
 481.00	 476.39	 5.2149	34.0928	26.9357	 0.83	 36.29	0.041	  125.27	 99.95
 482.00	 477.38	 5.2048	34.0948	26.9385	 0.83	 36.06	0.041	  125.31	 99.95
 483.00	 478.37	 5.1951	34.0960	26.9405	 0.82	 35.84	0.041	  125.23	 99.95
 484.00	 479.36	 5.1845	34.0977	26.9431	 0.82	 35.59	0.041	  125.27	 99.95
 485.00	 480.35	 5.1817	34.0979	26.9436	 0.81	 35.38	0.041	  125.29	 99.95
 486.00	 481.34	 5.1793	34.0983	26.9442	 0.81	 35.25	0.042	  125.25	 99.95
 487.00	 482.33	 5.1775	34.0986	26.9446	 0.81	 35.17	0.041	  125.25	 99.95
 488.00	 483.32	 5.1768	34.0987	26.9449	 0.81	 35.13	0.041	  125.31	 99.95
 489.00	 484.30	 5.1737	34.0993	26.9457	 0.80	 34.89	0.041	  125.30	 99.95
 490.00	 485.29	 5.1692	34.1001	26.9468	 0.80	 34.80	0.041	  125.21	 99.95
 491.00	 486.28	 5.1666	34.1006	26.9475	 0.80	 34.75	0.041	  125.31	 99.95
 492.00	 487.27	 5.1651	34.1008	26.9479	 0.80	 34.66	0.041	  125.24	 80.94
 493.00	 488.26	 5.1645	34.1009	26.9481	 0.80	 34.65	0.041	  125.28	 99.99
 494.00	 489.25	 5.1643	34.1010	26.9482	 0.80	 34.61	0.041	  125.23	 99.95
 495.00	 490.24	 5.1622	34.1010	26.9484	 0.79	 34.55	0.041	  125.28	 99.95
 496.00	 491.23	 5.1536	34.1011	26.9494	 0.79	 34.52	0.040	  125.21	 99.95
 497.00	 492.22	 5.1376	34.1012	26.9514	 0.79	 34.55	0.040	  125.23	 70.49
 498.00	 493.21	 5.1266	34.1009	26.9524	 0.79	 34.52	0.041	  125.25	 99.95
 499.00	 494.20	 5.1171	34.1003	26.9531	 0.79	 34.56	0.041	  125.20	 99.95
 500.00	 495.19	 5.1132	34.1006	26.9538	 0.79	 34.55	0.041	  125.24	 99.95
 501.00	 496.18	 5.1132	34.1005	26.9537	 0.79	 34.47	0.041	  125.23	 99.95
 502.00	 497.16	 5.1102	34.1001	26.9537	 0.79	 34.43	0.041	  125.18	 99.95
 503.00	 498.15	 5.0987	34.0988	26.9541	 0.79	 34.43	0.041	  125.22	 99.05
 504.00	 499.14	 5.0915	34.0981	26.9543	 0.79	 34.45	0.041	  125.26	 98.50
 505.00	 500.13	 5.0932	34.0986	26.9545	 0.79	 34.23	0.041	  125.25	 97.68
 506.00	 501.12	 5.0796	34.0977	26.9554	 0.78	 33.99	0.040	  125.27	 96.75
 507.00	 502.11	 5.0454	34.1018	26.9626	 0.78	 33.73	0.041	  125.27	 95.83
 508.00	 503.10	 5.0349	34.1048	26.9661	 0.77	 33.49	0.040	  125.23	 94.79
 509.00	 504.09	 5.0349	34.1044	26.9658	 0.76	 33.24	0.040	  125.23	 93.81
 510.00	 505.08	 5.0333	34.1065	26.9677	 0.76	 32.95	0.040	  125.24	 92.74
 511.00	 506.07	 5.0295	34.1087	26.9698	 0.75	 32.64	0.040	  125.15	 91.58
 512.00	 507.06	 5.0275	34.1096	26.9708	 0.74	 32.37	0.040	  125.16	 90.50
 513.00	 508.05	 5.0267	34.1099	26.9712	 0.74	 32.11	0.040	  125.13	 89.47
 514.00	 509.03	 5.0257	34.1107	26.9719	 0.74	 32.04	0.040	  125.02	 88.50
 515.00	 510.02	 5.0257	34.1107	26.9719	 0.73	 31.93	0.040	  125.08	 87.54
 516.00	 511.01	 5.0249	34.1112	26.9724	 0.73	 31.90	0.040	  125.06	 86.64
 517.00	 512.00	 5.0244	34.1116	26.9728	 0.73	 31.79	0.040	  125.07	 85.67
 518.00	 512.99	 5.0244	34.1118	26.9729	 0.73	 31.75	0.040	  125.06	 84.72
 519.00	 513.98	 5.0240	34.1120	26.9732	 0.73	 31.67	0.040	  125.04	 83.65
 520.00	 514.97	 5.0243	34.1132	26.9741	 0.72	 31.52	0.041	  125.01	 82.53
 521.00	 515.96	 5.0255	34.1135	26.9743	 0.72	 31.45	0.041	  125.02	 81.42
 522.00	 516.95	 5.0281	34.1140	26.9743	 0.72	 31.39	0.040	  125.08	 80.47
 523.00	 517.94	 5.0279	34.1148	26.9750	 0.72	 31.42	0.040	  125.05	 79.56
 524.00	 518.93	 5.0282	34.1146	26.9748	 0.72	 31.28	0.040	  125.08	 78.56
 525.00	 519.91	 5.0279	34.1149	26.9751	 0.72	 31.27	0.042	  125.04	 77.60
 526.00	 520.90	 5.0283	34.1148	26.9750	 0.72	 31.27	0.041	  125.06	 76.59
 527.00	 521.89	 5.0288	34.1154	26.9754	 0.72	 31.19	0.040	  125.04	 75.62
 528.00	 522.88	 5.0290	34.1156	26.9755	 0.72	 31.10	0.040	  125.06	 74.63
 529.00	 523.87	 5.0269	34.1177	26.9775	 0.71	 31.02	0.041	  125.06	 73.53
 530.00	 524.86	 5.0227	34.1194	26.9793	 0.71	 30.85	0.041	  125.02	 72.55
 531.00	 525.85	 5.0203	34.1195	26.9797	 0.71	 30.75	0.040	  125.03	 71.46
 532.00	 526.84	 5.0163	34.1198	26.9804	 0.70	 30.65	0.040	  125.06	 70.49
 533.00	 527.83	 5.0125	34.1201	26.9811	 0.70	 30.52	0.040	  125.09	 69.50
 534.00	 528.82	 5.0084	34.1209	26.9821	 0.70	 30.44	0.040	  125.07	 68.49
 535.00	 529.80	 4.9947	34.1206	26.9835	 0.70	 30.39	0.040	  125.08	 67.45
 536.00	 530.79	 4.9949	34.1206	26.9835	 0.70	 30.41	0.040	  125.05	 66.43
 537.00	 531.78	 4.9945	34.1206	26.9835	 0.70	 30.40	0.040	  125.09	 65.50
 538.00	 532.77	 4.9957	34.1203	26.9832	 0.70	 30.41	0.040	  125.02	 64.53
 539.00	 533.76	 4.9952	34.1204	26.9833	 0.70	 30.34	0.040	  125.04	 63.66
 540.00	 534.75	 4.9943	34.1206	26.9836	 0.70	 30.24	0.040	  125.00	 62.61
 541.00	 535.74	 4.9902	34.1213	26.9846	 0.70	 30.24	0.041	  125.04	 61.56
 542.00	 536.73	 4.9888	34.1218	26.9851	 0.69	 30.20	0.041	  125.04	 60.51
 543.00	 537.72	 4.9884	34.1219	26.9853	 0.69	 30.11	0.040	  125.04	 59.37
 544.00	 538.71	 4.9869	34.1221	26.9857	 0.69	 30.07	0.040	  124.98	 58.30
 545.00	 539.69	 4.9845	34.1226	26.9863	 0.69	 29.89	0.041	  124.96	 57.41
 546.00	 540.68	 4.9739	34.1247	26.9892	 0.69	 29.86	0.040	  125.03	 56.51
 547.00	 541.67	 4.9732	34.1250	26.9895	 0.68	 29.71	0.041	  124.99	 55.58
 548.00	 542.66	 4.9727	34.1251	26.9897	 0.68	 29.70	0.041	  125.01	 54.59
 549.00	 543.65	 4.9706	34.1254	26.9902	 0.68	 29.65	0.040	  125.01	 53.54
 550.00	 544.64	 4.9673	34.1259	26.9909	 0.68	 29.41	0.040	  124.96	 52.35
 551.00	 545.63	 4.9532	34.1269	26.9933	 0.67	 29.14	0.040	  125.02	 51.29
 552.00	 546.62	 4.9417	34.1290	26.9963	 0.66	 28.71	0.040	  124.94	 50.34
 553.00	 547.61	 4.9374	34.1336	27.0005	 0.65	 28.35	0.040	  125.01	 49.40
 554.00	 548.60	 4.9289	34.1372	27.0043	 0.65	 28.08	0.041	  124.98	 48.45
 555.00	 549.58	 4.9259	34.1385	27.0056	 0.64	 27.85	0.041	  124.91	 47.45
 556.00	 550.57	 4.9236	34.1393	27.0066	 0.64	 27.75	0.040	  125.02	 46.47
 557.00	 551.56	 4.9208	34.1401	27.0075	 0.63	 27.56	0.040	  124.99	 45.50
 558.00	 552.55	 4.9165	34.1410	27.0087	 0.63	 27.37	0.040	  124.91	 44.41
 559.00	 553.54	 4.9113	34.1422	27.0102	 0.63	 27.21	0.040	  124.96	 43.39
 560.00	 554.53	 4.9060	34.1435	27.0119	 0.62	 27.02	0.041	  124.95	 42.32
 561.00	 555.52	 4.9023	34.1444	27.0131	 0.62	 26.89	0.040	  124.95	 41.27
 562.00	 556.51	 4.8988	34.1452	27.0141	 0.61	 26.73	0.040	  124.95	 40.25
 563.00	 557.50	 4.8977	34.1456	27.0145	 0.61	 26.65	0.040	  124.92	 39.27
 564.00	 558.48	 4.8965	34.1457	27.0148	 0.61	 26.57	0.040	  124.97	 38.40
 565.00	 559.47	 4.8941	34.1461	27.0154	 0.61	 26.35	0.040	  124.91	 37.51
 566.00	 560.46	 4.8843	34.1478	27.0178	 0.60	 26.24	0.042	  124.94	 36.49
 567.00	 561.45	 4.8768	34.1494	27.0200	 0.60	 26.14	0.041	  125.00	 35.45
 568.00	 562.44	 4.8741	34.1501	27.0208	 0.60	 26.00	0.041	  124.94	 34.19
 569.00	 563.43	 4.8748	34.1502	27.0208	 0.60	 25.93	0.040	  124.88	 33.14
 570.00	 564.42	 4.8720	34.1510	27.0218	 0.59	 25.77	0.040	  124.91	 32.23
 571.00	 565.41	 4.8696	34.1514	27.0224	 0.59	 25.77	0.040	  124.91	 31.34
 572.00	 566.39	 4.8633	34.1526	27.0240	 0.59	 25.65	0.041	  124.92	 30.29
 573.00	 567.38	 4.8584	34.1535	27.0253	 0.59	 25.59	0.041	  124.95	 29.29
 574.00	 568.37	 4.8561	34.1541	27.0260	 0.59	 25.51	0.040	  124.93	 28.33
 575.00	 569.36	 4.8538	34.1543	27.0265	 0.58	 25.39	0.041	  124.91	 27.34
 576.00	 570.35	 4.8481	34.1554	27.0280	 0.58	 25.25	0.041	  124.94	 26.27
 577.00	 571.34	 4.8417	34.1566	27.0296	 0.58	 25.15	0.040	  124.92	 25.24
 578.00	 572.33	 4.8369	34.1574	27.0308	 0.58	 25.06	0.041	  124.97	 24.21
 579.00	 573.32	 4.8279	34.1589	27.0330	 0.57	 24.93	0.040	  124.95	 23.21
 580.00	 574.31	 4.8252	34.1593	27.0337	 0.57	 24.74	0.040	  124.96	 22.27
 581.00	 575.29	 4.8183	34.1603	27.0353	 0.57	 24.64	0.041	  124.97	 21.30
 582.00	 576.28	 4.8101	34.1620	27.0375	 0.56	 24.41	0.042	  124.91	 20.23
 583.00	 577.27	 4.8052	34.1627	27.0386	 0.56	 24.26	0.041	  124.90	 19.12
 584.00	 578.26	 4.8036	34.1631	27.0391	 0.56	 24.13	0.040	  124.92	 18.08
 585.00	 579.25	 4.8033	34.1634	27.0394	 0.55	 24.11	0.041	  124.93	 17.06
 586.00	 580.24	 4.8021	34.1637	27.0398	 0.55	 23.99	0.040	  124.90	 16.16
 587.00	 581.23	 4.8010	34.1638	27.0400	 0.55	 24.03	0.041	  124.98	 15.25
 588.00	 582.22	 4.7997	34.1642	27.0405	 0.55	 24.00	0.041	  124.93	 14.24
 589.00	 583.20	 4.7988	34.1644	27.0408	 0.55	 23.94	0.040	  124.93	 13.18
 590.00	 584.19	 4.7981	34.1646	27.0410	 0.55	 23.99	0.040	  124.99	 12.16
 591.00	 585.18	 4.7984	34.1645	27.0409	 0.55	 23.86	0.040	  124.93	 11.15
 592.00	 586.17	 4.7976	34.1646	27.0410	 0.55	 23.82	0.040	  125.01	 10.09
 593.00	 587.16	 4.7711	34.1695	27.0479	 0.52	 22.60	0.042	  124.47	  9.06
