wcoa21_data_management/01_CRUISE_METADATA/00_OCADS_data/CTD_downcasts/WCOA_2021_CTD_downcasts/dRB2102_CTD_024_01_F.txt
* Sea-Bird SBE 9 Data:
* Software Version Seasave V 7.26.7.107
* Vessel: NOAA Ship Ronald H. Brown
* Cruise: RB2102, West Coast Ocean Acidification (WCOA) 2021
* Dates: 20210622 to 20210723
* Region: NE Pacific, USA West Coast
* Ports: San Diego, CA to Port Angeles, WA to San Diego, CA
* Chief Scientists: R. Feely, NOAA PMEL; D. Greeley, NOAA PMEL; B. Carter, NOAA PMEL / UW CICOES
*END*
[from data line 641]
 644.00	 637.62	 4.6064	34.1867	27.0801	 0.45	 19.60	0.042	  141.04	100.00
 645.00	 638.61	 4.6058	34.1875	27.0808	 0.45	 19.49	0.041	  141.08	100.00
 646.00	 639.60	 4.6038	34.1875	27.0810	 0.45	 19.43	0.041	  141.04	100.00
 647.00	 640.59	 4.6006	34.1877	27.0816	 0.45	 19.45	0.041	  141.03	100.00
 648.00	 641.58	 4.5979	34.1879	27.0820	 0.45	 19.41	0.040	  141.04	100.00
 649.00	 642.57	 4.5886	34.1880	27.0832	 0.44	 19.35	0.041	  140.98	100.00
 650.00	 643.55	 4.5819	34.1880	27.0839	 0.45	 19.41	0.041	  141.00	100.00
 651.00	 644.54	 4.5734	34.1877	27.0846	 0.45	 19.43	0.041	  141.04	100.00
 652.00	 645.53	 4.5504	34.1859	27.0856	 0.45	 19.35	0.042	  141.04	100.00
 653.00	 646.52	 4.5332	34.1885	27.0896	 0.44	 19.17	0.040	  140.94	100.00
 654.00	 647.51	 4.5318	34.1884	27.0897	 0.44	 19.08	0.040	  141.01	100.00
 655.00	 648.50	 4.5308	34.1885	27.0898	 0.44	 19.11	0.040	  141.01	100.00
 656.00	 649.49	 4.5299	34.1884	27.0899	 0.44	 19.09	0.041	  141.02	100.00
 657.00	 650.47	 4.5318	34.1888	27.0900	 0.44	 18.99	0.041	  141.02	100.00
 658.00	 651.46	 4.5320	34.1885	27.0897	 0.44	 18.93	0.042	  140.96	100.00
 659.00	 652.45	 4.5278	34.1892	27.0908	 0.44	 18.93	0.042	  141.03	100.00
 660.00	 653.44	 4.5251	34.1901	27.0918	 0.43	 18.87	0.041	  141.07	100.00
 661.00	 654.43	 4.5243	34.1901	27.0918	 0.43	 18.76	0.040	  140.99	100.00
 662.00	 655.42	 4.5215	34.1901	27.0921	 0.43	 18.75	0.040	  141.04	100.00
 663.00	 656.41	 4.5151	34.1911	27.0937	 0.43	 18.75	0.041	  140.97	100.00
 664.00	 657.39	 4.5103	34.1923	27.0951	 0.43	 18.72	0.040	  141.01	100.00
 665.00	 658.38	 4.5086	34.1926	27.0956	 0.43	 18.56	0.041	  140.94	100.00
 666.00	 659.37	 4.5064	34.1930	27.0962	 0.42	 18.45	0.040	  140.98	100.00
 667.00	 660.36	 4.5066	34.1935	27.0966	 0.42	 18.42	0.041	  140.98	100.00
 668.00	 661.35	 4.5061	34.1942	27.0971	 0.42	 18.39	0.042	  140.99	100.00
 669.00	 662.34	 4.5053	34.1958	27.0985	 0.42	 18.27	0.041	  140.94	100.00
 670.00	 663.32	 4.5065	34.1970	27.0993	 0.42	 18.17	0.041	  140.95	100.00
 671.00	 664.31	 4.5103	34.1992	27.1007	 0.42	 18.13	0.041	  140.90	100.00
 672.00	 665.30	 4.5170	34.2001	27.1007	 0.42	 18.07	0.041	  140.94	100.00
 673.00	 666.29	 4.5205	34.2014	27.1013	 0.41	 18.01	0.042	  140.99	100.00
 674.00	 667.28	 4.5131	34.2002	27.1012	 0.41	 17.97	0.042	  140.93	100.00
 675.00	 668.27	 4.5096	34.2004	27.1018	 0.41	 17.91	0.042	  140.93	100.00
 676.00	 669.26	 4.4999	34.2004	27.1028	 0.41	 17.87	0.041	  140.92	100.00
 677.00	 670.24	 4.5043	34.2009	27.1027	 0.41	 17.78	0.040	  140.93	100.00
 678.00	 671.23	 4.5078	34.2043	27.1051	 0.40	 17.60	0.041	  140.91	100.00
 679.00	 672.22	 4.5063	34.2055	27.1062	 0.40	 17.48	0.042	  140.92	100.00
 680.00	 673.21	 4.5009	34.2079	27.1087	 0.40	 17.45	0.041	  140.92	100.00
 681.00	 674.20	 4.4932	34.2105	27.1116	 0.40	 17.36	0.040	  140.95	100.00
 682.00	 675.19	 4.4907	34.2112	27.1124	 0.40	 17.24	0.040	  140.92	100.00
 683.00	 676.17	 4.4889	34.2114	27.1128	 0.39	 17.14	0.040	  140.90	100.00
 684.00	 677.16	 4.4855	34.2125	27.1141	 0.39	 17.07	0.040	  140.92	100.00
 685.00	 678.15	 4.4831	34.2138	27.1154	 0.39	 16.94	0.041	  140.89	100.00
 686.00	 679.14	 4.4824	34.2143	27.1158	 0.39	 16.87	0.040	  140.90	100.00
 687.00	 680.13	 4.4798	34.2162	27.1176	 0.38	 16.74	0.040	  140.90	100.00
 688.00	 681.12	 4.4794	34.2165	27.1179	 0.38	 16.73	0.040	  140.90	100.00
 689.00	 682.10	 4.4789	34.2171	27.1184	 0.38	 16.73	0.041	  140.91	100.00
 690.00	 683.09	 4.4776	34.2177	27.1191	 0.38	 16.74	0.040	  140.87	100.00
 691.00	 684.08	 4.4776	34.2176	27.1190	 0.38	 16.68	0.040	  140.91	100.00
 692.00	 685.07	 4.4767	34.2179	27.1193	 0.38	 16.69	0.040	  140.93	100.00
 693.00	 686.06	 4.4762	34.2184	27.1198	 0.38	 16.54	0.041	  140.90	100.00
 694.00	 687.05	 4.4745	34.2196	27.1210	 0.38	 16.53	0.041	  140.89	100.00
 695.00	 688.03	 4.4720	34.2211	27.1224	 0.38	 16.47	0.042	  140.85	100.00
 696.00	 689.02	 4.4700	34.2236	27.1246	 0.37	 16.28	0.041	  140.89	100.00
 697.00	 690.01	 4.4680	34.2251	27.1260	 0.37	 16.14	0.040	  140.90	100.00
 698.00	 691.00	 4.4622	34.2291	27.1298	 0.37	 16.14	0.040	  140.89	100.00
 699.00	 691.99	 4.4603	34.2306	27.1312	 0.37	 16.06	0.041	  140.83	100.00
 700.00	 692.98	 4.4597	34.2309	27.1315	 0.37	 16.00	0.041	  140.86	100.00
 701.00	 693.96	 4.4592	34.2315	27.1321	 0.37	 15.97	0.040	  140.87	100.00
 702.00	 694.95	 4.4585	34.2324	27.1329	 0.37	 15.88	0.041	  140.86	100.00
 703.00	 695.94	 4.4584	34.2330	27.1334	 0.36	 15.78	0.041	  140.90	100.00
 704.00	 696.93	 4.4585	34.2337	27.1339	 0.36	 15.74	0.041	  140.86	100.00
 705.00	 697.92	 4.4585	34.2342	27.1343	 0.36	 15.67	0.040	  140.85	100.00
 706.00	 698.91	 4.4584	34.2343	27.1345	 0.36	 15.62	0.041	  140.90	100.00
 707.00	 699.89	 4.4584	34.2343	27.1345	 0.36	 15.61	0.041	  140.89	100.00
 708.00	 700.88	 4.4584	34.2343	27.1345	 0.36	 15.62	0.041	  140.91	100.00
 709.00	 701.87	 4.4581	34.2346	27.1347	 0.36	 15.64	0.041	  140.82	100.00
 710.00	 702.86	 4.4577	34.2348	27.1350	 0.36	 15.64	0.040	  140.88	100.00
 711.00	 703.85	 4.4576	34.2351	27.1352	 0.36	 15.63	0.041	  140.88	100.00
 712.00	 704.84	 4.4579	34.2359	27.1358	 0.36	 15.55	0.041	  140.87	100.00
 713.00	 705.82	 4.4586	34.2367	27.1364	 0.35	 15.42	0.040	  140.85	100.00
 714.00	 706.81	 4.4590	34.2378	27.1372	 0.36	 15.44	0.041	  140.83	100.00
 715.00	 707.80	 4.4582	34.2407	27.1397	 0.35	 15.36	0.042	  140.78	100.00
 716.00	 708.79	 4.4533	34.2426	27.1417	 0.35	 15.24	0.041	  140.80	100.00
 717.00	 709.78	 4.4461	34.2439	27.1435	 0.35	 15.10	0.041	  140.84	100.00
 718.00	 710.76	 4.4410	34.2455	27.1454	 0.35	 15.08	0.040	  140.81	100.00
 719.00	 711.75	 4.4377	34.2458	27.1459	 0.35	 15.09	0.040	  140.82	100.00
 720.00	 712.74	 4.4362	34.2463	27.1465	 0.35	 15.08	0.041	  140.79	100.00
 721.00	 713.73	 4.4351	34.2466	27.1469	 0.35	 15.08	0.042	  140.78	100.00
 722.00	 714.72	 4.4331	34.2471	27.1475	 0.35	 15.03	0.042	  140.86	100.00
 723.00	 715.71	 4.4314	34.2483	27.1486	 0.34	 14.93	0.042	  140.81	100.00
 724.00	 716.69	 4.4307	34.2490	27.1492	 0.34	 14.83	0.042	  140.80	100.00
 725.00	 717.68	 4.4298	34.2496	27.1498	 0.34	 14.74	0.040	  140.78	100.00
 726.00	 718.67	 4.4279	34.2502	27.1505	 0.34	 14.70	0.040	  140.77	100.00
 727.00	 719.66	 4.4246	34.2509	27.1514	 0.34	 14.72	0.040	  140.74	100.00
 728.00	 720.65	 4.4141	34.2524	27.1537	 0.34	 14.69	0.041	  140.79	100.00
 729.00	 721.63	 4.4110	34.2530	27.1546	 0.34	 14.60	0.041	  140.75	100.00
 730.00	 722.62	 4.4030	34.2535	27.1558	 0.34	 14.61	0.041	  140.74	100.00
 731.00	 723.61	 4.3983	34.2546	27.1572	 0.34	 14.58	0.041	  140.78	100.00
 732.00	 724.60	 4.3979	34.2546	27.1573	 0.34	 14.64	0.041	  140.77	100.00
 733.00	 725.59	 4.3979	34.2546	27.1573	 0.33	 14.56	0.042	  140.75	100.00
 734.00	 726.58	 4.3972	34.2547	27.1574	 0.34	 14.62	0.041	  140.73	100.00
 735.00	 727.56	 4.3967	34.2547	27.1575	 0.34	 14.57	0.041	  140.69	100.00
 736.00	 728.55	 4.3952	34.2547	27.1577	 0.33	 14.53	0.040	  140.77	100.00
 737.00	 729.54	 4.3924	34.2548	27.1581	 0.33	 14.50	0.041	  140.78	100.00
 738.00	 730.53	 4.3879	34.2553	27.1590	 0.33	 14.56	0.040	  140.80	100.00
 739.00	 731.52	 4.3874	34.2553	27.1590	 0.34	 14.57	0.040	  140.77	100.00
 740.00	 732.50	 4.3855	34.2557	27.1596	 0.34	 14.57	0.040	  140.77	100.00
 741.00	 733.49	 4.3857	34.2558	27.1596	 0.33	 14.55	0.041	  140.74	100.00
 742.00	 734.48	 4.3851	34.2558	27.1597	 0.33	 14.54	0.041	  140.73	100.00
 743.00	 735.47	 4.3842	34.2562	27.1601	 0.33	 14.56	0.040	  140.73	100.00
 744.00	 736.46	 4.3826	34.2562	27.1603	 0.33	 14.51	0.040	  140.77	100.00
 745.00	 737.44	 4.3758	34.2577	27.1622	 0.33	 14.47	0.040	  140.74	100.00
 746.00	 738.43	 4.3669	34.2598	27.1649	 0.33	 14.40	0.041	  140.76	100.00
 747.00	 739.42	 4.3646	34.2604	27.1655	 0.33	 14.41	0.040	  140.75	100.00
 748.00	 740.41	 4.3640	34.2605	27.1657	 0.33	 14.38	0.040	  140.77	100.00
 749.00	 741.40	 4.3621	34.2612	27.1664	 0.33	 14.35	0.041	  140.76	100.00
 750.00	 742.38	 4.3618	34.2612	27.1665	 0.33	 14.36	0.042	  140.76	100.00
 751.00	 743.37	 4.3600	34.2614	27.1669	 0.33	 14.37	0.042	  140.73	100.00
 752.00	 744.36	 4.3590	34.2617	27.1672	 0.33	 14.39	0.041	  140.73	100.00
 753.00	 745.35	 4.3564	34.2619	27.1677	 0.33	 14.38	0.041	  140.62	100.00
 754.00	 746.34	 4.3546	34.2623	27.1682	 0.33	 14.27	0.041	  140.70	100.00
 755.00	 747.33	 4.3504	34.2631	27.1693	 0.33	 14.26	0.040	  140.72	100.00
 756.00	 748.31	 4.3440	34.2650	27.1715	 0.33	 14.16	0.041	  140.68	100.00
 757.00	 749.30	 4.3401	34.2659	27.1726	 0.32	 14.06	0.040	  140.71	100.00
 758.00	 750.29	 4.3401	34.2660	27.1727	 0.32	 14.05	0.040	  140.70	100.00
 759.00	 751.28	 4.3350	34.2674	27.1743	 0.32	 14.05	0.041	  140.65	100.00
 760.00	 752.27	 4.3332	34.2678	27.1749	 0.32	 14.06	0.040	  140.68	100.00
 761.00	 753.25	 4.3320	34.2680	27.1751	 0.32	 14.06	0.040	  140.66	100.00
 762.00	 754.24	 4.3287	34.2686	27.1760	 0.32	 14.05	0.041	  140.65	100.00
 763.00	 755.23	 4.3244	34.2696	27.1773	 0.32	 14.00	0.042	  140.66	100.00
 764.00	 756.22	 4.3190	34.2708	27.1788	 0.32	 13.90	0.040	  140.71	100.00
 765.00	 757.21	 4.3146	34.2716	27.1799	 0.32	 13.87	0.040	  140.73	100.00
 766.00	 758.19	 4.3106	34.2725	27.1811	 0.32	 13.87	0.042	  140.71	100.00
 767.00	 759.18	 4.3050	34.2738	27.1827	 0.32	 13.87	0.040	  140.70	100.00
 768.00	 760.17	 4.2948	34.2766	27.1860	 0.32	 13.87	0.040	  140.64	100.00
 769.00	 761.16	 4.2873	34.2780	27.1879	 0.32	 13.85	0.040	  140.63	100.00
 770.00	 762.15	 4.2810	34.2789	27.1893	 0.32	 13.79	0.041	  140.66	100.00
 771.00	 763.13	 4.2747	34.2805	27.1912	 0.31	 13.68	0.041	  140.63	100.00
 772.00	 764.12	 4.2676	34.2816	27.1929	 0.32	 13.70	0.040	  140.71	100.00
 773.00	 765.11	 4.2644	34.2824	27.1939	 0.31	 13.70	0.040	  140.71	100.00
 774.00	 766.10	 4.2626	34.2829	27.1944	 0.31	 13.65	0.040	  140.69	100.00
 775.00	 767.09	 4.2619	34.2830	27.1946	 0.31	 13.63	0.040	  140.66	100.00
 776.00	 768.07	 4.2571	34.2837	27.1956	 0.31	 13.57	0.040	  140.66	100.00
 777.00	 769.06	 4.2528	34.2844	27.1967	 0.31	 13.55	0.040	  140.66	100.00
 778.00	 770.05	 4.2499	34.2851	27.1975	 0.31	 13.55	0.040	  140.67	100.00
 779.00	 771.04	 4.2487	34.2853	27.1978	 0.31	 13.49	0.040	  140.67	100.00
 780.00	 772.02	 4.2468	34.2855	27.1982	 0.31	 13.46	0.041	  140.67	100.00
 781.00	 773.01	 4.2444	34.2862	27.1990	 0.31	 13.40	0.042	  140.65	100.00
 782.00	 774.00	 4.2405	34.2863	27.1995	 0.31	 13.33	0.041	  140.67	100.00
 783.00	 774.99	 4.2292	34.2891	27.2029	 0.31	 13.35	0.040	  140.67	100.00
 784.00	 775.98	 4.2264	34.2898	27.2038	 0.31	 13.35	0.040	  140.65	100.00
 785.00	 776.96	 4.2271	34.2895	27.2035	 0.31	 13.36	0.041	  140.67	100.00
 786.00	 777.95	 4.2249	34.2902	27.2042	 0.31	 13.36	0.041	  140.67	100.00
 787.00	 778.94	 4.2244	34.2903	27.2044	 0.31	 13.36	0.041	  140.69	100.00
 788.00	 779.93	 4.2236	34.2903	27.2045	 0.31	 13.36	0.040	  140.67	100.00
 789.00	 780.92	 4.2214	34.2909	27.2052	 0.31	 13.32	0.040	  140.63	100.00
 790.00	 781.90	 4.2197	34.2913	27.2057	 0.30	 13.23	0.040	  140.65	100.00
 791.00	 782.89	 4.2179	34.2917	27.2063	 0.30	 13.16	0.041	  140.61	100.00
 792.00	 783.88	 4.2166	34.2921	27.2067	 0.30	 13.16	0.040	  140.60	100.00
 793.00	 784.87	 4.2114	34.2929	27.2079	 0.30	 13.17	0.040	  140.69	100.00
 794.00	 785.86	 4.1938	34.2963	27.2125	 0.30	 13.16	0.041	  140.68	100.00
 795.00	 786.84	 4.1831	34.2993	27.2159	 0.30	 13.14	0.040	  140.68	100.00
 796.00	 787.83	 4.1771	34.3001	27.2172	 0.30	 13.15	0.041	  140.66	100.00
 797.00	 788.82	 4.1731	34.3013	27.2186	 0.30	 13.14	0.040	  140.63	100.00
 798.00	 789.81	 4.1730	34.3012	27.2185	 0.30	 13.08	0.041	  140.64	100.00
 799.00	 790.79	 4.1728	34.3014	27.2187	 0.30	 13.01	0.041	  140.66	100.00
 800.00	 791.78	 4.1699	34.3017	27.2192	 0.30	 12.99	0.041	  140.59	100.00
 801.00	 792.77	 4.1674	34.3024	27.2201	 0.30	 13.00	0.041	  140.57	100.00
 802.00	 793.76	 4.1671	34.3024	27.2201	 0.30	 12.98	0.041	  140.57	100.00
 803.00	 794.75	 4.1667	34.3025	27.2202	 0.30	 12.97	0.041	  140.56	100.00
 804.00	 795.73	 4.1654	34.3028	27.2207	 0.30	 12.97	0.041	  140.56	100.00
 805.00	 796.72	 4.1635	34.3034	27.2213	 0.30	 12.95	0.041	  140.61	100.00
 806.00	 797.71	 4.1590	34.3046	27.2228	 0.30	 12.90	0.040	  140.65	100.00
 807.00	 798.70	 4.1565	34.3051	27.2234	 0.30	 12.90	0.041	  140.66	100.00
 808.00	 799.69	 4.1544	34.3057	27.2241	 0.30	 12.93	0.041	  140.64	100.00
 809.00	 800.67	 4.1528	34.3060	27.2246	 0.30	 12.96	0.040	  140.61	100.00
 810.00	 801.66	 4.1501	34.3066	27.2253	 0.30	 12.94	0.040	  140.62	100.00
 811.00	 802.65	 4.1465	34.3076	27.2265	 0.30	 12.96	0.040	  140.58	100.00
 812.00	 803.64	 4.1422	34.3087	27.2278	 0.30	 12.99	0.041	  140.60	100.00
 813.00	 804.62	 4.1415	34.3090	27.2281	 0.30	 12.95	0.042	  140.58	100.00
 814.00	 805.61	 4.1405	34.3092	27.2284	 0.30	 12.89	0.042	  140.56	100.00
 815.00	 806.60	 4.1391	34.3095	27.2288	 0.30	 12.84	0.042	  140.55	100.00
 816.00	 807.59	 4.1376	34.3097	27.2291	 0.29	 12.79	0.041	  140.54	100.00
 817.00	 808.58	 4.1357	34.3100	27.2296	 0.30	 12.84	0.040	  140.53	100.00
 818.00	 809.56	 4.1287	34.3114	27.2314	 0.30	 12.84	0.041	  140.46	100.00
 819.00	 810.55	 4.1230	34.3127	27.2331	 0.30	 12.84	0.041	  140.55	100.00
 820.00	 811.54	 4.1211	34.3133	27.2338	 0.30	 12.83	0.040	  140.55	100.00
 821.00	 812.53	 4.1208	34.3135	27.2339	 0.30	 12.86	0.041	  140.57	100.00
 822.00	 813.51	 4.1179	34.3138	27.2345	 0.29	 12.82	0.042	  140.56	100.00
 823.00	 814.50	 4.1133	34.3150	27.2359	 0.30	 12.84	0.041	  140.56	100.00
 824.00	 815.49	 4.1075	34.3159	27.2372	 0.30	 12.86	0.041	  140.57	100.00
 825.00	 816.48	 4.1038	34.3167	27.2383	 0.30	 12.85	0.040	  140.57	100.00
 826.00	 817.46	 4.1013	34.3174	27.2391	 0.30	 12.84	0.040	  140.55	100.00
 827.00	 818.45	 4.1002	34.3177	27.2395	 0.30	 12.85	0.041	  140.53	100.00
 828.00	 819.44	 4.0958	34.3186	27.2406	 0.30	 12.85	0.041	  140.54	100.00
 829.00	 820.43	 4.0939	34.3191	27.2412	 0.30	 12.84	0.040	  140.54	100.00
 830.00	 821.42	 4.0932	34.3192	27.2414	 0.30	 12.89	0.040	  140.51	100.00
 831.00	 822.40	 4.0927	34.3195	27.2417	 0.30	 12.85	0.040	  140.54	100.00
 832.00	 823.39	 4.0890	34.3200	27.2425	 0.30	 12.86	0.042	  140.54	100.00
 833.00	 824.38	 4.0835	34.3214	27.2441	 0.30	 12.88	0.042	  140.54	100.00
 834.00	 825.37	 4.0781	34.3225	27.2455	 0.30	 12.87	0.041	  140.54	100.00
 835.00	 826.35	 4.0731	34.3235	27.2469	 0.29	 12.78	0.041	  140.53	100.00
 836.00	 827.34	 4.0688	34.3243	27.2480	 0.29	 12.75	0.041	  140.55	100.00
 837.00	 828.33	 4.0647	34.3249	27.2489	 0.29	 12.74	0.041	  140.54	100.00
 838.00	 829.32	 4.0558	34.3267	27.2513	 0.29	 12.73	0.041	  140.54	100.00
 839.00	 830.30	 4.0514	34.3271	27.2520	 0.29	 12.74	0.041	  140.49	100.00
 840.00	 831.29	 4.0472	34.3280	27.2532	 0.29	 12.78	0.041	  140.48	100.00
 841.00	 832.28	 4.0461	34.3281	27.2534	 0.29	 12.77	0.040	  140.51	100.00
 842.00	 833.27	 4.0419	34.3288	27.2544	 0.30	 12.85	0.040	  140.54	100.00
 843.00	 834.26	 4.0395	34.3294	27.2551	 0.29	 12.76	0.040	  140.54	100.00
 844.00	 835.24	 4.0359	34.3308	27.2566	 0.29	 12.77	0.042	  140.50	100.00
 845.00	 836.23	 4.0304	34.3321	27.2582	 0.29	 12.75	0.042	  140.41	100.00
 846.00	 837.22	 4.0277	34.3325	27.2588	 0.29	 12.76	0.041	  140.48	100.00
 847.00	 838.21	 4.0248	34.3331	27.2596	 0.29	 12.76	0.041	  140.49	100.00
 848.00	 839.19	 4.0213	34.3338	27.2605	 0.29	 12.75	0.041	  140.43	100.00
 849.00	 840.18	 4.0185	34.3345	27.2613	 0.29	 12.81	0.040	  140.43	100.00
 850.00	 841.17	 4.0153	34.3350	27.2621	 0.29	 12.81	0.040	  140.50	100.00
 851.00	 842.16	 4.0139	34.3354	27.2626	 0.29	 12.76	0.041	  140.47	100.00
 852.00	 843.14	 4.0128	34.3356	27.2628	 0.29	 12.77	0.041	  140.47	100.00
 853.00	 844.13	 4.0123	34.3358	27.2630	 0.29	 12.78	0.041	  140.48	100.00
 854.00	 845.12	 4.0072	34.3363	27.2640	 0.29	 12.80	0.042	  140.43	100.00
 855.00	 846.11	 4.0006	34.3378	27.2658	 0.29	 12.81	0.040	  140.43	100.00
