wcoa21_data_management/01_CRUISE_METADATA/00_OCADS_data/CTD_downcasts/WCOA_2021_CTD_downcasts/dRB2102_CTD_133_01_F.txt
* Sea-Bird SBE 9 Data:
* Software Version Seasave V 7.26.7.107
* Vessel: NOAA Ship Ronald H. Brown
* Cruise: RB2102, West Coast Ocean Acidification (WCOA) 2021
* Dates: 20210622 to 20210723
* Region: NE Pacific, USA West Coast
* Ports: San Diego, CA to Port Angeles, WA to San Diego, CA
* Chief Scientists: R. Feely, NOAA PMEL; D. Greeley, NOAA PMEL; B. Carter, NOAA PMEL / UW CICOES
*END*
[from data line 3841]
3843.00	3782.01	 1.5502	34.6780	27.7698	 2.99	129.93	0.039	     NaN	 99.95
3844.00	3782.99	 1.5503	34.6780	27.7698	 2.99	129.91	0.039	     NaN	 99.95
3845.00	3783.96	 1.5502	34.6783	27.7700	 3.00	130.51	0.039	     NaN	 99.95
3846.00	3784.94	 1.5505	34.6782	27.7700	 2.99	130.02	0.039	     NaN	 99.95
3847.00	3785.91	 1.5506	34.6780	27.7698	 2.99	129.85	0.038	     NaN	 99.95
3848.00	3786.89	 1.5507	34.6780	27.7698	 2.99	130.13	0.039	     NaN	 99.95
3849.00	3787.86	 1.5507	34.6779	27.7697	 2.99	130.08	0.039	     NaN	 99.95
3850.00	3788.84	 1.5508	34.6781	27.7699	 2.99	130.08	0.039	     NaN	 99.95
3851.00	3789.81	 1.5508	34.6781	27.7699	 2.99	129.94	0.039	     NaN	 99.95
3852.00	3790.79	 1.5506	34.6781	27.7700	 2.99	129.91	0.039	     NaN	 99.95
3853.00	3791.77	 1.5505	34.6780	27.7698	 3.00	130.32	0.039	     NaN	 99.95
3854.00	3792.74	 1.5505	34.6780	27.7699	 2.99	130.00	0.038	     NaN	 99.95
3855.00	3793.72	 1.5504	34.6781	27.7699	 2.99	129.92	0.039	     NaN	 99.95
3856.00	3794.69	 1.5503	34.6781	27.7700	 3.00	130.37	0.038	     NaN	 99.95
3857.00	3795.67	 1.5506	34.6781	27.7700	 2.99	130.10	0.038	     NaN	 99.95
3858.00	3796.64	 1.5508	34.6779	27.7698	 3.00	130.17	0.039	     NaN	 99.95
3859.00	3797.62	 1.5507	34.6782	27.7700	 3.00	130.25	0.039	     NaN	 99.95
3860.00	3798.59	 1.5507	34.6781	27.7700	 3.00	130.45	0.039	     NaN	 99.95
3861.00	3799.57	 1.5509	34.6781	27.7700	 3.00	130.53	0.038	     NaN	 99.95
3862.00	3800.54	 1.5511	34.6780	27.7698	 2.99	130.07	0.039	     NaN	 99.95
3863.00	3801.52	 1.5511	34.6780	27.7699	 2.99	130.01	0.039	     NaN	 99.95
3864.00	3802.50	 1.5508	34.6781	27.7700	 3.00	130.48	0.038	     NaN	 99.95
3865.00	3803.47	 1.5508	34.6781	27.7700	 3.01	130.63	0.039	     NaN	 99.95
3866.00	3804.45	 1.5507	34.6781	27.7700	 2.99	130.02	0.039	     NaN	 99.95
3867.00	3805.42	 1.5506	34.6782	27.7701	 3.00	130.18	0.039	     NaN	 99.95
3868.00	3806.40	 1.5507	34.6781	27.7700	 3.00	130.25	0.039	     NaN	 99.95
3869.00	3807.37	 1.5509	34.6780	27.7699	 3.00	130.20	0.039	     NaN	 99.95
3870.00	3808.35	 1.5507	34.6780	27.7700	 3.00	130.30	0.038	     NaN	 99.95
3871.00	3809.32	 1.5507	34.6782	27.7702	 3.00	130.50	0.038	     NaN	 99.95
3872.00	3810.30	 1.5508	34.6782	27.7701	 2.99	129.89	0.038	     NaN	 99.95
3873.00	3811.27	 1.5508	34.6782	27.7701	 2.99	130.13	0.038	     NaN	 99.95
3874.00	3812.25	 1.5509	34.6782	27.7702	 3.01	130.67	0.039	     NaN	 99.95
3875.00	3813.22	 1.5510	34.6781	27.7701	 3.00	130.40	0.039	     NaN	 99.95
3876.00	3814.20	 1.5511	34.6780	27.7700	 3.00	130.42	0.039	     NaN	 99.95
3877.00	3815.18	 1.5512	34.6780	27.7700	 3.00	130.39	0.039	     NaN	 99.95
3878.00	3816.15	 1.5512	34.6780	27.7700	 3.00	130.16	0.039	     NaN	 99.95
3879.00	3817.13	 1.5511	34.6781	27.7701	 3.00	130.24	0.038	     NaN	 99.95
3880.00	3818.10	 1.5511	34.6782	27.7702	 3.01	130.86	0.038	     NaN	 99.95
3881.00	3819.08	 1.5511	34.6782	27.7702	 2.99	129.98	0.038	     NaN	 99.95
3882.00	3820.05	 1.5511	34.6782	27.7702	 2.99	129.86	0.038	     NaN	 99.95
3883.00	3821.03	 1.5510	34.6782	27.7702	 3.00	130.42	0.039	     NaN	 99.95
3884.00	3822.00	 1.5510	34.6781	27.7702	 3.00	130.41	0.039	     NaN	 99.95
3885.00	3822.98	 1.5512	34.6781	27.7702	 3.00	130.54	0.039	     NaN	 99.95
3886.00	3823.95	 1.5514	34.6780	27.7700	 3.00	130.48	0.039	     NaN	 99.95
3887.00	3824.93	 1.5514	34.6782	27.7702	 3.00	130.44	0.039	     NaN	 99.95
3888.00	3825.90	 1.5514	34.6783	27.7703	 3.00	130.37	0.038	     NaN	 99.95
3889.00	3826.88	 1.5515	34.6782	27.7702	 3.00	130.24	0.038	     NaN	 99.95
3890.00	3827.86	 1.5515	34.6783	27.7703	 3.00	130.32	0.038	     NaN	 99.95
3891.00	3828.83	 1.5517	34.6781	27.7702	 3.01	130.77	0.039	     NaN	 99.95
3892.00	3829.81	 1.5517	34.6782	27.7702	 3.01	130.78	0.039	     NaN	 99.95
3893.00	3830.78	 1.5518	34.6781	27.7702	 3.00	130.54	0.038	     NaN	 99.95
3894.00	3831.76	 1.5520	34.6779	27.7700	 3.00	130.39	0.039	     NaN	 99.95
3895.00	3832.73	 1.5520	34.6781	27.7702	 3.00	130.38	0.039	     NaN	 99.95
3896.00	3833.71	 1.5517	34.6783	27.7703	 3.00	130.40	0.039	     NaN	 99.95
3897.00	3834.68	 1.5522	34.6781	27.7702	 3.01	130.85	0.039	     NaN	 99.95
3898.00	3835.66	 1.5524	34.6782	27.7702	 3.01	130.64	0.039	     NaN	 99.95
3899.00	3836.63	 1.5525	34.6781	27.7702	 2.99	130.04	0.039	     NaN	 99.95
3900.00	3837.61	 1.5523	34.6780	27.7701	 3.00	130.24	0.039	     NaN	 99.95
3901.00	3838.58	 1.5521	34.6781	27.7702	 3.01	130.63	0.039	     NaN	 99.95
3902.00	3839.56	 1.5520	34.6781	27.7702	 3.01	130.59	0.039	     NaN	 99.95
3903.00	3840.53	 1.5518	34.6781	27.7702	 3.00	130.35	0.038	     NaN	 99.95
3904.00	3841.51	 1.5518	34.6782	27.7703	 3.00	130.50	0.039	     NaN	 99.95
3905.00	3842.48	 1.5520	34.6782	27.7703	 3.01	130.62	0.039	     NaN	 99.95
3906.00	3843.46	 1.5520	34.6782	27.7703	 3.00	130.39	0.038	     NaN	 99.95
3907.00	3844.44	 1.5521	34.6783	27.7704	 3.01	130.62	0.039	     NaN	 99.95
3908.00	3845.41	 1.5521	34.6782	27.7703	 3.00	130.46	0.039	     NaN	 99.95
3909.00	3846.39	 1.5522	34.6781	27.7703	 3.01	130.82	0.039	     NaN	 99.95
3910.00	3847.36	 1.5523	34.6781	27.7703	 3.01	130.60	0.039	     NaN	 99.95
3911.00	3848.34	 1.5524	34.6781	27.7703	 3.00	130.47	0.038	     NaN	 99.95
3912.00	3849.31	 1.5525	34.6780	27.7702	 3.00	130.57	0.038	     NaN	 99.95
3913.00	3850.29	 1.5525	34.6782	27.7703	 3.01	130.64	0.039	     NaN	 99.95
3914.00	3851.26	 1.5526	34.6781	27.7703	 3.00	130.48	0.039	     NaN	 99.95
3915.00	3852.24	 1.5525	34.6782	27.7704	 3.00	130.51	0.039	     NaN	 99.95
3916.00	3853.21	 1.5525	34.6782	27.7704	 3.01	130.90	0.038	     NaN	 99.95
3917.00	3854.19	 1.5526	34.6782	27.7704	 3.00	130.37	0.039	     NaN	 99.95
3918.00	3855.16	 1.5523	34.6781	27.7703	 3.00	130.37	0.038	     NaN	 99.95
3919.00	3856.14	 1.5519	34.6782	27.7704	 3.01	130.83	0.039	     NaN	 99.95
3920.00	3857.11	 1.5520	34.6782	27.7704	 3.01	130.81	0.039	     NaN	 99.95
3921.00	3858.09	 1.5517	34.6783	27.7705	 3.01	130.84	0.039	     NaN	 99.95
3922.00	3859.06	 1.5520	34.6783	27.7705	 3.01	130.90	0.039	     NaN	 99.95
3923.00	3860.04	 1.5520	34.6783	27.7705	 3.01	130.59	0.039	     NaN	 99.95
3924.00	3861.01	 1.5522	34.6782	27.7704	 3.00	130.55	0.038	     NaN	 99.95
3925.00	3861.99	 1.5523	34.6782	27.7705	 3.01	130.88	0.038	     NaN	 99.95
3926.00	3862.96	 1.5518	34.6783	27.7706	 3.01	130.73	0.039	     NaN	 99.95
3927.00	3863.94	 1.5522	34.6783	27.7705	 3.01	130.69	0.039	     NaN	 99.95
3928.00	3864.91	 1.5522	34.6782	27.7705	 3.01	130.92	0.039	     NaN	 99.95
3929.00	3865.89	 1.5523	34.6782	27.7705	 3.01	130.78	0.039	     NaN	 99.95
3930.00	3866.87	 1.5520	34.6783	27.7706	 3.01	130.84	0.039	     NaN	 99.95
3931.00	3867.84	 1.5520	34.6782	27.7705	 3.01	130.70	0.039	     NaN	 99.95
3932.00	3868.82	 1.5522	34.6784	27.7707	 3.00	130.25	0.039	     NaN	 99.95
3933.00	3869.79	 1.5522	34.6784	27.7706	 3.00	130.54	0.039	     NaN	 99.95
3934.00	3870.77	 1.5520	34.6784	27.7707	 3.02	131.14	0.039	     NaN	 99.95
3935.00	3871.74	 1.5517	34.6784	27.7707	 3.01	130.79	0.039	     NaN	 99.95
3936.00	3872.72	 1.5516	34.6785	27.7708	 3.00	130.32	0.038	     NaN	 99.95
3937.00	3873.69	 1.5518	34.6783	27.7707	 3.01	130.91	0.038	     NaN	 99.95
3938.00	3874.67	 1.5519	34.6783	27.7706	 3.01	130.94	0.039	     NaN	 99.95
3939.00	3875.64	 1.5519	34.6783	27.7707	 3.01	130.96	0.038	     NaN	 99.95
3940.00	3876.62	 1.5519	34.6784	27.7708	 3.02	131.13	0.039	     NaN	 99.95
3941.00	3877.59	 1.5520	34.6784	27.7707	 3.01	130.68	0.039	     NaN	 99.95
3942.00	3878.57	 1.5520	34.6784	27.7707	 3.00	130.57	0.039	     NaN	 99.95
3943.00	3879.54	 1.5521	34.6784	27.7707	 3.02	131.03	0.039	     NaN	 99.95
3944.00	3880.52	 1.5516	34.6785	27.7708	 3.01	130.85	0.039	     NaN	 99.95
3945.00	3881.49	 1.5517	34.6785	27.7709	 3.01	130.84	0.039	     NaN	 99.95
3946.00	3882.47	 1.5519	34.6784	27.7708	 3.01	130.88	0.038	     NaN	 99.95
3947.00	3883.44	 1.5517	34.6785	27.7709	 3.01	130.87	0.039	     NaN	 99.95
3948.00	3884.42	 1.5516	34.6785	27.7709	 3.01	130.88	0.039	     NaN	 99.95
3949.00	3885.39	 1.5517	34.6785	27.7709	 3.01	130.95	0.039	     NaN	 99.95
3950.00	3886.37	 1.5520	34.6785	27.7709	 3.02	131.13	0.039	     NaN	 99.95
3951.00	3887.34	 1.5521	34.6785	27.7709	 3.02	131.16	0.039	     NaN	 99.95
3952.00	3888.32	 1.5523	34.6784	27.7708	 3.02	131.07	0.039	     NaN	 99.95
3953.00	3889.29	 1.5526	34.6784	27.7708	 3.01	130.90	0.039	     NaN	 99.95
3954.00	3890.27	 1.5527	34.6783	27.7707	 3.02	131.04	0.039	     NaN	 99.95
3955.00	3891.24	 1.5525	34.6785	27.7709	 3.02	131.10	0.038	     NaN	 99.95
3956.00	3892.22	 1.5529	34.6784	27.7708	 3.01	130.84	0.038	     NaN	 99.95
3957.00	3893.19	 1.5526	34.6784	27.7708	 3.02	131.07	0.039	     NaN	 99.95
3958.00	3894.17	 1.5523	34.6785	27.7709	 3.02	131.12	0.039	     NaN	 99.95
3959.00	3895.14	 1.5524	34.6784	27.7709	 3.01	130.98	0.039	     NaN	 99.95
3960.00	3896.12	 1.5525	34.6786	27.7710	 3.02	131.13	0.039	     NaN	 99.95
3961.00	3897.09	 1.5525	34.6785	27.7709	 3.02	131.24	0.039	     NaN	 99.95
3962.00	3898.07	 1.5526	34.6784	27.7709	 3.02	131.20	0.039	     NaN	 99.95
3963.00	3899.04	 1.5529	34.6783	27.7708	 3.02	131.13	0.039	     NaN	 99.95
3964.00	3900.02	 1.5530	34.6784	27.7709	 3.02	131.20	0.038	     NaN	 99.95
3965.00	3900.99	 1.5530	34.6786	27.7710	 3.02	131.09	0.038	     NaN	 99.95
3966.00	3901.97	 1.5531	34.6785	27.7710	 3.02	131.37	0.038	     NaN	 99.95
3967.00	3902.94	 1.5532	34.6785	27.7710	 3.02	131.29	0.038	     NaN	 99.95
3968.00	3903.92	 1.5533	34.6785	27.7709	 3.02	131.09	0.039	     NaN	 99.95
3969.00	3904.89	 1.5533	34.6785	27.7709	 3.02	131.30	0.039	     NaN	 99.95
3970.00	3905.87	 1.5534	34.6785	27.7709	 3.02	131.13	0.039	     NaN	 99.95
3971.00	3906.84	 1.5533	34.6784	27.7709	 3.02	131.17	0.039	     NaN	 99.95
3972.00	3907.82	 1.5533	34.6784	27.7709	 3.02	131.14	0.039	     NaN	 99.95
3973.00	3908.79	 1.5533	34.6785	27.7710	 3.01	130.92	0.039	     NaN	 99.95
3974.00	3909.77	 1.5535	34.6785	27.7710	 3.01	130.78	0.038	     NaN	 99.95
3975.00	3910.74	 1.5536	34.6785	27.7710	 3.03	131.66	0.038	     NaN	 99.95
3976.00	3911.72	 1.5537	34.6786	27.7711	 3.02	131.18	0.039	     NaN	 99.95
3977.00	3912.69	 1.5539	34.6784	27.7709	 3.01	130.68	0.039	     NaN	 99.95
3978.00	3913.67	 1.5539	34.6784	27.7709	 3.02	131.16	0.039	     NaN	 99.95
3979.00	3914.64	 1.5541	34.6784	27.7709	 3.01	130.98	0.039	     NaN	 99.95
3980.00	3915.62	 1.5543	34.6784	27.7709	 3.02	131.09	0.038	     NaN	 99.95
3981.00	3916.59	 1.5543	34.6785	27.7710	 3.02	131.20	0.039	     NaN	 99.95
3982.00	3917.57	 1.5543	34.6784	27.7709	 3.01	130.92	0.039	     NaN	 99.95
3983.00	3918.54	 1.5540	34.6787	27.7711	 3.02	131.04	0.039	     NaN	 99.95
3984.00	3919.52	 1.5540	34.6786	27.7711	 3.03	131.48	0.039	     NaN	 99.95
3985.00	3920.49	 1.5541	34.6786	27.7711	 3.03	131.53	0.039	     NaN	 99.95
3986.00	3921.47	 1.5543	34.6785	27.7710	 3.02	131.10	0.039	     NaN	 99.95
3987.00	3922.44	 1.5544	34.6784	27.7710	 3.02	131.18	0.039	     NaN	 99.95
3988.00	3923.42	 1.5544	34.6785	27.7710	 3.02	131.37	0.039	     NaN	 99.95
3989.00	3924.39	 1.5545	34.6784	27.7710	 3.02	131.10	0.038	     NaN	 99.95
3990.00	3925.37	 1.5546	34.6784	27.7710	 3.01	130.85	0.039	     NaN	 99.95
3991.00	3926.34	 1.5547	34.6785	27.7710	 3.02	131.35	0.038	     NaN	 99.95
3992.00	3927.32	 1.5547	34.6786	27.7711	 3.02	131.32	0.038	     NaN	 99.95
3993.00	3928.29	 1.5548	34.6785	27.7711	 3.01	130.91	0.039	     NaN	 99.95
3994.00	3929.27	 1.5550	34.6786	27.7711	 3.02	131.15	0.039	     NaN	 99.95
3995.00	3930.24	 1.5552	34.6784	27.7710	 3.02	131.20	0.039	     NaN	 99.95
3996.00	3931.22	 1.5553	34.6784	27.7709	 3.01	130.90	0.039	     NaN	 99.95
3997.00	3932.19	 1.5552	34.6786	27.7711	 3.01	130.63	0.038	     NaN	 99.95
3998.00	3933.17	 1.5553	34.6785	27.7710	 3.01	131.00	0.039	     NaN	 99.95
3999.00	3934.14	 1.5554	34.6785	27.7710	 3.02	131.05	0.039	     NaN	 99.95
4000.00	3935.12	 1.5555	34.6785	27.7710	 3.02	131.02	0.038	     NaN	 99.95
4001.00	3936.09	 1.5557	34.6784	27.7710	 3.02	131.16	0.038	     NaN	 99.95
4002.00	3937.07	 1.5557	34.6785	27.7711	 3.02	131.03	0.039	     NaN	 99.95
4003.00	3938.04	 1.5558	34.6785	27.7710	 3.02	131.30	0.039	     NaN	 99.95
4004.00	3939.02	 1.5558	34.6785	27.7710	 3.02	131.10	0.038	     NaN	 99.95
4005.00	3939.99	 1.5556	34.6785	27.7711	 3.01	130.91	0.038	     NaN	 99.95
4006.00	3940.97	 1.5557	34.6785	27.7710	 3.02	131.10	0.039	     NaN	 99.95
4007.00	3941.94	 1.5559	34.6786	27.7711	 3.02	131.11	0.038	     NaN	 99.95
4008.00	3942.91	 1.5559	34.6785	27.7711	 3.02	131.17	0.039	     NaN	 99.95
4009.00	3943.89	 1.5560	34.6786	27.7712	 3.01	130.98	0.039	     NaN	 99.95
4010.00	3944.86	 1.5561	34.6786	27.7711	 3.01	130.77	0.039	     NaN	 99.95
4011.00	3945.84	 1.5561	34.6785	27.7711	 3.02	131.04	0.039	     NaN	 99.95
4012.00	3946.81	 1.5561	34.6786	27.7712	 3.02	131.15	0.039	     NaN	 99.95
4013.00	3947.79	 1.5561	34.6786	27.7712	 3.02	131.06	0.038	     NaN	 94.35
4014.00	3948.76	 1.5563	34.6784	27.7710	 3.01	131.00	0.039	     NaN	100.23
4015.00	3949.74	 1.5562	34.6787	27.7712	 3.01	130.91	0.039	     NaN	 99.95
4016.00	3950.71	 1.5563	34.6786	27.7712	 3.01	130.93	0.039	     NaN	 99.95
4017.00	3951.69	 1.5565	34.6786	27.7711	 3.02	131.18	0.039	     NaN	 99.95
4018.00	3952.66	 1.5566	34.6785	27.7711	 3.01	130.64	0.039	     NaN	 99.95
4019.00	3953.64	 1.5566	34.6787	27.7712	 3.02	131.12	0.039	     NaN	 99.95
4020.00	3954.61	 1.5567	34.6785	27.7711	 3.02	131.14	0.039	     NaN	 99.95
4021.00	3955.59	 1.5568	34.6784	27.7710	 3.02	131.23	0.039	     NaN	 99.95
4022.00	3956.56	 1.5568	34.6785	27.7711	 3.02	131.15	0.039	     NaN	 83.92
4023.00	3957.54	 1.5569	34.6783	27.7709	 3.02	131.10	0.039	     NaN	 87.77
4024.00	3958.51	 1.5569	34.6785	27.7711	 3.02	131.31	0.039	     NaN	 78.47
4025.00	3959.49	 1.5569	34.6786	27.7712	 3.02	131.11	0.039	     NaN	 81.64
4026.00	3960.46	 1.5568	34.6786	27.7712	 3.01	130.92	0.039	     NaN	 53.18
4027.00	3961.44	 1.5568	34.6787	27.7713	 3.02	131.05	0.039	     NaN	 52.90
4028.00	3962.41	 1.5569	34.6785	27.7712	 3.02	131.07	0.038	     NaN	 51.81
4029.00	3963.39	 1.5570	34.6784	27.7711	 3.02	131.34	0.038	     NaN	 51.06
4030.00	3964.36	 1.5572	34.6785	27.7712	 3.02	131.30	0.039	     NaN	 49.82
4031.00	3965.33	 1.5574	34.6783	27.7710	 3.02	131.09	0.039	     NaN	 48.65
4032.00	3966.31	 1.5573	34.6784	27.7711	 3.02	131.24	0.039	     NaN	 47.97
4033.00	3967.28	 1.5574	34.6786	27.7712	 3.02	131.01	0.039	     NaN	 47.10
4034.00	3968.26	 1.5576	34.6784	27.7711	 3.02	131.34	0.039	     NaN	 46.12
4035.00	3969.23	 1.5577	34.6785	27.7712	 3.02	131.24	0.039	     NaN	 45.23
4036.00	3970.21	 1.5578	34.6785	27.7712	 3.01	130.92	0.039	     NaN	 44.03
4037.00	3971.18	 1.5579	34.6785	27.7711	 3.03	131.49	0.039	     NaN	 43.11
4038.00	3972.16	 1.5580	34.6786	27.7712	 3.02	131.12	0.039	     NaN	 42.19
4039.00	3973.13	 1.5582	34.6784	27.7711	 3.02	131.06	0.039	     NaN	 41.25
4040.00	3974.11	 1.5583	34.6785	27.7711	 3.02	131.10	0.038	     NaN	 40.26
4041.00	3975.08	 1.5584	34.6784	27.7711	 3.01	130.99	0.039	     NaN	 39.26
4042.00	3976.06	 1.5585	34.6784	27.7711	 3.02	131.15	0.039	     NaN	 38.25
4043.00	3977.03	 1.5586	34.6784	27.7711	 3.02	131.05	0.039	     NaN	 37.36
4044.00	3978.01	 1.5585	34.6786	27.7713	 3.02	131.08	0.039	     NaN	 36.43
4045.00	3978.98	 1.5585	34.6785	27.7712	 3.02	131.26	0.038	     NaN	 35.62
4046.00	3979.95	 1.5586	34.6785	27.7711	 3.01	131.01	0.038	     NaN	 34.64
4047.00	3980.93	 1.5586	34.6784	27.7711	 3.02	131.32	0.039	     NaN	 33.55
4048.00	3981.90	 1.5587	34.6785	27.7712	 3.03	131.47	0.039	     NaN	 32.52
4049.00	3982.88	 1.5589	34.6784	27.7711	 3.02	131.25	0.039	     NaN	 31.57
4050.00	3983.85	 1.5591	34.6785	27.7712	 3.02	131.05	0.039	     NaN	 30.60
4051.00	3984.83	 1.5593	34.6784	27.7711	 3.02	131.17	0.039	     NaN	 29.77
4052.00	3985.80	 1.5593	34.6786	27.7712	 3.02	131.42	0.039	     NaN	 28.80
4053.00	3986.78	 1.5596	34.6784	27.7711	 3.02	131.24	0.039	     NaN	 27.80
4054.00	3987.75	 1.5596	34.6784	27.7711	 3.02	131.33	0.039	     NaN	 27.83
