wcoa21_data_management/01_CRUISE_METADATA/00_OCADS_data/CTD_downcasts/WCOA_2021_CTD_downcasts/dRB2102_CTD_120_01_F.txt
* Sea-Bird SBE 9 Data:
* Software Version Seasave V 7.26.7.107
* Vessel: NOAA Ship Ronald H. Brown
* Cruise: RB2102, West Coast Ocean Acidification (WCOA) 2021
* Dates: 20210622 to 20210723
* Region: NE Pacific, USA West Coast
* Ports: San Diego, CA to Port Angeles, WA to San Diego, CA
* Chief Scientists: R. Feely, NOAA PMEL; D. Greeley, NOAA PMEL; B. Carter, NOAA PMEL / UW CICOES
*END*
[from data line 427]
 430.00	 426.48	 7.0973	34.2301	26.8045	 0.34	 14.60	0.042	  161.96	 99.98
 431.00	 427.47	 7.0924	34.2301	26.8052	 0.34	 14.60	0.042	  161.98	 99.98
 432.00	 428.46	 7.0865	34.2302	26.8060	 0.33	 14.55	0.042	  161.98	 99.98
 433.00	 429.45	 7.0803	34.2304	26.8071	 0.33	 14.39	0.041	  161.98	 99.98
 434.00	 430.44	 7.0741	34.2304	26.8080	 0.33	 14.29	0.041	  161.99	 99.98
 435.00	 431.43	 7.0640	34.2304	26.8094	 0.33	 14.19	0.042	  161.94	 99.98
 436.00	 432.42	 7.0566	34.2312	26.8110	 0.32	 14.10	0.042	  161.97	 99.98
 437.00	 433.41	 7.0515	34.2311	26.8116	 0.32	 14.00	0.041	  161.95	 99.98
 438.00	 434.40	 7.0467	34.2313	26.8125	 0.32	 13.86	0.040	  161.92	 99.98
 439.00	 435.40	 7.0416	34.2305	26.8126	 0.32	 13.72	0.041	  161.93	 99.98
 440.00	 436.39	 7.0309	34.2309	26.8143	 0.31	 13.54	0.040	  162.02	 99.98
 441.00	 437.38	 7.0204	34.2291	26.8144	 0.30	 13.19	0.040	  161.96	 99.98
 442.00	 438.37	 6.9913	34.2315	26.8203	 0.30	 12.84	0.041	  161.97	 99.98
 443.00	 439.36	 6.9824	34.2316	26.8216	 0.29	 12.61	0.042	  161.91	 99.98
 444.00	 440.35	 6.9701	34.2323	26.8238	 0.29	 12.46	0.041	  161.93	 99.99
 445.00	 441.34	 6.9673	34.2327	26.8246	 0.28	 12.30	0.041	  161.94	 99.99
 446.00	 442.33	 6.9613	34.2324	26.8252	 0.28	 12.03	0.042	  161.92	 99.99
 447.00	 443.32	 6.9493	34.2324	26.8268	 0.27	 11.85	0.042	  161.92	 99.99
 448.00	 444.31	 6.9414	34.2342	26.8293	 0.27	 11.72	0.041	  161.93	 99.99
 449.00	 445.30	 6.9410	34.2344	26.8295	 0.27	 11.69	0.041	  161.90	 99.99
 450.00	 446.29	 6.9402	34.2343	26.8295	 0.27	 11.67	0.042	  161.89	 99.99
 451.00	 447.28	 6.9371	34.2344	26.8301	 0.26	 11.42	0.042	  161.93	100.00
 452.00	 448.27	 6.9341	34.2343	26.8304	 0.26	 11.36	0.042	  161.91	 99.99
 453.00	 449.27	 6.9287	34.2346	26.8314	 0.26	 11.30	0.042	  161.91	 99.99
 454.00	 450.26	 6.9258	34.2351	26.8322	 0.26	 11.28	0.042	  161.87	100.00
 455.00	 451.25	 6.9250	34.2353	26.8324	 0.26	 11.18	0.042	  161.88	 99.99
 456.00	 452.24	 6.9246	34.2352	26.8325	 0.26	 11.12	0.042	  161.90	100.00
 457.00	 453.23	 6.9234	34.2352	26.8326	 0.26	 11.13	0.041	  161.87	 99.99
 458.00	 454.22	 6.9215	34.2352	26.8329	 0.25	 11.05	0.041	  161.85	100.00
 459.00	 455.21	 6.9174	34.2353	26.8336	 0.25	 10.88	0.041	  161.84	100.00
 460.00	 456.20	 6.9131	34.2352	26.8340	 0.25	 10.85	0.040	  161.88	100.00
 461.00	 457.19	 6.9062	34.2357	26.8354	 0.25	 10.67	0.040	  161.86	100.00
 462.00	 458.18	 6.9032	34.2356	26.8358	 0.24	 10.57	0.042	  161.87	100.00
 463.00	 459.17	 6.8983	34.2361	26.8369	 0.24	 10.40	0.041	  161.84	100.00
 464.00	 460.16	 6.8917	34.2355	26.8372	 0.24	 10.26	0.041	  161.90	100.00
 465.00	 461.15	 6.8789	34.2368	26.8401	 0.23	 10.08	0.042	  161.84	100.00
 466.00	 462.14	 6.8758	34.2374	26.8409	 0.23	  9.98	0.042	  161.86	100.00
 467.00	 463.13	 6.8742	34.2374	26.8411	 0.23	  9.86	0.042	  161.81	100.00
 468.00	 464.12	 6.8678	34.2374	26.8421	 0.22	  9.54	0.042	  161.89	100.00
 469.00	 465.12	 6.8603	34.2380	26.8435	 0.22	  9.41	0.042	  161.78	100.00
 470.00	 466.11	 6.8530	34.2387	26.8451	 0.21	  9.26	0.042	  161.74	100.00
 471.00	 467.10	 6.8503	34.2385	26.8453	 0.21	  9.16	0.040	  161.86	100.00
 472.00	 468.09	 6.8476	34.2390	26.8461	 0.21	  9.13	0.041	  161.82	100.00
 473.00	 469.08	 6.8437	34.2389	26.8465	 0.21	  9.05	0.041	  161.78	100.00
 474.00	 470.07	 6.8402	34.2394	26.8474	 0.21	  8.95	0.042	  161.79	100.00
 475.00	 471.06	 6.8391	34.2392	26.8475	 0.20	  8.83	0.042	  161.78	100.00
 476.00	 472.05	 6.8383	34.2395	26.8478	 0.20	  8.80	0.042	  161.75	100.00
 477.00	 473.04	 6.8363	34.2394	26.8480	 0.20	  8.73	0.042	  161.82	100.00
 478.00	 474.03	 6.8342	34.2390	26.8480	 0.20	  8.57	0.041	  161.70	100.00
 479.00	 475.02	 6.8269	34.2396	26.8494	 0.20	  8.49	0.041	  161.72	100.00
 480.00	 476.01	 6.8248	34.2397	26.8498	 0.19	  8.37	0.042	  161.74	100.00
 481.00	 477.00	 6.8201	34.2400	26.8507	 0.19	  8.37	0.042	  161.72	 99.99
 482.00	 477.99	 6.8174	34.2402	26.8512	 0.19	  8.31	0.042	  161.72	 98.79
 483.00	 478.98	 6.8155	34.2403	26.8516	 0.19	  8.13	0.042	  161.76	 98.37
 484.00	 479.97	 6.8144	34.2402	26.8517	 0.19	  8.09	0.042	  161.78	 97.28
 485.00	 480.96	 6.8108	34.2408	26.8526	 0.18	  7.99	0.042	  161.77	 96.24
 486.00	 481.95	 6.8095	34.2409	26.8529	 0.18	  7.96	0.042	  161.66	 95.25
 487.00	 482.95	 6.8101	34.2407	26.8527	 0.18	  7.86	0.042	  161.75	 94.28
 488.00	 483.94	 6.8066	34.2406	26.8531	 0.18	  7.65	0.042	  161.68	 93.29
 489.00	 484.93	 6.8015	34.2408	26.8539	 0.17	  7.47	0.042	  161.67	 92.25
 490.00	 485.92	 6.7907	34.2407	26.8553	 0.16	  7.08	0.042	  161.68	 91.24
 491.00	 486.91	 6.7710	34.2400	26.8574	 0.15	  6.69	0.042	  161.58	 90.21
 492.00	 487.90	 6.7505	34.2436	26.8630	 0.15	  6.49	0.042	  161.63	 89.20
 493.00	 488.89	 6.7485	34.2435	26.8633	 0.15	  6.36	0.042	  161.61	 88.17
 494.00	 489.88	 6.7468	34.2438	26.8637	 0.14	  6.23	0.042	  161.65	 87.26
 495.00	 490.87	 6.7464	34.2439	26.8638	 0.14	  6.18	0.042	  161.60	 86.27
 496.00	 491.86	 6.7460	34.2437	26.8638	 0.14	  6.17	0.042	  161.59	 85.26
 497.00	 492.85	 6.7456	34.2439	26.8640	 0.14	  6.09	0.042	  161.50	 84.23
 498.00	 493.84	 6.7451	34.2439	26.8641	 0.14	  6.10	0.042	  161.56	 83.23
 499.00	 494.83	 6.7444	34.2440	26.8643	 0.14	  6.06	0.042	  161.60	 82.22
 500.00	 495.82	 6.7436	34.2439	26.8643	 0.14	  5.92	0.042	  161.57	 81.18
 501.00	 496.81	 6.7371	34.2437	26.8650	 0.13	  5.72	0.042	  161.63	 80.17
 502.00	 497.80	 6.7214	34.2440	26.8674	 0.13	  5.61	0.042	  161.60	 79.18
 503.00	 498.79	 6.7168	34.2448	26.8686	 0.13	  5.56	0.042	  161.59	 78.25
 504.00	 499.78	 6.7111	34.2449	26.8695	 0.13	  5.56	0.042	  161.57	 77.26
 505.00	 500.77	 6.7095	34.2452	26.8699	 0.12	  5.43	0.042	  161.59	 76.26
 506.00	 501.76	 6.7065	34.2451	26.8703	 0.12	  5.35	0.042	  161.64	 75.26
 507.00	 502.75	 6.7008	34.2450	26.8710	 0.12	  5.30	0.042	  161.58	 74.19
 508.00	 503.75	 6.6926	34.2457	26.8726	 0.12	  5.17	0.042	  161.57	 73.18
 509.00	 504.74	 6.6883	34.2461	26.8735	 0.12	  5.12	0.042	  161.55	 72.18
 510.00	 505.73	 6.6868	34.2462	26.8739	 0.12	  5.03	0.042	  161.57	 71.23
 511.00	 506.72	 6.6864	34.2464	26.8740	 0.12	  5.03	0.042	  161.56	 70.21
 512.00	 507.71	 6.6862	34.2464	26.8741	 0.12	  5.05	0.042	  161.50	 69.23
 513.00	 508.70	 6.6859	34.2464	26.8742	 0.12	  5.00	0.042	  161.53	 68.23
 514.00	 509.69	 6.6856	34.2466	26.8743	 0.12	  5.01	0.042	  161.56	 67.23
 515.00	 510.68	 6.6856	34.2466	26.8743	 0.12	  5.01	0.042	  161.51	 66.25
 516.00	 511.67	 6.6845	34.2456	26.8738	 0.11	  4.95	0.042	  161.42	 65.24
 517.00	 512.66	 6.6819	34.2466	26.8749	 0.11	  4.87	0.041	  161.47	 64.25
 518.00	 513.65	 6.6794	34.2467	26.8753	 0.11	  4.80	0.041	  161.45	 63.23
 519.00	 514.64	 6.6774	34.2468	26.8757	 0.11	  4.77	0.042	  161.42	 62.20
 520.00	 515.63	 6.6761	34.2469	26.8759	 0.11	  4.77	0.042	  161.44	 61.22
 521.00	 516.62	 6.6753	34.2469	26.8760	 0.11	  4.75	0.042	  161.43	 60.22
 522.00	 517.61	 6.6726	34.2467	26.8762	 0.11	  4.60	0.042	  161.40	 59.25
 523.00	 518.60	 6.6697	34.2470	26.8769	 0.10	  4.53	0.042	  161.44	 58.29
 524.00	 519.59	 6.6664	34.2469	26.8772	 0.10	  4.51	0.042	  161.43	 57.24
 525.00	 520.58	 6.6625	34.2472	26.8780	 0.10	  4.34	0.041	  161.37	 56.23
 526.00	 521.57	 6.6558	34.2469	26.8787	 0.10	  4.21	0.041	  161.41	 55.21
 527.00	 522.56	 6.6492	34.2478	26.8803	 0.09	  4.05	0.042	  161.36	 54.22
 528.00	 523.55	 6.6467	34.2479	26.8807	 0.09	  3.96	0.042	  161.43	 53.22
 529.00	 524.54	 6.6428	34.2477	26.8811	 0.09	  3.74	0.042	  161.43	 52.28
 530.00	 525.53	 6.6379	34.2483	26.8822	 0.08	  3.68	0.042	  161.35	 51.27
 531.00	 526.52	 6.6356	34.2486	26.8827	 0.08	  3.60	0.042	  161.34	 50.23
 532.00	 527.51	 6.6333	34.2486	26.8831	 0.08	  3.48	0.042	  161.36	 49.24
 533.00	 528.50	 6.6308	34.2488	26.8836	 0.08	  3.45	0.042	  161.32	 48.26
 534.00	 529.49	 6.6294	34.2489	26.8839	 0.08	  3.41	0.042	  161.41	 47.26
 535.00	 530.48	 6.6267	34.2490	26.8843	 0.07	  3.26	0.042	  161.39	 46.26
 536.00	 531.47	 6.6239	34.2491	26.8848	 0.07	  3.25	0.042	  161.36	 45.23
 537.00	 532.47	 6.6221	34.2493	26.8852	 0.08	  3.28	0.042	  161.33	 44.24
 538.00	 533.46	 6.6215	34.2493	26.8853	 0.08	  3.29	0.042	  161.30	 43.28
 539.00	 534.45	 6.6209	34.2494	26.8855	 0.08	  3.29	0.042	  161.33	 42.25
 540.00	 535.44	 6.6206	34.2494	26.8855	 0.08	  3.27	0.042	  161.28	 41.30
 541.00	 536.43	 6.6203	34.2494	26.8856	 0.07	  3.24	0.042	  161.30	 40.27
 542.00	 537.42	 6.6197	34.2494	26.8856	 0.08	  3.27	0.042	  161.31	 39.26
 543.00	 538.41	 6.6187	34.2496	26.8859	 0.07	  3.22	0.042	  161.26	 38.23
 544.00	 539.40	 6.6183	34.2496	26.8860	 0.07	  3.20	0.042	  161.23	 37.24
 545.00	 540.39	 6.6180	34.2496	26.8861	 0.07	  3.21	0.042	  161.20	 36.24
 546.00	 541.38	 6.6179	34.2497	26.8861	 0.07	  3.18	0.042	  161.20	 35.25
 547.00	 542.37	 6.6176	34.2496	26.8862	 0.07	  3.16	0.042	  161.23	 34.27
 548.00	 543.36	 6.6174	34.2496	26.8862	 0.07	  3.17	0.042	  161.13	 33.31
 549.00	 544.35	 6.6175	34.2497	26.8863	 0.07	  3.20	0.042	  161.06	 32.26
 550.00	 545.34	 6.6175	34.2497	26.8863	 0.07	  3.20	0.042	  160.97	 31.21
 551.00	 546.33	 6.6176	34.2497	26.8863	 0.07	  3.18	0.042	  160.92	 30.22
 552.00	 547.32	 6.6177	34.2497	26.8863	 0.07	  3.12	0.042	  160.84	 29.24
 553.00	 548.31	 6.6178	34.2496	26.8862	 0.07	  3.16	0.042	  160.84	 28.23
 554.00	 549.30	 6.6178	34.2497	26.8863	 0.07	  3.17	0.042	  160.78	 27.23
 555.00	 550.29	 6.6180	34.2495	26.8861	 0.07	  3.12	0.042	  160.69	 26.25
 556.00	 551.28	 6.6180	34.2496	26.8862	 0.07	  3.13	0.042	  160.68	 25.26
 557.00	 552.27	 6.6180	34.2497	26.8863	 0.07	  3.18	0.042	  160.60	 24.29
 558.00	 553.26	 6.6182	34.2496	26.8862	 0.07	  3.13	0.042	  160.59	 23.24
 559.00	 554.25	 6.6182	34.2497	26.8863	 0.07	  3.15	0.042	  160.47	 22.18
 560.00	 555.24	 6.6183	34.2496	26.8863	 0.07	  3.09	0.042	  160.42	 21.21
 561.00	 556.23	 6.6184	34.2497	26.8863	 0.07	  3.09	0.042	  160.49	 20.30
 562.00	 557.22	 6.6185	34.2496	26.8862	 0.07	  3.13	0.042	  160.31	 19.25
 563.00	 558.21	 6.6185	34.2496	26.8862	 0.07	  3.13	0.042	  160.31	 18.21
 564.00	 559.20	 6.6185	34.2496	26.8863	 0.07	  3.06	0.042	  160.22	 17.19
 565.00	 560.19	 6.6186	34.2496	26.8863	 0.07	  3.09	0.042	  160.14	 16.12
 566.00	 561.18	 6.6188	34.2497	26.8863	 0.07	  3.08	0.042	  159.98	 14.96
 567.00	 562.17	 6.6187	34.2496	26.8863	 0.07	  3.05	0.042	  159.81	 13.96
 568.00	 563.16	 6.6187	34.2496	26.8862	 0.07	  3.05	0.042	  159.67	 12.94
 569.00	 564.15	 6.6187	34.2497	26.8863	 0.07	  2.99	0.042	  159.44	 11.95
 570.00	 565.14	 6.6189	34.2496	26.8863	 0.07	  2.94	0.042	  159.20	 10.91
 571.00	 566.13	 6.6199	34.2496	26.8862	 0.07	  2.95	0.042	  158.61	  9.82
