wcoa21_data_management/01_CRUISE_METADATA/00_OCADS_data/CTD_downcasts/WCOA_2021_CTD_downcasts/dRB2102_CTD_112_01_F.txt
* Sea-Bird SBE 9 Data:
* Software Version Seasave V 7.26.7.107
* Vessel: NOAA Ship Ronald H. Brown
* Cruise: RB2102, West Coast Ocean Acidification (WCOA) 2021
* Dates: 20210622 to 20210723
* Region: NE Pacific, USA West Coast
* Ports: San Diego, CA to Port Angeles, WA to San Diego, CA
* Chief Scientists: R. Feely, NOAA PMEL; D. Greeley, NOAA PMEL; B. Carter, NOAA PMEL / UW CICOES
*END*
[from data line 427]
 431.00	 427.47	 7.2507	34.2873	26.8283	 0.51	 22.03	0.041	  143.26	 99.98
 432.00	 428.46	 7.2477	34.2877	26.8290	 0.50	 21.94	0.041	  143.23	 99.98
 433.00	 429.45	 7.2475	34.2877	26.8291	 0.51	 22.01	0.040	  143.22	 99.98
 434.00	 430.44	 7.2397	34.2878	26.8302	 0.51	 22.04	0.042	  143.20	 99.98
 435.00	 431.43	 7.2360	34.2881	26.8310	 0.50	 21.80	0.042	  143.24	 99.98
 436.00	 432.43	 7.2304	34.2882	26.8318	 0.50	 21.56	0.041	  143.19	 99.98
 437.00	 433.42	 7.2281	34.2884	26.8324	 0.50	 21.70	0.041	  143.26	 99.98
 438.00	 434.41	 7.2258	34.2885	26.8327	 0.50	 21.70	0.041	  143.23	 99.98
 439.00	 435.40	 7.2222	34.2887	26.8335	 0.50	 21.57	0.040	  143.21	 99.98
 440.00	 436.39	 7.2176	34.2887	26.8341	 0.50	 21.59	0.041	  143.19	 99.98
 441.00	 437.38	 7.2100	34.2891	26.8355	 0.49	 21.53	0.041	  143.17	 99.98
 442.00	 438.37	 7.2088	34.2892	26.8358	 0.49	 21.39	0.040	  143.13	 99.98
 443.00	 439.36	 7.2063	34.2891	26.8360	 0.49	 21.41	0.040	  143.18	 99.98
 444.00	 440.35	 7.1987	34.2890	26.8370	 0.49	 21.19	0.040	  143.12	 99.98
 445.00	 441.34	 7.1879	34.2894	26.8388	 0.49	 21.20	0.040	  143.13	 99.98
 446.00	 442.33	 7.1811	34.2902	26.8404	 0.49	 21.24	0.040	  143.15	 99.98
 447.00	 443.32	 7.1810	34.2898	26.8402	 0.49	 21.15	0.040	  143.17	 99.98
 448.00	 444.31	 7.1776	34.2901	26.8409	 0.49	 21.21	0.041	  143.15	 99.98
 449.00	 445.31	 7.1788	34.2903	26.8408	 0.49	 21.21	0.041	  143.08	 99.98
 450.00	 446.30	 7.1793	34.2904	26.8409	 0.49	 21.12	0.040	  143.11	 99.98
 451.00	 447.29	 7.1793	34.2903	26.8408	 0.49	 21.13	0.040	  143.09	 99.98
 452.00	 448.28	 7.1807	34.2900	26.8405	 0.49	 21.24	0.040	  143.11	 99.98
 453.00	 449.27	 7.1817	34.2902	26.8404	 0.49	 21.19	0.040	  143.10	 99.98
 454.00	 450.26	 7.1841	34.2900	26.8399	 0.48	 21.03	0.041	  143.07	 99.98
 455.00	 451.25	 7.1776	34.2900	26.8409	 0.48	 20.82	0.041	  143.11	 99.98
 456.00	 452.24	 7.1684	34.2910	26.8430	 0.48	 20.90	0.041	  143.07	 99.98
 457.00	 453.23	 7.1641	34.2913	26.8438	 0.48	 20.74	0.041	  143.08	 99.98
 458.00	 454.22	 7.1583	34.2916	26.8449	 0.48	 20.71	0.040	  143.13	 99.98
 459.00	 455.21	 7.1527	34.2920	26.8460	 0.48	 20.71	0.041	  143.08	 99.98
 460.00	 456.20	 7.1470	34.2921	26.8468	 0.47	 20.61	0.040	  143.10	 99.98
 461.00	 457.19	 7.1455	34.2922	26.8472	 0.47	 20.52	0.041	  143.13	 99.98
 462.00	 458.18	 7.1414	34.2923	26.8478	 0.47	 20.61	0.040	  143.07	 99.98
 463.00	 459.17	 7.1349	34.2924	26.8488	 0.47	 20.62	0.040	  143.05	 99.98
 464.00	 460.17	 7.1300	34.2926	26.8496	 0.47	 20.45	0.040	  143.07	 99.98
 465.00	 461.16	 7.1263	34.2927	26.8502	 0.47	 20.38	0.040	  143.10	 99.98
 466.00	 462.15	 7.1227	34.2928	26.8508	 0.47	 20.31	0.040	  143.06	 99.98
 467.00	 463.14	 7.1160	34.2932	26.8521	 0.46	 20.17	0.040	  143.07	 99.98
 468.00	 464.13	 7.1056	34.2924	26.8529	 0.46	 20.04	0.040	  143.03	 99.98
 469.00	 465.12	 7.0763	34.2925	26.8570	 0.45	 19.74	0.042	  143.07	 99.98
 470.00	 466.11	 7.0530	34.2932	26.8609	 0.45	 19.71	0.040	  143.07	 99.98
 471.00	 467.10	 7.0362	34.2941	26.8639	 0.45	 19.58	0.041	  143.02	 99.98
 472.00	 468.09	 7.0270	34.2943	26.8653	 0.44	 19.20	0.040	  143.08	 99.98
 473.00	 469.08	 7.0121	34.2945	26.8675	 0.44	 19.25	0.040	  143.04	 99.98
 474.00	 470.07	 7.0020	34.2954	26.8696	 0.44	 19.09	0.040	  143.03	 99.98
 475.00	 471.06	 6.9971	34.2958	26.8706	 0.44	 18.96	0.040	  143.09	 99.98
 476.00	 472.05	 6.9916	34.2959	26.8714	 0.44	 19.04	0.040	  142.99	 99.98
 477.00	 473.04	 6.9837	34.2964	26.8729	 0.43	 18.75	0.040	  143.11	 99.98
 478.00	 474.03	 6.9800	34.2959	26.8730	 0.43	 18.60	0.041	  143.05	 99.98
 479.00	 475.02	 6.9476	34.2952	26.8769	 0.43	 18.59	0.041	  143.04	 99.98
 480.00	 476.01	 6.9220	34.2973	26.8821	 0.42	 18.45	0.041	  142.98	 99.98
 481.00	 477.00	 6.9179	34.2970	26.8824	 0.42	 18.40	0.042	  143.03	 99.98
 482.00	 478.00	 6.9145	34.2972	26.8830	 0.42	 18.39	0.041	  143.05	 99.98
 483.00	 478.99	 6.9123	34.2973	26.8834	 0.42	 18.37	0.041	  142.99	 99.98
 484.00	 479.98	 6.9078	34.2974	26.8841	 0.42	 18.35	0.040	  143.01	 99.98
 485.00	 480.97	 6.9049	34.2975	26.8846	 0.42	 18.34	0.040	  142.97	 99.98
 486.00	 481.96	 6.9034	34.2974	26.8848	 0.42	 18.27	0.040	  142.99	 99.98
 487.00	 482.95	 6.9042	34.2977	26.8849	 0.42	 18.21	0.040	  143.01	 99.98
 488.00	 483.94	 6.9037	34.2976	26.8849	 0.42	 18.41	0.040	  143.01	 99.98
 489.00	 484.93	 6.9028	34.2976	26.8850	 0.42	 18.21	0.041	  142.97	 99.98
 490.00	 485.92	 6.9032	34.2977	26.8851	 0.42	 18.21	0.042	  143.02	 99.98
 491.00	 486.91	 6.9026	34.2976	26.8851	 0.42	 18.31	0.041	  142.97	 99.99
 492.00	 487.90	 6.9018	34.2978	26.8854	 0.42	 18.19	0.041	  143.01	 99.98
 493.00	 488.89	 6.8952	34.2974	26.8859	 0.42	 18.22	0.041	  143.00	 99.98
 494.00	 489.88	 6.8927	34.2976	26.8865	 0.42	 18.24	0.040	  142.96	 99.98
 495.00	 490.87	 6.8921	34.2976	26.8865	 0.42	 18.25	0.040	  142.93	 99.99
 496.00	 491.86	 6.8914	34.2977	26.8867	 0.42	 18.26	0.041	  142.95	 99.99
 497.00	 492.85	 6.8887	34.2972	26.8867	 0.42	 18.12	0.041	  142.91	 99.99
 498.00	 493.84	 6.8779	34.2979	26.8888	 0.42	 18.07	0.040	  142.95	 99.99
 499.00	 494.83	 6.8785	34.2976	26.8885	 0.42	 18.16	0.041	  142.91	 99.99
 500.00	 495.82	 6.8727	34.2976	26.8892	 0.42	 18.07	0.040	  142.94	 99.99
 501.00	 496.81	 6.8640	34.2978	26.8906	 0.41	 18.02	0.041	  142.90	 99.99
 502.00	 497.81	 6.8583	34.2979	26.8915	 0.42	 18.09	0.040	  142.95	 99.98
 503.00	 498.80	 6.8513	34.2974	26.8920	 0.41	 18.04	0.040	  142.93	 99.99
 504.00	 499.79	 6.8434	34.2977	26.8933	 0.41	 17.83	0.040	  142.95	 99.98
 505.00	 500.78	 6.8387	34.2977	26.8940	 0.41	 17.76	0.040	  142.94	 99.99
 506.00	 501.77	 6.8270	34.2969	26.8950	 0.41	 17.89	0.040	  142.94	 99.99
 507.00	 502.76	 6.8164	34.2975	26.8969	 0.41	 17.83	0.040	  142.94	 99.99
 508.00	 503.75	 6.8133	34.2975	26.8973	 0.41	 17.74	0.041	  142.94	 99.99
 509.00	 504.74	 6.8099	34.2975	26.8978	 0.41	 17.73	0.041	  142.86	 99.99
 510.00	 505.73	 6.8080	34.2976	26.8981	 0.41	 17.71	0.042	  142.93	 99.98
 511.00	 506.72	 6.8068	34.2977	26.8984	 0.41	 17.81	0.042	  142.88	 99.99
 512.00	 507.71	 6.8058	34.2976	26.8984	 0.41	 17.65	0.042	  142.92	 99.99
 513.00	 508.70	 6.7988	34.2975	26.8993	 0.41	 17.72	0.042	  142.90	 99.98
 514.00	 509.69	 6.7961	34.2977	26.8998	 0.41	 17.71	0.041	  142.87	 99.99
 515.00	 510.68	 6.7967	34.2978	26.8999	 0.41	 17.67	0.041	  142.86	 99.98
 516.00	 511.67	 6.7969	34.2978	26.8998	 0.41	 17.62	0.041	  142.86	 99.99
 517.00	 512.66	 6.7969	34.2979	26.9000	 0.40	 17.54	0.040	  142.91	 99.99
 518.00	 513.65	 6.7954	34.2977	26.9000	 0.40	 17.52	0.040	  142.89	 99.99
 519.00	 514.64	 6.7876	34.2974	26.9008	 0.40	 17.50	0.041	  142.88	 99.99
 520.00	 515.63	 6.7772	34.2980	26.9027	 0.40	 17.48	0.041	  142.86	 99.99
 521.00	 516.62	 6.7686	34.2982	26.9040	 0.40	 17.43	0.041	  142.87	 99.99
 522.00	 517.61	 6.7559	34.2981	26.9057	 0.40	 17.31	0.041	  142.87	 99.99
 523.00	 518.60	 6.7444	34.2982	26.9073	 0.39	 17.08	0.042	  142.91	 99.99
 524.00	 519.59	 6.7211	34.2982	26.9104	 0.39	 17.03	0.042	  142.90	 99.99
 525.00	 520.58	 6.7042	34.2990	26.9133	 0.40	 17.26	0.042	  142.93	 99.99
 526.00	 521.57	 6.6957	34.2994	26.9148	 0.39	 17.06	0.041	  142.85	 99.99
 527.00	 522.57	 6.6944	34.2995	26.9151	 0.39	 16.83	0.042	  142.84	 99.99
 528.00	 523.56	 6.6902	34.2994	26.9156	 0.39	 16.79	0.041	  142.86	 99.99
 529.00	 524.55	 6.6736	34.2995	26.9178	 0.38	 16.67	0.041	  142.86	 99.99
 530.00	 525.54	 6.6616	34.2988	26.9189	 0.38	 16.52	0.040	  142.80	 99.99
 531.00	 526.53	 6.6367	34.2992	26.9226	 0.38	 16.45	0.041	  142.84	 99.99
 532.00	 527.52	 6.6162	34.2992	26.9253	 0.38	 16.32	0.042	  142.83	 99.99
 533.00	 528.51	 6.6019	34.3000	26.9278	 0.37	 16.27	0.041	  142.81	100.00
 534.00	 529.50	 6.5921	34.3001	26.9292	 0.38	 16.36	0.040	  142.83	 99.99
 535.00	 530.49	 6.5818	34.2998	26.9304	 0.37	 16.17	0.041	  142.85	100.00
 536.00	 531.48	 6.5697	34.3003	26.9324	 0.37	 16.04	0.041	  142.80	 99.99
 537.00	 532.47	 6.5594	34.2999	26.9334	 0.37	 16.08	0.041	  142.87	 99.99
 538.00	 533.46	 6.5547	34.3004	26.9344	 0.37	 16.03	0.041	  142.83	100.00
 539.00	 534.45	 6.5527	34.3003	26.9346	 0.37	 15.96	0.041	  142.82	100.00
 540.00	 535.44	 6.5429	34.3001	26.9357	 0.37	 15.99	0.041	  142.85	100.00
 541.00	 536.43	 6.5364	34.3004	26.9369	 0.37	 15.95	0.041	  142.82	100.00
 542.00	 537.42	 6.5324	34.3005	26.9375	 0.37	 15.89	0.041	  142.78	100.00
 543.00	 538.41	 6.5309	34.3006	26.9378	 0.37	 15.87	0.040	  142.81	100.00
 544.00	 539.40	 6.5303	34.3008	26.9381	 0.36	 15.83	0.040	  142.84	100.00
 545.00	 540.39	 6.5293	34.3005	26.9379	 0.36	 15.78	0.041	  142.84	100.00
 546.00	 541.38	 6.5230	34.3008	26.9390	 0.36	 15.84	0.041	  142.79	100.00
 547.00	 542.37	 6.5172	34.3010	26.9400	 0.36	 15.86	0.040	  142.80	100.00
 548.00	 543.36	 6.5127	34.3011	26.9407	 0.36	 15.86	0.041	  142.80	100.00
 549.00	 544.35	 6.5121	34.3013	26.9409	 0.36	 15.78	0.042	  142.81	100.00
 550.00	 545.34	 6.5114	34.3013	26.9410	 0.36	 15.75	0.042	  142.80	100.00
 551.00	 546.33	 6.5107	34.3015	26.9412	 0.36	 15.73	0.042	  142.81	100.00
 552.00	 547.32	 6.5085	34.3013	26.9414	 0.36	 15.72	0.040	  142.75	100.00
 553.00	 548.31	 6.5003	34.3017	26.9428	 0.36	 15.73	0.040	  142.81	100.00
 554.00	 549.30	 6.4969	34.3018	26.9433	 0.36	 15.57	0.040	  142.81	100.00
 555.00	 550.29	 6.4944	34.3021	26.9439	 0.36	 15.64	0.040	  142.76	100.00
 556.00	 551.28	 6.4928	34.3021	26.9441	 0.36	 15.65	0.041	  142.78	100.00
 557.00	 552.27	 6.4886	34.3021	26.9447	 0.36	 15.62	0.041	  142.80	100.00
 558.00	 553.26	 6.4808	34.3016	26.9453	 0.36	 15.49	0.040	  142.83	100.00
 559.00	 554.25	 6.4676	34.3018	26.9472	 0.35	 15.40	0.040	  142.74	100.00
 560.00	 555.24	 6.4495	34.3016	26.9494	 0.36	 15.50	0.040	  142.72	100.00
 561.00	 556.23	 6.4402	34.3021	26.9510	 0.36	 15.54	0.042	  142.78	100.00
 562.00	 557.22	 6.4399	34.3021	26.9511	 0.36	 15.50	0.041	  142.73	100.00
 563.00	 558.21	 6.4351	34.3019	26.9516	 0.36	 15.44	0.040	  142.71	100.00
 564.00	 559.20	 6.4244	34.3021	26.9532	 0.35	 15.25	0.040	  142.69	100.00
 565.00	 560.19	 6.4128	34.3020	26.9546	 0.35	 15.22	0.040	  142.66	100.00
 566.00	 561.18	 6.3992	34.3022	26.9565	 0.35	 15.42	0.040	  142.71	100.00
 567.00	 562.17	 6.3874	34.3019	26.9578	 0.35	 15.13	0.040	  142.72	100.00
 568.00	 563.16	 6.3647	34.3022	26.9610	 0.34	 14.88	0.040	  142.68	100.00
 569.00	 564.15	 6.3574	34.3027	26.9624	 0.35	 15.11	0.040	  142.67	100.00
 570.00	 565.14	 6.3515	34.3031	26.9635	 0.35	 15.11	0.040	  142.70	100.00
 571.00	 566.13	 6.3420	34.3029	26.9645	 0.35	 15.06	0.041	  142.65	100.00
 572.00	 567.13	 6.3191	34.3041	26.9685	 0.34	 14.96	0.040	  142.70	100.00
 573.00	 568.12	 6.3090	34.3027	26.9687	 0.34	 14.77	0.040	  142.71	100.00
 574.00	 569.11	 6.2980	34.3044	26.9715	 0.34	 14.98	0.040	  142.69	100.00
 575.00	 570.10	 6.2952	34.3043	26.9717	 0.34	 14.79	0.041	  142.72	100.00
 576.00	 571.09	 6.2908	34.3046	26.9726	 0.34	 14.75	0.042	  142.67	100.00
 577.00	 572.08	 6.2879	34.3049	26.9732	 0.34	 14.68	0.041	  142.65	100.00
 578.00	 573.07	 6.2827	34.3054	26.9743	 0.34	 14.63	0.041	  142.65	100.00
 579.00	 574.06	 6.2789	34.3059	26.9751	 0.34	 14.59	0.041	  142.67	100.00
 580.00	 575.05	 6.2777	34.3060	26.9754	 0.34	 14.63	0.042	  142.67	100.00
 581.00	 576.04	 6.2746	34.3062	26.9760	 0.33	 14.37	0.041	  142.59	100.00
 582.00	 577.03	 6.2670	34.3070	26.9776	 0.33	 14.16	0.040	  142.70	100.00
 583.00	 578.02	 6.2582	34.3081	26.9796	 0.33	 14.40	0.040	  142.64	100.00
 584.00	 579.01	 6.2543	34.3086	26.9805	 0.33	 14.34	0.040	  142.66	100.00
 585.00	 580.00	 6.2536	34.3087	26.9807	 0.33	 14.28	0.040	  142.67	100.00
 586.00	 580.99	 6.2525	34.3088	26.9810	 0.33	 14.32	0.040	  142.59	100.00
 587.00	 581.98	 6.2511	34.3090	26.9813	 0.33	 14.25	0.041	  142.61	100.00
 588.00	 582.97	 6.2502	34.3092	26.9815	 0.33	 14.21	0.041	  142.67	100.00
 589.00	 583.96	 6.2496	34.3092	26.9816	 0.33	 14.27	0.040	  142.62	100.00
 590.00	 584.95	 6.2481	34.3094	26.9820	 0.32	 14.12	0.041	  142.64	100.00
 591.00	 585.94	 6.2475	34.3094	26.9821	 0.32	 14.12	0.040	  142.61	100.00
 592.00	 586.93	 6.2468	34.3095	26.9823	 0.33	 14.20	0.041	  142.65	100.00
 593.00	 587.92	 6.2453	34.3097	26.9826	 0.32	 14.11	0.041	  142.62	100.00
 594.00	 588.91	 6.2444	34.3099	26.9829	 0.32	 14.10	0.040	  142.57	100.00
 595.00	 589.90	 6.2443	34.3098	26.9829	 0.33	 14.20	0.041	  142.62	100.00
 596.00	 590.89	 6.2440	34.3098	26.9829	 0.32	 14.12	0.041	  142.63	100.00
 597.00	 591.88	 6.2423	34.3099	26.9832	 0.32	 14.13	0.040	  142.63	100.00
 598.00	 592.87	 6.2411	34.3100	26.9835	 0.33	 14.15	0.040	  142.52	100.00
 599.00	 593.86	 6.2404	34.3100	26.9836	 0.32	 14.13	0.040	  142.60	100.00
 600.00	 594.85	 6.2402	34.3100	26.9836	 0.33	 14.14	0.041	  142.59	100.00
 601.00	 595.84	 6.2396	34.3100	26.9837	 0.33	 14.18	0.042	  142.58	100.00
 602.00	 596.83	 6.2383	34.3102	26.9840	 0.32	 14.12	0.042	  142.56	100.00
 603.00	 597.82	 6.2369	34.3103	26.9843	 0.32	 14.04	0.041	  142.55	100.00
 604.00	 598.81	 6.2365	34.3103	26.9843	 0.32	 14.13	0.040	  142.56	100.00
 605.00	 599.80	 6.2353	34.3103	26.9845	 0.32	 14.03	0.040	  142.55	100.00
 606.00	 600.79	 6.2343	34.3104	26.9847	 0.32	 13.94	0.040	  142.49	100.00
 607.00	 601.78	 6.2335	34.3103	26.9848	 0.33	 14.14	0.040	  142.52	100.00
 608.00	 602.77	 6.2306	34.3104	26.9852	 0.32	 13.94	0.040	  142.57	100.00
 609.00	 603.76	 6.2271	34.3106	26.9859	 0.32	 13.91	0.041	  142.54	100.00
 610.00	 604.75	 6.2249	34.3108	26.9863	 0.32	 13.97	0.041	  142.62	100.00
 611.00	 605.74	 6.2204	34.3112	26.9872	 0.32	 13.97	0.041	  142.52	100.00
 612.00	 606.73	 6.2135	34.3121	26.9889	 0.32	 13.88	0.040	  142.52	100.00
 613.00	 607.72	 6.2113	34.3123	26.9893	 0.32	 13.80	0.041	  142.49	100.00
 614.00	 608.71	 6.2075	34.3128	26.9901	 0.32	 13.74	0.042	  142.52	100.00
 615.00	 609.70	 6.2041	34.3130	26.9908	 0.32	 13.70	0.042	  142.49	100.00
 616.00	 610.69	 6.1950	34.3141	26.9928	 0.32	 13.78	0.041	  142.51	100.00
 617.00	 611.68	 6.1895	34.3147	26.9940	 0.32	 13.72	0.040	  142.47	100.00
 618.00	 612.67	 6.1849	34.3148	26.9947	 0.31	 13.56	0.040	  142.52	100.00
 619.00	 613.66	 6.1772	34.3152	26.9960	 0.31	 13.52	0.040	  142.44	100.00
 620.00	 614.65	 6.1630	34.3161	26.9985	 0.31	 13.50	0.040	  142.47	100.00
 621.00	 615.63	 6.1552	34.3168	27.0001	 0.31	 13.45	0.041	  142.45	100.00
 622.00	 616.62	 6.1455	34.3172	27.0016	 0.31	 13.40	0.040	  142.40	100.00
 623.00	 617.61	 6.1403	34.3178	27.0028	 0.31	 13.47	0.040	  142.47	100.00
 624.00	 618.60	 6.1355	34.3178	27.0034	 0.31	 13.39	0.040	  142.49	100.00
 625.00	 619.59	 6.1338	34.3183	27.0040	 0.31	 13.51	0.041	  142.43	100.00
 626.00	 620.58	 6.1335	34.3182	27.0040	 0.31	 13.37	0.042	  142.41	100.00
 627.00	 621.57	 6.1327	34.3183	27.0042	 0.31	 13.46	0.042	  142.42	100.00
 628.00	 622.56	 6.1342	34.3183	27.0040	 0.31	 13.40	0.041	  142.43	100.00
 629.00	 623.55	 6.1345	34.3184	27.0040	 0.31	 13.32	0.041	  142.44	100.00
 630.00	 624.54	 6.1336	34.3184	27.0042	 0.31	 13.27	0.042	  142.40	100.00
 631.00	 625.53	 6.1323	34.3185	27.0044	 0.30	 13.26	0.042	  142.42	100.00
 632.00	 626.52	 6.1315	34.3188	27.0048	 0.31	 13.32	0.042	  142.39	100.00
 633.00	 627.51	 6.1309	34.3187	27.0048	 0.30	 13.26	0.041	  142.36	100.00
 634.00	 628.50	 6.1273	34.3189	27.0054	 0.31	 13.27	0.041	  142.40	100.00
 635.00	 629.49	 6.1254	34.3191	27.0059	 0.31	 13.31	0.041	  142.38	100.00
 636.00	 630.48	 6.1181	34.3191	27.0068	 0.31	 13.26	0.041	  142.36	100.00
 637.00	 631.47	 6.1066	34.3199	27.0089	 0.30	 13.16	0.042	  142.36	100.00
 638.00	 632.46	 6.0972	34.3201	27.0102	 0.30	 13.24	0.041	  142.43	100.00
 639.00	 633.45	 6.0835	34.3212	27.0128	 0.31	 13.31	0.040	  142.31	100.00
 640.00	 634.44	 6.0791	34.3212	27.0134	 0.29	 12.81	0.040	  142.38	100.00
 641.00	 635.43	 6.0616	34.3206	27.0152	 0.30	 12.89	0.040	  142.34	100.00
 642.00	 636.42	 6.0330	34.3233	27.0209	 0.30	 13.04	0.040	  142.40	100.00
 643.00	 637.41	 6.0162	34.3248	27.0242	 0.30	 12.92	0.041	  142.35	100.00
