wcoa21_data_management/01_CRUISE_METADATA/00_OCADS_data/CTD_downcasts/WCOA_2021_CTD_downcasts/dRB2102_CTD_111_01_F.txt
* Sea-Bird SBE 9 Data:
* Software Version Seasave V 7.26.7.107
* Vessel: NOAA Ship Ronald H. Brown
* Cruise: RB2102, West Coast Ocean Acidification (WCOA) 2021
* Dates: 20210622 to 20210723
* Region: NE Pacific, USA West Coast
* Ports: San Diego, CA to Port Angeles, WA to San Diego, CA
* Chief Scientists: R. Feely, NOAA PMEL; D. Greeley, NOAA PMEL; B. Carter, NOAA PMEL / UW CICOES
*END*
[from data line 1707]
1710.00	1690.85	 2.5407	34.5692	27.5921	 1.23	 53.59	0.040	  141.56	 99.98
1711.00	1691.84	 2.5371	34.5696	27.5928	 1.23	 53.56	0.040	  141.57	 99.98
1712.00	1692.82	 2.5351	34.5698	27.5931	 1.23	 53.47	0.040	  141.58	 99.98
1713.00	1693.81	 2.5325	34.5701	27.5935	 1.23	 53.64	0.040	  141.53	 99.98
1714.00	1694.79	 2.5304	34.5702	27.5938	 1.24	 53.80	0.040	  141.54	 99.98
1715.00	1695.77	 2.5270	34.5705	27.5944	 1.24	 54.03	0.040	  141.55	 99.98
1716.00	1696.76	 2.5225	34.5707	27.5949	 1.25	 54.13	0.040	  141.56	 99.98
1717.00	1697.74	 2.5202	34.5710	27.5954	 1.24	 53.93	0.040	  141.53	 99.98
1718.00	1698.73	 2.5190	34.5710	27.5954	 1.24	 53.88	0.040	  141.55	 99.98
1719.00	1699.71	 2.5181	34.5711	27.5956	 1.24	 54.00	0.040	  141.53	 99.98
1720.00	1700.70	 2.5170	34.5712	27.5958	 1.25	 54.15	0.040	  141.51	 99.98
1721.00	1701.68	 2.5159	34.5714	27.5960	 1.25	 54.36	0.040	  141.51	 99.98
1722.00	1702.67	 2.5157	34.5713	27.5960	 1.26	 54.74	0.040	  141.50	 99.98
1723.00	1703.65	 2.5036	34.5724	27.5979	 1.28	 55.41	0.040	  141.52	 99.98
1724.00	1704.64	 2.4978	34.5739	27.5996	 1.28	 55.77	0.040	  141.45	 99.98
1725.00	1705.62	 2.4966	34.5742	27.5999	 1.28	 55.78	0.040	  141.46	 99.98
1726.00	1706.61	 2.4935	34.5745	27.6004	 1.29	 55.90	0.040	  141.48	 76.50
1727.00	1707.59	 2.4918	34.5750	27.6010	 1.29	 56.06	0.040	  141.52	 98.91
1728.00	1708.58	 2.4906	34.5752	27.6012	 1.29	 56.16	0.040	  141.51	 99.98
1729.00	1709.56	 2.4879	34.5755	27.6017	 1.30	 56.37	0.040	  141.45	 99.98
1730.00	1710.55	 2.4868	34.5756	27.6019	 1.30	 56.33	0.040	  141.44	 99.98
1731.00	1711.53	 2.4852	34.5758	27.6022	 1.30	 56.29	0.040	  141.48	 99.98
1732.00	1712.52	 2.4844	34.5760	27.6024	 1.29	 56.18	0.040	  141.50	 99.98
1733.00	1713.50	 2.4839	34.5759	27.6024	 1.29	 56.26	0.040	  141.40	 99.98
1734.00	1714.48	 2.4817	34.5760	27.6027	 1.30	 56.43	0.040	  141.48	 99.98
1735.00	1715.47	 2.4781	34.5763	27.6031	 1.30	 56.44	0.040	  141.46	 99.98
1736.00	1716.45	 2.4765	34.5762	27.6033	 1.30	 56.46	0.040	  141.47	 99.98
1737.00	1717.44	 2.4740	34.5765	27.6037	 1.30	 56.58	0.040	  141.43	 99.98
1738.00	1718.42	 2.4656	34.5763	27.6042	 1.30	 56.53	0.040	  141.40	 99.98
1739.00	1719.41	 2.4592	34.5771	27.6054	 1.30	 56.71	0.040	  141.43	 99.98
1740.00	1720.39	 2.4587	34.5771	27.6055	 1.31	 56.99	0.040	  141.43	 99.98
1741.00	1721.38	 2.4586	34.5772	27.6055	 1.30	 56.69	0.040	  141.50	 99.98
1742.00	1722.36	 2.4587	34.5771	27.6054	 1.31	 56.74	0.040	  141.39	 99.98
1743.00	1723.35	 2.4585	34.5773	27.6057	 1.31	 56.95	0.040	  141.44	 99.98
1744.00	1724.33	 2.4584	34.5774	27.6057	 1.31	 56.96	0.040	  141.41	 99.98
1745.00	1725.32	 2.4585	34.5773	27.6057	 1.31	 56.86	0.040	  141.47	 99.98
1746.00	1726.30	 2.4583	34.5775	27.6058	 1.31	 56.93	0.040	  141.42	 99.98
1747.00	1727.29	 2.4555	34.5777	27.6062	 1.32	 57.36	0.040	  141.39	 99.98
1748.00	1728.27	 2.4469	34.5780	27.6072	 1.32	 57.47	0.040	  141.44	 99.98
1749.00	1729.26	 2.4446	34.5783	27.6077	 1.32	 57.25	0.040	  141.42	 99.98
1750.00	1730.24	 2.4445	34.5783	27.6076	 1.32	 57.29	0.041	  141.40	 99.98
1751.00	1731.22	 2.4448	34.5783	27.6077	 1.32	 57.38	0.040	  141.41	 99.98
1752.00	1732.21	 2.4441	34.5784	27.6078	 1.32	 57.38	0.040	  141.41	 99.98
1753.00	1733.19	 2.4415	34.5784	27.6080	 1.32	 57.32	0.040	  141.43	 99.98
1754.00	1734.18	 2.4402	34.5787	27.6083	 1.33	 57.66	0.040	  141.43	 99.98
1755.00	1735.16	 2.4388	34.5788	27.6085	 1.32	 57.51	0.040	  141.41	 99.98
1756.00	1736.15	 2.4380	34.5789	27.6087	 1.32	 57.47	0.040	  141.39	 99.98
1757.00	1737.13	 2.4365	34.5789	27.6088	 1.33	 57.73	0.040	  141.39	 99.98
1758.00	1738.12	 2.4352	34.5792	27.6092	 1.33	 57.71	0.041	  141.41	 99.98
1759.00	1739.10	 2.4352	34.5791	27.6091	 1.33	 57.62	0.040	  141.37	 99.98
1760.00	1740.09	 2.4348	34.5793	27.6093	 1.33	 57.67	0.040	  141.37	 99.98
1761.00	1741.07	 2.4340	34.5792	27.6093	 1.33	 57.80	0.040	  141.37	 99.98
1762.00	1742.06	 2.4323	34.5793	27.6096	 1.33	 57.76	0.041	  141.40	 99.98
1763.00	1743.04	 2.4322	34.5794	27.6096	 1.33	 57.89	0.041	  141.40	 99.98
1764.00	1744.02	 2.4306	34.5793	27.6097	 1.33	 57.88	0.040	  141.39	 99.98
1765.00	1745.01	 2.4253	34.5799	27.6106	 1.33	 57.84	0.040	  141.42	 99.98
1766.00	1745.99	 2.4253	34.5800	27.6107	 1.34	 58.11	0.040	  141.37	 99.98
1767.00	1746.98	 2.4254	34.5800	27.6107	 1.33	 58.01	0.040	  141.38	 99.98
1768.00	1747.96	 2.4256	34.5800	27.6107	 1.33	 57.84	0.040	  141.43	 99.98
1769.00	1748.95	 2.4257	34.5799	27.6106	 1.33	 57.90	0.041	  141.40	 99.98
1770.00	1749.93	 2.4257	34.5800	27.6107	 1.34	 58.09	0.041	  141.36	 99.98
1771.00	1750.92	 2.4258	34.5799	27.6106	 1.34	 58.10	0.040	  141.34	 99.98
1772.00	1751.90	 2.4258	34.5800	27.6107	 1.33	 57.97	0.040	  141.35	 99.98
1773.00	1752.89	 2.4253	34.5801	27.6108	 1.34	 58.04	0.040	  141.39	 99.98
1774.00	1753.87	 2.4255	34.5802	27.6109	 1.33	 57.62	0.040	  141.35	 99.98
1775.00	1754.85	 2.4258	34.5800	27.6107	 1.33	 57.91	0.040	  141.37	 99.98
1776.00	1755.84	 2.4262	34.5801	27.6107	 1.34	 58.12	0.040	  141.31	 99.98
1777.00	1756.82	 2.4242	34.5801	27.6109	 1.34	 58.24	0.040	  141.32	 99.98
1778.00	1757.81	 2.4222	34.5805	27.6115	 1.34	 58.27	0.040	  141.28	 99.98
1779.00	1758.79	 2.4227	34.5802	27.6112	 1.35	 58.46	0.040	  141.41	 99.98
1780.00	1759.78	 2.4225	34.5805	27.6114	 1.34	 58.21	0.040	  141.30	 99.98
1781.00	1760.76	 2.4213	34.5804	27.6114	 1.34	 58.39	0.040	  141.35	 99.98
1782.00	1761.75	 2.4166	34.5806	27.6120	 1.35	 58.51	0.040	  141.37	 99.98
1783.00	1762.73	 2.4135	34.5809	27.6125	 1.35	 58.68	0.040	  141.33	 99.98
1784.00	1763.71	 2.4126	34.5811	27.6127	 1.35	 58.69	0.040	  141.31	 99.98
1785.00	1764.70	 2.4076	34.5812	27.6132	 1.35	 58.67	0.040	  141.39	 99.98
1786.00	1765.68	 2.4064	34.5815	27.6135	 1.35	 58.88	0.041	  141.33	 99.98
1787.00	1766.67	 2.4067	34.5814	27.6135	 1.36	 58.90	0.041	  141.32	 99.98
1788.00	1767.65	 2.4060	34.5814	27.6135	 1.35	 58.89	0.040	  141.30	 99.98
1789.00	1768.64	 2.4024	34.5817	27.6141	 1.36	 59.22	0.040	  141.27	 99.98
1790.00	1769.62	 2.3984	34.5822	27.6148	 1.37	 59.36	0.040	  141.37	 99.98
1791.00	1770.61	 2.3954	34.5822	27.6151	 1.36	 59.32	0.040	  141.32	 99.98
1792.00	1771.59	 2.3915	34.5824	27.6156	 1.37	 59.46	0.040	  141.27	 99.98
1793.00	1772.57	 2.3864	34.5827	27.6162	 1.37	 59.46	0.040	  141.26	 99.98
1794.00	1773.56	 2.3820	34.5833	27.6170	 1.38	 59.89	0.040	  141.25	 99.98
1795.00	1774.54	 2.3804	34.5831	27.6170	 1.39	 60.19	0.040	  141.34	 99.98
1796.00	1775.53	 2.3772	34.5835	27.6176	 1.38	 60.07	0.040	  141.29	 99.98
1797.00	1776.51	 2.3699	34.5837	27.6184	 1.38	 59.89	0.040	  141.28	 99.98
1798.00	1777.50	 2.3664	34.5841	27.6190	 1.38	 60.08	0.040	  141.26	 99.98
1799.00	1778.48	 2.3645	34.5841	27.6192	 1.39	 60.26	0.040	  141.33	 99.98
1800.00	1779.47	 2.3609	34.5843	27.6196	 1.38	 60.18	0.040	  141.24	 99.98
1801.00	1780.45	 2.3593	34.5845	27.6199	 1.39	 60.21	0.040	  141.31	 99.98
1802.00	1781.43	 2.3583	34.5847	27.6201	 1.39	 60.31	0.040	  141.28	 99.98
1803.00	1782.42	 2.3574	34.5847	27.6202	 1.39	 60.40	0.040	  141.30	 99.98
1804.00	1783.40	 2.3566	34.5849	27.6204	 1.39	 60.59	0.040	  141.24	 99.98
1805.00	1784.39	 2.3543	34.5848	27.6206	 1.39	 60.50	0.040	  141.25	 99.98
1806.00	1785.37	 2.3508	34.5851	27.6211	 1.39	 60.53	0.040	  141.21	 99.98
1807.00	1786.36	 2.3498	34.5854	27.6214	 1.40	 60.83	0.040	  141.25	 99.98
1808.00	1787.34	 2.3492	34.5854	27.6215	 1.40	 60.73	0.040	  141.17	 99.98
1809.00	1788.33	 2.3486	34.5855	27.6216	 1.40	 60.63	0.040	  141.20	 99.98
1810.00	1789.31	 2.3482	34.5855	27.6217	 1.40	 60.75	0.040	  141.23	 99.98
1811.00	1790.29	 2.3480	34.5857	27.6218	 1.40	 60.72	0.040	  141.26	 99.98
1812.00	1791.28	 2.3481	34.5856	27.6218	 1.40	 60.82	0.040	  141.19	 99.98
1813.00	1792.26	 2.3478	34.5857	27.6219	 1.40	 60.65	0.040	  141.21	 99.98
1814.00	1793.25	 2.3474	34.5857	27.6219	 1.40	 60.75	0.040	  141.24	 99.98
1815.00	1794.23	 2.3472	34.5858	27.6220	 1.40	 60.68	0.040	  141.26	 99.97
1816.00	1795.22	 2.3466	34.5857	27.6220	 1.39	 60.62	0.040	  141.25	 99.98
1817.00	1796.20	 2.3466	34.5858	27.6221	 1.40	 60.78	0.040	  141.21	 99.98
1818.00	1797.18	 2.3467	34.5856	27.6219	 1.40	 60.68	0.040	  141.22	 99.98
1819.00	1798.17	 2.3455	34.5860	27.6223	 1.40	 60.89	0.040	  141.15	 99.98
1820.00	1799.15	 2.3464	34.5858	27.6222	 1.40	 60.96	0.040	  141.20	 99.98
1821.00	1800.14	 2.3447	34.5858	27.6223	 1.40	 60.99	0.040	  141.26	 99.98
1822.00	1801.12	 2.3433	34.5861	27.6226	 1.40	 60.88	0.040	  141.21	 99.98
1823.00	1802.11	 2.3432	34.5861	27.6227	 1.41	 61.07	0.040	  141.23	 99.98
1824.00	1803.09	 2.3418	34.5863	27.6229	 1.41	 61.30	0.040	  141.18	 99.98
1825.00	1804.07	 2.3374	34.5864	27.6234	 1.41	 61.12	0.040	  141.23	 99.97
1826.00	1805.06	 2.3351	34.5868	27.6239	 1.41	 61.43	0.040	  141.22	 99.98
1827.00	1806.04	 2.3288	34.5873	27.6247	 1.42	 61.80	0.040	  141.16	 99.98
1828.00	1807.03	 2.3237	34.5877	27.6255	 1.43	 62.02	0.040	  141.21	 99.98
1829.00	1808.01	 2.3233	34.5876	27.6255	 1.43	 62.10	0.040	  141.17	 99.98
1830.00	1809.00	 2.3191	34.5880	27.6261	 1.42	 61.91	0.040	  141.21	 99.98
1831.00	1809.98	 2.3179	34.5882	27.6264	 1.43	 62.04	0.040	  141.18	 99.98
1832.00	1810.96	 2.3167	34.5883	27.6266	 1.43	 62.35	0.040	  141.18	 99.98
1833.00	1811.95	 2.3156	34.5883	27.6267	 1.44	 62.44	0.040	  141.15	 99.98
1834.00	1812.93	 2.3117	34.5889	27.6275	 1.44	 62.51	0.040	  141.18	 99.98
1835.00	1813.92	 2.3112	34.5890	27.6276	 1.43	 62.24	0.040	  141.13	 99.98
1836.00	1814.90	 2.3102	34.5891	27.6277	 1.44	 62.66	0.040	  141.11	 99.98
1837.00	1815.89	 2.3093	34.5891	27.6278	 1.45	 62.85	0.040	  141.16	 99.97
1838.00	1816.87	 2.3077	34.5892	27.6280	 1.44	 62.68	0.040	  141.13	 99.97
1839.00	1817.85	 2.3066	34.5894	27.6283	 1.44	 62.61	0.040	  141.12	 99.97
1840.00	1818.84	 2.3054	34.5894	27.6285	 1.44	 62.63	0.040	  141.12	 99.98
1841.00	1819.82	 2.3044	34.5896	27.6287	 1.45	 62.96	0.040	  141.13	 99.98
1842.00	1820.81	 2.3032	34.5898	27.6289	 1.45	 63.02	0.040	  141.13	 99.97
1843.00	1821.79	 2.3028	34.5898	27.6289	 1.44	 62.75	0.040	  141.15	 99.97
1844.00	1822.78	 2.3024	34.5899	27.6291	 1.45	 62.93	0.040	  141.17	 99.97
1845.00	1823.76	 2.3022	34.5899	27.6291	 1.45	 62.89	0.040	  141.17	 99.97
1846.00	1824.74	 2.3013	34.5901	27.6293	 1.44	 62.75	0.040	  141.14	 99.97
1847.00	1825.73	 2.3009	34.5899	27.6293	 1.45	 62.83	0.040	  141.15	 99.98
1848.00	1826.71	 2.2990	34.5902	27.6297	 1.45	 62.96	0.040	  141.17	 99.97
1849.00	1827.70	 2.2979	34.5903	27.6298	 1.45	 63.19	0.040	  141.10	 99.97
1850.00	1828.68	 2.2975	34.5902	27.6298	 1.45	 62.97	0.040	  141.10	 99.97
1851.00	1829.66	 2.2974	34.5903	27.6298	 1.45	 62.99	0.040	  141.10	 99.97
1852.00	1830.65	 2.2974	34.5903	27.6299	 1.45	 63.05	0.040	  141.13	 99.97
1853.00	1831.63	 2.2970	34.5903	27.6299	 1.45	 62.98	0.040	  141.09	 99.97
1854.00	1832.62	 2.2961	34.5904	27.6301	 1.45	 63.20	0.040	  141.08	 99.98
1855.00	1833.60	 2.2940	34.5905	27.6304	 1.46	 63.32	0.040	  141.13	 99.97
1856.00	1834.59	 2.2929	34.5906	27.6305	 1.46	 63.31	0.040	  141.16	 99.97
1857.00	1835.57	 2.2928	34.5906	27.6305	 1.46	 63.24	0.040	  141.11	 99.97
1858.00	1836.55	 2.2927	34.5906	27.6305	 1.45	 63.14	0.040	  141.13	 99.97
1859.00	1837.54	 2.2926	34.5906	27.6306	 1.45	 63.07	0.040	  141.13	 99.97
1860.00	1838.52	 2.2924	34.5907	27.6306	 1.45	 63.11	0.040	  141.08	 99.98
1861.00	1839.51	 2.2924	34.5905	27.6305	 1.46	 63.30	0.040	  141.10	 99.97
1862.00	1840.49	 2.2919	34.5906	27.6306	 1.46	 63.32	0.040	  141.13	 99.97
1863.00	1841.47	 2.2911	34.5906	27.6307	 1.46	 63.45	0.040	  141.10	 99.97
1864.00	1842.46	 2.2826	34.5909	27.6316	 1.47	 63.88	0.040	  141.08	 99.97
1865.00	1843.44	 2.2782	34.5917	27.6326	 1.47	 63.91	0.040	  141.12	 99.97
1866.00	1844.43	 2.2774	34.5917	27.6327	 1.47	 63.83	0.040	  141.10	 99.97
1867.00	1845.41	 2.2773	34.5917	27.6327	 1.47	 63.86	0.040	  141.10	 99.97
1868.00	1846.39	 2.2763	34.5919	27.6329	 1.47	 63.97	0.040	  141.06	 99.97
1869.00	1847.38	 2.2764	34.5919	27.6330	 1.48	 64.18	0.040	  141.10	 99.98
1870.00	1848.36	 2.2743	34.5920	27.6332	 1.48	 64.24	0.040	  141.09	 99.97
1871.00	1849.35	 2.2683	34.5924	27.6340	 1.48	 64.46	0.040	  141.10	 99.97
1872.00	1850.33	 2.2644	34.5930	27.6348	 1.49	 64.59	0.040	  141.08	 99.97
1873.00	1851.32	 2.2602	34.5933	27.6354	 1.49	 64.94	0.040	  141.07	 99.97
1874.00	1852.30	 2.2577	34.5936	27.6359	 1.49	 64.83	0.040	  141.10	 99.97
1875.00	1853.28	 2.2575	34.5936	27.6358	 1.49	 64.74	0.040	  141.08	 99.97
1876.00	1854.27	 2.2575	34.5935	27.6358	 1.49	 64.92	0.040	  141.11	 99.97
1877.00	1855.25	 2.2568	34.5938	27.6360	 1.49	 64.94	0.040	  141.06	 99.97
1878.00	1856.24	 2.2563	34.5938	27.6361	 1.49	 64.78	0.040	  141.06	 99.97
1879.00	1857.22	 2.2562	34.5940	27.6363	 1.49	 64.72	0.040	  141.04	 99.97
1880.00	1858.20	 2.2518	34.5939	27.6366	 1.49	 64.96	0.040	  141.05	 99.97
1881.00	1859.19	 2.2494	34.5946	27.6373	 1.50	 64.99	0.040	  140.99	 99.97
1882.00	1860.17	 2.2490	34.5946	27.6374	 1.50	 65.04	0.040	  141.08	 99.97
1883.00	1861.16	 2.2489	34.5945	27.6373	 1.50	 65.28	0.040	  141.04	 99.97
1884.00	1862.14	 2.2483	34.5946	27.6375	 1.50	 65.30	0.040	  141.07	 99.97
1885.00	1863.12	 2.2482	34.5947	27.6375	 1.50	 65.17	0.040	  141.10	 99.97
1886.00	1864.11	 2.2477	34.5948	27.6377	 1.50	 65.05	0.040	  141.02	 99.97
1887.00	1865.09	 2.2480	34.5947	27.6376	 1.50	 65.18	0.040	  141.03	 99.97
1888.00	1866.08	 2.2477	34.5947	27.6376	 1.50	 65.22	0.040	  141.05	 99.97
1889.00	1867.06	 2.2477	34.5947	27.6376	 1.50	 65.15	0.040	  141.07	 99.96
1890.00	1868.04	 2.2478	34.5947	27.6376	 1.50	 65.15	0.040	  141.05	 99.97
1891.00	1869.03	 2.2475	34.5948	27.6377	 1.50	 65.15	0.040	  141.02	 99.96
1892.00	1870.01	 2.2476	34.5947	27.6376	 1.50	 65.26	0.040	  141.03	 99.97
1893.00	1871.00	 2.2472	34.5948	27.6378	 1.50	 65.06	0.040	  140.97	 99.96
1894.00	1871.98	 2.2468	34.5947	27.6377	 1.50	 65.30	0.040	  141.01	 99.97
1895.00	1872.96	 2.2452	34.5948	27.6379	 1.51	 65.46	0.040	  141.04	 99.97
1896.00	1873.95	 2.2437	34.5950	27.6382	 1.51	 65.46	0.040	  141.00	 99.97
1897.00	1874.93	 2.2439	34.5949	27.6381	 1.51	 65.51	0.040	  141.05	 99.96
1898.00	1875.92	 2.2429	34.5952	27.6384	 1.51	 65.53	0.040	  140.98	 99.97
1899.00	1876.90	 2.2426	34.5951	27.6384	 1.51	 65.64	0.040	  140.94	 99.96
1900.00	1877.88	 2.2422	34.5953	27.6386	 1.51	 65.48	0.040	  141.01	 99.96
1901.00	1878.87	 2.2427	34.5950	27.6383	 1.51	 65.54	0.040	  141.00	 99.97
1902.00	1879.85	 2.2385	34.5953	27.6389	 1.51	 65.63	0.040	  140.91	 99.97
1903.00	1880.84	 2.2374	34.5957	27.6393	 1.51	 65.82	0.040	  140.95	 99.97
1904.00	1881.82	 2.2366	34.5956	27.6394	 1.52	 65.96	0.040	  140.93	 99.97
1905.00	1882.80	 2.2349	34.5957	27.6396	 1.52	 65.95	0.040	  140.98	 99.97
1906.00	1883.79	 2.2330	34.5960	27.6400	 1.52	 65.97	0.040	  141.01	 99.97
1907.00	1884.77	 2.2319	34.5962	27.6402	 1.52	 65.99	0.040	  141.02	 99.97
1908.00	1885.75	 2.2320	34.5963	27.6402	 1.52	 66.27	0.040	  140.91	 99.97
1909.00	1886.74	 2.2319	34.5962	27.6402	 1.53	 66.40	0.040	  140.95	 99.97
1910.00	1887.72	 2.2313	34.5963	27.6403	 1.52	 66.13	0.040	  141.00	 99.96
1911.00	1888.71	 2.2298	34.5967	27.6408	 1.52	 66.20	0.040	  140.96	 99.96
1912.00	1889.69	 2.2301	34.5966	27.6407	 1.53	 66.33	0.040	  140.93	 99.97
1913.00	1890.67	 2.2302	34.5965	27.6406	 1.53	 66.36	0.040	  140.92	 99.96
1914.00	1891.66	 2.2295	34.5968	27.6409	 1.53	 66.61	0.040	  140.93	 99.97
1915.00	1892.64	 2.2292	34.5968	27.6410	 1.53	 66.58	0.040	  140.93	 99.97
1916.00	1893.63	 2.2258	34.5969	27.6413	 1.53	 66.58	0.040	  140.93	 99.96
1917.00	1894.61	 2.2242	34.5971	27.6416	 1.53	 66.54	0.040	  140.94	 99.96
1918.00	1895.59	 2.2222	34.5973	27.6419	 1.54	 66.78	0.040	  140.88	 99.96
1919.00	1896.58	 2.2211	34.5972	27.6419	 1.54	 66.99	0.040	  140.92	 99.97
1920.00	1897.56	 2.2175	34.5975	27.6425	 1.54	 67.07	0.040	  140.92	 99.96
1921.00	1898.55	 2.2075	34.5986	27.6441	 1.55	 67.37	0.040	  140.95	 99.96
1922.00	1899.53	 2.2068	34.5985	27.6441	 1.57	 68.02	0.040	  140.94	 99.96
