wcoa21_data_management/01_CRUISE_METADATA/00_OCADS_data/CTD_downcasts/WCOA_2021_CTD_downcasts/dRB2102_CTD_109_01_F.txt
* Sea-Bird SBE 9 Data:
* Software Version Seasave V 7.26.7.107
* Vessel: NOAA Ship Ronald H. Brown
* Cruise: RB2102, West Coast Ocean Acidification (WCOA) 2021
* Dates: 20210622 to 20210723
* Region: NE Pacific, USA West Coast
* Ports: San Diego, CA to Port Angeles, WA to San Diego, CA
* Chief Scientists: R. Feely, NOAA PMEL; D. Greeley, NOAA PMEL; B. Carter, NOAA PMEL / UW CICOES
*END*
[from data line 2561]
2565.00	2531.35	 1.7961	34.6470	27.7185	 2.34	101.69	0.040	  144.26	 99.92
2566.00	2532.33	 1.7953	34.6471	27.7186	 2.34	101.68	0.040	  144.26	 99.92
2567.00	2533.32	 1.7953	34.6472	27.7188	 2.35	101.98	0.040	  144.25	 99.92
2568.00	2534.30	 1.7948	34.6472	27.7188	 2.34	101.85	0.040	  144.25	 99.93
2569.00	2535.28	 1.7942	34.6473	27.7189	 2.34	101.78	0.040	  144.23	 99.93
2570.00	2536.26	 1.7938	34.6472	27.7188	 2.34	101.67	0.040	  144.28	 99.92
2571.00	2537.24	 1.7924	34.6474	27.7192	 2.35	101.93	0.040	  144.24	 99.92
2572.00	2538.22	 1.7914	34.6473	27.7192	 2.35	102.17	0.040	  144.22	 99.92
2573.00	2539.20	 1.7896	34.6473	27.7193	 2.35	102.25	0.040	  144.23	 99.92
2574.00	2540.18	 1.7879	34.6477	27.7197	 2.36	102.46	0.040	  144.17	 99.92
2575.00	2541.16	 1.7870	34.6477	27.7198	 2.36	102.73	0.040	  144.25	 99.93
2576.00	2542.14	 1.7853	34.6477	27.7199	 2.35	102.28	0.040	  144.29	 99.92
2577.00	2543.12	 1.7846	34.6479	27.7201	 2.35	102.27	0.040	  144.30	 99.92
2578.00	2544.11	 1.7844	34.6479	27.7201	 2.36	102.39	0.040	  144.22	 99.92
2579.00	2545.09	 1.7839	34.6478	27.7201	 2.36	102.57	0.040	  144.23	 99.92
2580.00	2546.07	 1.7836	34.6480	27.7203	 2.36	102.73	0.040	  144.23	 99.92
2581.00	2547.05	 1.7832	34.6480	27.7203	 2.36	102.70	0.040	  144.20	 99.92
2582.00	2548.03	 1.7830	34.6479	27.7203	 2.36	102.76	0.040	  144.26	 99.92
2583.00	2549.01	 1.7825	34.6481	27.7205	 2.36	102.48	0.039	  144.23	 99.93
2584.00	2549.99	 1.7818	34.6482	27.7207	 2.36	102.36	0.040	  144.24	 99.92
2585.00	2550.97	 1.7808	34.6482	27.7207	 2.36	102.73	0.040	  144.24	 99.92
2586.00	2551.95	 1.7806	34.6481	27.7207	 2.36	102.77	0.040	  144.23	 99.92
2587.00	2552.93	 1.7804	34.6483	27.7208	 2.37	102.84	0.040	  144.24	 99.92
2588.00	2553.91	 1.7804	34.6482	27.7208	 2.37	103.01	0.040	  144.24	 99.92
2589.00	2554.90	 1.7799	34.6482	27.7208	 2.37	102.79	0.040	  144.17	 99.92
2590.00	2555.88	 1.7794	34.6484	27.7210	 2.36	102.76	0.040	  144.19	 99.92
2591.00	2556.86	 1.7794	34.6485	27.7211	 2.37	102.82	0.040	  144.21	 99.92
2592.00	2557.84	 1.7793	34.6485	27.7211	 2.36	102.63	0.040	  144.22	 99.92
2593.00	2558.82	 1.7792	34.6484	27.7211	 2.37	102.87	0.040	  144.22	 99.92
2594.00	2559.80	 1.7791	34.6483	27.7210	 2.36	102.72	0.039	  144.18	 99.92
2595.00	2560.78	 1.7788	34.6484	27.7211	 2.37	102.79	0.040	  144.24	 99.92
2596.00	2561.76	 1.7787	34.6483	27.7211	 2.37	103.06	0.040	  144.20	 99.92
2597.00	2562.74	 1.7785	34.6485	27.7212	 2.37	103.11	0.040	  144.14	 99.92
2598.00	2563.72	 1.7786	34.6484	27.7212	 2.37	103.07	0.040	  144.15	 99.92
2599.00	2564.70	 1.7788	34.6486	27.7212	 2.36	102.58	0.039	  144.19	 99.92
2600.00	2565.69	 1.7787	34.6485	27.7212	 2.36	102.75	0.040	  144.27	 99.92
2601.00	2566.67	 1.7788	34.6485	27.7212	 2.37	102.89	0.040	  144.19	 99.92
2602.00	2567.65	 1.7788	34.6484	27.7212	 2.37	102.97	0.040	  144.16	 99.92
2603.00	2568.63	 1.7784	34.6486	27.7213	 2.38	103.22	0.040	  144.20	 99.92
2604.00	2569.61	 1.7783	34.6487	27.7214	 2.37	103.02	0.040	  144.16	 99.93
2605.00	2570.59	 1.7774	34.6486	27.7215	 2.37	103.04	0.040	  144.22	 99.92
2606.00	2571.57	 1.7767	34.6489	27.7217	 2.38	103.39	0.040	  144.17	 99.92
2607.00	2572.55	 1.7765	34.6487	27.7216	 2.38	103.32	0.040	  144.20	 99.92
2608.00	2573.53	 1.7757	34.6489	27.7218	 2.37	102.93	0.040	  144.16	 99.92
2609.00	2574.51	 1.7756	34.6488	27.7217	 2.37	103.13	0.040	  144.18	 99.92
2610.00	2575.49	 1.7753	34.6487	27.7217	 2.37	103.17	0.040	  144.17	 99.92
2611.00	2576.47	 1.7742	34.6487	27.7218	 2.37	103.16	0.040	  144.13	 99.92
2612.00	2577.46	 1.7735	34.6489	27.7220	 2.38	103.49	0.040	  144.15	 99.92
2613.00	2578.44	 1.7735	34.6490	27.7221	 2.38	103.61	0.040	  144.15	 99.92
2614.00	2579.42	 1.7736	34.6490	27.7221	 2.38	103.33	0.040	  144.11	 99.92
2615.00	2580.40	 1.7731	34.6490	27.7221	 2.38	103.54	0.040	  144.15	 99.92
2616.00	2581.38	 1.7729	34.6490	27.7222	 2.38	103.61	0.040	  144.23	 99.92
2617.00	2582.36	 1.7725	34.6491	27.7223	 2.38	103.43	0.040	  144.16	 99.92
2618.00	2583.34	 1.7724	34.6490	27.7222	 2.38	103.44	0.040	  144.22	 99.92
2619.00	2584.32	 1.7717	34.6492	27.7224	 2.38	103.46	0.040	  144.12	 99.92
2620.00	2585.30	 1.7714	34.6492	27.7224	 2.38	103.48	0.040	  144.16	 99.92
2621.00	2586.28	 1.7713	34.6492	27.7224	 2.38	103.49	0.040	  144.15	 99.92
2622.00	2587.26	 1.7713	34.6491	27.7224	 2.38	103.54	0.040	  144.13	 99.92
2623.00	2588.24	 1.7713	34.6491	27.7224	 2.38	103.63	0.040	  144.13	 99.92
2624.00	2589.22	 1.7713	34.6491	27.7224	 2.39	103.66	0.040	  144.21	 99.92
2625.00	2590.21	 1.7712	34.6493	27.7226	 2.38	103.41	0.039	  144.13	 99.92
2626.00	2591.19	 1.7713	34.6491	27.7224	 2.38	103.57	0.040	  144.12	 99.92
2627.00	2592.17	 1.7713	34.6492	27.7225	 2.39	103.81	0.040	  144.13	 99.92
2628.00	2593.15	 1.7709	34.6492	27.7225	 2.38	103.58	0.040	  144.12	 99.92
2629.00	2594.13	 1.7708	34.6493	27.7227	 2.38	103.58	0.040	  144.16	 99.92
2630.00	2595.11	 1.7707	34.6492	27.7226	 2.38	103.60	0.040	  144.14	 99.92
2631.00	2596.09	 1.7704	34.6494	27.7227	 2.39	103.79	0.040	  144.09	 99.92
2632.00	2597.07	 1.7698	34.6494	27.7228	 2.39	103.74	0.040	  144.08	 99.93
2633.00	2598.05	 1.7692	34.6495	27.7229	 2.39	103.68	0.040	  144.11	 99.92
2634.00	2599.03	 1.7691	34.6494	27.7228	 2.39	103.93	0.040	  144.04	 99.93
2635.00	2600.01	 1.7685	34.6495	27.7230	 2.38	103.60	0.040	  144.13	 99.92
2636.00	2600.99	 1.7679	34.6496	27.7231	 2.38	103.60	0.040	  144.10	 99.92
2637.00	2601.97	 1.7676	34.6496	27.7231	 2.39	103.75	0.040	  144.11	 99.92
2638.00	2602.95	 1.7672	34.6495	27.7231	 2.39	103.84	0.040	  144.13	 99.92
2639.00	2603.93	 1.7662	34.6494	27.7231	 2.39	104.01	0.040	  144.11	 99.92
2640.00	2604.92	 1.7646	34.6498	27.7236	 2.40	104.19	0.040	  144.13	 99.93
2641.00	2605.90	 1.7640	34.6499	27.7237	 2.40	104.19	0.040	  144.08	 99.93
2642.00	2606.88	 1.7631	34.6498	27.7236	 2.40	104.43	0.040	  144.07	 99.93
2643.00	2607.86	 1.7620	34.6499	27.7239	 2.40	104.39	0.040	  144.10	 99.92
2644.00	2608.84	 1.7615	34.6501	27.7240	 2.41	104.72	0.040	  144.07	 99.93
2645.00	2609.82	 1.7614	34.6501	27.7241	 2.41	104.53	0.040	  144.10	 99.92
2646.00	2610.80	 1.7615	34.6499	27.7239	 2.39	103.83	0.039	  144.11	 99.92
2647.00	2611.78	 1.7615	34.6500	27.7240	 2.40	104.25	0.040	  144.08	 99.92
2648.00	2612.76	 1.7610	34.6501	27.7241	 2.40	104.40	0.040	  144.14	 99.92
2649.00	2613.74	 1.7608	34.6499	27.7240	 2.40	104.49	0.040	  144.10	 99.92
2650.00	2614.72	 1.7603	34.6501	27.7242	 2.41	104.85	0.040	  144.10	 99.92
2651.00	2615.70	 1.7587	34.6502	27.7244	 2.41	104.87	0.040	  144.09	 99.92
2652.00	2616.68	 1.7573	34.6504	27.7246	 2.41	104.53	0.040	  144.17	 99.92
2653.00	2617.66	 1.7570	34.6504	27.7247	 2.41	104.78	0.040	  144.09	 99.92
2654.00	2618.64	 1.7565	34.6504	27.7248	 2.41	104.76	0.040	  144.09	 99.92
2655.00	2619.63	 1.7561	34.6504	27.7248	 2.41	104.85	0.040	  144.09	 99.92
2656.00	2620.61	 1.7554	34.6505	27.7249	 2.41	104.92	0.040	  144.08	 99.92
2657.00	2621.59	 1.7549	34.6505	27.7250	 2.41	104.90	0.040	  144.05	 99.92
2658.00	2622.57	 1.7549	34.6506	27.7250	 2.42	105.10	0.040	  144.03	 99.92
2659.00	2623.55	 1.7547	34.6506	27.7250	 2.42	105.08	0.040	  144.10	 99.92
2660.00	2624.53	 1.7542	34.6506	27.7251	 2.42	105.19	0.040	  144.07	 99.92
2661.00	2625.51	 1.7539	34.6506	27.7251	 2.42	105.37	0.040	  144.08	 99.93
2662.00	2626.49	 1.7533	34.6507	27.7252	 2.42	105.11	0.040	  144.07	 99.92
2663.00	2627.47	 1.7531	34.6507	27.7253	 2.42	105.08	0.040	  144.05	 99.92
2664.00	2628.45	 1.7530	34.6508	27.7254	 2.42	105.07	0.040	  144.08	 99.92
2665.00	2629.43	 1.7530	34.6508	27.7254	 2.42	105.26	0.040	  144.09	 99.92
2666.00	2630.41	 1.7530	34.6508	27.7254	 2.42	105.30	0.040	  144.09	 99.92
2667.00	2631.39	 1.7530	34.6508	27.7253	 2.42	105.19	0.040	  144.05	 99.92
2668.00	2632.37	 1.7527	34.6508	27.7254	 2.42	105.04	0.040	  144.06	 99.92
2669.00	2633.35	 1.7521	34.6508	27.7255	 2.42	105.10	0.040	  144.08	 99.92
2670.00	2634.33	 1.7518	34.6509	27.7256	 2.42	105.28	0.040	  144.04	 99.92
2671.00	2635.31	 1.7518	34.6509	27.7255	 2.42	105.16	0.039	  144.13	 99.92
2672.00	2636.29	 1.7517	34.6508	27.7255	 2.42	105.11	0.040	  144.07	 99.92
2673.00	2637.28	 1.7516	34.6508	27.7255	 2.42	105.26	0.040	  144.08	 99.92
2674.00	2638.26	 1.7513	34.6509	27.7257	 2.42	105.25	0.040	  144.10	 99.92
2675.00	2639.24	 1.7511	34.6509	27.7256	 2.42	105.25	0.040	  144.08	 99.92
2676.00	2640.22	 1.7508	34.6510	27.7257	 2.42	105.29	0.040	  143.97	 99.93
2677.00	2641.20	 1.7504	34.6511	27.7259	 2.42	105.28	0.040	  144.10	 99.92
2678.00	2642.18	 1.7502	34.6511	27.7259	 2.43	105.47	0.040	  144.09	 99.92
2679.00	2643.16	 1.7501	34.6511	27.7259	 2.42	105.36	0.040	  144.06	 99.92
2680.00	2644.14	 1.7500	34.6511	27.7259	 2.43	105.40	0.040	  144.09	 99.92
2681.00	2645.12	 1.7500	34.6510	27.7258	 2.43	105.57	0.040	  144.08	 99.92
2682.00	2646.10	 1.7498	34.6512	27.7260	 2.43	105.61	0.040	  144.05	 99.92
2683.00	2647.08	 1.7498	34.6511	27.7259	 2.42	105.27	0.040	  144.07	 99.93
2684.00	2648.06	 1.7492	34.6512	27.7261	 2.42	105.32	0.040	  144.08	 99.92
2685.00	2649.04	 1.7483	34.6513	27.7262	 2.43	105.51	0.040	  144.09	 99.93
2686.00	2650.02	 1.7476	34.6513	27.7263	 2.42	105.33	0.040	  144.07	 99.92
2687.00	2651.00	 1.7472	34.6513	27.7263	 2.43	105.60	0.040	  144.08	 99.92
2688.00	2651.98	 1.7479	34.6512	27.7262	 2.43	105.80	0.040	  144.07	 99.92
2689.00	2652.96	 1.7458	34.6514	27.7265	 2.44	105.82	0.040	  144.08	 99.92
2690.00	2653.94	 1.7449	34.6516	27.7267	 2.44	105.82	0.040	  144.16	 99.91
2691.00	2654.92	 1.7441	34.6515	27.7268	 2.45	106.30	0.039	  144.13	 99.92
2692.00	2655.90	 1.7438	34.6515	27.7268	 2.44	106.06	0.039	  144.06	 99.92
2693.00	2656.88	 1.7435	34.6516	27.7269	 2.44	105.84	0.040	  144.10	 99.92
2694.00	2657.87	 1.7423	34.6517	27.7270	 2.43	105.79	0.040	  144.12	 99.92
2695.00	2658.85	 1.7419	34.6518	27.7271	 2.44	105.90	0.040	  144.04	 99.92
2696.00	2659.83	 1.7416	34.6516	27.7270	 2.44	106.18	0.040	  144.07	 99.92
2697.00	2660.81	 1.7408	34.6518	27.7273	 2.45	106.36	0.040	  144.05	 99.92
2698.00	2661.79	 1.7404	34.6518	27.7273	 2.45	106.41	0.040	  144.01	 99.92
2699.00	2662.77	 1.7403	34.6518	27.7273	 2.44	106.02	0.040	  144.02	 99.92
2700.00	2663.75	 1.7400	34.6518	27.7274	 2.44	105.99	0.040	  144.00	 99.92
2701.00	2664.73	 1.7399	34.6520	27.7275	 2.44	106.14	0.039	  144.06	 99.92
2702.00	2665.71	 1.7398	34.6520	27.7275	 2.44	105.93	0.040	  144.08	 99.92
2703.00	2666.69	 1.7402	34.6519	27.7274	 2.44	106.08	0.040	  144.02	 99.92
2704.00	2667.67	 1.7400	34.6519	27.7274	 2.45	106.26	0.040	  144.07	 99.92
2705.00	2668.65	 1.7397	34.6519	27.7275	 2.44	106.04	0.040	  144.02	 99.92
2706.00	2669.63	 1.7396	34.6520	27.7276	 2.44	106.07	0.040	  144.04	 99.92
2707.00	2670.61	 1.7397	34.6520	27.7275	 2.44	106.17	0.039	  143.98	 99.92
2708.00	2671.59	 1.7398	34.6519	27.7275	 2.45	106.32	0.040	  144.01	 99.92
2709.00	2672.57	 1.7398	34.6519	27.7275	 2.45	106.34	0.040	  144.00	 99.92
2710.00	2673.55	 1.7397	34.6519	27.7275	 2.45	106.57	0.039	  144.06	 99.92
2711.00	2674.53	 1.7395	34.6521	27.7277	 2.46	106.91	0.040	  144.04	 99.92
2712.00	2675.51	 1.7395	34.6519	27.7275	 2.45	106.56	0.040	  144.01	 99.92
2713.00	2676.49	 1.7390	34.6522	27.7279	 2.45	106.35	0.040	  144.03	 99.92
2714.00	2677.47	 1.7388	34.6520	27.7277	 2.45	106.47	0.040	  144.05	 99.92
2715.00	2678.45	 1.7383	34.6522	27.7279	 2.45	106.27	0.040	  144.07	 99.92
2716.00	2679.43	 1.7379	34.6521	27.7279	 2.44	105.96	0.040	  144.00	 99.92
2717.00	2680.41	 1.7377	34.6522	27.7279	 2.45	106.36	0.040	  144.03	 99.92
2718.00	2681.39	 1.7385	34.6520	27.7277	 2.45	106.43	0.040	  144.02	 99.92
2719.00	2682.37	 1.7377	34.6522	27.7280	 2.45	106.53	0.040	  144.02	 99.92
2720.00	2683.36	 1.7366	34.6522	27.7281	 2.46	106.84	0.040	  143.97	 99.92
2721.00	2684.34	 1.7359	34.6523	27.7281	 2.45	106.52	0.040	  143.93	 99.92
2722.00	2685.32	 1.7354	34.6523	27.7282	 2.46	106.88	0.040	  144.00	 99.93
2723.00	2686.30	 1.7346	34.6524	27.7284	 2.46	106.84	0.040	  143.97	 99.92
2724.00	2687.28	 1.7340	34.6525	27.7285	 2.46	106.69	0.040	  144.00	 99.92
2725.00	2688.26	 1.7335	34.6526	27.7286	 2.46	106.76	0.039	  144.00	 99.92
2726.00	2689.24	 1.7331	34.6527	27.7287	 2.47	107.46	0.039	  144.00	 99.92
2727.00	2690.22	 1.7330	34.6527	27.7287	 2.47	107.19	0.040	  144.01	 99.92
2728.00	2691.20	 1.7327	34.6526	27.7287	 2.46	106.77	0.040	  143.97	 99.92
2729.00	2692.18	 1.7321	34.6527	27.7289	 2.46	106.95	0.040	  143.96	 99.92
2730.00	2693.16	 1.7320	34.6528	27.7289	 2.46	106.99	0.040	  144.01	 99.92
2731.00	2694.14	 1.7320	34.6528	27.7289	 2.46	107.09	0.039	  143.97	 99.92
2732.00	2695.12	 1.7322	34.6527	27.7288	 2.45	106.64	0.040	  143.96	 99.92
2733.00	2696.10	 1.7323	34.6526	27.7288	 2.46	106.93	0.040	  143.97	 99.92
2734.00	2697.08	 1.7323	34.6527	27.7289	 2.47	107.17	0.040	  144.04	 99.92
2735.00	2698.06	 1.7316	34.6527	27.7289	 2.47	107.30	0.040	  143.98	 99.92
2736.00	2699.04	 1.7311	34.6528	27.7291	 2.48	107.64	0.040	  143.98	 99.92
2737.00	2700.02	 1.7304	34.6529	27.7292	 2.47	107.30	0.040	  143.97	 99.92
2738.00	2701.00	 1.7305	34.6528	27.7291	 2.46	107.10	0.040	  143.96	 99.92
2739.00	2701.98	 1.7299	34.6529	27.7292	 2.47	107.31	0.040	  143.97	 99.91
2740.00	2702.96	 1.7289	34.6530	27.7293	 2.47	107.45	0.040	  144.01	 99.92
2741.00	2703.94	 1.7277	34.6531	27.7295	 2.47	107.38	0.039	  143.94	 99.92
2742.00	2704.92	 1.7268	34.6530	27.7295	 2.47	107.43	0.040	  143.98	 99.92
2743.00	2705.90	 1.7264	34.6531	27.7296	 2.47	107.44	0.040	  144.01	 99.92
2744.00	2706.88	 1.7264	34.6532	27.7298	 2.47	107.46	0.040	  144.00	 99.92
2745.00	2707.86	 1.7264	34.6532	27.7297	 2.48	107.64	0.040	  143.99	 99.91
2746.00	2708.84	 1.7261	34.6532	27.7298	 2.47	107.38	0.040	  143.91	 99.92
2747.00	2709.82	 1.7259	34.6533	27.7298	 2.47	107.45	0.040	  143.92	 99.92
2748.00	2710.80	 1.7259	34.6531	27.7297	 2.48	107.66	0.040	  143.92	 99.92
2749.00	2711.78	 1.7258	34.6533	27.7299	 2.48	107.91	0.040	  144.00	 99.92
2750.00	2712.76	 1.7252	34.6533	27.7300	 2.48	107.96	0.040	  143.94	 99.92
2751.00	2713.74	 1.7236	34.6534	27.7301	 2.48	107.95	0.040	  143.92	 99.92
2752.00	2714.72	 1.7231	34.6535	27.7303	 2.48	107.97	0.040	  143.89	 99.92
2753.00	2715.70	 1.7231	34.6535	27.7303	 2.48	107.82	0.040	  143.99	 99.92
2754.00	2716.68	 1.7230	34.6535	27.7303	 2.48	107.58	0.040	  143.92	 99.92
2755.00	2717.66	 1.7230	34.6536	27.7304	 2.49	108.25	0.040	  144.00	 99.92
2756.00	2718.64	 1.7230	34.6535	27.7303	 2.48	107.94	0.040	  143.94	 99.92
2757.00	2719.62	 1.7227	34.6535	27.7303	 2.48	107.60	0.040	  143.95	 99.92
2758.00	2720.60	 1.7217	34.6535	27.7304	 2.48	107.93	0.040	  143.93	 99.91
2759.00	2721.58	 1.7204	34.6536	27.7306	 2.48	107.95	0.040	  143.91	 99.92
2760.00	2722.56	 1.7200	34.6536	27.7306	 2.49	108.25	0.039	  143.90	 99.92
2761.00	2723.54	 1.7188	34.6537	27.7308	 2.50	108.44	0.040	  143.91	 99.92
2762.00	2724.52	 1.7174	34.6539	27.7310	 2.50	108.60	0.040	  143.87	 99.92
2763.00	2725.50	 1.7159	34.6539	27.7312	 2.50	108.61	0.040	  143.91	 99.92
2764.00	2726.48	 1.7153	34.6539	27.7313	 2.49	108.14	0.040	  143.87	 99.91
2765.00	2727.46	 1.7152	34.6540	27.7313	 2.49	108.28	0.040	  143.90	 99.92
2766.00	2728.44	 1.7142	34.6539	27.7313	 2.49	108.35	0.040	  143.93	 99.92
2767.00	2729.42	 1.7140	34.6540	27.7314	 2.50	108.48	0.040	  143.90	 99.92
2768.00	2730.40	 1.7133	34.6540	27.7315	 2.50	108.54	0.040	  143.88	 99.92
2769.00	2731.38	 1.7122	34.6541	27.7316	 2.50	108.56	0.040	  143.84	 99.91
2770.00	2732.36	 1.7115	34.6542	27.7318	 2.49	108.36	0.039	  143.87	 99.92
2771.00	2733.35	 1.7114	34.6541	27.7317	 2.49	108.19	0.039	  143.85	 99.92
2772.00	2734.33	 1.7112	34.6542	27.7318	 2.50	108.48	0.040	  143.81	 99.92
2773.00	2735.31	 1.7105	34.6543	27.7320	 2.50	108.47	0.040	  143.85	 99.91
2774.00	2736.29	 1.7093	34.6543	27.7320	 2.50	108.83	0.040	  143.90	 99.91
2775.00	2737.27	 1.7080	34.6545	27.7323	 2.51	109.12	0.040	  143.86	 99.91
2776.00	2738.25	 1.7063	34.6546	27.7325	 2.51	108.92	0.040	  143.91	 99.91
