wcoa21_data_management/01_CRUISE_METADATA/00_OCADS_data/CTD_downcasts/WCOA_2021_CTD_downcasts/dRB2102_CTD_119_01_F.txt
* Sea-Bird SBE 9 Data:
* Software Version Seasave V 7.26.7.107
* Vessel: NOAA Ship Ronald H. Brown
* Cruise: RB2102, West Coast Ocean Acidification (WCOA) 2021
* Dates: 20210622 to 20210723
* Region: NE Pacific, USA West Coast
* Ports: San Diego, CA to Port Angeles, WA to San Diego, CA
* Chief Scientists: R. Feely, NOAA PMEL; D. Greeley, NOAA PMEL; B. Carter, NOAA PMEL / UW CICOES
*END*
[from data line 427]
 430.00	 426.48	 7.2268	34.2248	26.7823	 0.39	 17.04	0.041	  142.68	 98.94
 431.00	 427.47	 7.2078	34.2255	26.7856	 0.38	 16.66	0.042	  142.72	 98.37
 432.00	 428.46	 7.1965	34.2262	26.7877	 0.37	 16.18	0.041	  142.77	 97.34
 433.00	 429.45	 7.1872	34.2259	26.7888	 0.36	 15.56	0.041	  142.70	 96.39
 434.00	 430.44	 7.1609	34.2270	26.7933	 0.35	 15.16	0.042	  142.69	 95.33
 435.00	 431.43	 7.1357	34.2281	26.7977	 0.35	 15.23	0.042	  142.68	 94.33
 436.00	 432.42	 7.1259	34.2290	26.7997	 0.35	 15.17	0.041	  142.69	 93.37
 437.00	 433.41	 7.1254	34.2291	26.7999	 0.35	 15.04	0.041	  142.65	 92.35
 438.00	 434.40	 7.1248	34.2290	26.7999	 0.35	 15.13	0.040	  142.61	 91.37
 439.00	 435.39	 7.1226	34.2292	26.8004	 0.35	 15.06	0.040	  142.58	 90.43
 440.00	 436.38	 7.1201	34.2293	26.8008	 0.34	 14.61	0.042	  142.59	 89.39
 441.00	 437.38	 7.1151	34.2295	26.8017	 0.32	 14.12	0.040	  142.60	 88.34
 442.00	 438.37	 7.1048	34.2296	26.8032	 0.31	 13.51	0.041	  142.60	 87.31
 443.00	 439.36	 7.0820	34.2305	26.8071	 0.30	 13.13	0.042	  142.63	 86.31
 444.00	 440.35	 7.0735	34.2312	26.8088	 0.29	 12.77	0.042	  142.53	 85.34
 445.00	 441.34	 7.0636	34.2317	26.8106	 0.29	 12.41	0.042	  142.56	 84.30
 446.00	 442.33	 7.0522	34.2319	26.8123	 0.28	 12.01	0.042	  142.61	 83.35
 447.00	 443.32	 7.0408	34.2326	26.8144	 0.27	 11.63	0.042	  142.57	 82.34
 448.00	 444.31	 7.0229	34.2329	26.8172	 0.26	 11.29	0.042	  142.61	 81.35
 449.00	 445.30	 6.9926	34.2333	26.8216	 0.25	 11.07	0.042	  142.55	 80.33
 450.00	 446.29	 6.9659	34.2352	26.8267	 0.25	 11.07	0.042	  142.60	 79.31
 451.00	 447.28	 6.9643	34.2354	26.8272	 0.25	 10.99	0.042	  142.59	 78.37
 452.00	 448.27	 6.9626	34.2356	26.8276	 0.25	 10.76	0.042	  142.58	 77.38
 453.00	 449.26	 6.9586	34.2359	26.8283	 0.25	 10.72	0.042	  142.57	 76.36
 454.00	 450.25	 6.9551	34.2364	26.8292	 0.25	 10.77	0.042	  142.55	 75.35
 455.00	 451.25	 6.9520	34.2364	26.8297	 0.25	 10.68	0.042	  142.58	 74.35
 456.00	 452.24	 6.9440	34.2367	26.8310	 0.24	 10.51	0.041	  142.55	 73.35
 457.00	 453.23	 6.9348	34.2371	26.8326	 0.23	 10.22	0.041	  142.59	 72.29
 458.00	 454.22	 6.9162	34.2371	26.8351	 0.22	  9.65	0.042	  142.60	 71.32
 459.00	 455.21	 6.8926	34.2384	26.8393	 0.21	  8.94	0.042	  142.55	 70.32
 460.00	 456.20	 6.8783	34.2389	26.8417	 0.19	  8.47	0.041	  142.61	 69.39
 461.00	 457.19	 6.8633	34.2397	26.8443	 0.19	  8.09	0.041	  142.62	 68.39
 462.00	 458.18	 6.8522	34.2400	26.8461	 0.18	  7.97	0.042	  142.60	 67.34
 463.00	 459.17	 6.8472	34.2405	26.8472	 0.18	  7.97	0.042	  142.60	 66.34
 464.00	 460.16	 6.8420	34.2407	26.8480	 0.18	  7.89	0.041	  142.56	 65.34
 465.00	 461.15	 6.8324	34.2409	26.8496	 0.18	  7.87	0.041	  142.60	 64.38
 466.00	 462.14	 6.8269	34.2414	26.8507	 0.18	  7.83	0.042	  142.55	 63.36
 467.00	 463.13	 6.8213	34.2416	26.8516	 0.18	  7.82	0.041	  142.54	 62.39
 468.00	 464.12	 6.8140	34.2426	26.8534	 0.17	  7.45	0.041	  142.56	 61.41
 469.00	 465.11	 6.8118	34.2426	26.8537	 0.16	  6.83	0.042	  142.49	 60.36
 470.00	 466.10	 6.8023	34.2426	26.8550	 0.15	  6.46	0.042	  142.59	 59.35
 471.00	 467.10	 6.7836	34.2430	26.8579	 0.14	  6.20	0.042	  142.57	 58.34
 472.00	 468.09	 6.7786	34.2432	26.8587	 0.14	  6.30	0.042	  142.55	 57.37
 473.00	 469.08	 6.7760	34.2434	26.8592	 0.15	  6.32	0.042	  142.57	 56.40
 474.00	 470.07	 6.7748	34.2434	26.8594	 0.15	  6.37	0.042	  142.48	 55.38
 475.00	 471.06	 6.7720	34.2433	26.8597	 0.15	  6.43	0.042	  142.48	 54.36
 476.00	 472.05	 6.7585	34.2428	26.8612	 0.15	  6.34	0.042	  142.51	 53.35
 477.00	 473.04	 6.7478	34.2431	26.8628	 0.14	  6.23	0.042	  142.47	 52.38
 478.00	 474.03	 6.7446	34.2435	26.8636	 0.14	  6.13	0.042	  142.46	 51.38
 479.00	 475.02	 6.7439	34.2435	26.8637	 0.14	  6.10	0.042	  142.43	 50.38
 480.00	 476.01	 6.7428	34.2436	26.8639	 0.14	  6.13	0.042	  142.48	 49.39
 481.00	 477.00	 6.7393	34.2438	26.8645	 0.14	  5.94	0.042	  142.39	 48.35
 482.00	 477.99	 6.7371	34.2439	26.8649	 0.13	  5.62	0.041	  142.45	 47.31
 483.00	 478.98	 6.7330	34.2442	26.8657	 0.13	  5.58	0.041	  142.47	 46.34
 484.00	 479.97	 6.7303	34.2443	26.8662	 0.13	  5.65	0.042	  142.46	 45.38
 485.00	 480.96	 6.7275	34.2444	26.8667	 0.13	  5.60	0.042	  142.43	 44.36
 486.00	 481.95	 6.7242	34.2447	26.8674	 0.13	  5.44	0.042	  142.42	 43.20
 487.00	 482.94	 6.7203	34.2449	26.8680	 0.12	  5.37	0.042	  142.39	 42.19
 488.00	 483.93	 6.7162	34.2449	26.8686	 0.12	  5.33	0.042	  142.41	 41.14
 489.00	 484.92	 6.7145	34.2449	26.8689	 0.12	  5.07	0.042	  142.38	 40.12
 490.00	 485.92	 6.7111	34.2452	26.8696	 0.10	  4.51	0.042	  142.39	 39.09
 491.00	 486.91	 6.7087	34.2455	26.8701	 0.09	  3.99	0.042	  142.36	 38.11
 492.00	 487.90	 6.7063	34.2456	26.8705	 0.09	  3.83	0.042	  142.37	 37.14
 493.00	 488.89	 6.7023	34.2457	26.8712	 0.09	  3.79	0.042	  142.32	 36.13
 494.00	 489.88	 6.6972	34.2458	26.8719	 0.08	  3.66	0.042	  142.36	 35.14
 495.00	 490.87	 6.6913	34.2460	26.8728	 0.08	  3.56	0.042	  142.36	 34.13
 496.00	 491.86	 6.6886	34.2461	26.8733	 0.08	  3.53	0.042	  142.33	 33.11
 497.00	 492.85	 6.6879	34.2461	26.8734	 0.08	  3.56	0.042	  142.34	 32.15
 498.00	 493.84	 6.6861	34.2462	26.8738	 0.08	  3.53	0.042	  142.32	 31.11
 499.00	 494.83	 6.6878	34.2459	26.8733	 0.08	  3.52	0.042	  142.29	 30.14
 500.00	 495.82	 6.6862	34.2461	26.8737	 0.08	  3.36	0.042	  142.29	 29.13
 501.00	 496.81	 6.6744	34.2465	26.8756	 0.07	  3.12	0.042	  142.28	 28.10
 502.00	 497.80	 6.6727	34.2466	26.8759	 0.07	  3.11	0.042	  142.23	 27.15
 503.00	 498.79	 6.6688	34.2468	26.8766	 0.07	  3.04	0.042	  142.25	 26.11
 504.00	 499.78	 6.6662	34.2468	26.8770	 0.07	  2.99	0.042	  142.21	 25.10
 505.00	 500.77	 6.6658	34.2470	26.8771	 0.07	  3.01	0.042	  142.21	 24.15
 506.00	 501.76	 6.6659	34.2469	26.8771	 0.07	  3.00	0.042	  142.21	 23.12
 507.00	 502.75	 6.6657	34.2469	26.8771	 0.07	  3.01	0.042	  142.14	 22.07
 508.00	 503.74	 6.6663	34.2469	26.8771	 0.07	  3.00	0.042	  142.16	 21.13
 509.00	 504.73	 6.6654	34.2470	26.8773	 0.07	  2.98	0.042	  142.17	 20.10
 510.00	 505.72	 6.6641	34.2469	26.8774	 0.07	  2.96	0.042	  142.18	 19.09
 511.00	 506.71	 6.6625	34.2470	26.8777	 0.07	  2.93	0.042	  142.16	 18.08
 512.00	 507.71	 6.6611	34.2471	26.8779	 0.07	  2.96	0.042	  142.15	 17.07
 513.00	 508.70	 6.6603	34.2471	26.8781	 0.07	  2.94	0.042	  142.11	 16.08
 514.00	 509.69	 6.6590	34.2471	26.8782	 0.07	  2.91	0.042	  142.09	 15.06
 515.00	 510.68	 6.6584	34.2471	26.8784	 0.07	  2.90	0.042	  142.05	 14.05
 516.00	 511.67	 6.6565	34.2472	26.8787	 0.07	  2.90	0.042	  142.05	 13.07
 517.00	 512.66	 6.6541	34.2473	26.8791	 0.07	  2.89	0.042	  142.04	 12.10
 518.00	 513.65	 6.6517	34.2474	26.8795	 0.07	  2.90	0.042	  142.03	 11.07
 519.00	 514.64	 6.6473	34.2475	26.8802	 0.06	  2.78	0.041	  141.40	 10.04
