wcoa21_data_management/01_CRUISE_METADATA/00_OCADS_data/CTD_downcasts/WCOA_2021_CTD_downcasts/dRB2102_CTD_129_01_F.txt
* Sea-Bird SBE 9 Data:
* Software Version Seasave V 7.26.7.107
* Vessel: NOAA Ship Ronald H. Brown
* Cruise: RB2102, West Coast Ocean Acidification (WCOA) 2021
* Dates: 20210622 to 20210723
* Region: NE Pacific, USA West Coast
* Ports: San Diego, CA to Port Angeles, WA to San Diego, CA
* Chief Scientists: R. Feely, NOAA PMEL; D. Greeley, NOAA PMEL; B. Carter, NOAA PMEL / UW CICOES
*END*
[from data line 427]
 430.00	 426.53	 6.9731	34.3091	26.8838	 0.40	 17.23	0.042	  160.08	 99.98
 431.00	 427.52	 6.9717	34.3093	26.8841	 0.40	 17.21	0.041	  160.11	 99.98
 432.00	 428.51	 6.9702	34.3092	26.8843	 0.40	 17.23	0.040	  160.07	 99.98
 433.00	 429.50	 6.9685	34.3093	26.8846	 0.40	 17.22	0.041	  160.04	 99.98
 434.00	 430.50	 6.9673	34.3093	26.8847	 0.39	 17.15	0.042	  160.04	 99.98
 435.00	 431.49	 6.9653	34.3090	26.8848	 0.39	 17.02	0.042	  160.07	 99.98
 436.00	 432.48	 6.9547	34.3089	26.8862	 0.39	 17.00	0.042	  160.07	 99.98
 437.00	 433.47	 6.9503	34.3094	26.8872	 0.39	 17.01	0.042	  159.99	 99.98
 438.00	 434.46	 6.9442	34.3092	26.8879	 0.39	 16.95	0.041	  160.01	 99.98
 439.00	 435.45	 6.9359	34.3094	26.8892	 0.39	 16.84	0.040	  160.05	 99.98
 440.00	 436.44	 6.9191	34.3093	26.8914	 0.39	 16.75	0.040	  160.02	 99.98
 441.00	 437.43	 6.9063	34.3107	26.8942	 0.38	 16.71	0.040	  160.07	 99.98
 442.00	 438.42	 6.9051	34.3107	26.8944	 0.38	 16.56	0.041	  160.04	 99.98
 443.00	 439.41	 6.9050	34.3108	26.8945	 0.38	 16.67	0.042	  160.00	 99.98
 444.00	 440.40	 6.9047	34.3106	26.8944	 0.38	 16.67	0.042	  159.99	 99.98
 445.00	 441.39	 6.9042	34.3107	26.8946	 0.38	 16.59	0.041	  159.97	 99.98
 446.00	 442.39	 6.9031	34.3106	26.8947	 0.38	 16.64	0.040	  159.97	 99.98
 447.00	 443.38	 6.9018	34.3108	26.8950	 0.38	 16.63	0.041	  159.98	 99.98
 448.00	 444.37	 6.9012	34.3109	26.8952	 0.38	 16.60	0.040	  159.97	 99.98
 449.00	 445.36	 6.9011	34.3109	26.8953	 0.38	 16.53	0.040	  160.00	 99.98
 450.00	 446.35	 6.8999	34.3108	26.8953	 0.38	 16.47	0.041	  160.00	 99.98
 451.00	 447.34	 6.8929	34.3104	26.8959	 0.38	 16.43	0.042	  159.90	 99.98
 452.00	 448.33	 6.8876	34.3101	26.8965	 0.38	 16.41	0.040	  159.92	 99.98
 453.00	 449.32	 6.8774	34.3109	26.8985	 0.38	 16.43	0.040	  159.93	 99.98
 454.00	 450.31	 6.8713	34.3114	26.8997	 0.38	 16.42	0.041	  159.96	 99.98
 455.00	 451.30	 6.8710	34.3114	26.8998	 0.38	 16.40	0.041	  159.92	 99.98
 456.00	 452.29	 6.8707	34.3114	26.8999	 0.38	 16.36	0.040	  159.91	 99.98
 457.00	 453.28	 6.8701	34.3114	26.8999	 0.38	 16.33	0.040	  159.90	 99.98
 458.00	 454.28	 6.8691	34.3114	26.9001	 0.38	 16.32	0.040	  159.94	 99.98
 459.00	 455.27	 6.8687	34.3115	26.9002	 0.38	 16.36	0.040	  159.92	 99.98
 460.00	 456.26	 6.8680	34.3116	26.9004	 0.37	 16.25	0.041	  159.86	 99.98
 461.00	 457.25	 6.8681	34.3114	26.9003	 0.37	 16.23	0.041	  159.90	 99.98
 462.00	 458.24	 6.8675	34.3115	26.9004	 0.37	 16.27	0.041	  159.86	 99.98
 463.00	 459.23	 6.8580	34.3102	26.9007	 0.37	 16.17	0.041	  159.85	 99.98
 464.00	 460.22	 6.8335	34.3108	26.9045	 0.37	 15.99	0.041	  159.88	 99.98
 465.00	 461.21	 6.8251	34.3119	26.9065	 0.37	 16.00	0.040	  159.86	 99.98
 466.00	 462.20	 6.8177	34.3124	26.9079	 0.37	 16.01	0.042	  159.83	 99.98
 467.00	 463.19	 6.8156	34.3128	26.9086	 0.37	 15.92	0.042	  159.82	 99.98
 468.00	 464.18	 6.8153	34.3127	26.9085	 0.37	 15.90	0.042	  159.79	 99.98
 469.00	 465.17	 6.8148	34.3127	26.9086	 0.37	 15.88	0.042	  159.77	 99.98
 470.00	 466.16	 6.8138	34.3130	26.9090	 0.36	 15.85	0.042	  159.83	 99.98
 471.00	 467.15	 6.8143	34.3129	26.9088	 0.36	 15.85	0.042	  159.81	 99.98
 472.00	 468.15	 6.8065	34.3126	26.9097	 0.36	 15.85	0.040	  159.74	 99.98
 473.00	 469.14	 6.8051	34.3132	26.9103	 0.36	 15.78	0.040	  159.78	 99.98
 474.00	 470.13	 6.7999	34.3125	26.9105	 0.36	 15.68	0.041	  159.81	 99.98
 475.00	 471.12	 6.7872	34.3132	26.9127	 0.36	 15.66	0.042	  159.82	 99.98
 476.00	 472.11	 6.7811	34.3136	26.9139	 0.36	 15.66	0.041	  159.77	 99.98
 477.00	 473.10	 6.7756	34.3141	26.9151	 0.36	 15.62	0.040	  159.76	 99.98
 478.00	 474.09	 6.7729	34.3139	26.9153	 0.36	 15.51	0.040	  159.78	 99.98
 479.00	 475.08	 6.7718	34.3141	26.9156	 0.36	 15.52	0.040	  159.80	 99.98
 480.00	 476.07	 6.7710	34.3142	26.9158	 0.36	 15.50	0.042	  159.79	 99.98
 481.00	 477.06	 6.7707	34.3143	26.9159	 0.36	 15.47	0.041	  159.81	 99.98
 482.00	 478.05	 6.7705	34.3142	26.9159	 0.36	 15.47	0.041	  159.73	 99.98
 483.00	 479.04	 6.7688	34.3141	26.9160	 0.36	 15.47	0.042	  159.74	 99.98
 484.00	 480.03	 6.7636	34.3144	26.9170	 0.36	 15.48	0.042	  159.70	 99.98
 485.00	 481.02	 6.7606	34.3141	26.9172	 0.36	 15.49	0.041	  159.71	 99.98
 486.00	 482.01	 6.7560	34.3149	26.9184	 0.36	 15.48	0.041	  159.71	 99.98
 487.00	 483.01	 6.7501	34.3142	26.9187	 0.35	 15.41	0.040	  159.72	 99.98
 488.00	 484.00	 6.7453	34.3148	26.9198	 0.35	 15.25	0.040	  159.73	 99.98
 489.00	 484.99	 6.7376	34.3148	26.9208	 0.35	 15.17	0.040	  159.70	 99.98
 490.00	 485.98	 6.7313	34.3152	26.9220	 0.35	 15.11	0.040	  159.70	 99.98
 491.00	 486.97	 6.7253	34.3157	26.9232	 0.35	 15.01	0.040	  159.70	 99.98
 492.00	 487.96	 6.7204	34.3158	26.9240	 0.35	 15.05	0.041	  159.69	 99.98
 493.00	 488.95	 6.7138	34.3157	26.9248	 0.35	 15.05	0.042	  159.72	 99.98
 494.00	 489.94	 6.7126	34.3163	26.9255	 0.35	 15.06	0.041	  159.69	 99.98
 495.00	 490.93	 6.7113	34.3163	26.9257	 0.35	 15.02	0.041	  159.68	 99.98
 496.00	 491.92	 6.7093	34.3164	26.9260	 0.34	 14.99	0.040	  159.70	 99.98
 497.00	 492.91	 6.7077	34.3164	26.9262	 0.34	 14.85	0.042	  159.75	 99.98
 498.00	 493.90	 6.7042	34.3160	26.9264	 0.34	 14.78	0.041	  159.63	 99.98
 499.00	 494.89	 6.6961	34.3164	26.9278	 0.34	 14.88	0.041	  159.66	 99.98
 500.00	 495.88	 6.6909	34.3167	26.9288	 0.34	 14.84	0.042	  159.67	 99.98
 501.00	 496.87	 6.6854	34.3170	26.9297	 0.34	 14.72	0.042	  159.63	 99.98
 502.00	 497.86	 6.6786	34.3171	26.9307	 0.34	 14.66	0.042	  159.63	 99.98
 503.00	 498.86	 6.6619	34.3178	26.9335	 0.34	 14.61	0.040	  159.66	 99.98
 504.00	 499.85	 6.6502	34.3181	26.9353	 0.33	 14.50	0.040	  159.64	 99.98
 505.00	 500.84	 6.6392	34.3188	26.9373	 0.33	 14.44	0.040	  159.63	 99.98
 506.00	 501.83	 6.6387	34.3190	26.9376	 0.33	 14.47	0.041	  159.61	 99.98
 507.00	 502.82	 6.6386	34.3191	26.9377	 0.33	 14.46	0.041	  159.60	 99.98
 508.00	 503.81	 6.6331	34.3186	26.9381	 0.33	 14.40	0.040	  159.64	 99.98
 509.00	 504.80	 6.6255	34.3194	26.9397	 0.33	 14.30	0.040	  159.61	 99.98
 510.00	 505.79	 6.6246	34.3195	26.9399	 0.33	 14.27	0.041	  159.64	 99.98
 511.00	 506.78	 6.6239	34.3195	26.9400	 0.33	 14.27	0.041	  159.59	 99.98
 512.00	 507.77	 6.6241	34.3198	26.9402	 0.33	 14.27	0.040	  159.61	 99.98
 513.00	 508.76	 6.6210	34.3193	26.9403	 0.33	 14.29	0.040	  159.63	 99.98
 514.00	 509.75	 6.6178	34.3200	26.9412	 0.33	 14.29	0.041	  159.58	 99.98
 515.00	 510.74	 6.6188	34.3197	26.9409	 0.33	 14.30	0.042	  159.59	 99.98
 516.00	 511.73	 6.6175	34.3197	26.9411	 0.33	 14.27	0.042	  159.60	 99.98
 517.00	 512.72	 6.6150	34.3199	26.9415	 0.33	 14.22	0.041	  159.55	 99.98
 518.00	 513.71	 6.6113	34.3198	26.9420	 0.33	 14.18	0.040	  159.56	 99.98
 519.00	 514.70	 6.6085	34.3202	26.9427	 0.33	 14.14	0.040	  159.52	 99.98
 520.00	 515.69	 6.6083	34.3202	26.9428	 0.33	 14.19	0.041	  159.54	 99.98
 521.00	 516.68	 6.6082	34.3202	26.9427	 0.33	 14.14	0.041	  159.47	 99.98
 522.00	 517.67	 6.6082	34.3202	26.9428	 0.32	 14.12	0.040	  159.51	 99.98
 523.00	 518.67	 6.6085	34.3202	26.9428	 0.32	 14.08	0.041	  159.54	 99.98
 524.00	 519.66	 6.6091	34.3202	26.9427	 0.32	 14.07	0.041	  159.50	 99.98
 525.00	 520.65	 6.6073	34.3203	26.9430	 0.32	 14.09	0.040	  159.48	 99.98
 526.00	 521.64	 6.6068	34.3205	26.9432	 0.32	 14.11	0.040	  159.49	 99.98
 527.00	 522.63	 6.6071	34.3204	26.9431	 0.32	 14.11	0.041	  159.47	 99.98
 528.00	 523.62	 6.6068	34.3203	26.9431	 0.32	 14.13	0.041	  159.47	 99.98
 529.00	 524.61	 6.6064	34.3203	26.9432	 0.32	 14.08	0.041	  159.46	 99.98
 530.00	 525.60	 6.6060	34.3203	26.9433	 0.32	 14.10	0.041	  159.45	 99.98
 531.00	 526.59	 6.6060	34.3203	26.9432	 0.32	 14.09	0.041	  159.45	 99.98
 532.00	 527.58	 6.6047	34.3203	26.9435	 0.32	 14.08	0.040	  159.45	 99.98
 533.00	 528.57	 6.6048	34.3203	26.9435	 0.32	 14.11	0.040	  159.46	 99.98
 534.00	 529.56	 6.6048	34.3204	26.9436	 0.32	 14.09	0.041	  159.42	 99.99
 535.00	 530.55	 6.6041	34.3203	26.9436	 0.32	 14.10	0.042	  159.44	 99.98
 536.00	 531.54	 6.6034	34.3203	26.9437	 0.32	 14.05	0.042	  159.47	 99.98
 537.00	 532.53	 6.6025	34.3203	26.9438	 0.32	 14.01	0.041	  159.46	 99.98
 538.00	 533.52	 6.6010	34.3205	26.9441	 0.32	 13.95	0.040	  159.46	 99.98
 539.00	 534.51	 6.5971	34.3199	26.9442	 0.32	 13.86	0.040	  159.46	 99.98
 540.00	 535.50	 6.5909	34.3204	26.9455	 0.32	 13.89	0.040	  159.42	 99.98
 541.00	 536.49	 6.5781	34.3206	26.9473	 0.32	 13.81	0.040	  159.41	 99.98
 542.00	 537.48	 6.5667	34.3206	26.9489	 0.31	 13.70	0.041	  159.46	 99.98
 543.00	 538.47	 6.5361	34.3227	26.9545	 0.31	 13.57	0.041	  159.43	 99.98
 544.00	 539.46	 6.5246	34.3235	26.9567	 0.31	 13.47	0.040	  159.41	 99.98
 545.00	 540.45	 6.5199	34.3243	26.9580	 0.31	 13.49	0.040	  159.41	 99.99
 546.00	 541.44	 6.5207	34.3238	26.9575	 0.31	 13.47	0.040	  159.37	 99.98
 547.00	 542.44	 6.5135	34.3241	26.9586	 0.31	 13.41	0.040	  159.40	 99.99
 548.00	 543.43	 6.5076	34.3244	26.9597	 0.31	 13.32	0.041	  159.36	 99.99
 549.00	 544.42	 6.5004	34.3243	26.9605	 0.30	 13.23	0.041	  159.41	 99.99
 550.00	 545.41	 6.4830	34.3248	26.9633	 0.30	 13.16	0.041	  159.38	 99.98
 551.00	 546.40	 6.4629	34.3252	26.9662	 0.30	 13.07	0.041	  159.35	 99.99
 552.00	 547.39	 6.4461	34.3270	26.9699	 0.30	 13.00	0.040	  159.37	 99.98
 553.00	 548.38	 6.4406	34.3272	26.9707	 0.30	 13.03	0.041	  159.37	 99.99
 554.00	 549.37	 6.4395	34.3275	26.9711	 0.30	 12.95	0.041	  159.35	 99.99
 555.00	 550.36	 6.4385	34.3274	26.9712	 0.30	 12.87	0.040	  159.27	 99.99
 556.00	 551.35	 6.4360	34.3275	26.9716	 0.30	 12.88	0.040	  159.32	 99.99
 557.00	 552.34	 6.4338	34.3277	26.9721	 0.30	 12.88	0.041	  159.33	 99.99
 558.00	 553.33	 6.4327	34.3279	26.9724	 0.30	 12.90	0.040	  159.31	 99.99
 559.00	 554.32	 6.4318	34.3279	26.9725	 0.30	 12.88	0.040	  159.28	 99.99
 560.00	 555.31	 6.4314	34.3281	26.9727	 0.30	 12.88	0.042	  159.29	 99.99
 561.00	 556.30	 6.4311	34.3281	26.9728	 0.30	 12.87	0.040	  159.27	 99.99
 562.00	 557.29	 6.4304	34.3282	26.9729	 0.30	 12.89	0.040	  159.29	 99.99
 563.00	 558.28	 6.4297	34.3283	26.9731	 0.30	 12.84	0.040	  159.22	 99.99
 564.00	 559.27	 6.4285	34.3283	26.9733	 0.30	 12.84	0.040	  159.26	 99.99
 565.00	 560.26	 6.4276	34.3285	26.9736	 0.30	 12.88	0.040	  159.24	 99.99
 566.00	 561.25	 6.4266	34.3285	26.9737	 0.29	 12.81	0.041	  159.24	 99.99
 567.00	 562.24	 6.4260	34.3285	26.9738	 0.29	 12.78	0.041	  159.25	 99.99
 568.00	 563.23	 6.4248	34.3285	26.9740	 0.29	 12.71	0.040	  159.20	 99.99
 569.00	 564.22	 6.4236	34.3287	26.9743	 0.29	 12.69	0.040	  159.22	 99.99
 570.00	 565.21	 6.4218	34.3287	26.9746	 0.29	 12.69	0.040	  159.21	 99.99
 571.00	 566.20	 6.4207	34.3288	26.9748	 0.29	 12.71	0.040	  159.23	 99.99
 572.00	 567.19	 6.4199	34.3290	26.9751	 0.29	 12.71	0.040	  159.19	 99.99
 573.00	 568.18	 6.4195	34.3289	26.9751	 0.29	 12.69	0.041	  159.19	 99.99
 574.00	 569.17	 6.4185	34.3290	26.9753	 0.29	 12.70	0.041	  159.23	 99.99
 575.00	 570.16	 6.4167	34.3290	26.9755	 0.29	 12.69	0.040	  159.22	 99.99
 576.00	 571.15	 6.4135	34.3290	26.9760	 0.29	 12.67	0.040	  159.21	 99.99
 577.00	 572.14	 6.4124	34.3293	26.9763	 0.29	 12.71	0.040	  159.21	 99.99
 578.00	 573.13	 6.4095	34.3291	26.9766	 0.29	 12.70	0.041	  159.21	 99.99
 579.00	 574.12	 6.4046	34.3294	26.9775	 0.29	 12.66	0.041	  159.20	 99.99
 580.00	 575.11	 6.4025	34.3294	26.9777	 0.29	 12.69	0.041	  159.18	 99.99
 581.00	 576.10	 6.3991	34.3294	26.9782	 0.29	 12.67	0.040	  159.23	 99.99
 582.00	 577.09	 6.3991	34.3296	26.9784	 0.29	 12.55	0.041	  159.20	 99.99
 583.00	 578.08	 6.3984	34.3297	26.9785	 0.29	 12.55	0.042	  159.20	 99.99
 584.00	 579.07	 6.4005	34.3295	26.9781	 0.29	 12.60	0.042	  159.18	 99.99
 585.00	 580.07	 6.3965	34.3295	26.9787	 0.29	 12.59	0.042	  159.13	 99.99
 586.00	 581.06	 6.3952	34.3297	26.9790	 0.29	 12.49	0.041	  159.19	 99.99
 587.00	 582.05	 6.3933	34.3298	26.9794	 0.29	 12.52	0.040	  159.13	 99.99
 588.00	 583.04	 6.3911	34.3299	26.9797	 0.29	 12.53	0.041	  159.18	 99.99
 589.00	 584.03	 6.3880	34.3299	26.9802	 0.29	 12.51	0.040	  159.18	100.00
 590.00	 585.02	 6.3838	34.3303	26.9810	 0.29	 12.52	0.040	  159.18	 99.99
 591.00	 586.01	 6.3810	34.3303	26.9814	 0.29	 12.53	0.040	  159.16	 99.99
 592.00	 587.00	 6.3728	34.3300	26.9823	 0.29	 12.51	0.041	  159.17	100.00
 593.00	 587.99	 6.3604	34.3311	26.9847	 0.29	 12.44	0.042	  159.14	 99.99
 594.00	 588.98	 6.3545	34.3314	26.9857	 0.28	 12.33	0.041	  159.15	 99.99
 595.00	 589.97	 6.3426	34.3313	26.9872	 0.28	 12.22	0.041	  159.15	 99.99
 596.00	 590.96	 6.3378	34.3319	26.9883	 0.28	 12.29	0.042	  159.12	 99.99
 597.00	 591.95	 6.3303	34.3325	26.9898	 0.28	 12.31	0.042	  159.13	 99.99
 598.00	 592.94	 6.3270	34.3327	26.9903	 0.28	 12.30	0.042	  159.12	100.00
 599.00	 593.93	 6.3249	34.3328	26.9907	 0.28	 12.26	0.042	  159.12	 99.99
 600.00	 594.92	 6.3238	34.3329	26.9910	 0.28	 12.20	0.041	  159.10	 99.99
 601.00	 595.91	 6.3226	34.3332	26.9913	 0.28	 12.17	0.041	  159.09	100.00
 602.00	 596.90	 6.3213	34.3332	26.9916	 0.28	 12.11	0.041	  159.03	100.00
 603.00	 597.89	 6.3167	34.3332	26.9921	 0.28	 12.07	0.041	  159.11	 99.99
 604.00	 598.88	 6.3133	34.3337	26.9930	 0.28	 12.11	0.041	  159.12	 99.99
 605.00	 599.87	 6.3109	34.3337	26.9933	 0.28	 12.13	0.041	  159.03	100.00
 606.00	 600.86	 6.3070	34.3339	26.9940	 0.28	 12.10	0.041	  159.05	 99.99
 607.00	 601.85	 6.3040	34.3342	26.9946	 0.28	 12.09	0.041	  159.03	100.00
 608.00	 602.84	 6.3036	34.3342	26.9947	 0.28	 12.06	0.040	  159.02	100.00
 609.00	 603.83	 6.3035	34.3344	26.9949	 0.28	 12.04	0.040	  159.05	100.00
 610.00	 604.82	 6.3026	34.3341	26.9947	 0.28	 12.06	0.040	  158.96	100.00
 611.00	 605.81	 6.2992	34.3345	26.9955	 0.28	 11.97	0.040	  159.00	100.00
 612.00	 606.80	 6.2985	34.3345	26.9956	 0.28	 12.00	0.040	  158.97	100.00
 613.00	 607.79	 6.2978	34.3346	26.9958	 0.27	 11.88	0.040	  158.97	100.00
 614.00	 608.78	 6.2944	34.3343	26.9960	 0.27	 11.90	0.040	  158.99	100.00
 615.00	 609.77	 6.2880	34.3350	26.9974	 0.28	 11.97	0.040	  159.01	100.00
 616.00	 610.76	 6.2873	34.3349	26.9975	 0.27	 11.91	0.040	  158.97	 99.99
 617.00	 611.75	 6.2858	34.3351	26.9978	 0.27	 11.92	0.040	  159.00	100.00
 618.00	 612.74	 6.2849	34.3351	26.9979	 0.27	 11.95	0.040	  158.97	100.00
 619.00	 613.73	 6.2823	34.3351	26.9983	 0.27	 11.95	0.042	  158.96	100.00
 620.00	 614.72	 6.2799	34.3354	26.9988	 0.27	 11.95	0.041	  159.02	100.00
 621.00	 615.71	 6.2787	34.3354	26.9990	 0.27	 11.92	0.040	  159.01	100.00
 622.00	 616.70	 6.2779	34.3355	26.9992	 0.27	 11.89	0.040	  158.97	100.00
 623.00	 617.69	 6.2769	34.3355	26.9993	 0.27	 11.91	0.040	  159.03	100.00
 624.00	 618.68	 6.2746	34.3356	26.9997	 0.27	 11.90	0.041	  159.01	 99.99
 625.00	 619.67	 6.2682	34.3353	27.0003	 0.27	 11.94	0.041	  158.97	100.00
 626.00	 620.66	 6.2616	34.3361	27.0018	 0.27	 11.90	0.040	  158.91	100.00
 627.00	 621.65	 6.2580	34.3363	27.0024	 0.27	 11.85	0.040	  158.96	 99.99
 628.00	 622.64	 6.2551	34.3363	27.0028	 0.27	 11.82	0.041	  158.93	100.00
 629.00	 623.63	 6.2467	34.3360	27.0037	 0.27	 11.76	0.040	  158.90	100.00
 630.00	 624.62	 6.2356	34.3375	27.0063	 0.27	 11.75	0.041	  158.99	100.00
 631.00	 625.61	 6.2347	34.3375	27.0064	 0.27	 11.78	0.042	  158.95	100.00
 632.00	 626.60	 6.2335	34.3376	27.0066	 0.27	 11.74	0.041	  158.96	100.00
 633.00	 627.59	 6.2327	34.3376	27.0068	 0.27	 11.75	0.040	  158.96	100.00
 634.00	 628.58	 6.2306	34.3373	27.0069	 0.27	 11.73	0.042	  158.97	100.00
 635.00	 629.57	 6.2200	34.3380	27.0087	 0.27	 11.75	0.041	  158.97	100.00
 636.00	 630.56	 6.2164	34.3386	27.0097	 0.27	 11.72	0.040	  158.96	100.00
 637.00	 631.55	 6.2142	34.3383	27.0098	 0.27	 11.65	0.041	  158.94	100.00
 638.00	 632.54	 6.2012	34.3382	27.0113	 0.27	 11.58	0.041	  158.94	100.00
 639.00	 633.53	 6.1867	34.3402	27.0148	 0.27	 11.53	0.040	  158.93	100.00
 640.00	 634.52	 6.1854	34.3404	27.0151	 0.27	 11.55	0.040	  158.94	100.00
 641.00	 635.51	 6.1856	34.3403	27.0150	 0.27	 11.53	0.040	  158.89	100.00
 642.00	 636.50	 6.1805	34.3402	27.0156	 0.27	 11.54	0.040	  158.90	100.00
