wcoa21_data_management/01_CRUISE_METADATA/00_OCADS_data/CTD_downcasts/WCOA_2021_CTD_downcasts/dRB2102_CTD_106_01_F.txt
* Sea-Bird SBE 9 Data:
* Software Version Seasave V 7.26.7.107
* Vessel: NOAA Ship Ronald H. Brown
* Cruise: RB2102, West Coast Ocean Acidification (WCOA) 2021
* Dates: 20210622 to 20210723
* Region: NE Pacific, USA West Coast
* Ports: San Diego, CA to Port Angeles, WA to San Diego, CA
* Chief Scientists: R. Feely, NOAA PMEL; D. Greeley, NOAA PMEL; B. Carter, NOAA PMEL / UW CICOES
*END*
[from data line 2134]
2137.00	2110.74	 1.9738	34.6229	27.6831	 1.91	 82.97	0.040	  156.59	 99.94
2138.00	2111.72	 1.9724	34.6230	27.6833	 1.91	 83.10	0.040	  156.56	 99.94
2139.00	2112.71	 1.9709	34.6232	27.6836	 1.92	 83.41	0.040	  156.56	 99.94
2140.00	2113.69	 1.9713	34.6232	27.6836	 1.92	 83.27	0.040	  156.57	 99.94
2141.00	2114.67	 1.9723	34.6231	27.6834	 1.91	 83.14	0.040	  156.56	 99.94
2142.00	2115.65	 1.9728	34.6229	27.6832	 1.91	 83.19	0.040	  156.55	 99.94
2143.00	2116.64	 1.9728	34.6232	27.6834	 1.92	 83.27	0.040	  156.58	 99.94
2144.00	2117.62	 1.9731	34.6230	27.6833	 1.91	 83.22	0.040	  156.53	 99.94
2145.00	2118.60	 1.9694	34.6232	27.6838	 1.91	 83.15	0.040	  156.55	 99.94
2146.00	2119.59	 1.9685	34.6235	27.6841	 1.92	 83.44	0.040	  156.57	 99.94
2147.00	2120.57	 1.9679	34.6236	27.6842	 1.92	 83.53	0.040	  156.55	 99.93
2148.00	2121.55	 1.9673	34.6236	27.6842	 1.93	 83.69	0.040	  156.54	 99.94
2149.00	2122.53	 1.9665	34.6237	27.6844	 1.93	 83.84	0.040	  156.56	 99.94
2150.00	2123.52	 1.9655	34.6238	27.6845	 1.93	 83.68	0.040	  156.52	 99.94
2151.00	2124.50	 1.9649	34.6238	27.6846	 1.93	 83.78	0.040	  156.52	 99.94
2152.00	2125.48	 1.9643	34.6239	27.6848	 1.93	 83.78	0.040	  156.51	 99.94
2153.00	2126.46	 1.9643	34.6240	27.6848	 1.93	 83.75	0.040	  156.56	 99.94
2154.00	2127.45	 1.9640	34.6240	27.6848	 1.93	 83.76	0.040	  156.51	 99.94
2155.00	2128.43	 1.9638	34.6239	27.6848	 1.93	 83.78	0.040	  156.51	 99.94
2156.00	2129.41	 1.9636	34.6239	27.6848	 1.93	 83.74	0.040	  156.53	 99.94
2157.00	2130.40	 1.9634	34.6241	27.6850	 1.93	 83.75	0.040	  156.53	 99.94
2158.00	2131.38	 1.9636	34.6240	27.6850	 1.93	 83.76	0.040	  156.56	 99.94
2159.00	2132.36	 1.9631	34.6241	27.6851	 1.93	 83.83	0.040	  156.52	 99.94
2160.00	2133.34	 1.9627	34.6242	27.6852	 1.93	 84.07	0.040	  156.50	 99.94
2161.00	2134.33	 1.9628	34.6242	27.6852	 1.94	 84.25	0.040	  156.51	 99.94
2162.00	2135.31	 1.9628	34.6244	27.6853	 1.94	 84.17	0.040	  156.48	 99.94
2163.00	2136.29	 1.9631	34.6242	27.6851	 1.94	 84.23	0.040	  156.51	 99.94
2164.00	2137.27	 1.9627	34.6242	27.6852	 1.93	 84.09	0.039	  156.46	 99.93
2165.00	2138.26	 1.9624	34.6242	27.6852	 1.93	 83.83	0.040	  156.50	 99.94
2166.00	2139.24	 1.9625	34.6244	27.6854	 1.93	 83.97	0.040	  156.51	 99.94
2167.00	2140.22	 1.9627	34.6243	27.6853	 1.93	 83.95	0.040	  156.50	 99.93
2168.00	2141.20	 1.9627	34.6242	27.6852	 1.93	 83.93	0.040	  156.50	 99.94
2169.00	2142.19	 1.9628	34.6242	27.6852	 1.93	 83.98	0.040	  156.49	 99.94
2170.00	2143.17	 1.9623	34.6244	27.6854	 1.94	 84.17	0.040	  156.48	 99.94
2171.00	2144.15	 1.9617	34.6244	27.6855	 1.94	 84.28	0.040	  156.48	 99.94
2172.00	2145.13	 1.9611	34.6245	27.6856	 1.94	 84.12	0.040	  156.44	 99.94
2173.00	2146.12	 1.9612	34.6244	27.6856	 1.94	 84.25	0.040	  156.49	 99.94
2174.00	2147.10	 1.9614	34.6245	27.6856	 1.94	 84.14	0.040	  156.49	 99.94
2175.00	2148.08	 1.9613	34.6246	27.6856	 1.93	 84.04	0.040	  156.49	 99.94
2176.00	2149.07	 1.9610	34.6246	27.6857	 1.94	 84.27	0.040	  156.46	 99.94
2177.00	2150.05	 1.9613	34.6246	27.6857	 1.94	 84.21	0.040	  156.47	 99.94
2178.00	2151.03	 1.9614	34.6245	27.6856	 1.94	 84.33	0.040	  156.48	 99.94
2179.00	2152.01	 1.9614	34.6247	27.6858	 1.94	 84.35	0.040	  156.50	 99.94
2180.00	2153.00	 1.9608	34.6247	27.6858	 1.93	 84.08	0.040	  156.47	 99.94
2181.00	2153.98	 1.9601	34.6248	27.6860	 1.94	 84.26	0.040	  156.44	 99.94
2182.00	2154.96	 1.9598	34.6247	27.6859	 1.94	 84.24	0.040	  156.51	 99.94
2183.00	2155.94	 1.9596	34.6246	27.6859	 1.94	 84.26	0.040	  156.43	 99.94
2184.00	2156.93	 1.9592	34.6248	27.6860	 1.94	 84.34	0.040	  156.42	 99.94
2185.00	2157.91	 1.9591	34.6248	27.6861	 1.94	 84.25	0.040	  156.40	 99.94
2186.00	2158.89	 1.9593	34.6248	27.6861	 1.94	 84.25	0.040	  156.44	 99.94
2187.00	2159.87	 1.9590	34.6249	27.6861	 1.94	 84.31	0.040	  156.44	 99.94
2188.00	2160.86	 1.9586	34.6248	27.6861	 1.94	 84.33	0.040	  156.47	 99.94
2189.00	2161.84	 1.9575	34.6249	27.6863	 1.95	 84.54	0.040	  156.41	 99.94
2190.00	2162.82	 1.9565	34.6251	27.6865	 1.95	 84.84	0.040	  156.43	 99.94
2191.00	2163.80	 1.9520	34.6252	27.6870	 1.96	 85.08	0.040	  156.45	 99.94
2192.00	2164.79	 1.9489	34.6258	27.6877	 1.96	 85.26	0.040	  156.47	 99.94
2193.00	2165.77	 1.9482	34.6256	27.6876	 1.97	 85.51	0.040	  156.40	 99.94
2194.00	2166.75	 1.9404	34.6267	27.6890	 1.97	 85.80	0.039	  156.39	 99.94
2195.00	2167.73	 1.9402	34.6269	27.6892	 1.97	 85.79	0.040	  156.40	 99.94
2196.00	2168.72	 1.9406	34.6268	27.6891	 1.97	 85.78	0.040	  156.36	 99.94
2197.00	2169.70	 1.9410	34.6269	27.6892	 1.97	 85.66	0.040	  156.38	 99.94
2198.00	2170.68	 1.9411	34.6268	27.6891	 1.97	 85.80	0.040	  156.40	 99.94
2199.00	2171.66	 1.9410	34.6268	27.6891	 1.98	 85.89	0.040	  156.37	 99.94
2200.00	2172.65	 1.9410	34.6268	27.6891	 1.97	 85.81	0.040	  156.39	 99.94
2201.00	2173.63	 1.9412	34.6268	27.6891	 1.97	 85.81	0.040	  156.39	 99.93
2202.00	2174.61	 1.9415	34.6270	27.6892	 1.98	 85.92	0.041	  156.39	 99.94
2203.00	2175.59	 1.9417	34.6267	27.6890	 1.98	 86.18	0.041	  156.39	 99.93
2204.00	2176.58	 1.9412	34.6270	27.6893	 1.98	 86.02	0.040	  156.30	 99.94
2205.00	2177.56	 1.9411	34.6270	27.6893	 1.97	 85.74	0.040	  156.37	 99.94
2206.00	2178.54	 1.9411	34.6270	27.6894	 1.98	 85.93	0.040	  156.34	 99.94
2207.00	2179.52	 1.9411	34.6269	27.6893	 1.98	 86.04	0.041	  156.42	 99.94
2208.00	2180.51	 1.9407	34.6270	27.6894	 1.98	 85.98	0.041	  156.38	 99.94
2209.00	2181.49	 1.9393	34.6269	27.6894	 1.98	 86.16	0.040	  156.35	 99.94
2210.00	2182.47	 1.9316	34.6278	27.6907	 1.99	 86.56	0.040	  156.32	 99.93
2211.00	2183.45	 1.9267	34.6282	27.6914	 2.00	 86.96	0.040	  156.33	 99.94
2212.00	2184.44	 1.9257	34.6284	27.6916	 2.00	 87.09	0.040	  156.33	 99.94
2213.00	2185.42	 1.9243	34.6285	27.6918	 2.01	 87.28	0.040	  156.34	 99.93
2214.00	2186.40	 1.9235	34.6286	27.6920	 2.01	 87.29	0.040	  156.30	 99.94
2215.00	2187.38	 1.9230	34.6287	27.6921	 2.01	 87.24	0.040	  156.35	 99.94
2216.00	2188.37	 1.9224	34.6287	27.6922	 2.01	 87.23	0.040	  156.33	 99.93
2217.00	2189.35	 1.9224	34.6288	27.6922	 2.01	 87.29	0.041	  156.30	 99.94
2218.00	2190.33	 1.9225	34.6290	27.6924	 2.01	 87.17	0.040	  156.30	 99.93
2219.00	2191.31	 1.9227	34.6289	27.6923	 2.00	 86.85	0.040	  156.27	 99.93
2220.00	2192.30	 1.9228	34.6289	27.6923	 2.01	 87.27	0.040	  156.33	 99.93
2221.00	2193.28	 1.9225	34.6289	27.6924	 2.01	 87.46	0.040	  156.29	 99.94
2222.00	2194.26	 1.9218	34.6289	27.6924	 2.01	 87.39	0.040	  156.30	 99.93
2223.00	2195.24	 1.9218	34.6289	27.6924	 2.01	 87.50	0.040	  156.30	 99.93
2224.00	2196.22	 1.9205	34.6291	27.6927	 2.01	 87.45	0.040	  156.25	 99.93
2225.00	2197.21	 1.9201	34.6292	27.6928	 2.01	 87.38	0.040	  156.30	 99.93
2226.00	2198.19	 1.9189	34.6292	27.6929	 2.01	 87.48	0.040	  156.26	 99.93
2227.00	2199.17	 1.9169	34.6294	27.6932	 2.01	 87.55	0.040	  156.29	 99.93
2228.00	2200.15	 1.9161	34.6296	27.6934	 2.02	 87.66	0.040	  156.30	 99.93
2229.00	2201.14	 1.9178	34.6294	27.6932	 2.02	 87.66	0.040	  156.27	 99.93
2230.00	2202.12	 1.9182	34.6293	27.6930	 2.02	 87.63	0.040	  156.27	 99.93
2231.00	2203.10	 1.9178	34.6295	27.6933	 2.02	 87.68	0.040	  156.29	 99.93
2232.00	2204.08	 1.9178	34.6295	27.6932	 2.02	 87.66	0.042	  156.29	 99.93
2233.00	2205.07	 1.9172	34.6295	27.6933	 2.02	 87.59	0.040	  156.27	 99.93
2234.00	2206.05	 1.9162	34.6297	27.6935	 2.03	 88.00	0.040	  156.24	 99.93
2235.00	2207.03	 1.9161	34.6298	27.6936	 2.02	 87.78	0.040	  156.25	 99.93
2236.00	2208.01	 1.9163	34.6296	27.6935	 2.02	 87.82	0.040	  156.24	 99.93
2237.00	2209.00	 1.9163	34.6297	27.6936	 2.02	 87.90	0.040	  156.23	 99.94
2238.00	2209.98	 1.9152	34.6296	27.6936	 2.02	 87.96	0.040	  156.19	 99.93
2239.00	2210.96	 1.9136	34.6299	27.6939	 2.02	 87.96	0.040	  156.25	 99.93
2240.00	2211.94	 1.9135	34.6300	27.6941	 2.02	 87.87	0.040	  156.24	 99.93
2241.00	2212.92	 1.9130	34.6299	27.6940	 2.02	 87.99	0.040	  156.24	 99.93
2242.00	2213.91	 1.9111	34.6301	27.6943	 2.03	 88.09	0.040	  156.25	 99.93
2243.00	2214.89	 1.9113	34.6302	27.6944	 2.03	 88.21	0.040	  156.23	 99.93
2244.00	2215.87	 1.9114	34.6302	27.6944	 2.03	 88.38	0.040	  156.25	 99.93
2245.00	2216.85	 1.9108	34.6303	27.6945	 2.03	 88.32	0.040	  156.29	 99.93
2246.00	2217.84	 1.9107	34.6303	27.6945	 2.03	 88.06	0.040	  156.24	 99.93
2247.00	2218.82	 1.9109	34.6304	27.6946	 2.03	 88.41	0.040	  156.20	 99.93
2248.00	2219.80	 1.9111	34.6303	27.6945	 2.03	 88.29	0.040	  156.20	 99.93
2249.00	2220.78	 1.9110	34.6303	27.6945	 2.03	 88.19	0.040	  156.21	 99.93
2250.00	2221.77	 1.9104	34.6303	27.6946	 2.03	 88.08	0.040	  156.23	 99.93
2251.00	2222.75	 1.9106	34.6304	27.6946	 2.03	 88.20	0.040	  156.19	 99.93
2252.00	2223.73	 1.9104	34.6305	27.6947	 2.03	 88.20	0.040	  156.18	 99.93
2253.00	2224.71	 1.9104	34.6303	27.6946	 2.03	 88.07	0.040	  156.24	 99.93
2254.00	2225.69	 1.9101	34.6303	27.6946	 2.03	 88.29	0.040	  156.23	 99.93
2255.00	2226.68	 1.9090	34.6305	27.6948	 2.03	 88.41	0.040	  156.22	 99.94
2256.00	2227.66	 1.9076	34.6307	27.6951	 2.03	 88.42	0.040	  156.20	 99.93
2257.00	2228.64	 1.9056	34.6308	27.6954	 2.04	 88.68	0.040	  156.20	 99.93
2258.00	2229.62	 1.9064	34.6308	27.6954	 2.04	 88.46	0.040	  156.22	 99.93
2259.00	2230.61	 1.9056	34.6308	27.6954	 2.05	 88.91	0.040	  156.19	 99.93
2260.00	2231.59	 1.9004	34.6312	27.6961	 2.05	 89.19	0.040	  156.22	 99.93
2261.00	2232.57	 1.9000	34.6316	27.6965	 2.05	 89.18	0.040	  156.18	 99.93
2262.00	2233.55	 1.9010	34.6314	27.6962	 2.05	 89.26	0.040	  156.18	 99.93
2263.00	2234.53	 1.8997	34.6313	27.6963	 2.06	 89.41	0.040	  156.18	 99.93
2264.00	2235.52	 1.8954	34.6319	27.6971	 2.06	 89.36	0.040	  156.16	 99.93
2265.00	2236.50	 1.8955	34.6319	27.6970	 2.05	 89.30	0.040	  156.19	 99.93
2266.00	2237.48	 1.8958	34.6318	27.6970	 2.06	 89.56	0.040	  156.15	 99.93
2267.00	2238.46	 1.8958	34.6320	27.6971	 2.06	 89.60	0.040	  156.12	 99.93
2268.00	2239.45	 1.8959	34.6320	27.6972	 2.06	 89.43	0.040	  156.11	 99.93
2269.00	2240.43	 1.8961	34.6320	27.6971	 2.06	 89.45	0.040	  156.18	 99.93
2270.00	2241.41	 1.8964	34.6320	27.6971	 2.06	 89.57	0.040	  156.13	 99.93
2271.00	2242.39	 1.8956	34.6320	27.6972	 2.06	 89.36	0.040	  156.13	 99.93
2272.00	2243.37	 1.8957	34.6320	27.6972	 2.05	 89.21	0.040	  156.11	 99.93
2273.00	2244.36	 1.8961	34.6319	27.6971	 2.06	 89.44	0.040	  156.15	 99.93
2274.00	2245.34	 1.8957	34.6320	27.6972	 2.06	 89.52	0.040	  156.15	 99.93
2275.00	2246.32	 1.8962	34.6322	27.6973	 2.06	 89.47	0.040	  156.13	 99.93
2276.00	2247.30	 1.8974	34.6319	27.6970	 2.06	 89.42	0.040	  156.12	 99.93
2277.00	2248.28	 1.8976	34.6320	27.6971	 2.06	 89.41	0.040	  156.12	 99.93
2278.00	2249.27	 1.8991	34.6321	27.6970	 2.05	 89.30	0.040	  156.11	 99.93
2279.00	2250.25	 1.9014	34.6316	27.6965	 2.04	 88.83	0.040	  156.12	 99.93
2280.00	2251.23	 1.9004	34.6317	27.6966	 2.04	 88.82	0.040	  156.10	 99.93
2281.00	2252.21	 1.9016	34.6318	27.6967	 2.05	 89.05	0.040	  156.07	 99.93
2282.00	2253.20	 1.9049	34.6312	27.6959	 2.05	 88.92	0.040	  156.09	 99.93
2283.00	2254.18	 1.9034	34.6314	27.6962	 2.05	 89.04	0.040	  156.09	 99.93
2284.00	2255.16	 1.9007	34.6316	27.6966	 2.05	 89.30	0.040	  156.10	 99.93
2285.00	2256.14	 1.9033	34.6314	27.6962	 2.05	 89.23	0.040	  156.07	 99.93
2286.00	2257.12	 1.9023	34.6315	27.6964	 2.05	 89.07	0.040	  156.10	 99.93
2287.00	2258.11	 1.9011	34.6317	27.6966	 2.05	 88.98	0.040	  156.03	 99.93
2288.00	2259.09	 1.9046	34.6317	27.6964	 2.04	 88.82	0.040	  156.09	 99.93
2289.00	2260.07	 1.9047	34.6313	27.6960	 2.05	 88.99	0.040	  156.07	 99.93
2290.00	2261.05	 1.9039	34.6313	27.6961	 2.05	 89.20	0.040	  156.05	 99.93
2291.00	2262.03	 1.9004	34.6318	27.6968	 2.06	 89.64	0.040	  156.00	 99.94
2292.00	2263.02	 1.9001	34.6319	27.6969	 2.07	 89.79	0.040	  156.08	 99.93
2293.00	2264.00	 1.9000	34.6317	27.6968	 2.07	 90.13	0.040	  156.02	 99.94
2294.00	2264.98	 1.8984	34.6320	27.6971	 2.07	 89.74	0.040	  156.07	 99.93
2295.00	2265.96	 1.8968	34.6321	27.6974	 2.06	 89.44	0.040	  156.01	 99.94
2296.00	2266.94	 1.8960	34.6321	27.6974	 2.06	 89.46	0.041	  156.06	 99.93
2297.00	2267.93	 1.8979	34.6319	27.6971	 2.06	 89.49	0.041	  156.04	 99.93
2298.00	2268.91	 1.8966	34.6320	27.6973	 2.06	 89.56	0.040	  156.06	 99.93
2299.00	2269.89	 1.8961	34.6320	27.6974	 2.06	 89.61	0.040	  156.04	 99.93
2300.00	2270.87	 1.8953	34.6324	27.6977	 2.07	 89.81	0.040	  156.08	 99.93
2301.00	2271.85	 1.8953	34.6323	27.6976	 2.06	 89.68	0.040	  156.02	 99.93
2302.00	2272.84	 1.8953	34.6323	27.6977	 2.06	 89.72	0.040	  156.04	 99.93
2303.00	2273.82	 1.8954	34.6322	27.6975	 2.07	 89.94	0.040	  156.02	 99.93
2304.00	2274.80	 1.8937	34.6324	27.6979	 2.07	 90.08	0.040	  156.06	 99.93
2305.00	2275.78	 1.8933	34.6325	27.6980	 2.07	 90.01	0.040	  156.02	 99.94
2306.00	2276.76	 1.8930	34.6327	27.6982	 2.07	 89.77	0.040	  156.06	 99.93
2307.00	2277.75	 1.8931	34.6327	27.6982	 2.07	 89.94	0.040	  156.00	 99.93
2308.00	2278.73	 1.8930	34.6326	27.6981	 2.07	 89.90	0.040	  156.06	 99.93
2309.00	2279.71	 1.8927	34.6326	27.6981	 2.07	 89.93	0.040	  156.03	 99.93
2310.00	2280.69	 1.8928	34.6327	27.6982	 2.07	 90.03	0.040	  156.03	 99.93
2311.00	2281.68	 1.8929	34.6326	27.6981	 2.07	 90.01	0.040	  155.98	 99.93
2312.00	2282.66	 1.8934	34.6325	27.6980	 2.07	 89.99	0.040	  156.01	 99.93
2313.00	2283.64	 1.8928	34.6328	27.6983	 2.07	 89.93	0.040	  156.03	 99.93
2314.00	2284.62	 1.8933	34.6327	27.6982	 2.07	 90.04	0.040	  156.04	 99.93
2315.00	2285.60	 1.8936	34.6325	27.6981	 2.07	 90.07	0.040	  156.00	 99.94
2316.00	2286.58	 1.8936	34.6328	27.6983	 2.07	 90.05	0.040	  155.98	 99.93
2317.00	2287.57	 1.8939	34.6326	27.6981	 2.08	 90.21	0.040	  156.02	 99.93
2318.00	2288.55	 1.8940	34.6327	27.6982	 2.08	 90.21	0.040	  155.95	 99.93
2319.00	2289.53	 1.8943	34.6327	27.6982	 2.06	 89.72	0.040	  156.01	 99.93
2320.00	2290.51	 1.8941	34.6328	27.6982	 2.06	 89.68	0.040	  155.98	 99.93
2321.00	2291.49	 1.8939	34.6327	27.6982	 2.07	 90.05	0.040	  156.06	 99.93
2322.00	2292.48	 1.8940	34.6327	27.6982	 2.07	 90.11	0.040	  156.01	 99.93
2323.00	2293.46	 1.8939	34.6328	27.6983	 2.07	 90.16	0.040	  156.00	 99.93
2324.00	2294.44	 1.8931	34.6328	27.6984	 2.08	 90.36	0.040	  155.99	 99.93
2325.00	2295.42	 1.8913	34.6330	27.6987	 2.07	 89.96	0.040	  155.94	 99.94
2326.00	2296.40	 1.8911	34.6332	27.6988	 2.07	 89.94	0.040	  155.91	 99.93
2327.00	2297.39	 1.8913	34.6330	27.6987	 2.07	 90.15	0.040	  155.99	 99.93
2328.00	2298.37	 1.8913	34.6330	27.6987	 2.08	 90.32	0.040	  155.95	 99.93
2329.00	2299.35	 1.8919	34.6331	27.6987	 2.08	 90.56	0.040	  155.94	 99.93
2330.00	2300.33	 1.8920	34.6333	27.6988	 2.08	 90.48	0.040	  155.94	 99.93
2331.00	2301.31	 1.8917	34.6331	27.6987	 2.08	 90.37	0.040	  155.92	 99.94
2332.00	2302.30	 1.8911	34.6332	27.6988	 2.08	 90.30	0.040	  155.90	 99.93
2333.00	2303.28	 1.8913	34.6332	27.6989	 2.07	 90.06	0.040	  155.95	 99.93
2334.00	2304.26	 1.8914	34.6332	27.6989	 2.08	 90.19	0.040	  155.92	 99.93
2335.00	2305.24	 1.8915	34.6331	27.6988	 2.08	 90.32	0.040	  155.94	 99.93
2336.00	2306.22	 1.8916	34.6331	27.6988	 2.08	 90.25	0.040	  155.90	 99.93
2337.00	2307.21	 1.8916	34.6331	27.6988	 2.08	 90.24	0.040	  155.87	 99.93
2338.00	2308.19	 1.8914	34.6332	27.6989	 2.09	 90.70	0.040	  155.84	 99.93
2339.00	2309.17	 1.8913	34.6332	27.6989	 2.08	 90.36	0.040	  155.91	 99.93
2340.00	2310.15	 1.8910	34.6331	27.6989	 2.08	 90.24	0.040	  155.87	 99.93
2341.00	2311.13	 1.8909	34.6332	27.6990	 2.08	 90.48	0.040	  155.92	 99.93
2342.00	2312.11	 1.8912	34.6332	27.6989	 2.08	 90.49	0.040	  155.84	 99.94
2343.00	2313.10	 1.8906	34.6332	27.6990	 2.08	 90.46	0.040	  155.89	 99.93
2344.00	2314.08	 1.8891	34.6334	27.6992	 2.08	 90.46	0.040	  155.85	 99.93
2345.00	2315.06	 1.8884	34.6334	27.6993	 2.09	 90.65	0.040	  155.90	 99.93
2346.00	2316.04	 1.8882	34.6335	27.6994	 2.09	 90.74	0.040	  155.85	 99.93
2347.00	2317.02	 1.8885	34.6335	27.6994	 2.09	 90.72	0.040	  155.90	 99.93
2348.00	2318.01	 1.8893	34.6334	27.6992	 2.08	 90.58	0.040	  155.86	 99.93
