wcoa21_data_management/01_CRUISE_METADATA/00_OCADS_data/CTD_downcasts/WCOA_2021_CTD_downcasts/dRB2102_CTD_036_01_F.txt
* Sea-Bird SBE 9 Data:
* Software Version Seasave V 7.26.7.107
* Vessel: NOAA Ship Ronald H. Brown
* Cruise: RB2102, West Coast Ocean Acidification (WCOA) 2021
* Dates: 20210622 to 20210723
* Region: NE Pacific, USA West Coast
* Ports: San Diego, CA to Port Angeles, WA to San Diego, CA
* Chief Scientists: R. Feely, NOAA PMEL; D. Greeley, NOAA PMEL; B. Carter, NOAA PMEL / UW CICOES
*END*
[from data line 214]
 217.00	 215.08	 7.2952	33.9480	26.5520	 2.39	103.85	0.041	  142.15	 99.68
 218.00	 216.07	 7.2737	33.9485	26.5555	 2.39	103.79	0.041	  142.17	 99.68
 219.00	 217.06	 7.2646	33.9494	26.5574	 2.39	104.11	0.041	  142.18	 99.68
 220.00	 218.06	 7.2494	33.9485	26.5589	 2.40	104.38	0.041	  142.13	 99.68
 221.00	 219.05	 7.2195	33.9475	26.5622	 2.41	104.70	0.041	  142.14	 99.68
 222.00	 220.04	 7.1956	33.9475	26.5656	 2.41	104.89	0.041	  142.19	 99.68
 223.00	 221.03	 7.1750	33.9476	26.5685	 2.41	104.87	0.041	  142.16	 99.68
 224.00	 222.02	 7.1646	33.9481	26.5704	 2.41	104.66	0.041	  142.16	 99.68
 225.00	 223.01	 7.1552	33.9489	26.5723	 2.40	104.46	0.041	  142.16	 99.68
 226.00	 224.00	 7.1481	33.9499	26.5741	 2.40	104.28	0.041	  142.16	 99.68
 227.00	 224.99	 7.1363	33.9514	26.5769	 2.39	103.99	0.041	  142.13	 99.68
 228.00	 225.98	 7.1258	33.9525	26.5793	 2.37	103.22	0.041	  142.12	 99.68
 229.00	 226.97	 7.1255	33.9558	26.5819	 2.33	101.53	0.041	  142.11	 99.69
 230.00	 227.96	 7.1378	33.9605	26.5839	 2.29	 99.43	0.041	  142.14	 99.69
 231.00	 228.95	 7.1642	33.9671	26.5855	 2.25	 98.05	0.041	  142.14	 99.70
 232.00	 229.94	 7.1559	33.9683	26.5876	 2.23	 97.11	0.041	  142.16	 99.70
 233.00	 230.93	 7.1476	33.9695	26.5897	 2.22	 96.71	0.041	  142.14	 99.70
 234.00	 231.92	 7.1439	33.9707	26.5911	 2.22	 96.58	0.041	  142.17	 99.71
 235.00	 232.91	 7.1216	33.9692	26.5931	 2.22	 96.57	0.041	  142.20	 99.71
 236.00	 233.90	 7.1081	33.9684	26.5943	 2.22	 96.51	0.041	  142.16	 99.72
 237.00	 234.90	 7.0883	33.9675	26.5963	 2.21	 96.35	0.041	  142.19	 99.72
 238.00	 235.89	 7.0401	33.9665	26.6021	 2.21	 96.36	0.041	  142.17	 99.73
 239.00	 236.88	 7.0045	33.9663	26.6068	 2.21	 96.22	0.041	  142.17	 99.73
 240.00	 237.87	 6.9884	33.9651	26.6082	 2.21	 96.02	0.041	  142.15	 99.73
 241.00	 238.86	 6.9874	33.9686	26.6110	 2.20	 95.79	0.041	  142.23	 99.73
 242.00	 239.85	 6.9873	33.9685	26.6110	 2.20	 95.56	0.041	  142.30	 99.73
 243.00	 240.84	 6.9828	33.9681	26.6113	 2.19	 95.38	0.041	  142.19	 99.73
 244.00	 241.83	 6.9736	33.9668	26.6116	 2.19	 95.30	0.041	  142.19	 99.73
 245.00	 242.82	 6.9646	33.9677	26.6135	 2.19	 95.45	0.041	  142.20	 99.73
 246.00	 243.81	 6.9579	33.9679	26.6146	 2.20	 95.74	0.041	  142.15	 99.73
 247.00	 244.80	 6.9166	33.9656	26.6184	 2.21	 96.05	0.041	  142.14	 99.73
 248.00	 245.79	 6.8877	33.9623	26.6197	 2.22	 96.44	0.041	  142.25	 99.73
 249.00	 246.78	 6.8535	33.9604	26.6228	 2.23	 97.04	0.041	  142.16	 99.73
 250.00	 247.77	 6.8259	33.9577	26.6244	 2.25	 97.80	0.041	  142.23	 99.73
 251.00	 248.76	 6.8091	33.9553	26.6249	 2.26	 98.50	0.041	  142.20	 99.73
 252.00	 249.75	 6.7857	33.9537	26.6267	 2.27	 98.92	0.041	  142.13	 99.73
 253.00	 250.74	 6.7820	33.9532	26.6269	 2.28	 99.10	0.041	  142.15	 99.72
 254.00	 251.73	 6.7501	33.9515	26.6297	 2.27	 98.94	0.041	  142.18	 99.72
 255.00	 252.72	 6.7256	33.9514	26.6330	 2.26	 98.49	0.041	  142.26	 99.72
 256.00	 253.72	 6.7131	33.9536	26.6364	 2.25	 97.80	0.041	  142.25	 99.72
 257.00	 254.71	 6.7196	33.9558	26.6372	 2.23	 96.88	0.041	  142.28	 99.71
 258.00	 255.70	 6.7197	33.9568	26.6381	 2.20	 95.72	0.041	  142.26	 99.71
 259.00	 256.69	 6.7237	33.9607	26.6406	 2.18	 94.71	0.041	  142.30	 99.72
 260.00	 257.68	 6.7341	33.9649	26.6425	 2.15	 93.55	0.041	  142.24	 99.73
 261.00	 258.67	 6.7335	33.9657	26.6433	 2.12	 92.26	0.041	  142.27	 99.73
 262.00	 259.66	 6.7298	33.9683	26.6458	 2.10	 91.42	0.041	  142.24	 99.73
 263.00	 260.65	 6.7230	33.9684	26.6468	 2.09	 90.82	0.041	  142.21	 99.74
 264.00	 261.64	 6.7181	33.9703	26.6489	 2.08	 90.34	0.041	  142.25	 99.74
 265.00	 262.63	 6.7168	33.9706	26.6494	 2.07	 89.90	0.041	  142.21	 99.75
 266.00	 263.62	 6.7113	33.9709	26.6504	 2.06	 89.53	0.041	  142.28	 99.75
 267.00	 264.61	 6.7014	33.9710	26.6518	 2.05	 89.02	0.041	  142.26	 99.75
 268.00	 265.60	 6.6855	33.9716	26.6544	 2.03	 88.39	0.041	  142.28	 99.76
 269.00	 266.59	 6.6780	33.9719	26.6557	 2.02	 87.73	0.041	  142.25	 99.76
 270.00	 267.58	 6.6695	33.9730	26.6577	 2.01	 87.22	0.041	  142.28	 99.76
 271.00	 268.57	 6.6550	33.9741	26.6605	 2.00	 86.87	0.041	  142.32	 99.76
 272.00	 269.56	 6.6424	33.9739	26.6620	 1.99	 86.50	0.041	  142.26	 99.76
 273.00	 270.55	 6.6280	33.9749	26.6647	 1.98	 86.02	0.041	  142.27	 99.76
 274.00	 271.54	 6.6240	33.9751	26.6653	 1.96	 85.29	0.041	  142.32	 99.77
 275.00	 272.53	 6.6136	33.9760	26.6674	 1.94	 84.52	0.041	  142.25	 99.77
 276.00	 273.52	 6.5995	33.9782	26.6711	 1.92	 83.73	0.041	  142.26	 99.77
 277.00	 274.51	 6.5881	33.9791	26.6733	 1.91	 82.98	0.041	  142.26	 99.77
 278.00	 275.50	 6.5797	33.9799	26.6750	 1.90	 82.53	0.041	  142.28	 99.78
 279.00	 276.49	 6.5731	33.9801	26.6761	 1.89	 82.23	0.041	  142.29	 99.78
 280.00	 277.48	 6.5685	33.9803	26.6769	 1.89	 82.01	0.041	  142.29	 99.78
 281.00	 278.48	 6.5619	33.9809	26.6782	 1.88	 81.83	0.041	  142.29	 99.78
 282.00	 279.47	 6.5530	33.9814	26.6798	 1.88	 81.79	0.041	  142.34	 99.78
 283.00	 280.46	 6.5351	33.9817	26.6824	 1.88	 81.68	0.041	  142.32	 99.78
 284.00	 281.45	 6.5262	33.9818	26.6836	 1.87	 81.52	0.041	  142.33	 99.78
 285.00	 282.44	 6.5237	33.9818	26.6840	 1.86	 81.09	0.041	  142.26	 99.78
 286.00	 283.43	 6.5119	33.9814	26.6853	 1.86	 80.92	0.041	  142.41	 99.78
 287.00	 284.42	 6.5075	33.9819	26.6862	 1.86	 80.81	0.041	  142.30	 99.78
 288.00	 285.41	 6.4941	33.9797	26.6863	 1.86	 80.79	0.041	  142.34	 99.78
 289.00	 286.40	 6.4781	33.9803	26.6888	 1.85	 80.65	0.041	  142.35	 99.78
 290.00	 287.39	 6.4667	33.9806	26.6906	 1.85	 80.57	0.041	  142.29	 99.78
 291.00	 288.38	 6.4552	33.9811	26.6925	 1.85	 80.39	0.041	  142.33	 99.79
 292.00	 289.37	 6.4461	33.9812	26.6937	 1.84	 79.96	0.041	  142.37	 99.79
 293.00	 290.36	 6.4406	33.9816	26.6948	 1.83	 79.80	0.041	  142.31	 99.79
 294.00	 291.35	 6.4290	33.9819	26.6966	 1.83	 79.78	0.041	  142.38	 99.79
 295.00	 292.34	 6.4221	33.9824	26.6979	 1.83	 79.79	0.041	  142.33	 99.79
 296.00	 293.33	 6.4190	33.9823	26.6982	 1.83	 79.75	0.041	  142.30	 99.79
 297.00	 294.32	 6.4105	33.9822	26.6992	 1.83	 79.60	0.041	  142.32	 99.79
 298.00	 295.31	 6.3990	33.9829	26.7013	 1.82	 79.33	0.041	  142.32	 99.79
 299.00	 296.30	 6.3914	33.9827	26.7021	 1.82	 78.96	0.041	  142.30	 99.80
 300.00	 297.29	 6.3780	33.9831	26.7042	 1.81	 78.71	0.041	  142.29	 99.80
 301.00	 298.28	 6.3598	33.9832	26.7066	 1.80	 78.50	0.041	  142.40	 99.80
 302.00	 299.27	 6.3466	33.9843	26.7092	 1.80	 78.34	0.041	  142.31	 99.80
 303.00	 300.26	 6.3402	33.9843	26.7101	 1.80	 78.22	0.041	  142.36	 99.80
 304.00	 301.25	 6.3306	33.9835	26.7106	 1.79	 77.94	0.041	  142.30	 99.80
 305.00	 302.24	 6.3169	33.9847	26.7134	 1.79	 77.75	0.041	  142.32	 99.80
 306.00	 303.23	 6.3101	33.9846	26.7142	 1.79	 77.68	0.042	  142.31	 99.80
 307.00	 304.22	 6.3056	33.9842	26.7144	 1.78	 77.60	0.041	  142.39	 99.80
 308.00	 305.21	 6.2959	33.9839	26.7155	 1.78	 77.54	0.041	  142.35	 99.80
 309.00	 306.20	 6.2838	33.9842	26.7173	 1.78	 77.49	0.041	  142.43	 99.80
 310.00	 307.19	 6.2748	33.9843	26.7185	 1.78	 77.47	0.041	  142.36	 99.80
 311.00	 308.18	 6.2640	33.9839	26.7197	 1.77	 77.20	0.041	  142.35	 99.80
 312.00	 309.17	 6.2557	33.9845	26.7212	 1.76	 76.62	0.041	  142.37	 99.80
 313.00	 310.16	 6.2554	33.9862	26.7226	 1.75	 76.02	0.041	  142.35	 99.80
 314.00	 311.15	 6.2532	33.9874	26.7238	 1.74	 75.47	0.041	  142.33	 99.80
 315.00	 312.14	 6.2462	33.9887	26.7257	 1.72	 74.92	0.041	  142.34	 99.80
 316.00	 313.13	 6.2426	33.9912	26.7282	 1.71	 74.50	0.041	  142.36	 99.80
 317.00	 314.12	 6.2396	33.9914	26.7288	 1.71	 74.22	0.041	  142.37	 99.81
 318.00	 315.11	 6.2348	33.9915	26.7295	 1.70	 74.04	0.041	  142.33	 99.81
 319.00	 316.10	 6.2319	33.9916	26.7299	 1.70	 73.89	0.041	  142.32	 99.82
 320.00	 317.09	 6.2297	33.9915	26.7302	 1.69	 73.65	0.041	  142.34	 99.82
 321.00	 318.08	 6.2281	33.9916	26.7304	 1.69	 73.40	0.041	  142.35	 99.83
 322.00	 319.08	 6.2266	33.9918	26.7308	 1.68	 73.01	0.041	  142.28	 99.83
 323.00	 320.07	 6.2214	33.9920	26.7316	 1.67	 72.71	0.041	  142.40	 99.83
 324.00	 321.06	 6.2130	33.9925	26.7331	 1.67	 72.45	0.041	  142.39	 99.83
 325.00	 322.05	 6.1944	33.9925	26.7355	 1.66	 72.27	0.041	  142.32	 99.83
 326.00	 323.04	 6.1792	33.9942	26.7387	 1.66	 72.02	0.041	  142.38	 99.83
 327.00	 324.03	 6.1718	33.9945	26.7399	 1.65	 71.69	0.041	  142.37	 99.83
 328.00	 325.02	 6.1673	33.9948	26.7407	 1.64	 71.29	0.041	  142.35	 99.83
 329.00	 326.01	 6.1514	33.9950	26.7429	 1.63	 71.07	0.041	  142.36	 99.83
 330.00	 327.00	 6.1453	33.9953	26.7440	 1.63	 70.85	0.041	  142.33	 99.83
 331.00	 327.99	 6.1379	33.9957	26.7453	 1.62	 70.54	0.041	  142.39	 99.83
 332.00	 328.98	 6.1337	33.9964	26.7463	 1.61	 70.13	0.041	  142.36	 99.83
 333.00	 329.97	 6.1279	33.9980	26.7484	 1.60	 69.73	0.041	  142.29	 99.83
 334.00	 330.96	 6.1265	34.0000	26.7501	 1.59	 69.37	0.041	  142.34	 99.83
 335.00	 331.95	 6.1186	34.0008	26.7517	 1.59	 68.96	0.041	  142.35	 99.83
 336.00	 332.94	 6.1075	34.0013	26.7535	 1.58	 68.75	0.040	  142.35	 99.83
 337.00	 333.93	 6.0989	34.0007	26.7542	 1.58	 68.62	0.041	  142.36	 99.83
 338.00	 334.92	 6.0832	34.0001	26.7557	 1.57	 68.47	0.041	  142.38	 99.83
 339.00	 335.91	 6.0684	34.0003	26.7577	 1.57	 68.24	0.041	  142.38	 99.83
 340.00	 336.90	 6.0632	34.0012	26.7591	 1.56	 68.03	0.041	  142.38	 99.84
 341.00	 337.89	 6.0607	34.0008	26.7591	 1.56	 68.00	0.041	  142.42	 99.84
 342.00	 338.88	 6.0457	33.9996	26.7601	 1.56	 67.86	0.041	  142.37	 99.84
 343.00	 339.87	 6.0320	33.9996	26.7618	 1.56	 67.86	0.041	  142.37	 99.84
 344.00	 340.86	 6.0301	34.0012	26.7633	 1.56	 67.75	0.041	  142.43	 99.84
 345.00	 341.85	 6.0266	34.0011	26.7637	 1.56	 67.73	0.041	  142.44	 99.84
 346.00	 342.84	 6.0169	34.0010	26.7648	 1.56	 67.68	0.041	  142.32	 99.84
 347.00	 343.83	 6.0109	34.0015	26.7660	 1.55	 67.27	0.042	  142.29	 99.84
 348.00	 344.82	 6.0078	34.0041	26.7685	 1.53	 66.71	0.041	  142.35	 99.85
 349.00	 345.81	 6.0046	34.0049	26.7695	 1.52	 66.27	0.041	  142.25	 99.85
 350.00	 346.80	 5.9936	34.0061	26.7718	 1.52	 65.93	0.041	  142.23	 99.84
 351.00	 347.79	 5.9858	34.0083	26.7746	 1.51	 65.64	0.042	  142.36	 99.85
 352.00	 348.78	 5.9819	34.0086	26.7753	 1.50	 65.42	0.041	  142.32	 99.85
 353.00	 349.77	 5.9737	34.0086	26.7763	 1.50	 65.20	0.041	  142.34	 99.85
 354.00	 350.76	 5.9670	34.0093	26.7777	 1.49	 64.92	0.041	  142.29	 99.85
 355.00	 351.75	 5.9593	34.0101	26.7794	 1.48	 64.58	0.041	  142.32	 99.85
 356.00	 352.74	 5.9568	34.0114	26.7807	 1.48	 64.34	0.041	  142.31	 99.85
 357.00	 353.73	 5.9553	34.0117	26.7811	 1.47	 64.11	0.041	  142.30	 99.85
 358.00	 354.72	 5.9519	34.0116	26.7814	 1.47	 64.01	0.042	  142.25	 99.85
 359.00	 355.71	 5.9468	34.0114	26.7820	 1.47	 63.86	0.041	  142.25	 99.85
 360.00	 356.70	 5.9403	34.0112	26.7826	 1.47	 63.82	0.041	  142.30	 99.85
 361.00	 357.69	 5.9451	34.0142	26.7844	 1.46	 63.69	0.041	  142.28	 99.85
 362.00	 358.68	 5.9450	34.0146	26.7847	 1.46	 63.57	0.041	  142.31	 99.85
 363.00	 359.67	 5.9462	34.0140	26.7841	 1.45	 63.19	0.041	  142.22	 99.85
 364.00	 360.66	 5.9486	34.0167	26.7859	 1.44	 62.66	0.041	  142.28	 99.85
 365.00	 361.65	 5.9464	34.0162	26.7859	 1.44	 62.44	0.041	  142.32	 99.85
 366.00	 362.64	 5.9439	34.0180	26.7876	 1.43	 62.26	0.042	  142.32	 99.85
 367.00	 363.63	 5.9425	34.0177	26.7875	 1.43	 62.18	0.041	  142.25	 99.85
 368.00	 364.62	 5.9280	34.0187	26.7902	 1.43	 62.09	0.041	  142.31	 99.85
 369.00	 365.61	 5.9043	34.0163	26.7912	 1.43	 62.05	0.041	  142.30	 99.85
 370.00	 366.60	 5.8963	34.0168	26.7926	 1.42	 61.61	0.041	  142.22	 99.86
 371.00	 367.59	 5.9022	34.0207	26.7949	 1.40	 61.10	0.041	  142.28	 99.86
 372.00	 368.58	 5.8819	34.0175	26.7950	 1.40	 61.00	0.041	  142.33	 99.86
 373.00	 369.57	 5.8619	34.0183	26.7981	 1.40	 60.92	0.041	  142.28	 99.86
 374.00	 370.56	 5.8557	34.0189	26.7993	 1.40	 60.79	0.041	  142.32	 99.87
 375.00	 371.55	 5.8431	34.0186	26.8007	 1.39	 60.56	0.041	  142.26	 99.87
 376.00	 372.54	 5.8381	34.0192	26.8018	 1.39	 60.39	0.041	  142.26	 99.86
 377.00	 373.53	 5.8389	34.0207	26.8029	 1.38	 60.22	0.041	  142.26	 99.88
 378.00	 374.52	 5.8306	34.0208	26.8039	 1.38	 60.03	0.041	  142.34	 99.87
 379.00	 375.51	 5.8245	34.0202	26.8042	 1.37	 59.79	0.041	  142.27	 99.88
 380.00	 376.50	 5.7966	34.0195	26.8072	 1.37	 59.48	0.041	  142.25	 99.88
 381.00	 377.49	 5.7890	34.0204	26.8088	 1.36	 59.23	0.041	  142.27	 99.88
 382.00	 378.48	 5.7785	34.0208	26.8104	 1.35	 58.90	0.041	  142.25	 99.88
 383.00	 379.47	 5.7659	34.0211	26.8122	 1.35	 58.67	0.041	  142.29	 99.88
 384.00	 380.46	 5.7593	34.0218	26.8136	 1.35	 58.51	0.041	  142.25	 99.88
 385.00	 381.44	 5.7590	34.0228	26.8144	 1.34	 58.37	0.041	  142.23	 99.88
 386.00	 382.43	 5.7558	34.0235	26.8154	 1.34	 58.26	0.041	  142.29	 99.88
 387.00	 383.42	 5.7509	34.0236	26.8160	 1.34	 58.07	0.041	  142.28	 99.88
 388.00	 384.41	 5.7467	34.0236	26.8166	 1.33	 57.78	0.041	  142.25	 99.88
 389.00	 385.40	 5.7364	34.0232	26.8176	 1.32	 57.35	0.041	  142.20	 99.88
 390.00	 386.39	 5.7255	34.0243	26.8198	 1.31	 57.11	0.041	  142.29	 99.88
 391.00	 387.38	 5.7206	34.0268	26.8223	 1.31	 56.91	0.041	  142.31	 99.88
 392.00	 388.37	 5.7204	34.0275	26.8229	 1.30	 56.73	0.041	  142.30	 99.88
 393.00	 389.36	 5.7191	34.0280	26.8235	 1.30	 56.51	0.040	  142.30	 99.88
 394.00	 390.35	 5.7188	34.0280	26.8235	 1.29	 56.30	0.041	  142.31	 99.88
 395.00	 391.34	 5.7176	34.0282	26.8239	 1.29	 56.07	0.041	  142.27	 99.88
 396.00	 392.33	 5.7178	34.0290	26.8245	 1.29	 55.98	0.041	  142.31	 99.88
 397.00	 393.32	 5.7088	34.0292	26.8257	 1.29	 55.90	0.040	  142.28	 99.88
 398.00	 394.31	 5.6959	34.0287	26.8269	 1.28	 55.83	0.041	  142.27	 99.88
 399.00	 395.30	 5.6840	34.0281	26.8279	 1.28	 55.81	0.041	  142.26	 99.88
 400.00	 396.29	 5.6748	34.0276	26.8286	 1.28	 55.75	0.041	  142.27	 99.88
 401.00	 397.28	 5.6499	34.0244	26.8291	 1.28	 55.83	0.041	  142.30	 99.88
 402.00	 398.27	 5.6374	34.0234	26.8299	 1.28	 55.62	0.041	  142.27	 99.89
 403.00	 399.26	 5.6391	34.0258	26.8316	 1.28	 55.48	0.041	  142.25	 99.89
 404.00	 400.25	 5.6317	34.0263	26.8329	 1.27	 55.36	0.041	  142.23	 99.89
 405.00	 401.24	 5.6260	34.0266	26.8338	 1.27	 55.38	0.041	  142.23	 99.88
 406.00	 402.23	 5.6220	34.0264	26.8341	 1.27	 55.33	0.041	  142.27	 99.88
 407.00	 403.22	 5.6206	34.0261	26.8340	 1.27	 55.28	0.041	  142.33	 99.88
 408.00	 404.21	 5.6089	34.0248	26.8345	 1.27	 55.27	0.041	  142.19	 99.89
 409.00	 405.20	 5.5920	34.0248	26.8365	 1.27	 55.32	0.041	  142.24	 99.89
 410.00	 406.19	 5.5783	34.0242	26.8377	 1.27	 55.26	0.041	  142.28	 99.89
 411.00	 407.18	 5.5698	34.0227	26.8375	 1.26	 54.89	0.041	  142.25	 99.89
 412.00	 408.17	 5.5592	34.0236	26.8396	 1.26	 54.71	0.041	  142.26	 99.88
 413.00	 409.16	 5.5641	34.0276	26.8422	 1.25	 54.36	0.040	  142.22	 99.89
 414.00	 410.15	 5.5555	34.0256	26.8416	 1.24	 54.07	0.041	  142.31	 99.89
 415.00	 411.14	 5.5403	34.0273	26.8448	 1.23	 53.61	0.040	  142.25	 99.89
 416.00	 412.13	 5.5473	34.0329	26.8484	 1.22	 53.02	0.041	  142.35	 99.89
 417.00	 413.12	 5.5662	34.0386	26.8506	 1.20	 52.33	0.040	  142.28	 99.89
 418.00	 414.11	 5.5828	34.0450	26.8537	 1.19	 51.77	0.041	  142.26	 99.90
 419.00	 415.10	 5.5872	34.0462	26.8541	 1.18	 51.19	0.041	  142.24	 99.90
 420.00	 416.09	 5.5878	34.0496	26.8568	 1.16	 50.44	0.041	  142.30	 99.90
 421.00	 417.08	 5.5729	34.0495	26.8585	 1.15	 50.18	0.041	  142.19	 99.90
 422.00	 418.07	 5.5571	34.0479	26.8592	 1.15	 49.98	0.041	  142.25	 99.90
 423.00	 419.06	 5.5533	34.0484	26.8600	 1.15	 49.82	0.041	  142.26	 99.90
 424.00	 420.05	 5.5597	34.0502	26.8607	 1.14	 49.62	0.040	  142.29	 99.90
 425.00	 421.04	 5.5601	34.0517	26.8618	 1.14	 49.46	0.041	  142.22	 99.90
 426.00	 422.02	 5.5575	34.0520	26.8624	 1.13	 49.27	0.041	  142.22	 99.90
 427.00	 423.01	 5.5528	34.0525	26.8633	 1.13	 49.08	0.040	  142.25	 99.90
 428.00	 424.00	 5.5532	34.0539	26.8644	 1.12	 48.89	0.041	  142.23	 99.90
