wcoa21_data_management/01_CRUISE_METADATA/00_OCADS_data/CTD_downcasts/WCOA_2021_CTD_downcasts/dRB2102_CTD_076_01_F.txt
* Sea-Bird SBE 9 Data:
* Software Version Seasave V 7.26.7.107
* Vessel: NOAA Ship Ronald H. Brown
* Cruise: RB2102, West Coast Ocean Acidification (WCOA) 2021
* Dates: 20210622 to 20210723
* Region: NE Pacific, USA West Coast
* Ports: San Diego, CA to Port Angeles, WA to San Diego, CA
* Chief Scientists: R. Feely, NOAA PMEL; D. Greeley, NOAA PMEL; B. Carter, NOAA PMEL / UW CICOES
*END*
[from data line 1921]
1923.00	1899.74	 2.1073	34.5937	27.6481	 1.53	 66.55	0.040	  150.06	 99.98
1924.00	1900.72	 2.1065	34.5938	27.6482	 1.53	 66.59	0.040	  150.06	 99.98
1925.00	1901.71	 2.1025	34.5940	27.6487	 1.54	 66.77	0.040	  150.06	 99.98
1926.00	1902.69	 2.0939	34.5949	27.6501	 1.54	 67.02	0.040	  150.05	 99.98
1927.00	1903.67	 2.0939	34.5950	27.6502	 1.54	 67.09	0.040	  150.03	 99.98
1928.00	1904.66	 2.0906	34.5953	27.6507	 1.55	 67.22	0.040	  150.04	 99.98
1929.00	1905.64	 2.0897	34.5957	27.6511	 1.55	 67.40	0.040	  149.97	 99.98
1930.00	1906.62	 2.0897	34.5956	27.6510	 1.55	 67.33	0.040	  150.02	 99.98
1931.00	1907.61	 2.0885	34.5957	27.6512	 1.55	 67.51	0.040	  150.00	 99.98
1932.00	1908.59	 2.0865	34.5961	27.6517	 1.55	 67.57	0.040	  149.98	 99.98
1933.00	1909.57	 2.0867	34.5960	27.6516	 1.56	 67.63	0.041	  150.01	 99.98
1934.00	1910.56	 2.0863	34.5960	27.6516	 1.56	 67.73	0.040	  150.03	 99.98
1935.00	1911.54	 2.0851	34.5961	27.6518	 1.56	 67.70	0.040	  150.05	 99.97
1936.00	1912.52	 2.0857	34.5962	27.6518	 1.56	 67.78	0.040	  150.00	 99.98
1937.00	1913.51	 2.0853	34.5962	27.6519	 1.56	 67.81	0.040	  150.04	 99.97
1938.00	1914.49	 2.0838	34.5963	27.6521	 1.56	 67.78	0.040	  150.00	 99.97
1939.00	1915.47	 2.0845	34.5963	27.6520	 1.56	 67.87	0.040	  150.01	 99.97
1940.00	1916.46	 2.0843	34.5962	27.6520	 1.56	 67.89	0.040	  150.05	 99.98
1941.00	1917.44	 2.0821	34.5965	27.6524	 1.56	 67.91	0.040	  150.02	 99.97
1942.00	1918.42	 2.0813	34.5967	27.6526	 1.57	 68.04	0.040	  149.99	 99.97
1943.00	1919.41	 2.0815	34.5966	27.6525	 1.57	 68.13	0.040	  150.01	 99.98
1944.00	1920.39	 2.0811	34.5968	27.6527	 1.57	 68.05	0.040	  149.96	 99.97
1945.00	1921.37	 2.0815	34.5967	27.6526	 1.57	 68.03	0.040	  150.07	 99.97
1946.00	1922.36	 2.0816	34.5967	27.6526	 1.57	 68.11	0.040	  150.02	 99.97
1947.00	1923.34	 2.0803	34.5969	27.6529	 1.57	 68.17	0.040	  149.96	 99.98
1948.00	1924.32	 2.0797	34.5970	27.6530	 1.57	 68.18	0.040	  150.03	 99.97
1949.00	1925.31	 2.0798	34.5969	27.6529	 1.57	 68.24	0.040	  149.98	 99.98
1950.00	1926.29	 2.0798	34.5971	27.6531	 1.57	 68.34	0.040	  149.98	 99.97
1951.00	1927.27	 2.0798	34.5972	27.6532	 1.58	 68.46	0.040	  149.95	 99.98
1952.00	1928.26	 2.0794	34.5971	27.6531	 1.57	 68.37	0.040	  150.01	 99.98
1953.00	1929.24	 2.0794	34.5974	27.6534	 1.57	 68.31	0.040	  150.02	 99.98
1954.00	1930.22	 2.0796	34.5973	27.6533	 1.57	 68.41	0.040	  149.99	 99.97
1955.00	1931.21	 2.0797	34.5974	27.6534	 1.57	 68.44	0.040	  150.01	 99.98
1956.00	1932.19	 2.0803	34.5973	27.6532	 1.58	 68.50	0.040	  149.95	 99.98
1957.00	1933.17	 2.0800	34.5974	27.6534	 1.58	 68.50	0.040	  150.04	 99.97
1958.00	1934.16	 2.0798	34.5975	27.6535	 1.58	 68.49	0.040	  150.01	 99.98
1959.00	1935.14	 2.0795	34.5974	27.6534	 1.57	 68.44	0.040	  150.05	 99.97
1960.00	1936.12	 2.0796	34.5976	27.6536	 1.58	 68.49	0.040	  150.03	 99.97
1961.00	1937.11	 2.0797	34.5973	27.6534	 1.58	 68.55	0.040	  149.99	 99.97
1962.00	1938.09	 2.0749	34.5979	27.6542	 1.58	 68.77	0.040	  149.93	 99.98
1963.00	1939.07	 2.0618	34.5994	27.6564	 1.59	 69.26	0.040	  150.02	 99.98
1964.00	1940.06	 2.0556	34.6003	27.6576	 1.60	 69.61	0.040	  149.95	 99.98
1965.00	1941.04	 2.0559	34.6004	27.6577	 1.60	 69.68	0.040	  149.96	 99.98
1966.00	1942.02	 2.0554	34.6005	27.6578	 1.61	 69.76	0.040	  149.96	 99.98
1967.00	1943.01	 2.0550	34.6004	27.6577	 1.61	 69.91	0.040	  149.97	 99.98
1968.00	1943.99	 2.0544	34.6005	27.6579	 1.61	 69.92	0.040	  149.99	 99.97
1969.00	1944.97	 2.0535	34.6006	27.6580	 1.61	 69.97	0.040	  149.93	 99.97
1970.00	1945.96	 2.0495	34.6010	27.6587	 1.61	 70.13	0.040	  149.96	 99.97
1971.00	1946.94	 2.0492	34.6011	27.6588	 1.62	 70.29	0.040	  149.98	 99.97
1972.00	1947.92	 2.0494	34.6012	27.6588	 1.62	 70.28	0.040	  149.96	 99.97
1973.00	1948.91	 2.0492	34.6013	27.6589	 1.62	 70.36	0.040	  149.90	 99.97
1974.00	1949.89	 2.0488	34.6012	27.6589	 1.62	 70.41	0.040	  149.98	 99.97
1975.00	1950.87	 2.0463	34.6013	27.6592	 1.62	 70.53	0.040	  149.95	 99.97
1976.00	1951.86	 2.0439	34.6017	27.6598	 1.62	 70.61	0.040	  149.95	 99.97
1977.00	1952.84	 2.0410	34.6020	27.6602	 1.63	 70.82	0.040	  149.93	 99.97
1978.00	1953.82	 2.0415	34.6022	27.6603	 1.63	 71.04	0.040	  149.92	 99.97
1979.00	1954.80	 2.0338	34.6025	27.6612	 1.64	 71.15	0.040	  149.91	 99.97
1980.00	1955.79	 2.0319	34.6032	27.6619	 1.64	 71.19	0.040	  149.96	 99.38
1981.00	1956.77	 2.0319	34.6031	27.6618	 1.64	 71.13	0.040	  149.95	 99.97
1982.00	1957.75	 2.0314	34.6030	27.6618	 1.64	 71.26	0.040	  149.93	 99.97
1983.00	1958.74	 2.0290	34.6032	27.6621	 1.64	 71.45	0.041	  149.90	 99.97
1984.00	1959.72	 2.0259	34.6036	27.6627	 1.65	 71.67	0.040	  149.92	 96.72
1985.00	1960.70	 2.0226	34.6037	27.6630	 1.65	 71.80	0.040	  149.95	 99.27
1986.00	1961.69	 2.0170	34.6046	27.6642	 1.65	 71.91	0.040	  149.90	 95.11
1987.00	1962.67	 2.0151	34.6049	27.6645	 1.66	 72.09	0.040	  149.86	 94.27
1988.00	1963.65	 2.0147	34.6049	27.6646	 1.66	 72.19	0.040	  149.76	 91.54
1989.00	1964.64	 2.0142	34.6050	27.6647	 1.66	 72.27	0.040	  149.77	 90.47
1990.00	1965.62	 2.0136	34.6051	27.6648	 1.66	 72.35	0.040	  149.79	 89.35
1991.00	1966.60	 2.0135	34.6051	27.6648	 1.67	 72.49	0.040	  149.82	 89.79
1992.00	1967.59	 2.0133	34.6052	27.6650	 1.67	 72.53	0.040	  149.76	 88.53
1993.00	1968.57	 2.0132	34.6053	27.6650	 1.67	 72.57	0.040	  149.73	 86.67
1994.00	1969.55	 2.0125	34.6053	27.6651	 1.67	 72.56	0.040	  149.76	 85.55
1995.00	1970.54	 2.0106	34.6055	27.6654	 1.67	 72.67	0.040	  149.77	 84.55
1996.00	1971.52	 2.0073	34.6058	27.6659	 1.68	 72.80	0.040	  149.74	 83.65
1997.00	1972.50	 2.0064	34.6061	27.6662	 1.68	 72.83	0.040	  149.72	 82.60
1998.00	1973.48	 2.0071	34.6060	27.6661	 1.68	 72.85	0.040	  149.72	 81.61
1999.00	1974.47	 2.0040	34.6062	27.6665	 1.68	 73.05	0.040	  149.75	 80.50
2000.00	1975.45	 2.0023	34.6064	27.6668	 1.68	 73.14	0.040	  149.77	 79.60
2001.00	1976.43	 2.0019	34.6064	27.6669	 1.68	 73.15	0.040	  149.72	 78.50
2002.00	1977.42	 2.0013	34.6066	27.6671	 1.69	 73.25	0.040	  149.76	 77.56
2003.00	1978.40	 2.0009	34.6065	27.6671	 1.69	 73.34	0.040	  149.82	 76.51
2004.00	1979.38	 1.9962	34.6070	27.6678	 1.69	 73.51	0.040	  149.79	 75.77
2005.00	1980.37	 1.9903	34.6079	27.6689	 1.70	 73.78	0.040	  149.75	 74.74
2006.00	1981.35	 1.9902	34.6079	27.6690	 1.70	 73.82	0.040	  149.80	 73.73
2007.00	1982.33	 1.9903	34.6079	27.6690	 1.70	 73.82	0.040	  149.78	 72.77
2008.00	1983.32	 1.9900	34.6079	27.6690	 1.70	 73.92	0.040	  149.74	 71.78
2009.00	1984.30	 1.9898	34.6079	27.6691	 1.70	 73.93	0.040	  149.79	 70.87
2010.00	1985.28	 1.9911	34.6079	27.6689	 1.70	 74.00	0.040	  149.81	 69.85
2011.00	1986.26	 1.9919	34.6077	27.6687	 1.70	 73.95	0.040	  149.76	 68.68
2012.00	1987.25	 1.9949	34.6077	27.6685	 1.70	 73.90	0.040	  149.77	 67.73
2013.00	1988.23	 1.9974	34.6072	27.6679	 1.70	 73.87	0.040	  149.83	 66.93
2014.00	1989.21	 1.9938	34.6074	27.6684	 1.70	 73.91	0.040	  149.74	 65.91
2015.00	1990.20	 1.9888	34.6081	27.6693	 1.70	 74.06	0.040	  149.76	 64.93
2016.00	1991.18	 1.9872	34.6083	27.6696	 1.71	 74.18	0.040	  149.73	 63.74
2017.00	1992.16	 1.9876	34.6083	27.6696	 1.71	 74.35	0.040	  149.68	 62.91
2018.00	1993.15	 1.9873	34.6083	27.6696	 1.71	 74.34	0.040	  149.69	 62.13
2019.00	1994.13	 1.9872	34.6084	27.6697	 1.71	 74.36	0.040	  149.68	 61.04
2020.00	1995.11	 1.9868	34.6085	27.6698	 1.71	 74.43	0.040	  149.67	 60.18
2021.00	1996.09	 1.9867	34.6085	27.6698	 1.72	 74.53	0.040	  149.65	 58.94
2022.00	1997.08	 1.9864	34.6085	27.6698	 1.72	 74.54	0.040	  149.71	 58.05
2023.00	1998.06	 1.9837	34.6088	27.6703	 1.72	 74.57	0.040	  149.73	 57.07
2024.00	1999.04	 1.9842	34.6087	27.6702	 1.72	 74.67	0.040	  149.64	 56.11
2025.00	2000.03	 1.9826	34.6091	27.6706	 1.72	 74.70	0.040	  149.67	 55.16
2026.00	2001.01	 1.9820	34.6091	27.6707	 1.72	 74.84	0.040	  149.72	 54.23
2027.00	2001.99	 1.9783	34.6093	27.6712	 1.72	 74.88	0.040	  149.65	 53.18
2028.00	2002.98	 1.9743	34.6099	27.6719	 1.73	 75.11	0.040	  149.65	 52.09
2029.00	2003.96	 1.9728	34.6101	27.6722	 1.73	 75.34	0.040	  149.70	 51.05
2030.00	2004.94	 1.9731	34.6102	27.6723	 1.73	 75.29	0.040	  149.70	 50.31
2031.00	2005.92	 1.9724	34.6103	27.6724	 1.73	 75.40	0.040	  149.69	 49.29
2032.00	2006.91	 1.9713	34.6105	27.6727	 1.74	 75.47	0.040	  149.64	 48.24
2033.00	2007.89	 1.9702	34.6103	27.6726	 1.74	 75.56	0.040	  149.64	 47.18
2034.00	2008.87	 1.9703	34.6105	27.6728	 1.74	 75.53	0.040	  149.62	 46.24
2035.00	2009.86	 1.9704	34.6104	27.6727	 1.74	 75.59	0.040	  149.64	 45.32
2036.00	2010.84	 1.9692	34.6107	27.6730	 1.74	 75.79	0.040	  149.69	 44.32
2037.00	2011.82	 1.9667	34.6109	27.6734	 1.75	 75.94	0.040	  149.65	 43.30
2038.00	2012.80	 1.9646	34.6112	27.6738	 1.75	 75.91	0.040	  149.65	 42.44
2039.00	2013.79	 1.9641	34.6113	27.6739	 1.75	 76.04	0.040	  149.60	 41.48
2040.00	2014.77	 1.9637	34.6113	27.6739	 1.75	 76.01	0.040	  149.61	 40.48
2041.00	2015.75	 1.9634	34.6114	27.6740	 1.75	 76.04	0.040	  149.60	 39.48
2042.00	2016.74	 1.9634	34.6114	27.6741	 1.75	 76.12	0.040	  149.62	 38.35
2043.00	2017.72	 1.9643	34.6112	27.6739	 1.75	 76.14	0.040	  149.55	 37.21
2044.00	2018.70	 1.9644	34.6114	27.6740	 1.75	 76.15	0.040	  149.63	 36.42
2045.00	2019.69	 1.9631	34.6114	27.6741	 1.76	 76.36	0.040	  149.53	 35.52
2046.00	2020.67	 1.9618	34.6118	27.6745	 1.76	 76.34	0.040	  149.57	 34.57
2047.00	2021.65	 1.9618	34.6117	27.6745	 1.76	 76.33	0.040	  149.61	 33.55
2048.00	2022.63	 1.9612	34.6116	27.6745	 1.76	 76.51	0.040	  149.58	 32.47
2049.00	2023.62	 1.9596	34.6120	27.6749	 1.76	 76.48	0.040	  149.63	 31.51
2050.00	2024.60	 1.9594	34.6120	27.6749	 1.76	 76.44	0.040	  149.68	 30.58
2051.00	2025.58	 1.9596	34.6119	27.6748	 1.76	 76.45	0.040	  149.60	 29.65
2052.00	2026.57	 1.9597	34.6120	27.6749	 1.76	 76.48	0.040	  149.58	 28.58
2053.00	2027.55	 1.9600	34.6119	27.6748	 1.76	 76.47	0.040	  149.62	 27.58
2054.00	2028.53	 1.9596	34.6119	27.6749	 1.76	 76.56	0.040	  149.64	 26.47
2055.00	2029.51	 1.9579	34.6123	27.6753	 1.76	 76.67	0.040	  149.60	 25.42
2056.00	2030.50	 1.9582	34.6122	27.6752	 1.76	 76.67	0.040	  149.59	 24.58
2057.00	2031.48	 1.9589	34.6122	27.6751	 1.76	 76.66	0.040	  149.56	 23.70
2058.00	2032.46	 1.9585	34.6122	27.6752	 1.77	 76.72	0.040	  149.54	 22.65
2059.00	2033.45	 1.9584	34.6122	27.6752	 1.76	 76.69	0.040	  149.62	 21.56
2060.00	2034.43	 1.9580	34.6121	27.6751	 1.77	 76.70	0.040	  149.63	 20.45
2061.00	2035.41	 1.9571	34.6125	27.6755	 1.77	 76.81	0.040	  149.65	 19.77
2062.00	2036.39	 1.9565	34.6125	27.6756	 1.77	 76.80	0.040	  149.67	 18.77
2063.00	2037.38	 1.9566	34.6125	27.6756	 1.77	 76.79	0.040	  149.65	 17.65
2064.00	2038.36	 1.9561	34.6124	27.6756	 1.77	 76.79	0.041	  149.64	 16.41
2065.00	2039.34	 1.9562	34.6125	27.6756	 1.77	 76.78	0.041	  149.66	 15.55
2066.00	2040.32	 1.9549	34.6126	27.6759	 1.77	 76.77	0.040	  149.60	 14.63
2067.00	2041.31	 1.9559	34.6126	27.6757	 1.77	 76.76	0.040	  149.64	 13.54
2068.00	2042.29	 1.9550	34.6126	27.6759	 1.77	 76.77	0.041	  149.63	 12.49
2069.00	2043.27	 1.9556	34.6126	27.6758	 1.77	 76.87	0.041	  149.61	 11.52
2070.00	2044.26	 1.9536	34.6128	27.6761	 1.77	 76.90	0.041	  149.64	 10.42
2071.00	2045.24	 1.9519	34.6130	27.6764	 1.77	 77.01	0.041	  149.64	  9.15
2072.00	2046.22	 1.9545	34.6128	27.6760	 1.77	 76.89	0.040	  149.31	  7.50
