wcoa21_data_management/01_CRUISE_METADATA/00_OCADS_data/CTD_downcasts/WCOA_2021_CTD_downcasts/dRB2102_CTD_060_01_F.txt
* Sea-Bird SBE 9 Data:
* Software Version Seasave V 7.26.7.107
* Vessel: NOAA Ship Ronald H. Brown
* Cruise: RB2102, West Coast Ocean Acidification (WCOA) 2021
* Dates: 20210622 to 20210723
* Region: NE Pacific, USA West Coast
* Ports: San Diego, CA to Port Angeles, WA to San Diego, CA
* Chief Scientists: R. Feely, NOAA PMEL; D. Greeley, NOAA PMEL; B. Carter, NOAA PMEL / UW CICOES
*END*
   3.00	   2.98	15.5277	32.0730	23.6020	 6.01	262.31	0.045	  140.86	109.36
   4.00	   3.97	15.5283	32.0731	23.6020	 6.01	262.36	0.046	  140.91	 83.13
   5.00	   4.96	15.5280	32.0729	23.6020	 6.01	262.42	0.046	  140.79	 92.40
   6.00	   5.95	15.5291	32.0728	23.6017	 6.03	262.88	0.046	  140.73	 99.74
   7.00	   6.95	15.5287	32.0730	23.6020	 6.02	262.71	0.046	  140.73	 63.09
   8.00	   7.94	15.5286	32.0730	23.6020	 6.02	262.86	0.045	  140.74	  5.89
   9.00	   8.93	15.5287	32.0731	23.6021	 6.04	263.52	0.047	  140.69	  1.28
  10.00	   9.92	15.5288	32.0730	23.6021	 6.04	263.36	0.047	  140.68	 22.56
  11.00	  10.91	15.5284	32.0732	23.6023	 6.03	263.12	0.046	  140.63	 36.49
  12.00	  11.91	15.5284	32.0732	23.6024	 6.03	262.97	0.046	  140.61	 97.32
  13.00	  12.90	15.5289	32.0732	23.6023	 6.03	263.18	0.046	  140.68	 99.66
  14.00	  13.89	15.5288	32.0732	23.6024	 6.04	263.57	0.046	  140.63	 99.66
  15.00	  14.88	15.5312	32.0728	23.6016	 6.05	263.78	0.045	  140.65	 99.66
  16.00	  15.87	15.5317	32.0728	23.6015	 6.05	263.90	0.045	  140.61	 99.67
  17.00	  16.87	15.5255	32.0738	23.6037	 6.04	263.73	0.045	  140.59	 99.67
  18.00	  17.86	15.5288	32.0733	23.6025	 6.05	263.92	0.045	  140.57	 99.67
  19.00	  18.85	15.5246	32.0740	23.6041	 6.04	263.58	0.045	  140.60	 99.67
  20.00	  19.84	15.5243	32.0740	23.6041	 6.04	263.66	0.045	  140.62	 99.66
  21.00	  20.83	15.5252	32.0740	23.6039	 6.04	263.56	0.046	  140.56	 99.66
  22.00	  21.83	15.5257	32.0738	23.6037	 6.04	263.47	0.045	  140.61	 99.67
  23.00	  22.82	15.5227	32.0745	23.6050	 6.04	263.33	0.045	  140.55	 99.66
  24.00	  23.81	15.5221	32.0745	23.6052	 6.04	263.39	0.045	  140.57	 99.66
  25.00	  24.80	15.5215	32.0746	23.6054	 6.04	263.61	0.045	  140.59	 99.66
  26.00	  25.80	15.5206	32.0748	23.6058	 6.03	263.28	0.045	  140.52	 99.66
  27.00	  26.79	15.5201	32.0749	23.6060	 6.04	263.50	0.045	  140.54	 99.66
  28.00	  27.78	15.5185	32.0752	23.6066	 6.05	263.89	0.045	  140.54	 99.66
  29.00	  28.77	15.5178	32.0753	23.6069	 6.06	264.26	0.045	  140.53	 99.66
  30.00	  29.76	15.5115	32.0765	23.6092	 6.05	263.96	0.045	  140.53	 99.66
  31.00	  30.76	15.5090	32.0770	23.6102	 6.05	263.82	0.046	  140.63	 99.67
  32.00	  31.75	15.5072	32.0773	23.6108	 6.04	263.70	0.045	  140.52	 99.66
  33.00	  32.74	15.5066	32.0776	23.6112	 6.04	263.45	0.045	  140.54	 99.66
  34.00	  33.73	15.4592	32.0885	23.6300	 6.14	267.82	0.045	  140.56	 99.66
  35.00	  34.72	15.1112	32.1604	23.7609	 6.50	283.63	0.046	  140.60	 99.66
  36.00	  35.72	13.7639	32.3368	24.1790	 6.77	295.38	0.051	  140.88	 94.91
  37.00	  36.71	13.1328	32.3803	24.3390	 6.88	300.09	0.052	  140.94	 99.79
  38.00	  37.70	12.6668	32.4081	24.4513	 6.94	302.36	0.052	  141.00	 95.17
  39.00	  38.69	12.4616	32.4199	24.4998	 6.91	301.15	0.053	  141.09	 99.99
  40.00	  39.68	12.4359	32.4211	24.5057	 6.90	300.64	0.054	  141.10	 99.82
  41.00	  40.68	12.2831	32.4283	24.5403	 6.90	300.62	0.054	  141.11	 99.81
  42.00	  41.67	12.1493	32.4347	24.5704	 6.89	300.41	0.054	  141.11	 99.80
  43.00	  42.66	12.0873	32.4385	24.5850	 6.89	300.36	0.054	  141.15	 99.80
  44.00	  43.65	11.8982	32.4413	24.6224	 6.92	301.62	0.056	  141.12	 99.79
  45.00	  44.64	11.6768	32.4367	24.6595	 6.92	301.82	0.061	  141.07	 97.26
  46.00	  45.64	11.3892	32.4135	24.6937	 7.03	306.41	0.064	  141.27	 99.78
  47.00	  46.63	11.1827	32.4175	24.7337	 7.04	306.68	0.071	  141.34	 99.78
  48.00	  47.62	11.1609	32.4183	24.7382	 7.00	304.99	0.081	  141.29	 99.78
  49.00	  48.61	10.9661	32.4056	24.7628	 6.95	303.04	0.113	  141.29	 99.79
  50.00	  49.60	10.8385	32.3988	24.7798	 6.89	300.46	0.125	  141.38	 99.78
  51.00	  50.60	10.7344	32.3960	24.7958	 6.86	298.75	0.114	  141.33	 99.77
  52.00	  51.59	10.7161	32.3979	24.8005	 6.82	297.22	0.109	  141.37	 99.76
  53.00	  52.58	10.7144	32.3990	24.8016	 6.80	296.27	0.108	  141.37	 99.73
  54.00	  53.57	10.7129	32.4005	24.8030	 6.80	296.16	0.107	  141.33	 99.73
  55.00	  54.56	10.7114	32.4014	24.8040	 6.79	295.72	0.106	  141.35	 99.72
  56.00	  55.55	10.7093	32.4029	24.8056	 6.76	294.61	0.107	  141.28	 99.72
  57.00	  56.55	10.7065	32.4041	24.8071	 6.75	294.17	0.105	  141.30	 99.71
  58.00	  57.54	10.7038	32.4048	24.8080	 6.75	294.17	0.102	  141.30	 99.71
  59.00	  58.53	10.7018	32.4052	24.8087	 6.74	293.67	0.102	  141.29	 99.71
  60.00	  59.52	10.6942	32.4058	24.8106	 6.69	291.76	0.105	  141.23	 99.71
  61.00	  60.51	10.6785	32.4082	24.8152	 6.69	291.39	0.099	  141.18	 98.10
  62.00	  61.51	10.6671	32.4115	24.8197	 6.65	289.99	0.097	  141.23	 99.60
  63.00	  62.50	10.6631	32.4171	24.8247	 6.58	286.55	0.094	  141.22	 99.68
  64.00	  63.49	10.6474	32.4220	24.8313	 6.53	284.44	0.090	  141.24	 99.68
  65.00	  64.48	10.6025	32.4208	24.8381	 6.50	283.43	0.083	  141.20	 99.66
  66.00	  65.47	10.5002	32.4142	24.8505	 6.50	283.32	0.080	  141.23	 99.64
  67.00	  66.47	10.4647	32.4097	24.8531	 6.50	283.09	0.076	  141.17	 99.63
  68.00	  67.46	10.4342	32.4086	24.8574	 6.46	281.69	0.074	  141.17	 99.62
  69.00	  68.45	10.4051	32.4081	24.8620	 6.45	280.93	0.072	  141.18	 99.62
  70.00	  69.44	10.3889	32.4078	24.8646	 6.44	280.83	0.068	  141.20	 99.61
  71.00	  70.43	10.3766	32.4075	24.8664	 6.44	280.49	0.068	  141.16	 99.60
  72.00	  71.42	10.3537	32.4079	24.8706	 6.41	279.43	0.069	  141.12	 99.59
  73.00	  72.42	10.3441	32.4079	24.8723	 6.40	279.03	0.066	  141.09	 99.59
  74.00	  73.41	10.3312	32.4075	24.8742	 6.41	279.21	0.066	  141.10	 99.58
  75.00	  74.40	10.2851	32.4039	24.8791	 6.41	279.28	0.064	  141.08	 99.58
  76.00	  75.39	10.2590	32.4024	24.8824	 6.41	279.15	0.063	  141.05	 99.58
  77.00	  76.38	10.2477	32.4018	24.8839	 6.39	278.37	0.062	  141.04	 99.58
  78.00	  77.38	10.1973	32.3990	24.8901	 6.39	278.26	0.059	  141.06	 99.58
  79.00	  78.37	10.1413	32.3979	24.8987	 6.39	278.37	0.055	  141.04	 99.58
  80.00	  79.36	10.1119	32.3966	24.9026	 6.38	277.90	0.057	  140.99	 99.57
  81.00	  80.35	 9.9495	32.3824	24.9185	 6.42	279.71	0.054	  141.03	 99.56
  82.00	  81.34	 9.8763	32.3750	24.9247	 6.42	279.80	0.053	  141.04	 99.56
  83.00	  82.33	 9.8654	32.3746	24.9262	 6.40	278.82	0.055	  140.94	 99.56
  84.00	  83.33	 9.8419	32.3742	24.9297	 6.39	278.33	0.052	  140.93	 99.56
  85.00	  84.32	 9.8327	32.3752	24.9321	 6.38	277.90	0.052	  140.93	 99.56
  86.00	  85.31	 9.8214	32.3780	24.9361	 6.35	276.59	0.052	  140.88	 99.56
  87.00	  86.30	 9.8270	32.3959	24.9492	 6.27	273.28	0.050	  140.88	 99.56
  88.00	  87.29	 9.8633	32.4129	24.9565	 6.23	271.62	0.049	  140.94	 99.55
  89.00	  88.29	 9.8681	32.4276	24.9672	 6.21	270.78	0.047	  140.86	 99.55
  90.00	  89.28	 9.8239	32.4307	24.9769	 6.21	270.45	0.048	  140.89	 99.52
  91.00	  90.27	 9.7596	32.4215	24.9803	 6.22	270.91	0.048	  140.87	 99.50
  92.00	  91.26	 9.6895	32.4131	24.9851	 6.22	271.17	0.047	  140.86	 99.50
  93.00	  92.25	 9.6259	32.4213	25.0019	 6.21	270.46	0.046	  140.89	 99.50
  94.00	  93.24	 9.6294	32.4319	25.0096	 6.18	269.17	0.046	  140.86	 99.50
  95.00	  94.24	 9.6254	32.4429	25.0189	 6.11	266.33	0.047	  140.80	 99.49
  96.00	  95.23	 9.6340	32.4702	25.0388	 6.06	264.12	0.046	  140.79	 99.49
  97.00	  96.22	 9.6136	32.4849	25.0535	 6.05	263.67	0.045	  140.82	 99.49
  98.00	  97.21	 9.5683	32.4888	25.0639	 6.03	262.51	0.046	  140.84	 99.46
  99.00	  98.20	 9.5329	32.4968	25.0760	 5.99	260.97	0.045	  140.82	 99.45
 100.00	  99.19	 9.4995	32.5095	25.0912	 5.94	258.85	0.045	  140.82	 99.44
 101.00	 100.19	 9.4468	32.5176	25.1060	 5.84	254.35	0.045	  140.78	 99.44
 102.00	 101.18	 9.1926	32.5608	25.1801	 5.82	253.42	0.044	  140.91	 99.44
 103.00	 102.17	 9.1370	32.5736	25.1988	 5.78	251.95	0.044	  140.90	 99.41
 104.00	 103.16	 9.1061	32.5969	25.2219	 5.71	248.54	0.045	  140.87	 90.88
 105.00	 104.15	 9.0796	32.6218	25.2456	 5.63	245.21	0.044	  140.88	 99.61
 106.00	 105.14	 9.0629	32.6401	25.2625	 5.59	243.45	0.044	  140.90	 99.37
 107.00	 106.14	 9.0436	32.6537	25.2762	 5.56	242.00	0.044	  140.93	 99.36
 108.00	 107.13	 9.0374	32.6573	25.2800	 5.50	239.51	0.043	  140.93	 99.35
 109.00	 108.12	 9.0278	32.6621	25.2853	 5.40	235.30	0.043	  140.92	 99.34
 110.00	 109.11	 8.9454	32.7268	25.3487	 5.33	232.13	0.043	  140.96	 99.34
 111.00	 110.10	 8.8770	32.7805	25.4014	 5.28	229.91	0.042	  141.00	 99.34
 112.00	 111.09	 8.8558	32.7932	25.4146	 5.23	227.75	0.042	  140.97	 99.33
 113.00	 112.09	 8.8309	32.8038	25.4267	 5.18	225.42	0.043	  141.04	 99.32
 114.00	 113.08	 8.7733	32.8425	25.4660	 5.11	222.55	0.042	  141.03	 99.32
 115.00	 114.07	 8.6848	32.9155	25.5367	 5.05	219.84	0.042	  141.11	 99.32
 116.00	 115.06	 8.6441	32.9572	25.5755	 5.00	217.57	0.041	  141.10	 99.31
 117.00	 116.05	 8.6046	32.9965	25.6124	 4.92	214.40	0.041	  141.14	 99.30
 118.00	 117.04	 8.5674	33.0359	25.6489	 4.84	210.71	0.040	  141.13	 99.29
 119.00	 118.04	 8.5369	33.0665	25.6775	 4.81	209.27	0.041	  141.18	 99.30
 120.00	 119.03	 8.5177	33.0883	25.6975	 4.79	208.46	0.042	  141.15	 99.30
 121.00	 120.02	 8.5035	33.1046	25.7125	 4.78	208.05	0.040	  141.14	 99.30
 122.00	 121.01	 8.4985	33.1101	25.7176	 4.76	207.33	0.040	  141.15	 99.31
 123.00	 122.00	 8.4901	33.1182	25.7252	 4.72	205.32	0.041	  141.17	 99.32
 124.00	 122.99	 8.4420	33.1600	25.7652	 4.68	203.72	0.040	  141.18	 99.32
 125.00	 123.99	 8.3947	33.1986	25.8026	 4.65	202.39	0.040	  141.14	 99.32
 126.00	 124.98	 8.3671	33.2203	25.8238	 4.61	200.59	0.040	  141.19	 99.32
 127.00	 125.97	 8.3534	33.2401	25.8414	 4.54	197.84	0.040	  141.23	 99.32
 128.00	 126.96	 8.3452	33.2484	25.8491	 4.45	193.70	0.040	  141.28	 99.32
 129.00	 127.95	 8.3387	33.2689	25.8662	 4.34	189.10	0.040	  141.28	 99.32
 130.00	 128.94	 8.3278	33.3211	25.9088	 4.28	186.39	0.040	  141.23	 99.33
 131.00	 129.93	 8.2935	33.3723	25.9541	 4.23	184.05	0.040	  141.31	 99.33
 132.00	 130.93	 8.2786	33.3857	25.9669	 4.17	181.39	0.040	  141.36	 99.34
 133.00	 131.92	 8.2691	33.3948	25.9754	 4.11	178.86	0.040	  141.38	 99.37
 134.00	 132.91	 8.2449	33.4245	26.0023	 4.05	176.50	0.040	  141.37	 99.37
 135.00	 133.90	 8.2282	33.4505	26.0252	 4.01	174.50	0.040	  141.35	 99.38
 136.00	 134.89	 8.2064	33.4729	26.0461	 3.97	172.91	0.040	  141.41	 99.39
 137.00	 135.88	 8.1826	33.4927	26.0652	 3.95	171.76	0.040	  141.36	 99.39
 138.00	 136.88	 8.1590	33.5104	26.0826	 3.92	170.49	0.040	  141.38	 99.40
 139.00	 137.87	 8.1469	33.5188	26.0910	 3.90	169.96	0.039	  141.45	 99.41
 140.00	 138.86	 8.1280	33.5319	26.1041	 3.89	169.50	0.039	  141.41	 99.41
 141.00	 139.85	 8.0900	33.5616	26.1331	 3.89	169.18	0.040	  141.40	 99.41
 142.00	 140.84	 8.0747	33.5769	26.1473	 3.88	168.96	0.040	  141.38	 99.41
 143.00	 141.83	 8.0726	33.5815	26.1512	 3.88	168.71	0.040	  141.36	 99.42
 144.00	 142.82	 8.0716	33.5838	26.1532	 3.88	168.70	0.040	  141.37	 99.44
 145.00	 143.82	 8.0677	33.5875	26.1567	 3.88	168.91	0.039	  141.38	 99.43
 146.00	 144.81	 8.0573	33.5928	26.1624	 3.89	169.45	0.040	  141.32	 99.44
 147.00	 145.80	 8.0228	33.6144	26.1845	 3.90	169.86	0.040	  141.38	 99.44
 148.00	 146.79	 8.0071	33.6263	26.1961	 3.90	169.80	0.040	  141.32	 99.44
 149.00	 147.78	 7.9982	33.6330	26.2027	 3.89	169.41	0.040	  141.28	 99.43
 150.00	 148.77	 7.9884	33.6437	26.2126	 3.88	168.72	0.039	  141.34	 99.43
 151.00	 149.76	 7.9755	33.6605	26.2276	 3.87	168.42	0.039	  141.39	 99.43
 152.00	 150.76	 7.9717	33.6670	26.2334	 3.86	167.97	0.040	  141.36	 99.43
 153.00	 151.75	 7.9693	33.6728	26.2383	 3.84	167.07	0.040	  141.36	 99.44
 154.00	 152.74	 7.9687	33.6773	26.2419	 3.79	164.99	0.039	  141.35	 99.44
 155.00	 153.73	 7.9695	33.6943	26.2551	 3.73	162.42	0.040	  141.33	 99.44
 156.00	 154.72	 7.9749	33.7097	26.2665	 3.68	160.21	0.040	  141.34	 99.44
 157.00	 155.71	 7.9821	33.7169	26.2711	 3.64	158.37	0.040	  141.36	 99.44
 158.00	 156.70	 7.9893	33.7229	26.2748	 3.60	156.60	0.040	  141.36	 99.45
 159.00	 157.70	 7.9973	33.7296	26.2788	 3.56	155.07	0.040	  141.36	 99.46
 160.00	 158.69	 8.0021	33.7328	26.2807	 3.53	153.58	0.040	  141.39	 99.46
 161.00	 159.68	 8.0052	33.7363	26.2830	 3.49	151.75	0.040	  141.35	 99.47
 162.00	 160.67	 8.0127	33.7503	26.2929	 3.44	149.76	0.040	  141.36	 99.48
 163.00	 161.66	 8.0184	33.7650	26.3036	 3.37	146.80	0.039	  141.33	 99.49
 164.00	 162.65	 8.0204	33.7704	26.3075	 3.37	146.67	0.040	  141.35	 99.50
 165.00	 163.64	 8.0186	33.7703	26.3077	 3.37	146.48	0.040	  141.29	 99.51
 166.00	 164.64	 8.0167	33.7718	26.3092	 3.36	146.11	0.040	  141.35	 99.51
 167.00	 165.63	 8.0176	33.7741	26.3110	 3.34	145.18	0.040	  141.33	 99.51
 168.00	 166.62	 8.0196	33.7799	26.3152	 3.31	143.82	0.039	  141.36	 99.52
 169.00	 167.61	 8.0209	33.7880	26.3214	 3.28	142.52	0.040	  141.32	 99.52
 170.00	 168.60	 8.0229	33.7906	26.3231	 3.22	140.13	0.039	  141.38	 99.53
 171.00	 169.59	 8.0342	33.8077	26.3349	 3.16	137.66	0.040	  141.35	 99.54
 172.00	 170.58	 8.0431	33.8198	26.3431	 3.13	135.99	0.040	  141.34	 99.54
 173.00	 171.58	 8.0438	33.8208	26.3439	 3.10	134.90	0.040	  141.35	 99.55
 174.00	 172.57	 8.0442	33.8223	26.3450	 3.07	133.55	0.040	  141.37	 99.56
 175.00	 173.56	 8.0454	33.8291	26.3501	 3.03	132.02	0.040	  141.33	 99.56
 176.00	 174.55	 8.0459	33.8384	26.3573	 3.00	130.74	0.040	  141.41	 99.56
 177.00	 175.54	 8.0452	33.8493	26.3661	 2.97	129.44	0.040	  141.35	 99.57
 178.00	 176.53	 8.0451	33.8524	26.3685	 2.94	127.96	0.040	  141.36	 99.58
 179.00	 177.52	 8.0411	33.8587	26.3741	 2.93	127.34	0.040	  141.36	 99.58
 180.00	 178.51	 8.0375	33.8621	26.3773	 2.92	126.92	0.040	  141.41	 99.58
 181.00	 179.51	 8.0353	33.8633	26.3786	 2.91	126.71	0.040	  141.34	 99.59
 182.00	 180.50	 8.0329	33.8643	26.3798	 2.91	126.44	0.040	  141.33	 99.60
 183.00	 181.49	 8.0286	33.8661	26.3818	 2.89	125.75	0.040	  141.34	 99.60
 184.00	 182.48	 8.0245	33.8685	26.3843	 2.87	124.97	0.040	  141.35	 99.61
 185.00	 183.47	 8.0189	33.8730	26.3886	 2.86	124.53	0.040	  141.36	 99.61
 186.00	 184.46	 7.9919	33.8841	26.4014	 2.87	124.77	0.040	  141.38	 99.61
 187.00	 185.45	 7.9439	33.8933	26.4157	 2.87	125.05	0.040	  141.36	 99.61
 188.00	 186.45	 7.9306	33.8944	26.4185	 2.88	125.16	0.040	  141.38	 99.61
 189.00	 187.44	 7.9227	33.8949	26.4201	 2.88	125.17	0.040	  141.34	 99.61
 190.00	 188.43	 7.9143	33.8958	26.4220	 2.88	125.36	0.040	  141.34	 99.61
 191.00	 189.42	 7.9130	33.8959	26.4223	 2.93	127.37	0.040	  141.36	 99.61
 192.00	 190.41	 7.8955	33.8937	26.4232	 2.98	129.63	0.040	  141.35	 99.61
 193.00	 191.40	 7.8380	33.8919	26.4302	 3.01	131.14	0.040	  141.35	 99.61
 194.00	 192.39	 7.8103	33.8913	26.4337	 3.05	132.60	0.040	  141.32	 99.61
 195.00	 193.38	 7.7897	33.8893	26.4352	 3.09	134.25	0.040	  141.28	 99.61
 196.00	 194.38	 7.7696	33.8872	26.4364	 3.14	136.53	0.040	  141.26	 99.60
 197.00	 195.37	 7.7531	33.8856	26.4375	 3.23	140.71	0.040	  141.27	 99.59
 198.00	 196.36	 7.7416	33.8852	26.4390	 3.31	144.02	0.040	  141.23	 99.58
 199.00	 197.35	 7.6312	33.8731	26.4453	 3.36	146.00	0.040	  141.21	 99.58
 200.00	 198.34	 7.5715	33.8780	26.4578	 3.39	147.63	0.040	  141.24	 99.58
 201.00	 199.33	 7.5591	33.8783	26.4597	 3.45	150.29	0.040	  141.23	 99.56
 202.00	 200.32	 7.5269	33.8754	26.4620	 3.51	152.92	0.040	  141.24	 99.54
 203.00	 201.31	 7.4472	33.8789	26.4761	 3.54	153.95	0.040	  141.17	 99.54
 204.00	 202.31	 7.4194	33.8804	26.4812	 3.55	154.39	0.040	  141.15	 99.53
 205.00	 203.30	 7.3956	33.8822	26.4860	 3.55	154.55	0.040	  141.22	 99.52
 206.00	 204.29	 7.3811	33.8839	26.4894	 3.55	154.50	0.040	  141.20	 99.51
 207.00	 205.28	 7.3761	33.8850	26.4910	 3.55	154.64	0.040	  141.16	 99.51
 208.00	 206.27	 7.3610	33.8856	26.4936	 3.56	154.73	0.040	  141.21	 99.50
 209.00	 207.26	 7.3282	33.8882	26.5003	 3.56	154.74	0.040	  141.17	 99.51
 210.00	 208.25	 7.3178	33.8890	26.5024	 3.56	154.67	0.040	  141.14	 99.50
 211.00	 209.24	 7.3126	33.8896	26.5035	 3.55	154.58	0.040	  141.13	 99.50
 212.00	 210.23	 7.3069	33.8902	26.5048	 3.55	154.36	0.040	  141.18	 99.50
 213.00	 211.23	 7.2994	33.8906	26.5062	 3.55	154.27	0.040	  141.16	 99.50
 214.00	 212.22	 7.2914	33.8912	26.5078	 3.54	154.15	0.040	  141.15	 99.50
 215.00	 213.21	 7.2821	33.8916	26.5094	 3.54	154.19	0.040	  141.18	 99.50
