wcoa21_data_management/01_CRUISE_METADATA/00_OCADS_data/CTD_downcasts/WCOA_2021_CTD_downcasts/dRB2102_CTD_054_01_F.txt
* Sea-Bird SBE 9 Data:
* Software Version Seasave V 7.26.7.107
* Vessel: NOAA Ship Ronald H. Brown
* Cruise: RB2102, West Coast Ocean Acidification (WCOA) 2021
* Dates: 20210622 to 20210723
* Region: NE Pacific, USA West Coast
* Ports: San Diego, CA to Port Angeles, WA to San Diego, CA
* Chief Scientists: R. Feely, NOAA PMEL; D. Greeley, NOAA PMEL; B. Carter, NOAA PMEL / UW CICOES
*END*
[from data line 214]
 217.00	 215.15	 7.1604	34.0322	26.6371	 1.61	 69.95	0.040	  142.12	 99.83
 218.00	 216.14	 7.1621	34.0332	26.6376	 1.60	 69.55	0.041	  142.10	 99.83
 219.00	 217.13	 7.1632	34.0334	26.6377	 1.59	 69.21	0.041	  142.11	 99.83
 220.00	 218.12	 7.1712	34.0347	26.6376	 1.59	 69.02	0.041	  142.08	 99.83
 221.00	 219.11	 7.1685	34.0342	26.6376	 1.58	 68.58	0.041	  142.09	 99.83
 222.00	 220.10	 7.1715	34.0357	26.6383	 1.57	 68.34	0.041	  142.09	 99.83
 223.00	 221.09	 7.1740	34.0366	26.6387	 1.57	 68.32	0.040	  142.10	 99.83
 224.00	 222.08	 7.1666	34.0351	26.6386	 1.57	 68.37	0.041	  142.07	 99.83
 225.00	 223.07	 7.1664	34.0354	26.6388	 1.57	 68.26	0.042	  142.05	 99.83
 226.00	 224.06	 7.1679	34.0356	26.6388	 1.57	 68.10	0.040	  142.07	 99.84
 227.00	 225.05	 7.1703	34.0358	26.6387	 1.55	 67.61	0.041	  142.05	 99.84
 228.00	 226.05	 7.1658	34.0349	26.6386	 1.54	 66.78	0.041	  142.00	 99.84
 229.00	 227.04	 7.1780	34.0387	26.6399	 1.53	 66.39	0.040	  142.04	 99.84
 230.00	 228.03	 7.1879	34.0401	26.6397	 1.51	 65.83	0.041	  142.00	 67.93
 231.00	 229.02	 7.1868	34.0407	26.6403	 1.50	 65.24	0.041	  142.03	100.73
 232.00	 230.01	 7.1809	34.0412	26.6415	 1.49	 65.03	0.042	  142.02	 99.90
 233.00	 231.00	 7.1765	34.0416	26.6425	 1.49	 64.83	0.041	  141.97	 99.85
 234.00	 231.99	 7.1669	34.0430	26.6449	 1.49	 64.73	0.041	  141.98	 86.16
 235.00	 232.98	 7.1652	34.0432	26.6453	 1.49	 64.65	0.041	  141.98	 98.33
 236.00	 233.97	 7.1648	34.0432	26.6453	 1.48	 64.56	0.041	  141.96	 99.78
 237.00	 234.96	 7.1645	34.0433	26.6455	 1.48	 64.46	0.041	  141.88	 99.85
 238.00	 235.95	 7.1638	34.0434	26.6457	 1.48	 64.48	0.042	  141.92	 99.85
 239.00	 236.94	 7.1624	34.0435	26.6460	 1.48	 64.34	0.042	  141.93	 99.85
 240.00	 237.94	 7.1570	34.0442	26.6472	 1.48	 64.21	0.041	  141.92	 99.85
 241.00	 238.93	 7.1526	34.0446	26.6483	 1.47	 63.90	0.040	  141.87	 99.85
 242.00	 239.92	 7.1501	34.0450	26.6489	 1.47	 63.77	0.040	  141.93	 99.85
 243.00	 240.91	 7.1441	34.0454	26.6501	 1.46	 63.56	0.041	  141.92	 99.85
 244.00	 241.90	 7.1305	34.0462	26.6526	 1.46	 63.37	0.040	  141.82	 99.85
 245.00	 242.89	 7.1187	34.0487	26.6562	 1.46	 63.34	0.041	  141.81	 99.85
 246.00	 243.88	 7.1113	34.0499	26.6582	 1.45	 63.26	0.041	  141.95	 99.85
 247.00	 244.87	 7.1106	34.0501	26.6584	 1.45	 63.07	0.040	  141.92	 99.85
 248.00	 245.86	 7.1100	34.0502	26.6586	 1.45	 62.90	0.041	  141.90	 99.85
 249.00	 246.85	 7.1102	34.0501	26.6585	 1.44	 62.73	0.041	  141.86	 99.85
 250.00	 247.84	 7.1053	34.0505	26.6595	 1.44	 62.74	0.040	  141.83	 99.85
 251.00	 248.83	 7.0977	34.0518	26.6616	 1.44	 62.63	0.041	  141.88	 99.85
 252.00	 249.83	 7.0928	34.0525	26.6628	 1.44	 62.61	0.040	  141.87	 99.85
 253.00	 250.82	 7.0815	34.0534	26.6651	 1.44	 62.62	0.041	  141.93	 99.85
 254.00	 251.81	 7.0746	34.0543	26.6668	 1.44	 62.48	0.041	  141.89	 99.85
 255.00	 252.80	 7.0692	34.0546	26.6678	 1.44	 62.51	0.041	  141.81	 99.85
 256.00	 253.79	 7.0639	34.0546	26.6685	 1.43	 62.40	0.040	  141.92	 99.85
 257.00	 254.78	 7.0617	34.0555	26.6695	 1.43	 62.05	0.040	  141.90	 99.85
 258.00	 255.77	 7.0543	34.0558	26.6708	 1.42	 61.98	0.040	  141.96	 99.85
 259.00	 256.76	 7.0468	34.0571	26.6728	 1.42	 61.95	0.041	  141.88	 99.86
 260.00	 257.75	 7.0450	34.0574	26.6734	 1.42	 61.93	0.041	  141.91	 99.86
 261.00	 258.74	 7.0356	34.0566	26.6740	 1.43	 62.41	0.042	  141.86	 99.86
 262.00	 259.73	 7.0158	34.0567	26.6768	 1.45	 62.97	0.042	  141.85	 99.87
 263.00	 260.72	 7.0156	34.0555	26.6760	 1.46	 63.32	0.041	  141.83	 99.86
 264.00	 261.71	 7.0013	34.0538	26.6766	 1.46	 63.56	0.041	  141.86	 99.86
 265.00	 262.70	 6.9870	34.0529	26.6778	 1.46	 63.72	0.040	  141.90	 99.87
 266.00	 263.70	 6.9825	34.0539	26.6792	 1.47	 63.84	0.040	  141.83	 99.87
 267.00	 264.69	 6.9805	34.0536	26.6793	 1.47	 63.87	0.041	  141.85	 99.86
 268.00	 265.68	 6.9798	34.0533	26.6791	 1.47	 63.88	0.042	  141.89	 99.86
 269.00	 266.67	 6.9790	34.0539	26.6798	 1.47	 63.79	0.041	  141.94	 99.85
 270.00	 267.66	 6.9796	34.0541	26.6798	 1.46	 63.68	0.040	  141.89	 99.85
 271.00	 268.65	 6.9798	34.0547	26.6803	 1.47	 63.74	0.040	  141.86	 99.85
 272.00	 269.64	 6.9762	34.0547	26.6808	 1.47	 63.83	0.040	  141.92	 99.85
 273.00	 270.63	 6.9732	34.0539	26.6806	 1.47	 63.85	0.041	  141.87	 99.85
 274.00	 271.62	 6.9680	34.0543	26.6816	 1.48	 64.20	0.040	  141.83	 99.85
 275.00	 272.61	 6.9692	34.0543	26.6815	 1.48	 64.41	0.040	  141.87	 99.85
 276.00	 273.60	 6.9580	34.0522	26.6814	 1.48	 64.52	0.041	  141.86	 99.85
 277.00	 274.59	 6.9499	34.0517	26.6821	 1.49	 64.62	0.040	  141.91	 99.85
 278.00	 275.58	 6.9476	34.0521	26.6828	 1.48	 64.53	0.041	  141.86	 99.85
 279.00	 276.57	 6.9462	34.0528	26.6835	 1.48	 64.51	0.040	  141.87	 99.85
 280.00	 277.56	 6.9452	34.0530	26.6838	 1.48	 64.36	0.040	  141.86	 99.85
 281.00	 278.56	 6.9386	34.0544	26.6858	 1.47	 64.13	0.040	  141.88	 99.85
 282.00	 279.55	 6.9350	34.0553	26.6870	 1.47	 64.02	0.041	  141.89	 99.85
 283.00	 280.54	 6.9337	34.0553	26.6872	 1.47	 63.82	0.041	  141.86	 99.85
 284.00	 281.53	 6.9328	34.0556	26.6876	 1.46	 63.69	0.040	  141.82	 99.85
 285.00	 282.52	 6.9312	34.0556	26.6878	 1.46	 63.53	0.040	  141.83	 99.85
 286.00	 283.51	 6.9303	34.0568	26.6889	 1.46	 63.33	0.041	  141.91	 99.85
 287.00	 284.50	 6.9277	34.0573	26.6896	 1.45	 63.19	0.041	  141.86	 99.85
 288.00	 285.49	 6.9264	34.0573	26.6899	 1.45	 63.04	0.040	  141.87	 99.85
 289.00	 286.48	 6.9251	34.0577	26.6903	 1.45	 62.98	0.040	  141.87	 99.86
 290.00	 287.47	 6.9239	34.0579	26.6907	 1.44	 62.80	0.040	  141.86	 99.86
 291.00	 288.46	 6.9220	34.0581	26.6911	 1.44	 62.61	0.040	  141.84	 99.86
 292.00	 289.45	 6.9190	34.0587	26.6920	 1.43	 62.36	0.041	  141.83	 99.86
 293.00	 290.44	 6.9130	34.0588	26.6929	 1.43	 62.18	0.041	  141.84	 99.85
 294.00	 291.43	 6.9057	34.0595	26.6945	 1.42	 61.94	0.041	  141.84	 99.87
 295.00	 292.42	 6.9019	34.0602	26.6955	 1.42	 61.71	0.041	  141.80	 99.86
 296.00	 293.41	 6.8925	34.0614	26.6978	 1.41	 61.34	0.040	  141.84	 99.86
 297.00	 294.40	 6.8837	34.0628	26.7001	 1.40	 60.77	0.041	  141.86	 99.87
 298.00	 295.40	 6.8819	34.0638	26.7011	 1.39	 60.45	0.041	  141.85	 99.87
 299.00	 296.39	 6.8801	34.0646	26.7020	 1.39	 60.33	0.041	  141.87	 99.87
 300.00	 297.38	 6.8804	34.0649	26.7022	 1.38	 60.09	0.042	  141.90	 99.87
 301.00	 298.37	 6.8790	34.0647	26.7023	 1.38	 60.06	0.041	  141.90	 99.87
 302.00	 299.36	 6.8750	34.0653	26.7033	 1.37	 59.79	0.040	  141.75	 99.88
 303.00	 300.35	 6.8708	34.0666	26.7049	 1.37	 59.49	0.041	  141.84	 99.88
 304.00	 301.34	 6.8692	34.0679	26.7062	 1.35	 58.78	0.041	  141.84	 99.88
 305.00	 302.33	 6.8688	34.0686	26.7068	 1.34	 58.28	0.040	  141.84	 99.88
 306.00	 303.32	 6.8689	34.0689	26.7070	 1.33	 57.89	0.041	  141.92	 99.88
 307.00	 304.31	 6.8680	34.0703	26.7082	 1.33	 57.71	0.042	  141.81	 99.88
 308.00	 305.30	 6.8669	34.0716	26.7095	 1.32	 57.41	0.041	  141.73	 99.88
 309.00	 306.29	 6.8599	34.0724	26.7110	 1.32	 57.22	0.040	  141.87	 99.88
 310.00	 307.28	 6.8567	34.0733	26.7122	 1.30	 56.76	0.041	  141.78	 99.88
 311.00	 308.27	 6.8487	34.0736	26.7135	 1.29	 56.31	0.042	  141.77	 99.88
 312.00	 309.26	 6.8360	34.0746	26.7160	 1.29	 55.95	0.042	  141.82	 99.88
 313.00	 310.25	 6.8211	34.0762	26.7193	 1.29	 55.95	0.041	  141.83	 99.88
 314.00	 311.24	 6.8140	34.0772	26.7211	 1.28	 55.78	0.040	  141.80	 99.88
 315.00	 312.23	 6.8073	34.0776	26.7223	 1.28	 55.60	0.040	  141.80	 99.88
 316.00	 313.22	 6.8017	34.0777	26.7231	 1.28	 55.51	0.041	  141.80	 99.88
 317.00	 314.21	 6.7962	34.0776	26.7238	 1.28	 55.53	0.040	  141.78	 99.88
 318.00	 315.21	 6.7917	34.0773	26.7242	 1.28	 55.53	0.040	  141.78	 99.89
 319.00	 316.20	 6.7817	34.0773	26.7255	 1.28	 55.50	0.040	  141.83	 99.89
 320.00	 317.19	 6.7779	34.0775	26.7262	 1.28	 55.50	0.041	  141.75	 57.06
 321.00	 318.18	 6.7748	34.0775	26.7267	 1.27	 55.43	0.040	  141.79	 99.93
 322.00	 319.17	 6.7716	34.0776	26.7272	 1.27	 55.34	0.040	  141.78	 99.88
 323.00	 320.16	 6.7706	34.0779	26.7275	 1.27	 55.26	0.040	  141.79	 99.88
 324.00	 321.15	 6.7673	34.0782	26.7282	 1.27	 55.13	0.040	  141.85	 99.89
 325.00	 322.14	 6.7653	34.0780	26.7284	 1.27	 55.17	0.040	  141.80	 99.89
 326.00	 323.13	 6.7590	34.0780	26.7292	 1.27	 55.06	0.040	  141.77	 99.89
 327.00	 324.12	 6.7418	34.0784	26.7318	 1.26	 54.94	0.041	  141.76	 99.89
 328.00	 325.11	 6.7319	34.0792	26.7338	 1.26	 54.94	0.040	  141.75	 99.89
 329.00	 326.10	 6.7280	34.0796	26.7346	 1.26	 54.85	0.040	  141.84	 99.89
 330.00	 327.09	 6.7246	34.0797	26.7352	 1.26	 54.68	0.040	  141.77	 99.89
 331.00	 328.08	 6.7167	34.0807	26.7371	 1.25	 54.30	0.040	  141.84	 99.89
 332.00	 329.07	 6.7120	34.0823	26.7389	 1.24	 54.00	0.040	  141.80	 99.89
 333.00	 330.06	 6.7109	34.0834	26.7399	 1.23	 53.64	0.042	  141.73	 99.89
 334.00	 331.05	 6.7098	34.0848	26.7412	 1.22	 53.22	0.040	  141.80	 99.89
 335.00	 332.04	 6.7094	34.0858	26.7421	 1.21	 52.76	0.040	  141.84	 99.90
 336.00	 333.03	 6.7094	34.0874	26.7434	 1.21	 52.47	0.041	  141.76	 99.90
 337.00	 334.02	 6.7101	34.0884	26.7441	 1.20	 52.18	0.040	  141.71	 99.90
 338.00	 335.01	 6.7082	34.0900	26.7456	 1.19	 51.96	0.041	  141.78	 99.90
 339.00	 336.00	 6.7071	34.0908	26.7464	 1.19	 51.69	0.041	  141.81	 99.90
 340.00	 336.99	 6.7063	34.0914	26.7470	 1.18	 51.37	0.041	  141.79	 99.90
 341.00	 337.98	 6.7048	34.0922	26.7479	 1.17	 51.09	0.041	  141.75	 99.90
 342.00	 338.97	 6.7022	34.0937	26.7494	 1.17	 50.94	0.042	  141.74	 99.90
 343.00	 339.96	 6.7015	34.0940	26.7497	 1.17	 50.74	0.041	  141.78	 99.90
 344.00	 340.96	 6.7005	34.0943	26.7501	 1.17	 50.76	0.040	  141.73	 99.90
 345.00	 341.95	 6.7002	34.0946	26.7504	 1.16	 50.62	0.040	  141.78	 99.90
 346.00	 342.94	 6.6988	34.0947	26.7507	 1.16	 50.47	0.040	  141.78	 99.90
 347.00	 343.93	 6.6962	34.0952	26.7514	 1.16	 50.37	0.040	  141.75	 99.90
 348.00	 344.92	 6.6956	34.0954	26.7517	 1.15	 50.19	0.040	  141.74	 99.90
 349.00	 345.91	 6.6946	34.0956	26.7520	 1.15	 50.17	0.041	  141.75	 99.90
 350.00	 346.90	 6.6910	34.0961	26.7528	 1.15	 50.03	0.040	  141.77	 99.90
 351.00	 347.89	 6.6894	34.0965	26.7534	 1.15	 49.91	0.041	  141.69	 99.90
 352.00	 348.88	 6.6883	34.0968	26.7538	 1.15	 49.90	0.040	  141.70	 99.90
 353.00	 349.87	 6.6880	34.0969	26.7539	 1.14	 49.78	0.040	  141.67	 99.90
 354.00	 350.86	 6.6852	34.0970	26.7544	 1.14	 49.56	0.040	  141.74	 99.90
 355.00	 351.85	 6.6832	34.0972	26.7548	 1.14	 49.60	0.041	  141.72	 99.90
 356.00	 352.84	 6.6804	34.0977	26.7556	 1.14	 49.56	0.041	  141.71	 99.90
 357.00	 353.83	 6.6777	34.0978	26.7560	 1.14	 49.50	0.040	  141.71	 99.90
 358.00	 354.82	 6.6763	34.0980	26.7564	 1.14	 49.51	0.041	  141.70	 99.90
 359.00	 355.81	 6.6756	34.0982	26.7567	 1.14	 49.37	0.040	  141.66	 99.90
 360.00	 356.80	 6.6749	34.0983	26.7569	 1.13	 49.24	0.040	  141.71	 99.90
 361.00	 357.79	 6.6735	34.0988	26.7574	 1.13	 49.30	0.040	  141.68	 99.90
 362.00	 358.78	 6.6722	34.0988	26.7576	 1.13	 49.18	0.040	  141.68	 99.90
 363.00	 359.77	 6.6700	34.0993	26.7583	 1.13	 49.12	0.040	  141.70	 99.90
 364.00	 360.76	 6.6693	34.0993	26.7584	 1.13	 49.12	0.040	  141.73	 99.90
 365.00	 361.75	 6.6640	34.0993	26.7591	 1.13	 49.00	0.041	  141.65	 99.90
 366.00	 362.74	 6.6567	34.0996	26.7604	 1.13	 48.97	0.041	  141.69	 99.90
 367.00	 363.73	 6.6524	34.0998	26.7611	 1.13	 48.95	0.040	  141.68	 99.90
 368.00	 364.72	 6.6507	34.0999	26.7615	 1.12	 48.86	0.041	  141.69	 99.91
 369.00	 365.71	 6.6480	34.1002	26.7621	 1.12	 48.70	0.040	  141.74	 99.91
 370.00	 366.70	 6.6463	34.1003	26.7624	 1.12	 48.65	0.040	  141.76	 99.91
 371.00	 367.69	 6.6439	34.1007	26.7630	 1.12	 48.59	0.040	  141.67	 99.90
 372.00	 368.68	 6.6400	34.1007	26.7636	 1.11	 48.49	0.040	  141.67	 99.91
 373.00	 369.67	 6.6320	34.1007	26.7646	 1.11	 48.39	0.041	  141.69	 99.91
 374.00	 370.66	 6.6233	34.1013	26.7662	 1.11	 48.22	0.041	  141.65	 99.91
 375.00	 371.65	 6.6139	34.1017	26.7678	 1.11	 48.08	0.041	  141.69	 99.91
 376.00	 372.64	 6.6068	34.1025	26.7694	 1.10	 47.83	0.041	  141.69	 99.91
 377.00	 373.63	 6.6032	34.1035	26.7707	 1.10	 47.66	0.041	  141.69	 99.91
 378.00	 374.62	 6.6005	34.1042	26.7716	 1.09	 47.50	0.041	  141.69	 99.91
 379.00	 375.61	 6.5995	34.1045	26.7720	 1.09	 47.36	0.040	  141.70	 99.91
 380.00	 376.60	 6.5990	34.1050	26.7725	 1.09	 47.29	0.041	  141.68	 99.92
 381.00	 377.59	 6.5975	34.1053	26.7729	 1.09	 47.37	0.041	  141.66	 99.92
 382.00	 378.58	 6.5937	34.1047	26.7730	 1.08	 47.18	0.041	  141.64	 99.92
 383.00	 379.57	 6.5855	34.1047	26.7740	 1.08	 46.99	0.040	  141.66	 99.92
 384.00	 380.56	 6.5795	34.1055	26.7755	 1.08	 46.80	0.040	  141.69	 99.92
 385.00	 381.55	 6.5765	34.1069	26.7769	 1.07	 46.54	0.041	  141.67	 99.92
 386.00	 382.54	 6.5809	34.1087	26.7778	 1.06	 46.20	0.040	  141.69	 99.92
 387.00	 383.54	 6.5834	34.1095	26.7781	 1.06	 45.91	0.040	  141.68	 99.92
 388.00	 384.53	 6.5859	34.1106	26.7787	 1.05	 45.49	0.040	  141.67	 99.92
 389.00	 385.52	 6.5870	34.1113	26.7791	 1.04	 45.34	0.041	  141.67	 99.93
 390.00	 386.51	 6.5893	34.1126	26.7798	 1.04	 45.18	0.041	  141.69	 99.92
 391.00	 387.50	 6.5914	34.1141	26.7808	 1.03	 44.96	0.041	  141.59	 99.93
 392.00	 388.49	 6.5920	34.1144	26.7809	 1.03	 44.94	0.041	  141.65	 99.93
 393.00	 389.48	 6.5911	34.1146	26.7812	 1.03	 44.80	0.041	  141.68	 99.92
 394.00	 390.47	 6.5905	34.1148	26.7814	 1.03	 44.60	0.040	  141.65	 99.93
 395.00	 391.46	 6.5901	34.1149	26.7816	 1.02	 44.56	0.040	  141.66	 99.93
 396.00	 392.45	 6.5897	34.1148	26.7816	 1.02	 44.52	0.041	  141.63	 99.93
 397.00	 393.44	 6.5870	34.1151	26.7822	 1.02	 44.48	0.041	  141.68	 99.93
 398.00	 394.43	 6.5863	34.1153	26.7825	 1.02	 44.51	0.040	  141.61	 99.93
 399.00	 395.42	 6.5861	34.1154	26.7826	 1.02	 44.50	0.041	  141.65	 99.93
 400.00	 396.41	 6.5855	34.1159	26.7831	 1.02	 44.54	0.041	  141.64	 99.93
 401.00	 397.40	 6.5857	34.1159	26.7831	 1.02	 44.40	0.041	  141.64	 99.93
 402.00	 398.39	 6.5855	34.1159	26.7831	 1.02	 44.29	0.041	  141.65	 99.93
 403.00	 399.38	 6.5856	34.1159	26.7831	 1.02	 44.35	0.041	  141.64	 99.93
 404.00	 400.37	 6.5857	34.1160	26.7832	 1.02	 44.30	0.040	  141.64	 99.93
 405.00	 401.36	 6.5863	34.1162	26.7832	 1.02	 44.28	0.040	  141.68	 99.93
 406.00	 402.35	 6.5868	34.1162	26.7832	 1.02	 44.39	0.041	  141.63	 99.93
 407.00	 403.34	 6.5872	34.1162	26.7832	 1.02	 44.28	0.041	  141.64	 99.93
 408.00	 404.33	 6.5879	34.1163	26.7832	 1.02	 44.22	0.041	  141.60	 99.93
 409.00	 405.32	 6.5889	34.1165	26.7832	 1.02	 44.15	0.041	  141.61	 99.93
 410.00	 406.31	 6.5863	34.1172	26.7841	 1.01	 44.01	0.041	  141.65	 99.93
 411.00	 407.30	 6.5835	34.1177	26.7849	 1.01	 43.89	0.041	  141.60	 99.93
 412.00	 408.29	 6.5752	34.1195	26.7874	 1.01	 43.76	0.041	  141.64	 99.93
 413.00	 409.28	 6.5765	34.1189	26.7868	 1.00	 43.67	0.041	  141.60	 99.93
 414.00	 410.27	 6.5732	34.1197	26.7879	 1.00	 43.53	0.042	  141.67	 99.93
 415.00	 411.26	 6.5732	34.1196	26.7878	 1.00	 43.43	0.041	  141.63	 99.93
 416.00	 412.25	 6.5706	34.1201	26.7885	 1.00	 43.36	0.040	  141.64	 99.93
 417.00	 413.24	 6.5694	34.1203	26.7889	 0.99	 43.24	0.042	  141.61	 99.93
 418.00	 414.23	 6.5638	34.1211	26.7902	 0.99	 43.20	0.041	  141.70	 99.93
 419.00	 415.22	 6.5622	34.1217	26.7909	 0.99	 43.08	0.040	  141.65	 99.93
 420.00	 416.21	 6.5616	34.1215	26.7909	 0.99	 43.08	0.041	  141.63	 99.93
 421.00	 417.20	 6.5605	34.1218	26.7912	 0.99	 43.02	0.041	  141.59	 99.93
 422.00	 418.19	 6.5616	34.1216	26.7910	 0.99	 42.99	0.041	  141.64	 99.93
 423.00	 419.18	 6.5616	34.1217	26.7911	 0.99	 42.95	0.041	  141.64	 99.93
 424.00	 420.17	 6.5610	34.1217	26.7912	 0.99	 42.92	0.041	  141.67	 99.93
 425.00	 421.16	 6.5593	34.1220	26.7917	 0.98	 42.78	0.040	  141.61	 99.93
 426.00	 422.15	 6.5585	34.1223	26.7920	 0.99	 42.91	0.041	  141.62	 99.93
 427.00	 423.14	 6.5591	34.1222	26.7919	 0.99	 42.92	0.041	  141.61	 99.93
 428.00	 424.13	 6.5597	34.1220	26.7917	 0.98	 42.84	0.041	  141.62	 99.93
