wcoa21_data_management/01_CRUISE_METADATA/00_OCADS_data/CTD_downcasts/WCOA_2021_CTD_downcasts/dRB2102_CTD_095_01_F.txt
* Sea-Bird SBE 9 Data:
* Software Version Seasave V 7.26.7.107
* Vessel: NOAA Ship Ronald H. Brown
* Cruise: RB2102, West Coast Ocean Acidification (WCOA) 2021
* Dates: 20210622 to 20210723
* Region: NE Pacific, USA West Coast
* Ports: San Diego, CA to Port Angeles, WA to San Diego, CA
* Chief Scientists: R. Feely, NOAA PMEL; D. Greeley, NOAA PMEL; B. Carter, NOAA PMEL / UW CICOES
*END*
[from data line 1281]
1284.00	1270.71	 3.0900	34.5221	27.5037	 0.83	 36.10	0.040	  169.53	100.00
1285.00	1271.69	 3.0891	34.5224	27.5040	 0.83	 36.12	0.040	  169.47	100.00
1286.00	1272.68	 3.0885	34.5225	27.5041	 0.83	 36.22	0.040	  169.43	100.00
1287.00	1273.67	 3.0874	34.5226	27.5043	 0.83	 36.17	0.040	  169.48	100.00
1288.00	1274.65	 3.0865	34.5225	27.5044	 0.83	 36.16	0.041	  169.45	100.00
1289.00	1275.64	 3.0857	34.5226	27.5045	 0.83	 36.19	0.041	  169.46	100.00
1290.00	1276.63	 3.0845	34.5227	27.5047	 0.84	 36.35	0.040	  169.44	100.00
1291.00	1277.61	 3.0838	34.5229	27.5049	 0.84	 36.50	0.040	  169.41	100.00
1292.00	1278.60	 3.0830	34.5235	27.5055	 0.84	 36.40	0.040	  169.45	100.00
1293.00	1279.59	 3.0827	34.5236	27.5056	 0.84	 36.45	0.040	  169.45	100.00
1294.00	1280.57	 3.0824	34.5236	27.5056	 0.84	 36.46	0.040	  169.40	100.00
1295.00	1281.56	 3.0809	34.5235	27.5057	 0.84	 36.58	0.040	  169.40	100.00
1296.00	1282.55	 3.0771	34.5236	27.5062	 0.84	 36.65	0.040	  169.41	100.00
1297.00	1283.53	 3.0736	34.5239	27.5067	 0.84	 36.66	0.040	  169.43	100.00
1298.00	1284.52	 3.0713	34.5240	27.5070	 0.85	 36.78	0.040	  169.42	100.00
1299.00	1285.51	 3.0668	34.5244	27.5078	 0.85	 36.73	0.040	  169.42	100.00
1300.00	1286.49	 3.0645	34.5249	27.5083	 0.85	 36.90	0.040	  169.37	100.00
1301.00	1287.48	 3.0621	34.5252	27.5088	 0.86	 37.20	0.040	  169.40	100.00
1302.00	1288.47	 3.0615	34.5252	27.5089	 0.85	 37.10	0.040	  169.38	100.00
1303.00	1289.45	 3.0603	34.5252	27.5090	 0.85	 37.04	0.040	  169.29	100.00
1304.00	1290.44	 3.0561	34.5253	27.5094	 0.85	 37.13	0.041	  169.35	100.00
1305.00	1291.43	 3.0521	34.5252	27.5098	 0.85	 37.16	0.040	  169.35	100.00
1306.00	1292.41	 3.0505	34.5254	27.5100	 0.86	 37.25	0.040	  169.34	100.00
1307.00	1293.40	 3.0499	34.5254	27.5101	 0.86	 37.28	0.040	  169.32	100.00
1308.00	1294.38	 3.0482	34.5255	27.5103	 0.86	 37.25	0.040	  169.35	100.00
1309.00	1295.37	 3.0455	34.5257	27.5108	 0.86	 37.23	0.040	  169.38	100.00
1310.00	1296.36	 3.0453	34.5258	27.5108	 0.86	 37.20	0.040	  169.31	100.00
1311.00	1297.34	 3.0453	34.5259	27.5109	 0.86	 37.30	0.040	  169.34	100.00
1312.00	1298.33	 3.0452	34.5260	27.5110	 0.86	 37.29	0.040	  169.35	100.00
1313.00	1299.32	 3.0453	34.5257	27.5108	 0.86	 37.25	0.040	  169.36	100.00
1314.00	1300.30	 3.0451	34.5257	27.5109	 0.86	 37.33	0.040	  169.31	100.00
1315.00	1301.29	 3.0450	34.5258	27.5109	 0.86	 37.30	0.040	  169.29	100.00
1316.00	1302.28	 3.0449	34.5259	27.5110	 0.86	 37.31	0.040	  169.36	100.00
1317.00	1303.26	 3.0437	34.5260	27.5112	 0.86	 37.32	0.040	  169.28	100.00
1318.00	1304.25	 3.0388	34.5267	27.5122	 0.86	 37.39	0.040	  169.30	100.00
1319.00	1305.24	 3.0378	34.5268	27.5124	 0.86	 37.57	0.040	  169.27	100.00
1320.00	1306.22	 3.0348	34.5268	27.5127	 0.87	 37.65	0.040	  169.30	100.00
1321.00	1307.21	 3.0327	34.5274	27.5134	 0.87	 37.66	0.040	  169.26	100.00
1322.00	1308.20	 3.0327	34.5274	27.5134	 0.87	 37.70	0.040	  169.22	100.00
1323.00	1309.18	 3.0327	34.5274	27.5133	 0.87	 37.95	0.040	  169.31	100.00
1324.00	1310.17	 3.0310	34.5275	27.5136	 0.87	 37.99	0.041	  169.22	100.00
1325.00	1311.16	 3.0264	34.5281	27.5145	 0.87	 37.92	0.041	  169.30	100.00
1326.00	1312.14	 3.0234	34.5283	27.5149	 0.87	 37.94	0.040	  169.23	100.00
1327.00	1313.13	 3.0212	34.5282	27.5151	 0.87	 38.02	0.040	  169.29	100.00
1328.00	1314.11	 3.0195	34.5282	27.5152	 0.88	 38.14	0.040	  169.31	100.00
1329.00	1315.10	 3.0181	34.5284	27.5155	 0.88	 38.24	0.040	  169.21	100.00
1330.00	1316.09	 3.0167	34.5291	27.5162	 0.88	 38.15	0.040	  169.20	100.00
1331.00	1317.07	 3.0114	34.5291	27.5167	 0.88	 38.23	0.040	  169.26	100.00
1332.00	1318.06	 3.0105	34.5290	27.5167	 0.88	 38.38	0.040	  169.24	100.00
1333.00	1319.05	 3.0053	34.5291	27.5173	 0.88	 38.37	0.040	  169.26	100.00
1334.00	1320.03	 3.0022	34.5295	27.5179	 0.88	 38.37	0.040	  169.24	100.00
1335.00	1321.02	 3.0013	34.5296	27.5180	 0.89	 38.51	0.040	  169.22	100.00
1336.00	1322.01	 3.0005	34.5300	27.5184	 0.89	 38.59	0.041	  169.25	100.00
1337.00	1322.99	 2.9991	34.5303	27.5188	 0.89	 38.80	0.041	  169.23	100.00
1338.00	1323.98	 2.9964	34.5307	27.5193	 0.90	 38.92	0.040	  169.20	100.00
1339.00	1324.96	 2.9966	34.5308	27.5194	 0.89	 38.84	0.040	  169.29	100.00
1340.00	1325.95	 2.9961	34.5309	27.5196	 0.90	 38.98	0.040	  169.26	100.00
1341.00	1326.94	 2.9956	34.5313	27.5199	 0.90	 39.09	0.040	  169.24	100.00
1342.00	1327.92	 2.9950	34.5313	27.5200	 0.90	 39.06	0.040	  169.23	100.00
1343.00	1328.91	 2.9909	34.5313	27.5204	 0.90	 39.13	0.040	  169.24	100.00
1344.00	1329.90	 2.9906	34.5317	27.5207	 0.90	 39.31	0.040	  169.22	100.00
1345.00	1330.88	 2.9908	34.5320	27.5210	 0.91	 39.38	0.040	  169.18	100.00
1346.00	1331.87	 2.9892	34.5320	27.5211	 0.91	 39.46	0.041	  169.18	100.00
1347.00	1332.86	 2.9875	34.5322	27.5214	 0.91	 39.62	0.041	  169.18	100.00
1348.00	1333.84	 2.9876	34.5324	27.5215	 0.91	 39.62	0.040	  169.14	100.00
1349.00	1334.83	 2.9869	34.5324	27.5217	 0.91	 39.57	0.040	  169.22	100.00
1350.00	1335.81	 2.9865	34.5323	27.5216	 0.91	 39.55	0.040	  169.17	100.00
1351.00	1336.80	 2.9855	34.5322	27.5216	 0.91	 39.56	0.040	  169.14	100.00
1352.00	1337.79	 2.9849	34.5323	27.5218	 0.91	 39.49	0.040	  169.20	100.00
1353.00	1338.77	 2.9830	34.5319	27.5216	 0.91	 39.34	0.040	  169.17	100.00
1354.00	1339.76	 2.9784	34.5316	27.5218	 0.90	 39.19	0.040	  169.17	100.00
1355.00	1340.75	 2.9757	34.5317	27.5221	 0.90	 39.18	0.040	  169.20	100.00
1356.00	1341.73	 2.9748	34.5317	27.5223	 0.90	 39.32	0.040	  169.10	100.00
1357.00	1342.72	 2.9727	34.5320	27.5226	 0.91	 39.49	0.040	  169.15	100.00
1358.00	1343.71	 2.9714	34.5325	27.5231	 0.91	 39.56	0.040	  169.14	100.00
1359.00	1344.69	 2.9714	34.5331	27.5236	 0.91	 39.75	0.040	  169.15	100.00
1360.00	1345.68	 2.9715	34.5332	27.5238	 0.91	 39.75	0.040	  169.18	100.00
1361.00	1346.66	 2.9710	34.5333	27.5239	 0.92	 39.82	0.040	  169.11	100.00
1362.00	1347.65	 2.9700	34.5335	27.5241	 0.92	 40.00	0.040	  169.14	100.00
1363.00	1348.64	 2.9680	34.5339	27.5247	 0.92	 39.93	0.040	  169.11	100.00
1364.00	1349.62	 2.9662	34.5341	27.5249	 0.92	 40.11	0.041	  169.18	100.00
1365.00	1350.61	 2.9648	34.5342	27.5252	 0.93	 40.27	0.042	  169.13	100.00
1366.00	1351.60	 2.9633	34.5344	27.5255	 0.93	 40.37	0.041	  169.03	100.00
1367.00	1352.58	 2.9621	34.5345	27.5256	 0.93	 40.47	0.040	  169.19	100.00
1368.00	1353.57	 2.9598	34.5350	27.5263	 0.93	 40.23	0.040	  169.12	100.00
1369.00	1354.55	 2.9582	34.5351	27.5265	 0.93	 40.24	0.040	  169.14	100.00
1370.00	1355.54	 2.9566	34.5352	27.5267	 0.93	 40.31	0.040	  169.04	100.00
1371.00	1356.53	 2.9561	34.5352	27.5268	 0.93	 40.30	0.040	  169.13	100.00
1372.00	1357.51	 2.9534	34.5349	27.5268	 0.94	 40.72	0.040	  169.13	100.00
1373.00	1358.50	 2.9492	34.5351	27.5273	 0.94	 40.80	0.040	  169.11	100.00
1374.00	1359.49	 2.9494	34.5358	27.5279	 0.93	 40.52	0.040	  169.17	100.00
1375.00	1360.47	 2.9471	34.5356	27.5279	 0.93	 40.59	0.040	  169.07	100.00
1376.00	1361.46	 2.9448	34.5355	27.5280	 0.93	 40.53	0.040	  169.05	100.00
1377.00	1362.44	 2.9480	34.5352	27.5276	 0.93	 40.52	0.040	  169.06	100.00
1378.00	1363.43	 2.9514	34.5349	27.5270	 0.93	 40.54	0.040	  169.02	100.00
1379.00	1364.42	 2.9438	34.5353	27.5280	 0.93	 40.49	0.040	  169.11	100.00
1380.00	1365.40	 2.9389	34.5355	27.5286	 0.93	 40.54	0.040	  169.11	100.00
1381.00	1366.39	 2.9351	34.5355	27.5289	 0.93	 40.52	0.040	  169.06	100.00
1382.00	1367.37	 2.9329	34.5361	27.5296	 0.93	 40.54	0.041	  169.04	100.00
1383.00	1368.36	 2.9276	34.5359	27.5300	 0.93	 40.63	0.041	  169.03	100.00
1384.00	1369.35	 2.9273	34.5361	27.5302	 0.94	 40.77	0.040	  169.04	100.00
1385.00	1370.33	 2.9250	34.5370	27.5310	 0.94	 40.98	0.040	  169.00	100.00
1386.00	1371.32	 2.9222	34.5372	27.5315	 0.94	 40.97	0.040	  168.98	100.00
1387.00	1372.31	 2.9225	34.5377	27.5319	 0.95	 41.30	0.040	  169.03	100.00
1388.00	1373.29	 2.9219	34.5377	27.5319	 0.95	 41.47	0.040	  169.06	100.00
1389.00	1374.28	 2.9208	34.5380	27.5323	 0.95	 41.26	0.040	  169.00	100.00
1390.00	1375.26	 2.9198	34.5380	27.5324	 0.95	 41.40	0.040	  169.01	100.00
1391.00	1376.25	 2.9193	34.5383	27.5327	 0.96	 41.55	0.040	  169.02	100.00
1392.00	1377.24	 2.9185	34.5386	27.5330	 0.96	 41.60	0.040	  169.01	100.00
1393.00	1378.22	 2.9167	34.5387	27.5332	 0.96	 41.73	0.040	  169.01	100.00
1394.00	1379.21	 2.9148	34.5387	27.5334	 0.96	 41.80	0.040	  168.99	100.00
1395.00	1380.19	 2.9111	34.5392	27.5341	 0.96	 41.80	0.040	  168.95	100.00
1396.00	1381.18	 2.9053	34.5394	27.5348	 0.97	 42.08	0.040	  169.00	100.00
1397.00	1382.17	 2.9060	34.5405	27.5356	 0.97	 42.18	0.040	  168.99	100.00
1398.00	1383.15	 2.9039	34.5406	27.5359	 0.97	 42.21	0.040	  168.99	100.00
1399.00	1384.14	 2.9018	34.5406	27.5361	 0.97	 42.30	0.040	  169.01	100.00
1400.00	1385.13	 2.9007	34.5405	27.5362	 0.97	 42.31	0.040	  168.96	100.00
1401.00	1386.11	 2.9001	34.5407	27.5363	 0.98	 42.48	0.040	  168.96	100.00
1402.00	1387.10	 2.8988	34.5408	27.5366	 0.98	 42.61	0.040	  168.97	100.00
1403.00	1388.08	 2.8955	34.5413	27.5373	 0.98	 42.57	0.040	  169.01	100.00
1404.00	1389.07	 2.8939	34.5415	27.5376	 0.98	 42.56	0.040	  169.00	100.00
1405.00	1390.06	 2.8932	34.5415	27.5377	 0.98	 42.54	0.040	  169.00	100.00
1406.00	1391.04	 2.8920	34.5416	27.5378	 0.98	 42.65	0.040	  168.94	100.00
1407.00	1392.03	 2.8903	34.5418	27.5381	 0.98	 42.79	0.040	  168.91	100.00
1408.00	1393.01	 2.8892	34.5418	27.5382	 0.98	 42.80	0.040	  168.95	100.00
1409.00	1394.00	 2.8889	34.5418	27.5383	 0.99	 42.81	0.040	  168.97	100.00
1410.00	1394.99	 2.8885	34.5418	27.5383	 0.99	 42.84	0.040	  168.89	100.00
1411.00	1395.97	 2.8874	34.5420	27.5386	 0.98	 42.80	0.040	  168.93	100.00
1412.00	1396.96	 2.8864	34.5422	27.5388	 0.98	 42.81	0.040	  168.86	100.00
1413.00	1397.94	 2.8856	34.5422	27.5389	 0.99	 42.87	0.040	  168.86	100.00
1414.00	1398.93	 2.8837	34.5422	27.5391	 0.99	 42.85	0.040	  168.86	 99.99
1415.00	1399.92	 2.8811	34.5426	27.5396	 0.99	 42.93	0.040	  168.88	100.00
1416.00	1400.90	 2.8781	34.5430	27.5402	 0.99	 43.17	0.040	  168.88	100.00
1417.00	1401.89	 2.8776	34.5430	27.5403	 0.99	 43.20	0.040	  168.88	100.00
1418.00	1402.87	 2.8776	34.5431	27.5403	 0.99	 43.15	0.040	  168.85	100.00
1419.00	1403.86	 2.8774	34.5430	27.5403	 0.99	 43.15	0.040	  168.85	100.00
1420.00	1404.85	 2.8771	34.5432	27.5405	 0.99	 43.17	0.040	  168.93	100.00
1421.00	1405.83	 2.8763	34.5432	27.5406	 0.99	 43.17	0.040	  168.85	 99.99
1422.00	1406.82	 2.8751	34.5432	27.5407	 0.99	 43.16	0.040	  168.88	100.00
1423.00	1407.80	 2.8723	34.5436	27.5413	 1.00	 43.38	0.040	  168.82	100.00
1424.00	1408.79	 2.8701	34.5438	27.5416	 1.00	 43.53	0.040	  168.90	 99.99
1425.00	1409.78	 2.8691	34.5440	27.5419	 1.00	 43.49	0.040	  168.83	100.00
1426.00	1410.76	 2.8685	34.5440	27.5420	 1.00	 43.49	0.040	  168.84	100.00
1427.00	1411.75	 2.8678	34.5441	27.5421	 1.00	 43.52	0.040	  168.83	100.00
1428.00	1412.73	 2.8662	34.5444	27.5425	 1.01	 43.69	0.040	  168.83	100.00
1429.00	1413.72	 2.8654	34.5446	27.5427	 1.01	 43.76	0.040	  168.78	100.00
1430.00	1414.71	 2.8648	34.5445	27.5427	 1.00	 43.64	0.040	  168.80	100.00
1431.00	1415.69	 2.8638	34.5449	27.5431	 1.01	 43.78	0.040	  168.85	100.00
1432.00	1416.68	 2.8614	34.5449	27.5433	 1.01	 43.79	0.040	  168.74	100.00
1433.00	1417.66	 2.8575	34.5451	27.5438	 1.01	 43.73	0.040	  168.78	100.00
1434.00	1418.65	 2.8547	34.5456	27.5445	 1.01	 43.85	0.040	  168.83	 99.99
1435.00	1419.64	 2.8543	34.5456	27.5445	 1.01	 44.05	0.040	  168.80	 99.99
1436.00	1420.62	 2.8539	34.5457	27.5447	 1.02	 44.16	0.040	  168.80	 80.23
1437.00	1421.61	 2.8542	34.5456	27.5445	 1.01	 44.05	0.040	  168.78	100.19
1438.00	1422.59	 2.8534	34.5460	27.5450	 1.02	 44.20	0.040	  168.77	100.00
1439.00	1423.58	 2.8500	34.5463	27.5455	 1.02	 44.38	0.040	  168.77	100.00
1440.00	1424.57	 2.8474	34.5464	27.5458	 1.02	 44.41	0.040	  168.76	100.00
1441.00	1425.55	 2.8458	34.5466	27.5461	 1.02	 44.43	0.040	  168.77	100.00
1442.00	1426.54	 2.8452	34.5469	27.5464	 1.03	 44.59	0.040	  168.76	100.00
1443.00	1427.52	 2.8447	34.5470	27.5466	 1.03	 44.56	0.040	  168.77	100.00
1444.00	1428.51	 2.8443	34.5470	27.5466	 1.02	 44.48	0.040	  168.74	 99.99
1445.00	1429.49	 2.8439	34.5472	27.5468	 1.02	 44.53	0.040	  168.74	100.00
1446.00	1430.48	 2.8434	34.5470	27.5467	 1.03	 44.66	0.040	  168.76	 99.99
1447.00	1431.47	 2.8411	34.5472	27.5470	 1.03	 44.69	0.040	  168.79	100.00
1448.00	1432.45	 2.8389	34.5474	27.5474	 1.03	 44.68	0.040	  168.74	100.00
1449.00	1433.44	 2.8376	34.5474	27.5476	 1.03	 44.68	0.040	  168.78	 99.99
1450.00	1434.42	 2.8366	34.5474	27.5476	 1.03	 44.72	0.040	  168.75	100.00
1451.00	1435.41	 2.8360	34.5475	27.5478	 1.03	 44.69	0.040	  168.75	100.00
1452.00	1436.40	 2.8349	34.5477	27.5481	 1.03	 44.79	0.040	  168.74	100.00
1453.00	1437.38	 2.8327	34.5477	27.5483	 1.03	 44.71	0.040	  168.78	100.00
1454.00	1438.37	 2.8301	34.5479	27.5486	 1.03	 44.81	0.040	  168.80	 99.99
1455.00	1439.35	 2.8267	34.5481	27.5491	 1.03	 44.90	0.040	  168.67	100.00
1456.00	1440.34	 2.8245	34.5483	27.5494	 1.03	 44.78	0.040	  168.74	100.00
1457.00	1441.33	 2.8233	34.5484	27.5496	 1.03	 44.97	0.040	  168.75	 99.99
1458.00	1442.31	 2.8205	34.5484	27.5499	 1.03	 44.94	0.040	  168.74	 99.99
1459.00	1443.30	 2.8211	34.5483	27.5498	 1.04	 44.99	0.040	  168.72	 99.99
1460.00	1444.28	 2.8184	34.5487	27.5503	 1.04	 45.01	0.040	  168.67	 99.99
1461.00	1445.27	 2.8155	34.5488	27.5507	 1.04	 45.01	0.040	  168.70	 99.99
1462.00	1446.25	 2.8147	34.5489	27.5508	 1.03	 44.97	0.040	  168.75	100.00
1463.00	1447.24	 2.8135	34.5486	27.5507	 1.04	 45.01	0.040	  168.68	 99.99
1464.00	1448.23	 2.8116	34.5488	27.5510	 1.04	 45.02	0.040	  168.70	100.00
1465.00	1449.21	 2.8112	34.5488	27.5510	 1.04	 45.06	0.040	  168.70	100.00
1466.00	1450.20	 2.8097	34.5490	27.5514	 1.04	 45.07	0.040	  168.70	100.00
1467.00	1451.18	 2.8072	34.5494	27.5519	 1.04	 45.08	0.040	  168.70	 99.99
1468.00	1452.17	 2.8058	34.5495	27.5521	 1.04	 45.13	0.040	  168.69	 99.99
1469.00	1453.15	 2.8020	34.5496	27.5526	 1.04	 45.30	0.040	  168.74	 99.99
1470.00	1454.14	 2.7987	34.5501	27.5532	 1.05	 45.45	0.040	  168.67	 99.99
1471.00	1455.13	 2.7985	34.5499	27.5531	 1.04	 45.41	0.040	  168.60	100.00
1472.00	1456.11	 2.7962	34.5499	27.5533	 1.04	 45.41	0.041	  168.68	100.00
1473.00	1457.10	 2.7932	34.5502	27.5538	 1.04	 45.40	0.041	  168.66	100.00
1474.00	1458.08	 2.7921	34.5501	27.5538	 1.05	 45.42	0.040	  168.68	 99.99
1475.00	1459.07	 2.7900	34.5503	27.5542	 1.05	 45.45	0.040	  168.62	100.00
1476.00	1460.06	 2.7887	34.5503	27.5543	 1.05	 45.50	0.040	  168.64	 99.99
1477.00	1461.04	 2.7880	34.5505	27.5545	 1.05	 45.55	0.040	  168.64	100.00
1478.00	1462.03	 2.7871	34.5507	27.5548	 1.05	 45.66	0.040	  168.62	 99.99
1479.00	1463.01	 2.7873	34.5505	27.5546	 1.05	 45.66	0.040	  168.66	100.00
1480.00	1464.00	 2.7860	34.5507	27.5549	 1.05	 45.58	0.040	  168.64	100.00
1481.00	1464.98	 2.7845	34.5507	27.5550	 1.05	 45.68	0.040	  168.65	 99.99
1482.00	1465.97	 2.7796	34.5511	27.5557	 1.05	 45.67	0.040	  168.65	100.00
1483.00	1466.96	 2.7772	34.5511	27.5560	 1.05	 45.73	0.040	  168.58	 99.99
1484.00	1467.94	 2.7759	34.5511	27.5561	 1.05	 45.76	0.040	  168.61	 99.99
1485.00	1468.93	 2.7753	34.5511	27.5562	 1.05	 45.73	0.040	  168.67	 99.99
1486.00	1469.91	 2.7743	34.5515	27.5565	 1.05	 45.77	0.040	  168.56	 99.99
1487.00	1470.90	 2.7733	34.5514	27.5566	 1.05	 45.77	0.040	  168.54	100.00
1488.00	1471.88	 2.7709	34.5516	27.5569	 1.05	 45.83	0.040	  168.63	 99.99
1489.00	1472.87	 2.7666	34.5520	27.5576	 1.06	 45.98	0.040	  168.61	 99.99
1490.00	1473.86	 2.7650	34.5520	27.5578	 1.06	 46.05	0.040	  168.62	100.00
1491.00	1474.84	 2.7655	34.5520	27.5577	 1.06	 46.12	0.040	  168.57	 99.99
1492.00	1475.83	 2.7630	34.5523	27.5582	 1.06	 46.02	0.040	  168.57	 99.99
1493.00	1476.81	 2.7617	34.5524	27.5584	 1.06	 46.08	0.040	  168.64	 99.99
1494.00	1477.80	 2.7607	34.5524	27.5585	 1.06	 46.18	0.040	  168.52	 99.99
1495.00	1478.78	 2.7599	34.5526	27.5587	 1.06	 46.10	0.040	  168.53	 99.99
