wcoa21_data_management/01_CRUISE_METADATA/00_OCADS_data/CTD_downcasts/WCOA_2021_CTD_downcasts/dRB2102_CTD_111_01_F.txt
* Sea-Bird SBE 9 Data:
* Software Version Seasave V 7.26.7.107
* Vessel: NOAA Ship Ronald H. Brown
* Cruise: RB2102, West Coast Ocean Acidification (WCOA) 2021
* Dates: 20210622 to 20210723
* Region: NE Pacific, USA West Coast
* Ports: San Diego, CA to Port Angeles, WA to San Diego, CA
* Chief Scientists: R. Feely, NOAA PMEL; D. Greeley, NOAA PMEL; B. Carter, NOAA PMEL / UW CICOES
*END*
[from data line 641]
 644.00	 638.40	 5.6968	34.3471	27.0814	 0.27	 11.75	0.041	  145.64	100.00
 645.00	 639.39	 5.6926	34.3476	27.0823	 0.27	 11.67	0.040	  145.64	100.00
 646.00	 640.38	 5.6883	34.3479	27.0831	 0.27	 11.66	0.041	  145.60	100.00
 647.00	 641.37	 5.6848	34.3482	27.0837	 0.27	 11.70	0.040	  145.68	100.00
 648.00	 642.36	 5.6826	34.3484	27.0842	 0.27	 11.67	0.041	  145.68	100.00
 649.00	 643.35	 5.6821	34.3486	27.0844	 0.27	 11.66	0.041	  145.59	100.00
 650.00	 644.34	 5.6794	34.3486	27.0848	 0.27	 11.56	0.040	  145.63	100.00
 651.00	 645.33	 5.6771	34.3488	27.0852	 0.27	 11.69	0.040	  145.62	100.00
 652.00	 646.32	 5.6756	34.3490	27.0855	 0.27	 11.67	0.040	  145.61	100.00
 653.00	 647.31	 5.6745	34.3490	27.0857	 0.27	 11.73	0.041	  145.58	100.00
 654.00	 648.30	 5.6733	34.3492	27.0860	 0.27	 11.68	0.042	  145.60	100.00
 655.00	 649.29	 5.6716	34.3493	27.0863	 0.27	 11.64	0.042	  145.59	100.00
 656.00	 650.28	 5.6708	34.3494	27.0865	 0.27	 11.70	0.041	  145.51	100.00
 657.00	 651.27	 5.6706	34.3495	27.0866	 0.27	 11.64	0.040	  145.59	100.00
 658.00	 652.26	 5.6705	34.3496	27.0867	 0.27	 11.72	0.040	  145.56	100.00
 659.00	 653.25	 5.6704	34.3494	27.0866	 0.27	 11.70	0.040	  145.57	100.00
 660.00	 654.24	 5.6692	34.3495	27.0869	 0.27	 11.66	0.040	  145.55	100.00
 661.00	 655.23	 5.6683	34.3497	27.0871	 0.27	 11.69	0.041	  145.52	100.00
 662.00	 656.22	 5.6670	34.3498	27.0873	 0.27	 11.69	0.040	  145.51	100.00
 663.00	 657.21	 5.6650	34.3500	27.0877	 0.27	 11.70	0.040	  145.54	100.00
 664.00	 658.20	 5.6622	34.3501	27.0882	 0.27	 11.70	0.040	  145.56	100.00
 665.00	 659.19	 5.6588	34.3502	27.0887	 0.27	 11.70	0.040	  145.54	100.00
 666.00	 660.18	 5.6430	34.3509	27.0912	 0.27	 11.66	0.040	  145.50	100.00
 667.00	 661.17	 5.6193	34.3530	27.0958	 0.26	 11.51	0.040	  145.59	100.00
 668.00	 662.16	 5.6122	34.3544	27.0977	 0.26	 11.47	0.040	  145.56	100.00
 669.00	 663.15	 5.6085	34.3546	27.0984	 0.27	 11.53	0.041	  145.50	100.00
 670.00	 664.14	 5.6077	34.3547	27.0985	 0.27	 11.58	0.040	  145.51	100.00
 671.00	 665.13	 5.6065	34.3549	27.0988	 0.26	 11.51	0.040	  145.53	100.00
 672.00	 666.12	 5.6050	34.3550	27.0991	 0.26	 11.46	0.041	  145.46	100.00
 673.00	 667.11	 5.6034	34.3552	27.0994	 0.27	 11.53	0.042	  145.49	100.00
 674.00	 668.10	 5.6023	34.3555	27.0998	 0.26	 11.38	0.042	  145.45	100.00
 675.00	 669.09	 5.6015	34.3554	27.0998	 0.26	 11.43	0.042	  145.50	100.00
 676.00	 670.07	 5.6009	34.3555	27.1000	 0.26	 11.42	0.041	  145.53	100.00
 677.00	 671.06	 5.5999	34.3557	27.1003	 0.26	 11.42	0.040	  145.48	100.00
 678.00	 672.05	 5.5968	34.3557	27.1007	 0.26	 11.50	0.040	  145.50	100.00
 679.00	 673.04	 5.5939	34.3561	27.1014	 0.27	 11.53	0.042	  145.44	100.00
 680.00	 674.03	 5.5924	34.3562	27.1017	 0.26	 11.43	0.041	  145.48	100.00
 681.00	 675.02	 5.5908	34.3563	27.1019	 0.26	 11.31	0.040	  145.45	100.00
 682.00	 676.01	 5.5874	34.3566	27.1026	 0.26	 11.30	0.040	  145.45	100.00
 683.00	 677.00	 5.5846	34.3550	27.1016	 0.26	 11.44	0.041	  145.46	100.00
 684.00	 677.99	 5.5804	34.3570	27.1038	 0.26	 11.34	0.041	  145.48	100.00
 685.00	 678.98	 5.5691	34.3578	27.1058	 0.26	 11.35	0.040	  145.48	100.00
 686.00	 679.97	 5.5654	34.3582	27.1066	 0.26	 11.37	0.040	  145.40	100.00
 687.00	 680.96	 5.5647	34.3583	27.1068	 0.26	 11.43	0.040	  145.43	100.00
 688.00	 681.95	 5.5632	34.3582	27.1068	 0.26	 11.36	0.040	  145.56	100.00
 689.00	 682.94	 5.5559	34.3588	27.1082	 0.26	 11.36	0.040	  145.41	100.00
 690.00	 683.93	 5.5527	34.3591	27.1088	 0.26	 11.35	0.041	  145.41	100.00
 691.00	 684.92	 5.5520	34.3593	27.1091	 0.26	 11.38	0.042	  145.42	100.00
 692.00	 685.91	 5.5510	34.3585	27.1086	 0.26	 11.38	0.041	  145.43	100.00
 693.00	 686.90	 5.5487	34.3593	27.1095	 0.26	 11.39	0.041	  145.39	100.00
 694.00	 687.89	 5.5462	34.3597	27.1101	 0.26	 11.39	0.042	  145.34	100.00
 695.00	 688.88	 5.5456	34.3596	27.1102	 0.26	 11.36	0.041	  145.46	100.00
 696.00	 689.87	 5.5447	34.3598	27.1104	 0.26	 11.34	0.040	  145.39	100.00
 697.00	 690.86	 5.5438	34.3598	27.1105	 0.26	 11.41	0.042	  145.41	100.00
 698.00	 691.85	 5.5430	34.3599	27.1107	 0.26	 11.42	0.042	  145.35	100.00
 699.00	 692.84	 5.5420	34.3600	27.1109	 0.26	 11.37	0.042	  145.35	100.00
 700.00	 693.82	 5.5413	34.3600	27.1110	 0.26	 11.36	0.042	  145.39	100.00
 701.00	 694.81	 5.5399	34.3602	27.1113	 0.26	 11.36	0.041	  145.31	100.00
 702.00	 695.80	 5.5385	34.3602	27.1115	 0.26	 11.37	0.040	  145.33	100.00
 703.00	 696.79	 5.5353	34.3604	27.1121	 0.26	 11.45	0.040	  145.31	100.00
 704.00	 697.78	 5.5324	34.3605	27.1126	 0.26	 11.32	0.040	  145.37	100.00
 705.00	 698.77	 5.5305	34.3608	27.1130	 0.26	 11.29	0.042	  145.35	 80.71
 706.00	 699.76	 5.5298	34.3610	27.1132	 0.26	 11.44	0.042	  145.39	 98.90
 707.00	 700.75	 5.5223	34.3613	27.1144	 0.26	 11.38	0.041	  145.33	 99.99
 708.00	 701.74	 5.5089	34.3621	27.1167	 0.26	 11.39	0.040	  145.38	100.00
 709.00	 702.73	 5.5013	34.3627	27.1181	 0.26	 11.48	0.041	  145.32	100.00
 710.00	 703.72	 5.4971	34.3630	27.1188	 0.26	 11.41	0.042	  145.35	100.00
 711.00	 704.71	 5.4921	34.3632	27.1196	 0.27	 11.53	0.042	  145.30	100.00
 712.00	 705.70	 5.4827	34.3638	27.1212	 0.27	 11.54	0.042	  145.41	100.00
 713.00	 706.69	 5.4747	34.3641	27.1224	 0.26	 11.44	0.041	  145.39	100.00
 714.00	 707.68	 5.4682	34.3647	27.1237	 0.27	 11.55	0.040	  145.29	100.00
 715.00	 708.67	 5.4652	34.3650	27.1242	 0.27	 11.69	0.040	  145.33	100.00
 716.00	 709.66	 5.4616	34.3653	27.1249	 0.27	 11.59	0.041	  145.28	100.00
 717.00	 710.65	 5.4579	34.3656	27.1256	 0.26	 11.48	0.042	  145.31	100.00
 718.00	 711.63	 5.4542	34.3659	27.1263	 0.26	 11.45	0.041	  145.32	100.00
 719.00	 712.62	 5.4513	34.3663	27.1270	 0.26	 11.48	0.042	  145.31	100.00
 720.00	 713.61	 5.4496	34.3666	27.1274	 0.26	 11.48	0.041	  145.30	100.00
 721.00	 714.60	 5.4487	34.3668	27.1277	 0.27	 11.54	0.041	  145.28	100.00
 722.00	 715.59	 5.4477	34.3668	27.1279	 0.27	 11.57	0.042	  145.33	100.00
 723.00	 716.58	 5.4451	34.3670	27.1283	 0.26	 11.48	0.041	  145.30	100.00
 724.00	 717.57	 5.4342	34.3672	27.1298	 0.26	 11.50	0.040	  145.27	100.00
 725.00	 718.56	 5.4187	34.3688	27.1329	 0.26	 11.51	0.041	  145.32	100.00
 726.00	 719.55	 5.4146	34.3692	27.1337	 0.27	 11.54	0.042	  145.28	100.00
 727.00	 720.54	 5.4084	34.3696	27.1348	 0.26	 11.51	0.041	  145.29	100.00
 728.00	 721.53	 5.4038	34.3703	27.1359	 0.27	 11.60	0.040	  145.26	100.00
 729.00	 722.52	 5.4010	34.3705	27.1364	 0.26	 11.47	0.042	  145.30	100.00
 730.00	 723.51	 5.3991	34.3705	27.1366	 0.27	 11.58	0.042	  145.21	100.00
 731.00	 724.50	 5.3907	34.3710	27.1380	 0.27	 11.66	0.042	  145.26	100.00
 732.00	 725.49	 5.3799	34.3715	27.1397	 0.26	 11.52	0.042	  145.24	100.00
 733.00	 726.48	 5.3706	34.3722	27.1414	 0.27	 11.62	0.040	  145.20	100.00
 734.00	 727.47	 5.3671	34.3725	27.1420	 0.27	 11.57	0.041	  145.22	100.00
 735.00	 728.45	 5.3650	34.3727	27.1424	 0.27	 11.73	0.042	  145.18	100.00
 736.00	 729.44	 5.3546	34.3732	27.1441	 0.27	 11.84	0.041	  145.21	100.00
 737.00	 730.43	 5.3359	34.3751	27.1478	 0.27	 11.66	0.040	  145.25	100.00
 738.00	 731.42	 5.3295	34.3760	27.1493	 0.27	 11.77	0.040	  145.19	100.00
 739.00	 732.41	 5.3276	34.3765	27.1499	 0.26	 11.51	0.042	  145.19	100.00
 740.00	 733.40	 5.3268	34.3763	27.1499	 0.26	 11.44	0.042	  145.16	100.00
 741.00	 734.39	 5.3250	34.3766	27.1503	 0.27	 11.61	0.042	  145.18	100.00
 742.00	 735.38	 5.3240	34.3768	27.1506	 0.26	 11.42	0.042	  145.20	100.00
 743.00	 736.37	 5.3217	34.3770	27.1510	 0.26	 11.50	0.042	  145.18	100.00
 744.00	 737.36	 5.3171	34.3777	27.1521	 0.26	 11.49	0.040	  145.15	100.00
 745.00	 738.35	 5.3151	34.3780	27.1526	 0.27	 11.53	0.041	  145.16	100.00
 746.00	 739.34	 5.3116	34.3781	27.1531	 0.27	 11.54	0.042	  145.18	100.00
 747.00	 740.33	 5.3062	34.3787	27.1543	 0.27	 11.54	0.041	  145.13	100.00
 748.00	 741.32	 5.3036	34.3787	27.1546	 0.27	 11.54	0.040	  145.15	100.00
 749.00	 742.31	 5.3020	34.3790	27.1550	 0.27	 11.54	0.040	  145.14	100.00
 750.00	 743.29	 5.3012	34.3790	27.1551	 0.27	 11.55	0.040	  145.08	100.00
 751.00	 744.28	 5.3000	34.3790	27.1553	 0.27	 11.55	0.040	  145.12	100.00
 752.00	 745.27	 5.2993	34.3792	27.1555	 0.26	 11.52	0.040	  145.13	100.00
 753.00	 746.26	 5.2993	34.3792	27.1555	 0.27	 11.54	0.040	  145.05	100.00
 754.00	 747.25	 5.2990	34.3793	27.1557	 0.27	 11.59	0.041	  145.05	100.00
 755.00	 748.24	 5.2990	34.3793	27.1557	 0.27	 11.56	0.042	  145.10	100.00
 756.00	 749.23	 5.2992	34.3793	27.1557	 0.27	 11.56	0.042	  145.13	100.00
 757.00	 750.22	 5.2985	34.3793	27.1557	 0.27	 11.54	0.041	  145.12	100.00
 758.00	 751.21	 5.2982	34.3793	27.1558	 0.27	 11.54	0.042	  145.07	100.00
 759.00	 752.20	 5.2986	34.3793	27.1557	 0.27	 11.59	0.041	  145.11	100.00
 760.00	 753.19	 5.2979	34.3794	27.1559	 0.27	 11.56	0.041	  145.15	100.00
 761.00	 754.18	 5.2977	34.3794	27.1559	 0.26	 11.49	0.042	  145.02	100.00
 762.00	 755.17	 5.2968	34.3794	27.1560	 0.26	 11.50	0.041	  145.07	100.00
 763.00	 756.15	 5.2965	34.3794	27.1561	 0.27	 11.61	0.041	  145.08	100.00
 764.00	 757.14	 5.2924	34.3794	27.1566	 0.27	 11.60	0.041	  145.10	100.00
 765.00	 758.13	 5.2861	34.3796	27.1575	 0.27	 11.58	0.041	  145.07	100.00
 766.00	 759.12	 5.2827	34.3798	27.1580	 0.27	 11.58	0.040	  145.06	100.00
 767.00	 760.11	 5.2813	34.3799	27.1583	 0.27	 11.58	0.040	  145.07	100.00
 768.00	 761.10	 5.2788	34.3800	27.1587	 0.27	 11.58	0.040	  145.10	100.00
 769.00	 762.09	 5.2774	34.3799	27.1588	 0.27	 11.59	0.041	  145.08	100.00
 770.00	 763.08	 5.2752	34.3802	27.1593	 0.27	 11.61	0.042	  145.04	100.00
 771.00	 764.07	 5.2731	34.3801	27.1595	 0.27	 11.68	0.042	  145.05	100.00
 772.00	 765.06	 5.2684	34.3801	27.1601	 0.27	 11.62	0.041	  145.08	100.00
 773.00	 766.05	 5.2628	34.3803	27.1609	 0.27	 11.80	0.040	  145.05	100.00
 774.00	 767.04	 5.2599	34.3805	27.1614	 0.28	 11.97	0.041	  145.03	100.00
 775.00	 768.02	 5.2533	34.3805	27.1622	 0.27	 11.78	0.042	  145.05	100.00
 776.00	 769.01	 5.2386	34.3812	27.1645	 0.27	 11.90	0.041	  145.05	100.00
 777.00	 770.00	 5.2314	34.3821	27.1660	 0.27	 11.78	0.041	  145.06	100.00
 778.00	 770.99	 5.2290	34.3822	27.1664	 0.27	 11.87	0.041	  145.06	100.00
 779.00	 771.98	 5.2247	34.3826	27.1672	 0.27	 11.86	0.040	  145.07	100.00
 780.00	 772.97	 5.2214	34.3831	27.1680	 0.27	 11.93	0.041	  145.04	100.00
 781.00	 773.96	 5.2180	34.3832	27.1685	 0.27	 11.94	0.042	  144.97	100.00
 782.00	 774.95	 5.2133	34.3836	27.1693	 0.28	 12.03	0.041	  145.05	100.00
 783.00	 775.94	 5.2090	34.3841	27.1702	 0.28	 11.96	0.040	  145.00	100.00
 784.00	 776.93	 5.2065	34.3844	27.1708	 0.27	 11.83	0.040	  145.05	100.00
 785.00	 777.92	 5.2034	34.3845	27.1713	 0.28	 12.03	0.040	  145.07	100.00
 786.00	 778.91	 5.1945	34.3861	27.1735	 0.28	 11.98	0.040	  145.03	100.00
 787.00	 779.89	 5.1923	34.3869	27.1745	 0.27	 11.84	0.040	  145.02	100.00
 788.00	 780.88	 5.1853	34.3880	27.1761	 0.27	 11.85	0.042	  145.04	100.00
 789.00	 781.87	 5.1772	34.3889	27.1778	 0.28	 11.98	0.042	  145.02	100.00
 790.00	 782.86	 5.1751	34.3888	27.1780	 0.28	 11.97	0.042	  145.05	100.00
 791.00	 783.85	 5.1732	34.3888	27.1782	 0.28	 12.02	0.042	  144.94	100.00
 792.00	 784.84	 5.1719	34.3887	27.1783	 0.27	 11.87	0.042	  145.02	100.00
 793.00	 785.83	 5.1622	34.3881	27.1790	 0.28	 12.07	0.041	  144.97	100.00
 794.00	 786.82	 5.1560	34.3884	27.1799	 0.28	 12.14	0.041	  144.99	100.00
 795.00	 787.81	 5.1476	34.3888	27.1812	 0.28	 12.15	0.042	  144.95	100.00
 796.00	 788.80	 5.1412	34.3893	27.1823	 0.28	 12.07	0.041	  144.93	100.00
 797.00	 789.79	 5.1381	34.3894	27.1828	 0.28	 12.07	0.040	  145.01	100.00
 798.00	 790.77	 5.1348	34.3897	27.1835	 0.28	 12.08	0.040	  144.96	100.00
 799.00	 791.76	 5.1298	34.3899	27.1842	 0.28	 12.08	0.040	  144.87	100.00
 800.00	 792.75	 5.1258	34.3905	27.1851	 0.28	 12.08	0.040	  144.90	100.00
 801.00	 793.74	 5.1258	34.3903	27.1850	 0.28	 12.08	0.041	  144.94	100.00
 802.00	 794.73	 5.1221	34.3907	27.1857	 0.28	 12.09	0.041	  144.93	100.00
 803.00	 795.72	 5.1168	34.3909	27.1865	 0.28	 12.09	0.040	  144.97	100.00
 804.00	 796.71	 5.1130	34.3912	27.1872	 0.28	 12.09	0.041	  144.91	100.00
 805.00	 797.70	 5.1112	34.3913	27.1875	 0.28	 12.13	0.042	  144.90	100.00
 806.00	 798.69	 5.1101	34.3915	27.1878	 0.28	 12.22	0.041	  144.92	100.00
 807.00	 799.68	 5.1089	34.3914	27.1879	 0.28	 12.12	0.040	  144.99	100.00
 808.00	 800.66	 5.1067	34.3916	27.1883	 0.28	 12.00	0.041	  144.96	100.00
 809.00	 801.65	 5.1058	34.3918	27.1886	 0.28	 12.10	0.042	  144.95	100.00
 810.00	 802.64	 5.1027	34.3919	27.1890	 0.28	 12.15	0.041	  144.92	100.00
 811.00	 803.63	 5.0994	34.3921	27.1895	 0.28	 12.19	0.041	  144.86	100.00
 812.00	 804.62	 5.0913	34.3925	27.1908	 0.28	 12.27	0.041	  144.87	100.00
 813.00	 805.61	 5.0853	34.3929	27.1918	 0.29	 12.57	0.041	  144.83	100.00
 814.00	 806.60	 5.0631	34.3934	27.1948	 0.29	 12.60	0.041	  144.88	100.00
 815.00	 807.59	 5.0436	34.3955	27.1987	 0.29	 12.68	0.042	  144.80	100.00
 816.00	 808.58	 5.0322	34.3969	27.2011	 0.30	 12.94	0.042	  144.85	100.00
 817.00	 809.57	 5.0191	34.3982	27.2036	 0.30	 12.85	0.042	  144.86	100.00
 818.00	 810.55	 5.0087	34.3995	27.2059	 0.30	 13.01	0.042	  144.90	100.00
 819.00	 811.54	 4.9876	34.4009	27.2094	 0.30	 13.03	0.041	  144.91	100.00
 820.00	 812.53	 4.9662	34.4035	27.2139	 0.30	 13.21	0.041	  144.87	100.00
 821.00	 813.52	 4.9589	34.4042	27.2153	 0.30	 13.22	0.042	  144.85	100.00
 822.00	 814.51	 4.9506	34.4049	27.2168	 0.30	 13.02	0.042	  144.91	100.00
 823.00	 815.50	 4.9458	34.4054	27.2177	 0.30	 13.05	0.042	  144.89	100.00
 824.00	 816.49	 4.9422	34.4060	27.2186	 0.30	 13.01	0.042	  144.80	100.00
 825.00	 817.48	 4.9396	34.4061	27.2190	 0.30	 13.03	0.040	  144.84	100.00
 826.00	 818.47	 4.9355	34.4068	27.2200	 0.30	 13.00	0.040	  144.87	100.00
 827.00	 819.45	 4.9335	34.4072	27.2206	 0.30	 13.05	0.040	  144.83	100.00
 828.00	 820.44	 4.9323	34.4075	27.2210	 0.30	 13.08	0.040	  144.85	100.00
 829.00	 821.43	 4.9305	34.4076	27.2212	 0.30	 13.22	0.041	  144.77	100.00
 830.00	 822.42	 4.9234	34.4079	27.2223	 0.31	 13.54	0.041	  144.80	100.00
 831.00	 823.41	 4.9175	34.4085	27.2235	 0.30	 13.24	0.040	  144.80	100.00
 832.00	 824.40	 4.9121	34.4088	27.2243	 0.30	 13.21	0.040	  144.81	100.00
 833.00	 825.39	 4.9047	34.4095	27.2257	 0.31	 13.46	0.041	  144.84	100.00
 834.00	 826.38	 4.9002	34.4100	27.2266	 0.31	 13.37	0.041	  144.83	100.00
 835.00	 827.37	 4.8954	34.4101	27.2272	 0.31	 13.47	0.041	  144.86	100.00
 836.00	 828.35	 4.8875	34.4105	27.2285	 0.31	 13.68	0.041	  144.82	100.00
 837.00	 829.34	 4.8678	34.4111	27.2311	 0.31	 13.61	0.040	  144.82	100.00
 838.00	 830.33	 4.8565	34.4122	27.2333	 0.31	 13.60	0.040	  144.83	100.00
 839.00	 831.32	 4.8536	34.4124	27.2338	 0.31	 13.68	0.041	  144.82	100.00
 840.00	 832.31	 4.8531	34.4126	27.2340	 0.32	 13.70	0.041	  144.82	100.00
 841.00	 833.30	 4.8523	34.4128	27.2343	 0.31	 13.59	0.040	  144.79	100.00
 842.00	 834.29	 4.8521	34.4128	27.2343	 0.31	 13.66	0.041	  144.82	100.00
 843.00	 835.28	 4.8518	34.4128	27.2344	 0.31	 13.55	0.041	  144.79	100.00
 844.00	 836.27	 4.8508	34.4130	27.2346	 0.31	 13.65	0.040	  144.83	100.00
 845.00	 837.25	 4.8512	34.4131	27.2347	 0.32	 14.01	0.041	  144.82	100.00
 846.00	 838.24	 4.8491	34.4131	27.2349	 0.31	 13.58	0.042	  144.76	100.00
 847.00	 839.23	 4.8479	34.4135	27.2354	 0.31	 13.66	0.041	  144.80	100.00
 848.00	 840.22	 4.8473	34.4133	27.2353	 0.32	 14.05	0.040	  144.80	100.00
 849.00	 841.21	 4.8421	34.4139	27.2364	 0.32	 13.78	0.040	  144.77	100.00
 850.00	 842.20	 4.8396	34.4140	27.2367	 0.31	 13.59	0.041	  144.78	100.00
 851.00	 843.19	 4.8370	34.4143	27.2373	 0.32	 13.72	0.041	  144.76	100.00
 852.00	 844.18	 4.8354	34.4145	27.2376	 0.32	 13.76	0.040	  144.76	 86.89
 853.00	 845.17	 4.8342	34.4145	27.2378	 0.32	 13.78	0.041	  144.78	100.61
 854.00	 846.15	 4.8342	34.4145	27.2378	 0.32	 13.83	0.041	  144.76	100.00
 855.00	 847.14	 4.8322	34.4146	27.2381	 0.32	 13.89	0.041	  144.80	100.00
