wcoa21_data_management/01_CRUISE_METADATA/00_OCADS_data/CTD_downcasts/WCOA_2021_CTD_downcasts/dRB2102_CTD_100_01_F.txt
* Sea-Bird SBE 9 Data:
* Software Version Seasave V 7.26.7.107
* Vessel: NOAA Ship Ronald H. Brown
* Cruise: RB2102, West Coast Ocean Acidification (WCOA) 2021
* Dates: 20210622 to 20210723
* Region: NE Pacific, USA West Coast
* Ports: San Diego, CA to Port Angeles, WA to San Diego, CA
* Chief Scientists: R. Feely, NOAA PMEL; D. Greeley, NOAA PMEL; B. Carter, NOAA PMEL / UW CICOES
*END*
[from data line 214]
 217.00	 215.29	 8.3893	34.1017	26.5132	 1.50	 65.47	0.041	  153.84	 69.20
 218.00	 216.28	 8.3543	34.1014	26.5183	 1.49	 64.97	0.041	  153.79	 68.08
 219.00	 217.27	 8.3252	34.1066	26.5268	 1.49	 64.78	0.042	  153.71	 66.88
 220.00	 218.26	 8.3267	34.1065	26.5265	 1.48	 64.52	0.042	  153.65	 66.04
 221.00	 219.25	 8.3282	34.1064	26.5262	 1.49	 64.62	0.042	  153.63	 65.18
 222.00	 220.24	 8.3239	34.1066	26.5270	 1.48	 64.54	0.042	  153.61	 64.12
 223.00	 221.24	 8.3195	34.1068	26.5279	 1.47	 64.01	0.042	  153.54	 62.75
 224.00	 222.23	 8.2911	34.1074	26.5326	 1.46	 63.53	0.041	  153.55	 62.03
 225.00	 223.22	 8.2809	34.1088	26.5353	 1.46	 63.57	0.041	  153.45	 61.15
 226.00	 224.21	 8.2743	34.1095	26.5369	 1.46	 63.63	0.041	  153.42	 60.14
 227.00	 225.20	 8.2792	34.1103	26.5367	 1.46	 63.56	0.041	  153.35	 59.32
 228.00	 226.19	 8.2800	34.1096	26.5361	 1.46	 63.69	0.042	  153.29	 58.13
 229.00	 227.18	 8.2808	34.1089	26.5355	 1.47	 63.77	0.042	  153.23	 57.51
 230.00	 228.18	 8.2829	34.1094	26.5356	 1.46	 63.56	0.041	  153.22	 56.34
 231.00	 229.17	 8.2772	34.1095	26.5365	 1.45	 63.22	0.042	  153.09	 55.34
 232.00	 230.16	 8.2656	34.1107	26.5392	 1.45	 62.98	0.042	  153.12	 54.18
 233.00	 231.15	 8.2619	34.1112	26.5402	 1.45	 62.99	0.041	  153.07	 53.47
 234.00	 232.14	 8.2518	34.1112	26.5417	 1.45	 62.88	0.041	  153.07	 52.38
 235.00	 233.13	 8.2447	34.1126	26.5439	 1.44	 62.58	0.042	  153.01	 51.49
 236.00	 234.13	 8.2449	34.1128	26.5441	 1.43	 62.34	0.042	  152.99	 50.43
 237.00	 235.12	 8.2382	34.1125	26.5448	 1.43	 62.42	0.042	  152.88	 49.36
 238.00	 236.11	 8.2319	34.1141	26.5470	 1.44	 62.64	0.042	  152.87	 48.33
 239.00	 237.10	 8.2293	34.1136	26.5471	 1.44	 62.65	0.042	  152.82	 47.46
 240.00	 238.09	 8.2300	34.1134	26.5468	 1.44	 62.44	0.042	  152.81	 46.51
 241.00	 239.08	 8.2307	34.1132	26.5466	 1.43	 62.00	0.042	  152.72	 45.47
 242.00	 240.07	 8.2227	34.1135	26.5480	 1.42	 61.78	0.042	  152.67	 44.16
 243.00	 241.07	 8.2054	34.1155	26.5522	 1.42	 61.57	0.041	  152.62	 43.55
 244.00	 242.06	 8.2062	34.1162	26.5526	 1.40	 60.97	0.042	  152.64	 42.63
 245.00	 243.05	 8.1986	34.1151	26.5530	 1.39	 60.54	0.042	  152.60	 41.61
 246.00	 244.04	 8.1501	34.1180	26.5624	 1.39	 60.33	0.042	  152.51	 40.68
 247.00	 245.03	 8.1527	34.1200	26.5637	 1.38	 59.82	0.042	  152.50	 39.48
 248.00	 246.02	 8.1312	34.1211	26.5677	 1.36	 59.28	0.042	  152.45	 38.52
 249.00	 247.01	 8.0943	34.1240	26.5756	 1.35	 58.86	0.042	  152.41	 37.67
 250.00	 248.01	 8.0936	34.1247	26.5763	 1.36	 59.13	0.042	  152.48	 36.73
 251.00	 249.00	 8.0928	34.1255	26.5770	 1.36	 59.32	0.043	  152.36	 35.62
 252.00	 249.99	 8.0892	34.1251	26.5773	 1.36	 58.98	0.042	  152.35	 34.62
 253.00	 250.98	 8.0855	34.1248	26.5776	 1.35	 58.58	0.042	  152.28	 33.64
 254.00	 251.97	 8.0825	34.1265	26.5794	 1.32	 57.47	0.042	  152.19	 32.70
 255.00	 252.96	 8.0298	34.1320	26.5915	 1.29	 56.19	0.043	  152.22	 31.72
 256.00	 253.95	 7.9772	34.1375	26.6036	 1.26	 54.76	0.043	  152.20	 31.12
 257.00	 254.95	 7.8853	34.1431	26.6216	 1.21	 52.69	0.043	  152.15	 29.84
 258.00	 255.94	 7.7935	34.1487	26.6394	 1.20	 52.02	0.043	  152.15	 29.01
 259.00	 256.93	 7.7792	34.1483	26.6411	 1.19	 51.65	0.042	  152.18	 28.03
 260.00	 257.92	 7.7686	34.1510	26.6448	 1.19	 51.60	0.042	  152.13	 27.05
 261.00	 258.91	 7.7711	34.1509	26.6444	 1.18	 51.38	0.042	  151.97	 26.35
 262.00	 259.90	 7.7737	34.1507	26.6439	 1.18	 51.22	0.043	  151.99	 25.23
 263.00	 260.89	 7.7675	34.1514	26.6454	 1.18	 51.25	0.042	  151.95	 24.40
 264.00	 261.89	 7.7699	34.1520	26.6455	 1.18	 51.33	0.041	  151.88	 23.44
 265.00	 262.88	 7.7700	34.1515	26.6451	 1.18	 51.16	0.042	  151.90	 22.57
 266.00	 263.87	 7.7682	34.1517	26.6456	 1.17	 50.83	0.042	  151.80	 21.54
 267.00	 264.86	 7.7601	34.1524	26.6472	 1.16	 50.64	0.041	  151.75	 20.73
 268.00	 265.85	 7.7528	34.1536	26.6493	 1.16	 50.66	0.041	  151.73	 19.69
 269.00	 266.84	 7.7547	34.1533	26.6488	 1.17	 50.68	0.042	  151.67	 18.73
 270.00	 267.83	 7.7524	34.1538	26.6496	 1.16	 50.61	0.043	  151.63	 17.73
 271.00	 268.82	 7.7527	34.1540	26.6496	 1.16	 50.59	0.043	  151.55	 16.79
 272.00	 269.82	 7.7574	34.1535	26.6486	 1.16	 50.37	0.043	  151.42	 15.84
 273.00	 270.81	 7.7334	34.1551	26.6534	 1.15	 50.02	0.043	  151.24	 14.95
 274.00	 271.80	 7.7343	34.1553	26.6534	 1.14	 49.76	0.043	  151.14	 14.17
 275.00	 272.79	 7.6937	34.1576	26.6611	 1.13	 49.07	0.043	  150.98	 13.34
 276.00	 273.78	 7.6683	34.1598	26.6665	 1.11	 48.30	0.043	  150.74	 12.47
 277.00	 274.77	 7.6631	34.1608	26.6680	 1.11	 48.49	0.042	  150.58	 11.57
 278.00	 275.76	 7.6631	34.1603	26.6677	 1.12	 48.63	0.042	  150.52	 10.61
 279.00	 276.76	 7.6631	34.1598	26.6673	 1.13	 49.23	0.042	  150.20	  9.63
