wcoa21_data_management/01_CRUISE_METADATA/00_OCADS_data/CTD_downcasts/WCOA_2021_CTD_downcasts/dRB2102_CTD_001_01_F.txt
* Sea-Bird SBE 9 Data:
* Software Version Seasave V 7.26.7.107
* Vessel: NOAA Ship Ronald H. Brown
* Cruise: RB2102, West Coast Ocean Acidification (WCOA) 2021
* Dates: 20210622 to 20210723
* Region: NE Pacific, USA West Coast
* Ports: San Diego, CA to Port Angeles, WA to San Diego, CA
* Chief Scientists: R. Feely, NOAA PMEL; D. Greeley, NOAA PMEL; B. Carter, NOAA PMEL / UW CICOES
*END*
[from data line 1281]
1285.00	1269.89	 2.9214	34.4384	27.4519	 0.44	 19.04	0.040	  193.93	100.00
1286.00	1270.88	 2.9166	34.4386	27.4525	 0.44	 19.06	0.041	  193.99	100.00
1287.00	1271.87	 2.9102	34.4391	27.4535	 0.44	 19.06	0.041	  193.88	100.00
1288.00	1272.85	 2.9034	34.4393	27.4542	 0.44	 19.14	0.041	  193.93	100.00
1289.00	1273.84	 2.8950	34.4404	27.4559	 0.44	 19.16	0.042	  193.92	100.00
1290.00	1274.82	 2.8934	34.4404	27.4560	 0.44	 19.20	0.040	  193.88	100.00
1291.00	1275.81	 2.8908	34.4406	27.4564	 0.44	 19.23	0.040	  193.93	100.00
1292.00	1276.79	 2.8890	34.4408	27.4567	 0.44	 19.24	0.041	  193.96	100.00
1293.00	1277.78	 2.8866	34.4411	27.4572	 0.44	 19.28	0.041	  193.87	100.00
1294.00	1278.76	 2.8827	34.4413	27.4577	 0.44	 19.24	0.041	  193.89	100.00
1295.00	1279.75	 2.8783	34.4418	27.4585	 0.44	 19.28	0.040	  193.90	100.00
1296.00	1280.73	 2.8757	34.4419	27.4588	 0.44	 19.29	0.040	  193.88	100.00
1297.00	1281.72	 2.8731	34.4423	27.4593	 0.45	 19.35	0.040	  193.89	100.00
1298.00	1282.70	 2.8726	34.4423	27.4594	 0.45	 19.35	0.040	  193.82	100.00
1299.00	1283.69	 2.8726	34.4423	27.4594	 0.44	 19.34	0.040	  193.85	100.00
1300.00	1284.67	 2.8723	34.4422	27.4594	 0.45	 19.34	0.041	  193.86	100.00
1301.00	1285.66	 2.8712	34.4424	27.4596	 0.44	 19.32	0.042	  193.85	100.00
1302.00	1286.64	 2.8704	34.4424	27.4597	 0.44	 19.33	0.042	  193.82	100.00
1303.00	1287.63	 2.8706	34.4425	27.4598	 0.44	 19.31	0.041	  193.84	100.00
1304.00	1288.61	 2.8700	34.4425	27.4598	 0.44	 19.33	0.040	  193.88	100.00
1305.00	1289.60	 2.8695	34.4425	27.4598	 0.44	 19.32	0.040	  193.82	100.00
1306.00	1290.58	 2.8685	34.4424	27.4599	 0.44	 19.32	0.040	  193.83	100.00
1307.00	1291.57	 2.8616	34.4427	27.4607	 0.44	 19.32	0.041	  193.85	100.00
1308.00	1292.55	 2.8561	34.4431	27.4616	 0.45	 19.35	0.041	  193.81	100.00
1309.00	1293.54	 2.8535	34.4434	27.4620	 0.45	 19.40	0.041	  193.81	100.00
1310.00	1294.52	 2.8520	34.4435	27.4622	 0.45	 19.39	0.040	  193.82	100.00
1311.00	1295.51	 2.8488	34.4434	27.4624	 0.45	 19.43	0.040	  193.84	100.00
1312.00	1296.49	 2.8440	34.4441	27.4634	 0.45	 19.41	0.041	  193.80	100.00
1313.00	1297.48	 2.8414	34.4441	27.4637	 0.45	 19.44	0.040	  193.82	100.00
1314.00	1298.46	 2.8369	34.4441	27.4641	 0.45	 19.46	0.041	  193.79	100.00
1315.00	1299.45	 2.8319	34.4443	27.4647	 0.45	 19.47	0.040	  193.82	100.00
1316.00	1300.43	 2.8278	34.4448	27.4654	 0.45	 19.56	0.041	  193.80	100.00
1317.00	1301.42	 2.8223	34.4451	27.4662	 0.45	 19.62	0.040	  193.82	100.00
1318.00	1302.40	 2.8184	34.4458	27.4671	 0.45	 19.72	0.041	  193.88	100.00
1319.00	1303.39	 2.8160	34.4462	27.4676	 0.45	 19.68	0.041	  193.83	100.00
1320.00	1304.37	 2.8160	34.4461	27.4675	 0.45	 19.74	0.040	  193.82	100.00
1321.00	1305.36	 2.8157	34.4460	27.4675	 0.45	 19.71	0.041	  193.83	100.00
1322.00	1306.35	 2.8151	34.4462	27.4677	 0.45	 19.77	0.040	  193.77	100.00
1323.00	1307.33	 2.8130	34.4464	27.4681	 0.45	 19.74	0.040	  193.80	100.00
1324.00	1308.32	 2.8117	34.4466	27.4684	 0.45	 19.76	0.040	  193.77	100.00
1325.00	1309.30	 2.8128	34.4465	27.4682	 0.45	 19.72	0.041	  193.75	100.00
1326.00	1310.29	 2.8104	34.4469	27.4687	 0.45	 19.70	0.041	  193.74	100.00
1327.00	1311.27	 2.8087	34.4471	27.4690	 0.45	 19.69	0.041	  193.74	100.00
1328.00	1312.26	 2.8081	34.4471	27.4691	 0.45	 19.69	0.040	  193.75	100.00
1329.00	1313.24	 2.8025	34.4480	27.4703	 0.45	 19.63	0.041	  193.68	100.00
1330.00	1314.23	 2.7971	34.4487	27.4713	 0.45	 19.64	0.041	  193.69	100.00
1331.00	1315.21	 2.7952	34.4492	27.4719	 0.45	 19.62	0.040	  193.67	100.00
1332.00	1316.20	 2.7951	34.4492	27.4719	 0.45	 19.63	0.042	  193.62	100.00
1333.00	1317.18	 2.7926	34.4498	27.4726	 0.45	 19.66	0.041	  193.68	100.00
1334.00	1318.17	 2.7904	34.4505	27.4734	 0.45	 19.65	0.040	  193.70	100.00
1335.00	1319.15	 2.7915	34.4501	27.4730	 0.45	 19.66	0.041	  193.67	100.00
1336.00	1320.14	 2.7862	34.4513	27.4744	 0.45	 19.69	0.041	  193.68	100.00
1337.00	1321.12	 2.7856	34.4515	27.4746	 0.45	 19.71	0.041	  193.64	100.00
1338.00	1322.11	 2.7856	34.4515	27.4746	 0.45	 19.70	0.041	  193.62	100.00
1339.00	1323.09	 2.7857	34.4515	27.4746	 0.45	 19.72	0.042	  193.67	100.00
1340.00	1324.08	 2.7859	34.4515	27.4746	 0.45	 19.70	0.041	  193.63	100.00
1341.00	1325.06	 2.7851	34.4515	27.4747	 0.45	 19.69	0.040	  193.63	100.00
1342.00	1326.05	 2.7827	34.4519	27.4752	 0.45	 19.68	0.041	  193.46	100.00
1343.00	1327.03	 2.7800	34.4523	27.4758	 0.45	 19.70	0.041	  193.44	100.00
1344.00	1328.02	 2.7755	34.4537	27.4772	 0.46	 19.82	0.040	  193.40	100.00
1345.00	1329.00	 2.7738	34.4542	27.4778	 0.46	 19.88	0.040	  193.32	100.00
1346.00	1329.99	 2.7714	34.4549	27.4786	 0.46	 19.91	0.041	  193.18	100.00
1347.00	1330.97	 2.7683	34.4554	27.4793	 0.46	 19.97	0.041	  193.09	100.00
1348.00	1331.95	 2.7650	34.4558	27.4799	 0.46	 19.97	0.040	  192.95	100.00
1349.00	1332.94	 2.7619	34.4564	27.4806	 0.46	 20.03	0.041	  192.84	100.00
1350.00	1333.92	 2.7575	34.4569	27.4814	 0.46	 20.07	0.041	  192.66	100.00
1351.00	1334.91	 2.7527	34.4575	27.4824	 0.46	 20.11	0.040	  192.03	100.00
