wcoa21_data_management/01_CRUISE_METADATA/00_OCADS_data/CTD_downcasts/WCOA_2021_CTD_downcasts/dRB2102_CTD_045_01_F.txt
* Sea-Bird SBE 9 Data:
* Software Version Seasave V 7.26.7.107
* Vessel: NOAA Ship Ronald H. Brown
* Cruise: RB2102, West Coast Ocean Acidification (WCOA) 2021
* Dates: 20210622 to 20210723
* Region: NE Pacific, USA West Coast
* Ports: San Diego, CA to Port Angeles, WA to San Diego, CA
* Chief Scientists: R. Feely, NOAA PMEL; D. Greeley, NOAA PMEL; B. Carter, NOAA PMEL / UW CICOES
*END*
[from data line 1494]
1498.00	1480.57	 2.6523	34.5130	27.5363	 0.76	 32.99	0.040	  180.53	100.00
1499.00	1481.55	 2.6495	34.5129	27.5365	 0.76	 33.12	0.041	  180.50	100.00
1500.00	1482.54	 2.6494	34.5133	27.5368	 0.76	 32.95	0.040	  180.54	100.00
1501.00	1483.52	 2.6459	34.5129	27.5368	 0.76	 32.97	0.040	  180.52	100.00
1502.00	1484.51	 2.6381	34.5125	27.5371	 0.76	 32.95	0.040	  180.50	100.00
1503.00	1485.49	 2.6319	34.5132	27.5382	 0.76	 33.07	0.040	  180.51	100.00
1504.00	1486.48	 2.6305	34.5136	27.5386	 0.76	 33.13	0.041	  180.49	100.00
1505.00	1487.46	 2.6299	34.5138	27.5389	 0.76	 33.12	0.040	  180.56	100.00
1506.00	1488.45	 2.6303	34.5139	27.5390	 0.76	 33.13	0.040	  180.50	100.00
1507.00	1489.43	 2.6297	34.5140	27.5391	 0.76	 33.12	0.040	  180.51	100.00
1508.00	1490.41	 2.6279	34.5139	27.5391	 0.76	 33.12	0.040	  180.54	100.00
1509.00	1491.40	 2.6274	34.5140	27.5393	 0.76	 33.13	0.040	  180.49	100.00
1510.00	1492.38	 2.6273	34.5139	27.5392	 0.76	 33.13	0.040	  180.51	100.00
1511.00	1493.37	 2.6270	34.5139	27.5393	 0.76	 33.14	0.040	  180.46	100.00
1512.00	1494.35	 2.6274	34.5142	27.5395	 0.76	 33.14	0.040	  180.49	100.00
1513.00	1495.34	 2.6278	34.5145	27.5397	 0.76	 33.16	0.040	  180.48	100.00
1514.00	1496.32	 2.6277	34.5145	27.5397	 0.76	 33.22	0.040	  180.49	100.00
1515.00	1497.31	 2.6275	34.5147	27.5399	 0.76	 33.25	0.040	  180.45	100.00
1516.00	1498.29	 2.6272	34.5145	27.5398	 0.76	 33.22	0.040	  180.45	100.00
1517.00	1499.28	 2.6270	34.5146	27.5399	 0.77	 33.31	0.040	  180.46	100.00
1518.00	1500.26	 2.6270	34.5147	27.5400	 0.76	 33.24	0.041	  180.45	100.00
1519.00	1501.25	 2.6270	34.5147	27.5399	 0.76	 33.22	0.041	  180.46	100.00
1520.00	1502.23	 2.6270	34.5147	27.5399	 0.77	 33.27	0.040	  180.42	100.00
1521.00	1503.22	 2.6266	34.5147	27.5400	 0.77	 33.34	0.040	  180.43	100.00
1522.00	1504.20	 2.6256	34.5146	27.5401	 0.77	 33.44	0.040	  180.41	100.00
1523.00	1505.19	 2.6253	34.5148	27.5402	 0.76	 33.22	0.040	  180.43	100.00
1524.00	1506.17	 2.6249	34.5146	27.5401	 0.76	 33.21	0.041	  180.40	100.00
1525.00	1507.16	 2.6242	34.5144	27.5400	 0.77	 33.26	0.040	  180.43	100.00
1526.00	1508.14	 2.6225	34.5144	27.5401	 0.77	 33.32	0.040	  180.46	100.00
1527.00	1509.13	 2.6212	34.5145	27.5404	 0.77	 33.27	0.041	  180.45	100.00
1528.00	1510.11	 2.6187	34.5142	27.5404	 0.76	 33.20	0.042	  180.45	100.00
1529.00	1511.10	 2.6164	34.5143	27.5406	 0.76	 33.24	0.041	  180.43	100.00
1530.00	1512.08	 2.6156	34.5144	27.5408	 0.76	 33.22	0.040	  180.45	100.00
1531.00	1513.06	 2.6153	34.5145	27.5408	 0.77	 33.26	0.040	  180.41	100.00
1532.00	1514.05	 2.6148	34.5145	27.5409	 0.77	 33.31	0.040	  180.39	100.00
1533.00	1515.03	 2.6125	34.5143	27.5410	 0.77	 33.31	0.040	  180.43	100.00
1534.00	1516.02	 2.6089	34.5147	27.5416	 0.77	 33.33	0.041	  180.42	100.00
1535.00	1517.00	 2.6088	34.5149	27.5418	 0.77	 33.39	0.041	  180.40	100.00
1536.00	1517.99	 2.6060	34.5157	27.5427	 0.77	 33.56	0.040	  180.44	100.00
1537.00	1518.97	 2.6035	34.5155	27.5427	 0.77	 33.56	0.040	  180.40	100.00
1538.00	1519.96	 2.5990	34.5158	27.5433	 0.77	 33.59	0.040	  180.39	100.00
1539.00	1520.94	 2.5983	34.5160	27.5436	 0.77	 33.61	0.040	  180.42	100.00
1540.00	1521.93	 2.5972	34.5160	27.5436	 0.77	 33.55	0.040	  180.35	100.00
1541.00	1522.91	 2.5973	34.5163	27.5439	 0.77	 33.63	0.040	  180.37	100.00
1542.00	1523.90	 2.5971	34.5162	27.5438	 0.78	 33.70	0.040	  180.32	100.00
1543.00	1524.88	 2.5967	34.5162	27.5438	 0.77	 33.64	0.040	  180.40	100.00
1544.00	1525.87	 2.5961	34.5163	27.5440	 0.78	 33.75	0.040	  180.34	100.00
1545.00	1526.85	 2.5959	34.5163	27.5440	 0.78	 33.71	0.040	  180.38	100.00
1546.00	1527.83	 2.5951	34.5161	27.5439	 0.77	 33.56	0.040	  180.33	100.00
1547.00	1528.82	 2.5940	34.5161	27.5441	 0.77	 33.66	0.040	  180.36	100.00
1548.00	1529.80	 2.5936	34.5162	27.5441	 0.77	 33.63	0.040	  180.31	100.00
1549.00	1530.79	 2.5925	34.5161	27.5442	 0.77	 33.62	0.040	  180.32	100.00
1550.00	1531.77	 2.5910	34.5160	27.5442	 0.78	 33.71	0.040	  180.30	100.00
1551.00	1532.76	 2.5894	34.5160	27.5444	 0.77	 33.61	0.040	  180.29	100.00
1552.00	1533.74	 2.5886	34.5161	27.5446	 0.77	 33.67	0.040	  180.26	100.00
1553.00	1534.73	 2.5884	34.5162	27.5446	 0.77	 33.67	0.040	  180.25	100.00
1554.00	1535.71	 2.5880	34.5166	27.5450	 0.78	 33.79	0.040	  180.26	100.00
1555.00	1536.70	 2.5878	34.5170	27.5454	 0.78	 33.88	0.040	  180.27	100.00
1556.00	1537.68	 2.5873	34.5177	27.5459	 0.78	 34.05	0.040	  180.25	100.00
1557.00	1538.67	 2.5865	34.5184	27.5466	 0.79	 34.31	0.040	  180.28	100.00
1558.00	1539.65	 2.5843	34.5188	27.5471	 0.79	 34.43	0.040	  180.26	100.00
1559.00	1540.63	 2.5801	34.5194	27.5480	 0.79	 34.47	0.040	  180.30	100.00
1560.00	1541.62	 2.5778	34.5200	27.5486	 0.80	 34.65	0.040	  180.28	100.00
1561.00	1542.60	 2.5769	34.5201	27.5488	 0.80	 34.80	0.041	  180.26	100.00
1562.00	1543.59	 2.5765	34.5202	27.5489	 0.80	 34.85	0.040	  180.21	100.00
1563.00	1544.57	 2.5757	34.5203	27.5491	 0.80	 34.93	0.040	  180.24	100.00
1564.00	1545.56	 2.5752	34.5203	27.5491	 0.80	 34.91	0.041	  180.21	100.00
1565.00	1546.54	 2.5741	34.5204	27.5493	 0.81	 35.05	0.042	  180.22	100.00
1566.00	1547.53	 2.5724	34.5205	27.5495	 0.81	 35.10	0.040	  180.24	100.00
1567.00	1548.51	 2.5696	34.5211	27.5502	 0.81	 35.19	0.040	  180.21	100.00
1568.00	1549.50	 2.5677	34.5210	27.5503	 0.81	 35.29	0.040	  180.18	100.00
1569.00	1550.48	 2.5621	34.5210	27.5508	 0.82	 35.43	0.040	  180.26	100.00
1570.00	1551.46	 2.5599	34.5217	27.5515	 0.81	 35.40	0.040	  180.25	100.00
1571.00	1552.45	 2.5595	34.5217	27.5516	 0.81	 35.32	0.040	  180.21	100.00
1572.00	1553.43	 2.5579	34.5217	27.5517	 0.81	 35.41	0.041	  180.24	100.00
1573.00	1554.42	 2.5564	34.5220	27.5521	 0.82	 35.52	0.041	  180.24	100.00
1574.00	1555.40	 2.5557	34.5221	27.5522	 0.82	 35.61	0.040	  180.21	100.00
1575.00	1556.39	 2.5547	34.5222	27.5525	 0.82	 35.70	0.040	  180.17	100.00
1576.00	1557.37	 2.5533	34.5226	27.5529	 0.82	 35.73	0.040	  180.19	100.00
1577.00	1558.36	 2.5517	34.5226	27.5530	 0.82	 35.81	0.040	  180.20	100.00
1578.00	1559.34	 2.5497	34.5229	27.5534	 0.83	 35.92	0.040	  180.17	100.00
1579.00	1560.33	 2.5467	34.5232	27.5539	 0.83	 35.90	0.040	  180.19	100.00
1580.00	1561.31	 2.5451	34.5236	27.5544	 0.83	 35.92	0.040	  180.19	100.00
1581.00	1562.29	 2.5448	34.5236	27.5544	 0.83	 35.97	0.040	  180.16	100.00
1582.00	1563.28	 2.5448	34.5237	27.5545	 0.83	 36.00	0.041	  180.16	100.00
1583.00	1564.26	 2.5443	34.5236	27.5544	 0.83	 36.05	0.042	  180.11	100.00
1584.00	1565.25	 2.5412	34.5237	27.5548	 0.83	 36.16	0.041	  180.17	100.00
1585.00	1566.23	 2.5386	34.5236	27.5550	 0.83	 36.22	0.040	  180.15	100.00
1586.00	1567.22	 2.5325	34.5236	27.5554	 0.83	 36.25	0.040	  180.10	100.00
1587.00	1568.20	 2.5282	34.5244	27.5565	 0.84	 36.40	0.040	  180.13	100.00
1588.00	1569.19	 2.5270	34.5246	27.5567	 0.84	 36.45	0.040	  180.21	100.00
1589.00	1570.17	 2.5264	34.5247	27.5569	 0.84	 36.41	0.041	  180.11	100.00
1590.00	1571.15	 2.5259	34.5246	27.5569	 0.84	 36.33	0.041	  180.11	100.00
1591.00	1572.14	 2.5250	34.5247	27.5570	 0.84	 36.44	0.041	  180.11	100.00
1592.00	1573.12	 2.5242	34.5249	27.5573	 0.84	 36.48	0.040	  180.15	100.00
1593.00	1574.11	 2.5217	34.5253	27.5578	 0.84	 36.67	0.040	  180.11	100.00
1594.00	1575.09	 2.5180	34.5256	27.5584	 0.85	 36.79	0.040	  180.12	100.00
1595.00	1576.08	 2.5161	34.5263	27.5591	 0.85	 36.74	0.041	  180.09	100.00
1596.00	1577.06	 2.5151	34.5264	27.5592	 0.85	 36.80	0.042	  180.07	100.00
1597.00	1578.05	 2.5141	34.5264	27.5593	 0.85	 36.89	0.042	  180.05	100.00
1598.00	1579.03	 2.5133	34.5264	27.5594	 0.85	 37.00	0.040	  180.03	100.00
1599.00	1580.01	 2.5124	34.5265	27.5595	 0.85	 36.98	0.040	  180.04	100.00
1600.00	1581.00	 2.5119	34.5266	27.5597	 0.85	 36.96	0.040	  180.05	100.00
1601.00	1581.98	 2.5102	34.5267	27.5599	 0.85	 37.05	0.040	  180.01	100.00
1602.00	1582.97	 2.5084	34.5270	27.5603	 0.85	 37.14	0.040	  180.04	100.00
1603.00	1583.95	 2.5068	34.5271	27.5605	 0.86	 37.22	0.040	  180.03	100.00
1604.00	1584.94	 2.5056	34.5273	27.5608	 0.86	 37.27	0.041	  180.01	100.00
1605.00	1585.92	 2.5050	34.5275	27.5610	 0.86	 37.32	0.041	  179.98	100.00
1606.00	1586.90	 2.5042	34.5274	27.5610	 0.86	 37.37	0.041	  180.02	100.00
1607.00	1587.89	 2.5028	34.5276	27.5613	 0.87	 37.62	0.040	  179.98	100.00
1608.00	1588.87	 2.4951	34.5277	27.5620	 0.86	 37.47	0.040	  180.01	100.00
1609.00	1589.86	 2.4910	34.5289	27.5633	 0.86	 37.53	0.040	  180.02	100.00
1610.00	1590.84	 2.4950	34.5286	27.5627	 0.87	 37.60	0.040	  180.01	100.00
1611.00	1591.83	 2.4939	34.5282	27.5625	 0.87	 37.72	0.040	  179.92	100.00
1612.00	1592.81	 2.4889	34.5296	27.5640	 0.87	 37.92	0.040	  179.98	100.00
1613.00	1593.80	 2.4886	34.5296	27.5641	 0.87	 37.88	0.040	  179.99	100.00
1614.00	1594.78	 2.4879	34.5294	27.5640	 0.87	 37.97	0.041	  180.00	100.00
1615.00	1595.76	 2.4830	34.5298	27.5647	 0.88	 38.14	0.040	  180.04	100.00
1616.00	1596.75	 2.4808	34.5302	27.5653	 0.88	 38.04	0.040	  179.96	100.00
1617.00	1597.73	 2.4792	34.5305	27.5656	 0.88	 38.22	0.040	  179.99	100.00
1618.00	1598.72	 2.4772	34.5306	27.5659	 0.88	 38.41	0.040	  179.96	100.00
1619.00	1599.70	 2.4722	34.5314	27.5669	 0.89	 38.48	0.040	  179.99	100.00
1620.00	1600.69	 2.4702	34.5314	27.5671	 0.89	 38.61	0.040	  179.96	100.00
1621.00	1601.67	 2.4678	34.5317	27.5675	 0.89	 38.68	0.040	  179.99	100.00
1622.00	1602.65	 2.4650	34.5319	27.5679	 0.89	 38.86	0.041	  179.95	100.00
1623.00	1603.64	 2.4618	34.5322	27.5684	 0.89	 38.84	0.042	  180.04	100.00
1624.00	1604.62	 2.4594	34.5324	27.5688	 0.90	 38.96	0.040	  180.01	100.00
1625.00	1605.61	 2.4570	34.5329	27.5694	 0.90	 39.01	0.040	  179.97	100.00
1626.00	1606.59	 2.4554	34.5330	27.5697	 0.90	 38.98	0.040	  179.98	100.00
1627.00	1607.58	 2.4548	34.5332	27.5698	 0.90	 39.14	0.040	  179.96	100.00
1628.00	1608.56	 2.4520	34.5337	27.5705	 0.90	 39.31	0.040	  179.93	100.00
1629.00	1609.54	 2.4501	34.5343	27.5711	 0.91	 39.52	0.040	  179.92	100.00
1630.00	1610.53	 2.4487	34.5344	27.5713	 0.91	 39.57	0.040	  179.95	100.00
1631.00	1611.51	 2.4477	34.5346	27.5716	 0.91	 39.62	0.040	  179.92	100.00
1632.00	1612.50	 2.4468	34.5347	27.5718	 0.91	 39.65	0.040	  179.93	100.00
1633.00	1613.48	 2.4451	34.5348	27.5719	 0.91	 39.59	0.041	  179.93	100.00
1634.00	1614.47	 2.4440	34.5349	27.5722	 0.91	 39.65	0.042	  179.96	100.00
1635.00	1615.45	 2.4420	34.5349	27.5724	 0.91	 39.74	0.041	  179.95	100.00
1636.00	1616.43	 2.4438	34.5349	27.5721	 0.92	 39.93	0.040	  179.90	100.00
1637.00	1617.42	 2.4394	34.5355	27.5730	 0.92	 39.91	0.040	  179.88	100.00
1638.00	1618.40	 2.4374	34.5356	27.5733	 0.92	 40.06	0.040	  179.85	100.00
1639.00	1619.39	 2.4341	34.5361	27.5739	 0.92	 40.13	0.040	  179.91	100.00
1640.00	1620.37	 2.4317	34.5362	27.5743	 0.92	 40.16	0.040	  179.93	100.00
1641.00	1621.35	 2.4299	34.5365	27.5746	 0.93	 40.25	0.041	  179.97	100.00
1642.00	1622.34	 2.4289	34.5366	27.5748	 0.93	 40.35	0.040	  179.88	100.00
1643.00	1623.32	 2.4264	34.5368	27.5752	 0.93	 40.48	0.042	  179.85	100.00
1644.00	1624.31	 2.4245	34.5371	27.5755	 0.93	 40.54	0.041	  179.94	100.00
1645.00	1625.29	 2.4170	34.5377	27.5767	 0.93	 40.57	0.041	  179.91	100.00
1646.00	1626.28	 2.4157	34.5380	27.5771	 0.94	 40.78	0.040	  179.93	100.00
1647.00	1627.26	 2.4143	34.5378	27.5770	 0.94	 40.91	0.040	  179.93	100.00
1648.00	1628.24	 2.4114	34.5383	27.5776	 0.94	 40.96	0.040	  179.89	100.00
1649.00	1629.23	 2.4096	34.5384	27.5779	 0.94	 41.01	0.041	  179.94	100.00
1650.00	1630.21	 2.4083	34.5384	27.5780	 0.94	 41.02	0.040	  179.90	100.00
1651.00	1631.20	 2.4051	34.5385	27.5784	 0.95	 41.09	0.040	  179.91	100.00
1652.00	1632.18	 2.4030	34.5388	27.5787	 0.95	 41.16	0.040	  179.93	100.00
1653.00	1633.16	 2.4017	34.5390	27.5790	 0.95	 41.24	0.041	  179.91	100.00
1654.00	1634.15	 2.3957	34.5395	27.5799	 0.95	 41.36	0.041	  179.91	100.00
1655.00	1635.13	 2.3938	34.5399	27.5804	 0.95	 41.45	0.041	  179.87	100.00
1656.00	1636.12	 2.3900	34.5401	27.5808	 0.96	 41.52	0.041	  179.85	100.00
1657.00	1637.10	 2.3881	34.5406	27.5814	 0.96	 41.57	0.042	  179.81	100.00
1658.00	1638.09	 2.3880	34.5404	27.5813	 0.96	 41.62	0.041	  179.84	100.00
1659.00	1639.07	 2.3901	34.5403	27.5810	 0.96	 41.75	0.041	  179.80	100.00
1660.00	1640.05	 2.3871	34.5406	27.5816	 0.96	 41.68	0.041	  179.84	100.00
1661.00	1641.04	 2.3865	34.5408	27.5818	 0.96	 41.75	0.041	  179.82	100.00
1662.00	1642.02	 2.3847	34.5409	27.5820	 0.96	 41.75	0.040	  179.81	100.00
1663.00	1643.01	 2.3843	34.5410	27.5821	 0.96	 41.81	0.041	  179.77	100.00
1664.00	1643.99	 2.3818	34.5410	27.5823	 0.97	 41.94	0.042	  179.82	100.00
1665.00	1644.97	 2.3751	34.5418	27.5835	 0.97	 42.06	0.041	  179.82	100.00
1666.00	1645.96	 2.3720	34.5421	27.5840	 0.97	 42.23	0.041	  179.84	100.00
1667.00	1646.94	 2.3712	34.5419	27.5839	 0.97	 42.34	0.042	  179.81	100.00
1668.00	1647.93	 2.3696	34.5422	27.5843	 0.97	 42.19	0.041	  179.76	100.00
1669.00	1648.91	 2.3685	34.5424	27.5845	 0.97	 42.21	0.041	  179.79	100.00
1670.00	1649.89	 2.3668	34.5425	27.5848	 0.97	 42.36	0.041	  179.85	100.00
1671.00	1650.88	 2.3647	34.5428	27.5852	 0.98	 42.51	0.041	  179.81	100.00
1672.00	1651.86	 2.3617	34.5429	27.5856	 0.98	 42.59	0.040	  179.85	100.00
1673.00	1652.85	 2.3586	34.5433	27.5861	 0.98	 42.68	0.041	  179.78	100.00
1674.00	1653.83	 2.3565	34.5436	27.5865	 0.98	 42.78	0.040	  179.73	100.00
1675.00	1654.81	 2.3558	34.5436	27.5866	 0.99	 42.85	0.040	  179.74	100.00
1676.00	1655.80	 2.3556	34.5437	27.5867	 0.98	 42.76	0.040	  179.73	100.00
1677.00	1656.78	 2.3552	34.5437	27.5868	 0.98	 42.79	0.040	  179.72	100.00
1678.00	1657.77	 2.3547	34.5439	27.5869	 0.99	 42.83	0.040	  179.78	100.00
1679.00	1658.75	 2.3545	34.5440	27.5870	 0.99	 42.94	0.042	  179.77	100.00
1680.00	1659.74	 2.3539	34.5438	27.5869	 0.99	 43.02	0.041	  179.73	100.00
1681.00	1660.72	 2.3532	34.5440	27.5872	 0.99	 43.03	0.040	  179.76	100.00
1682.00	1661.70	 2.3492	34.5439	27.5874	 0.99	 43.09	0.040	  179.74	100.00
1683.00	1662.69	 2.3441	34.5447	27.5885	 0.99	 43.14	0.040	  179.74	100.00
1684.00	1663.67	 2.3419	34.5451	27.5889	 1.00	 43.26	0.041	  179.72	100.00
1685.00	1664.66	 2.3405	34.5451	27.5891	 1.00	 43.32	0.040	  179.74	100.00
1686.00	1665.64	 2.3384	34.5455	27.5896	 1.00	 43.42	0.040	  179.76	100.00
1687.00	1666.62	 2.3367	34.5457	27.5899	 1.00	 43.38	0.041	  179.78	100.00
1688.00	1667.61	 2.3355	34.5459	27.5902	 1.00	 43.49	0.041	  179.74	100.00
1689.00	1668.59	 2.3346	34.5459	27.5902	 1.01	 43.68	0.040	  179.70	100.00
1690.00	1669.58	 2.3337	34.5459	27.5903	 1.00	 43.68	0.041	  179.74	100.00
1691.00	1670.56	 2.3315	34.5460	27.5906	 1.00	 43.67	0.041	  179.72	100.00
1692.00	1671.54	 2.3305	34.5461	27.5907	 1.01	 43.71	0.041	  179.74	100.00
1693.00	1672.53	 2.3296	34.5461	27.5908	 1.01	 43.74	0.040	  179.68	100.00
1694.00	1673.51	 2.3283	34.5462	27.5910	 1.01	 43.85	0.040	  179.74	100.00
1695.00	1674.49	 2.3250	34.5467	27.5917	 1.01	 43.91	0.040	  179.69	100.00
1696.00	1675.48	 2.3245	34.5468	27.5918	 1.01	 43.90	0.040	  179.69	100.00
1697.00	1676.46	 2.3232	34.5468	27.5919	 1.01	 43.97	0.040	  179.70	100.00
1698.00	1677.45	 2.3221	34.5469	27.5921	 1.01	 43.98	0.041	  179.63	100.00
1699.00	1678.43	 2.3176	34.5471	27.5927	 1.01	 44.03	0.040	  179.71	100.00
1700.00	1679.41	 2.3144	34.5476	27.5933	 1.02	 44.21	0.040	  179.75	100.00
1701.00	1680.40	 2.3114	34.5478	27.5937	 1.02	 44.39	0.040	  179.69	100.00
1702.00	1681.38	 2.3006	34.5488	27.5954	 1.03	 44.60	0.040	  179.71	100.00
1703.00	1682.37	 2.2928	34.5498	27.5968	 1.03	 44.96	0.040	  179.71	100.00
1704.00	1683.35	 2.2926	34.5497	27.5967	 1.04	 45.02	0.040	  179.70	100.00
1705.00	1684.33	 2.2917	34.5501	27.5971	 1.04	 45.09	0.041	  179.56	100.00
1706.00	1685.32	 2.2908	34.5501	27.5972	 1.04	 45.03	0.040	  179.69	100.00
1707.00	1686.30	 2.2886	34.5502	27.5975	 1.04	 45.09	0.041	  179.69	100.00
1708.00	1687.29	 2.2863	34.5505	27.5979	 1.04	 45.26	0.041	  179.69	100.00
1709.00	1688.27	 2.2858	34.5506	27.5981	 1.04	 45.32	0.041	  179.65	100.00
