wcoa21_data_management/01_CRUISE_METADATA/00_OCADS_data/CTD_downcasts/WCOA_2021_CTD_downcasts/dRB2102_CTD_038_01_F.txt
* Sea-Bird SBE 9 Data:
* Software Version Seasave V 7.26.7.107
* Vessel: NOAA Ship Ronald H. Brown
* Cruise: RB2102, West Coast Ocean Acidification (WCOA) 2021
* Dates: 20210622 to 20210723
* Region: NE Pacific, USA West Coast
* Ports: San Diego, CA to Port Angeles, WA to San Diego, CA
* Chief Scientists: R. Feely, NOAA PMEL; D. Greeley, NOAA PMEL; B. Carter, NOAA PMEL / UW CICOES
*END*
   3.00	   2.98	16.1127	31.5747	23.0895	 6.45	281.69	0.069	  165.82	 99.79
   4.00	   3.97	16.1322	31.5735	23.0842	 6.47	282.55	0.067	  165.80	 99.79
   5.00	   4.96	16.1352	31.5740	23.0840	 6.51	284.24	0.067	  165.75	 99.80
   6.00	   5.95	16.1389	31.5739	23.0831	 6.53	284.85	0.067	  165.77	 99.80
   7.00	   6.94	16.1381	31.5744	23.0837	 6.53	285.07	0.067	  165.69	 99.81
   8.00	   7.93	16.1371	31.5748	23.0843	 6.53	284.99	0.068	  165.74	 99.81
   9.00	   8.93	16.1307	31.5768	23.0873	 6.55	285.86	0.068	  165.68	 99.81
  10.00	   9.92	16.1240	31.5782	23.0899	 6.56	286.19	0.067	  165.64	 99.81
  11.00	  10.91	16.0876	31.5853	23.1035	 6.58	287.43	0.068	  165.64	 99.82
  12.00	  11.90	15.3193	31.6715	23.3390	 6.86	299.22	0.074	  165.84	 99.81
  13.00	  12.89	13.7385	31.8548	23.8112	 7.09	309.11	0.087	  166.43	 99.83
  14.00	  13.88	13.1477	31.8990	23.9631	 6.93	302.26	0.108	  166.63	 99.85
  15.00	  14.87	12.5868	31.9132	24.0827	 6.93	302.08	0.102	  166.80	 99.83
  16.00	  15.87	12.1987	31.9168	24.1589	 6.81	296.96	0.097	  167.00	 99.82
  17.00	  16.86	11.1887	31.9675	24.3821	 6.57	286.23	0.096	  167.35	 99.78
  18.00	  17.85	10.7041	32.0174	24.5056	 6.40	279.19	0.092	  167.56	 99.73
  19.00	  18.84	10.5423	32.0430	24.5533	 6.06	264.31	0.090	  167.74	 99.61
  20.00	  19.83	10.3352	32.0989	24.6319	 5.78	252.07	0.086	  167.97	 99.56
  21.00	  20.82	10.2807	32.1193	24.6570	 5.68	247.55	0.082	  168.05	 99.51
  22.00	  21.82	10.1627	32.1521	24.7023	 5.25	228.91	0.083	  168.17	 97.93
  23.00	  22.81	10.0299	32.2287	24.7841	 4.93	214.89	0.078	  168.50	 99.39
  24.00	  23.80	 9.8260	32.2592	24.8415	 4.86	211.80	0.071	  168.65	 99.36
  25.00	  24.79	 9.7569	32.2800	24.8691	 4.61	200.67	0.077	  168.80	 99.31
  26.00	  25.78	 9.6882	32.3268	24.9168	 4.41	192.23	0.067	  169.00	 99.31
  27.00	  26.77	 9.5840	32.3679	24.9657	 4.35	189.65	0.061	  169.06	 99.31
  28.00	  27.77	 9.5431	32.3870	24.9873	 4.30	187.18	0.062	  169.09	 99.32
  29.00	  28.76	 9.5403	32.3869	24.9877	 4.18	182.16	0.063	  169.19	 99.34
  30.00	  29.75	 9.3809	32.4438	25.0576	 4.01	174.85	0.059	  169.35	 99.34
  31.00	  30.74	 9.3180	32.4817	25.0973	 3.94	171.50	0.056	  169.48	 99.36
  32.00	  31.73	 9.2865	32.4995	25.1162	 3.92	170.69	0.051	  169.46	 99.37
  33.00	  32.72	 9.2646	32.5049	25.1239	 3.85	167.62	0.052	  169.50	 99.40
  34.00	  33.71	 9.2428	32.5104	25.1316	 3.75	163.45	0.052	  169.60	 99.39
  35.00	  34.71	 9.0602	32.5647	25.2028	 3.72	162.21	0.049	  169.62	 96.43
  36.00	  35.70	 9.0078	32.5847	25.2266	 3.71	161.57	0.047	  169.70	 97.21
  37.00	  36.69	 8.9305	32.6116	25.2597	 3.62	157.48	0.049	  169.59	 99.59
  38.00	  37.68	 8.8532	32.6386	25.2927	 3.48	151.57	0.048	  169.82	 99.44
  39.00	  38.67	 8.7437	32.6917	25.3511	 3.43	149.42	0.045	  169.93	 90.72
  40.00	  39.66	 8.6695	32.7244	25.3881	 3.38	147.27	0.044	  169.92	 94.71
  41.00	  40.66	 8.6673	32.7283	25.3915	 3.27	142.36	0.045	  170.02	 95.96
  42.00	  41.65	 8.5670	32.7835	25.4500	 3.17	138.19	0.044	  170.13	 99.61
  43.00	  42.64	 8.5336	32.7989	25.4672	 3.12	136.04	0.043	  170.18	 99.51
  44.00	  43.63	 8.4462	32.8073	25.4869	 3.11	135.56	0.043	  170.20	 99.51
  45.00	  44.62	 8.4059	32.8188	25.5019	 3.07	133.54	0.044	  170.13	 90.12
  46.00	  45.61	 8.3656	32.8304	25.5170	 3.01	130.94	0.043	  170.25	 87.19
  47.00	  46.60	 8.3066	32.8477	25.5394	 3.00	130.54	0.043	  170.26	 99.46
  48.00	  47.60	 8.2923	32.8476	25.5415	 3.03	132.00	0.043	  170.29	 99.56
  49.00	  48.59	 8.1750	32.8366	25.5502	 3.18	138.29	0.043	  170.24	 99.46
  50.00	  49.58	 8.0577	32.8255	25.5587	 3.57	155.33	0.043	  170.23	 99.58
  51.00	  50.57	 7.9273	32.8288	25.5802	 3.84	167.20	0.042	  170.15	 99.58
  52.00	  51.56	 7.8759	32.8429	25.5987	 4.05	176.31	0.042	  170.01	 95.51
  53.00	  52.55	 7.7840	32.8543	25.6209	 4.26	185.40	0.042	  169.91	 96.71
  54.00	  53.54	 7.7393	32.8629	25.6340	 4.47	194.72	0.043	  169.75	 99.67
  55.00	  54.54	 7.7094	32.8967	25.6648	 4.42	192.37	0.042	  169.73	 99.38
  56.00	  55.53	 7.7144	32.9298	25.6901	 4.37	190.19	0.042	  169.70	 99.37
  57.00	  56.52	 7.7110	32.9736	25.7250	 4.33	188.46	0.042	  169.72	 92.38
  58.00	  57.51	 7.7029	32.9897	25.7388	 4.34	188.77	0.041	  169.69	 99.55
  59.00	  58.50	 7.6960	33.0013	25.7490	 4.36	189.74	0.040	  169.64	 99.37
  60.00	  59.49	 7.6824	33.0245	25.7691	 4.39	190.99	0.041	  169.60	 99.37
  61.00	  60.48	 7.6663	33.0513	25.7925	 4.42	192.46	0.040	  169.55	 96.35
  62.00	  61.48	 7.6478	33.0753	25.8140	 4.44	193.22	0.040	  169.54	 99.41
  63.00	  62.47	 7.6422	33.0817	25.8198	 4.43	192.84	0.040	  169.54	 99.37
  64.00	  63.46	 7.6194	33.1060	25.8422	 4.41	191.99	0.040	  169.47	 99.36
  65.00	  64.45	 7.5986	33.1307	25.8645	 4.39	191.00	0.040	  169.45	 99.35
  66.00	  65.44	 7.5886	33.1417	25.8746	 4.37	190.07	0.040	  169.48	 99.35
  67.00	  66.43	 7.5777	33.1542	25.8860	 4.35	189.27	0.040	  169.50	 99.35
  68.00	  67.42	 7.5719	33.1608	25.8920	 4.33	188.60	0.040	  169.46	 99.36
  69.00	  68.42	 7.5679	33.1652	25.8960	 4.31	187.82	0.040	  169.43	 99.37
  70.00	  69.41	 7.5622	33.1705	25.9010	 4.28	186.30	0.040	  169.43	 99.37
  71.00	  70.40	 7.5518	33.1785	25.9088	 4.22	183.80	0.040	  169.36	 99.37
  72.00	  71.39	 7.5153	33.2051	25.9348	 4.15	180.54	0.040	  169.42	 95.90
  73.00	  72.38	 7.4739	33.2431	25.9706	 4.08	177.60	0.040	  169.50	 99.35
  74.00	  73.37	 7.4202	33.2949	26.0189	 4.03	175.22	0.040	  169.49	 99.38
  75.00	  74.36	 7.4059	33.3094	26.0322	 3.99	173.58	0.040	  169.47	 99.39
  76.00	  75.35	 7.3996	33.3163	26.0386	 3.96	172.31	0.040	  169.46	 99.39
  77.00	  76.35	 7.3943	33.3238	26.0452	 3.92	170.53	0.040	  169.46	 99.41
  78.00	  77.34	 7.3867	33.3359	26.0558	 3.87	168.61	0.040	  169.40	 99.42
  79.00	  78.33	 7.3802	33.3461	26.0648	 3.83	166.76	0.040	  169.49	 99.43
  80.00	  79.32	 7.3764	33.3509	26.0691	 3.80	165.33	0.040	  169.41	 99.44
  81.00	  80.31	 7.3690	33.3741	26.0884	 3.78	164.42	0.040	  169.39	 99.44
  82.00	  81.30	 7.3650	33.3847	26.0973	 3.76	163.85	0.040	  169.40	 99.44
  83.00	  82.29	 7.3629	33.3919	26.1033	 3.74	162.93	0.040	  169.36	 99.45
  84.00	  83.28	 7.3662	33.4013	26.1102	 3.72	161.87	0.040	  169.39	 99.46
  85.00	  84.28	 7.3703	33.4237	26.1272	 3.68	160.08	0.040	  169.33	 99.46
  86.00	  85.27	 7.4145	33.4733	26.1601	 3.63	158.13	0.040	  169.27	 99.46
  87.00	  86.26	 7.5403	33.5302	26.1871	 3.60	156.62	0.040	  169.37	 99.46
  88.00	  87.25	 7.5597	33.5374	26.1901	 3.58	155.78	0.040	  169.35	 99.46
  89.00	  88.24	 7.5551	33.5406	26.1933	 3.57	155.25	0.040	  169.33	 99.46
  90.00	  89.23	 7.5499	33.5424	26.1954	 3.54	154.25	0.040	  169.33	 99.48
  91.00	  90.22	 7.5453	33.5458	26.1987	 3.52	153.31	0.040	  169.27	 99.49
  92.00	  91.22	 7.5554	33.5516	26.2019	 3.48	151.51	0.040	  169.29	 99.49
  93.00	  92.21	 7.5834	33.5640	26.2077	 3.43	149.28	0.040	  169.26	 99.49
  94.00	  93.20	 7.6763	33.6104	26.2309	 3.39	147.38	0.040	  169.21	 99.50
  95.00	  94.19	 7.6927	33.6201	26.2362	 3.34	145.22	0.040	  169.27	 99.50
  96.00	  95.18	 7.7091	33.6298	26.2415	 3.28	142.79	0.040	  169.21	 99.51
  97.00	  96.17	 7.7054	33.6683	26.2723	 3.20	139.20	0.040	  169.24	 99.52
  98.00	  97.16	 7.6383	33.6907	26.2995	 3.14	136.51	0.040	  169.34	 99.54
  99.00	  98.15	 7.5796	33.6967	26.3126	 3.13	136.26	0.040	  169.30	 99.55
 100.00	  99.14	 7.5637	33.6979	26.3159	 3.13	136.00	0.041	  169.20	 99.56
 101.00	 100.14	 7.5560	33.6989	26.3177	 3.12	135.82	0.041	  169.32	 99.56
 102.00	 101.13	 7.5505	33.6990	26.3186	 3.11	135.34	0.041	  169.34	 99.56
 103.00	 102.12	 7.5428	33.6996	26.3202	 3.10	134.73	0.040	  169.28	 99.57
 104.00	 103.11	 7.5334	33.7001	26.3219	 3.08	134.04	0.041	  169.29	 99.57
 105.00	 104.10	 7.5251	33.7020	26.3246	 3.03	131.81	0.041	  169.30	 99.58
 106.00	 105.09	 7.5126	33.7074	26.3307	 2.89	125.81	0.040	  169.32	 99.58
 107.00	 106.08	 7.4944	33.7411	26.3597	 2.78	121.08	0.041	  169.38	 99.58
 108.00	 107.07	 7.4839	33.7615	26.3773	 2.74	119.35	0.041	  169.38	 99.58
 109.00	 108.07	 7.4856	33.7678	26.3820	 2.72	118.14	0.041	  169.37	 99.58
 110.00	 109.06	 7.4869	33.7729	26.3858	 2.68	116.61	0.041	  169.41	 99.62
 111.00	 110.05	 7.4875	33.7769	26.3889	 2.65	115.16	0.041	  169.41	 99.64
 112.00	 111.04	 7.4886	33.7789	26.3903	 2.64	114.73	0.041	  169.41	 99.65
 113.00	 112.03	 7.4918	33.7810	26.3916	 2.63	114.25	0.041	  169.34	 99.66
 114.00	 113.02	 7.4939	33.7839	26.3936	 2.61	113.58	0.041	  169.35	 99.66
 115.00	 114.01	 7.4965	33.7916	26.3993	 2.60	113.15	0.041	  169.38	 99.66
 116.00	 115.00	 7.4911	33.8022	26.4084	 2.59	112.83	0.041	  169.44	 99.66
 117.00	 115.99	 7.4904	33.8075	26.4127	 2.58	112.37	0.041	  169.36	 99.67
 118.00	 116.99	 7.4884	33.8127	26.4171	 2.58	112.08	0.041	  169.31	 99.67
 119.00	 117.98	 7.4906	33.8167	26.4199	 2.57	111.99	0.041	  169.37	 99.68
 120.00	 118.97	 7.4803	33.8345	26.4354	 2.56	111.49	0.041	  169.35	 99.67
 121.00	 119.96	 7.4696	33.8473	26.4470	 2.56	111.18	0.041	  169.30	 99.68
 122.00	 120.95	 7.4634	33.8503	26.4503	 2.55	110.81	0.041	  169.32	 99.68
 123.00	 121.94	 7.4612	33.8511	26.4512	 2.52	109.64	0.041	  169.31	 99.68
 124.00	 122.93	 7.4590	33.8530	26.4530	 2.48	108.02	0.041	  169.23	 99.68
 125.00	 123.92	 7.4800	33.8681	26.4619	 2.48	107.87	0.041	  169.32	 99.68
 126.00	 124.91	 7.5409	33.8869	26.4681	 2.48	107.85	0.041	  169.32	 99.68
 127.00	 125.91	 7.5805	33.8992	26.4721	 2.47	107.63	0.041	  169.29	 99.68
 128.00	 126.90	 7.6187	33.9082	26.4737	 2.47	107.46	0.041	  169.19	 99.68
 129.00	 127.89	 7.6227	33.9118	26.4760	 2.46	107.22	0.041	  169.21	 99.69
 130.00	 128.88	 7.6155	33.9140	26.4787	 2.46	106.93	0.041	  169.19	 99.69
 131.00	 129.87	 7.6050	33.9135	26.4799	 2.46	107.10	0.041	  169.22	 99.69
 132.00	 130.86	 7.5910	33.9144	26.4826	 2.45	106.79	0.041	  169.20	 99.70
 133.00	 131.85	 7.5804	33.9146	26.4843	 2.44	106.14	0.041	  169.21	 99.70
 134.00	 132.84	 7.5490	33.9181	26.4915	 2.43	105.69	0.041	  169.27	 99.69
 135.00	 133.83	 7.5316	33.9219	26.4970	 2.42	105.27	0.041	  169.18	 99.70
 136.00	 134.83	 7.5283	33.9222	26.4978	 2.41	104.91	0.041	  169.27	 99.70
 137.00	 135.82	 7.5255	33.9225	26.4984	 2.41	104.75	0.041	  169.11	 99.71
 138.00	 136.81	 7.5229	33.9225	26.4988	 2.40	104.35	0.040	  169.18	 99.71
 139.00	 137.80	 7.5163	33.9230	26.5002	 2.39	104.04	0.041	  169.20	 99.71
 140.00	 138.79	 7.4986	33.9241	26.5035	 2.39	103.91	0.041	  169.23	 99.71
 141.00	 139.78	 7.4769	33.9266	26.5086	 2.39	103.88	0.041	  169.14	 99.71
 142.00	 140.77	 7.4717	33.9275	26.5100	 2.38	103.70	0.041	  169.20	 99.71
 143.00	 141.76	 7.4694	33.9276	26.5104	 2.38	103.55	0.041	  169.15	 99.71
 144.00	 142.75	 7.4459	33.9278	26.5139	 2.38	103.67	0.041	  169.21	 99.71
 145.00	 143.74	 7.4231	33.9299	26.5188	 2.39	104.07	0.041	  169.13	 99.71
 146.00	 144.74	 7.4030	33.9309	26.5225	 2.40	104.22	0.041	  169.11	 99.71
 147.00	 145.73	 7.3820	33.9319	26.5263	 2.39	104.10	0.041	  169.11	 99.71
 148.00	 146.72	 7.3580	33.9345	26.5316	 2.39	103.98	0.041	  169.14	 99.71
 149.00	 147.71	 7.3478	33.9359	26.5342	 2.39	103.86	0.041	  169.10	 99.71
 150.00	 148.70	 7.3404	33.9364	26.5357	 2.38	103.41	0.041	  169.16	 99.71
 151.00	 149.69	 7.3332	33.9371	26.5372	 2.37	102.97	0.041	  169.14	 99.71
 152.00	 150.68	 7.3290	33.9373	26.5380	 2.36	102.69	0.041	  169.11	 99.71
 153.00	 151.67	 7.3240	33.9378	26.5391	 2.35	102.43	0.041	  169.07	 99.71
 154.00	 152.66	 7.3175	33.9386	26.5407	 2.35	102.14	0.041	  169.09	 99.72
 155.00	 153.65	 7.3129	33.9390	26.5417	 2.34	101.97	0.041	  169.08	 99.72
 156.00	 154.65	 7.3118	33.9393	26.5421	 2.34	101.68	0.041	  169.06	 99.72
 157.00	 155.64	 7.3102	33.9395	26.5424	 2.33	101.21	0.041	  168.97	 99.72
 158.00	 156.63	 7.3012	33.9394	26.5437	 2.32	100.82	0.041	  169.05	 99.73
 159.00	 157.62	 7.2885	33.9413	26.5469	 2.32	100.73	0.041	  169.08	 99.72
 160.00	 158.61	 7.2876	33.9412	26.5469	 2.31	100.57	0.041	  169.03	 99.73
 161.00	 159.60	 7.2861	33.9413	26.5473	 2.31	100.57	0.041	  169.04	 99.73
 162.00	 160.59	 7.2841	33.9416	26.5478	 2.32	100.84	0.041	  169.03	 99.73
 163.00	 161.58	 7.2819	33.9417	26.5482	 2.33	101.18	0.041	  169.02	 99.73
 164.00	 162.57	 7.2664	33.9420	26.5506	 2.33	101.21	0.041	  168.99	 99.73
 165.00	 163.56	 7.2519	33.9439	26.5541	 2.32	100.98	0.041	  169.03	 99.73
 166.00	 164.55	 7.2414	33.9448	26.5563	 2.30	100.22	0.041	  168.98	 99.73
 167.00	 165.55	 7.2263	33.9455	26.5590	 2.27	 98.89	0.041	  169.00	 99.73
 168.00	 166.54	 7.2179	33.9457	26.5604	 2.24	 97.32	0.041	  169.02	 99.73
 169.00	 167.53	 7.2038	33.9456	26.5622	 2.20	 95.78	0.041	  168.98	 99.73
 170.00	 168.52	 7.1734	33.9465	26.5672	 2.19	 95.33	0.041	  169.03	 99.73
 171.00	 169.51	 7.1651	33.9486	26.5700	 2.19	 95.25	0.041	  168.96	 99.73
 172.00	 170.50	 7.1604	33.9495	26.5714	 2.19	 95.35	0.041	  169.08	 99.74
 173.00	 171.49	 7.1534	33.9509	26.5734	 2.19	 95.38	0.041	  169.02	 99.76
 174.00	 172.48	 7.1467	33.9512	26.5746	 2.18	 94.82	0.041	  169.05	 99.75
 175.00	 173.47	 7.1398	33.9520	26.5762	 2.16	 93.98	0.041	  169.02	 99.75
 176.00	 174.46	 7.1343	33.9519	26.5769	 2.14	 93.10	0.041	  169.03	 99.75
 177.00	 175.45	 7.1302	33.9515	26.5772	 2.11	 91.96	0.041	  169.00	 99.75
 178.00	 176.44	 7.1226	33.9512	26.5780	 2.08	 90.55	0.041	  169.02	 99.76
 179.00	 177.44	 7.1170	33.9512	26.5788	 2.05	 89.31	0.041	  169.07	 99.76
 180.00	 178.43	 7.1167	33.9514	26.5790	 2.04	 88.88	0.042	  169.02	 99.76
 181.00	 179.42	 7.1155	33.9514	26.5791	 2.04	 88.58	0.042	  168.99	 99.77
 182.00	 180.41	 7.1129	33.9512	26.5794	 2.03	 88.52	0.041	  169.09	 99.77
 183.00	 181.40	 7.1047	33.9521	26.5813	 2.04	 88.90	0.041	  169.07	 99.77
 184.00	 182.39	 7.0882	33.9549	26.5857	 2.05	 89.24	0.041	  169.07	 99.77
 185.00	 183.38	 7.0801	33.9565	26.5881	 2.06	 89.53	0.041	  169.03	 99.78
 186.00	 184.37	 7.0749	33.9574	26.5895	 2.07	 89.91	0.041	  169.01	 99.78
 187.00	 185.36	 7.0723	33.9580	26.5904	 2.07	 90.02	0.041	  169.01	 99.78
 188.00	 186.35	 7.0714	33.9580	26.5905	 2.07	 89.98	0.041	  168.96	 99.78
 189.00	 187.34	 7.0677	33.9585	26.5914	 2.07	 89.99	0.041	  168.98	 99.78
 190.00	 188.33	 7.0659	33.9587	26.5918	 2.07	 89.92	0.041	  169.01	 99.78
 191.00	 189.32	 7.0650	33.9589	26.5921	 2.07	 89.89	0.041	  168.97	 99.77
 192.00	 190.32	 7.0638	33.9590	26.5924	 2.06	 89.57	0.041	  168.95	 99.77
 193.00	 191.31	 7.0557	33.9589	26.5934	 2.05	 89.39	0.041	  168.96	 99.78
 194.00	 192.30	 7.0331	33.9594	26.5969	 2.06	 89.51	0.041	  168.94	 99.78
 195.00	 193.29	 7.0065	33.9613	26.6021	 2.06	 89.56	0.041	  168.99	 99.77
 196.00	 194.28	 6.9940	33.9622	26.6046	 2.06	 89.53	0.041	  168.98	 99.78
 197.00	 195.27	 6.9858	33.9626	26.6060	 2.05	 89.39	0.042	  168.98	 99.78
 198.00	 196.26	 6.9768	33.9632	26.6077	 2.05	 89.22	0.041	  168.94	 99.78
 199.00	 197.25	 6.9705	33.9641	26.6093	 2.05	 89.16	0.041	  168.96	 99.77
 200.00	 198.24	 6.9675	33.9640	26.6097	 2.04	 88.91	0.041	  168.98	 99.78
 201.00	 199.23	 6.9581	33.9649	26.6116	 2.04	 88.58	0.041	  168.93	 99.78
 202.00	 200.22	 6.9412	33.9662	26.6149	 2.03	 88.33	0.041	  168.92	 99.78
 203.00	 201.21	 6.9352	33.9670	26.6164	 2.03	 88.15	0.041	  168.91	 99.78
 204.00	 202.20	 6.9312	33.9670	26.6169	 2.02	 87.91	0.041	  168.98	 99.78
 205.00	 203.20	 6.9241	33.9674	26.6182	 2.02	 87.74	0.041	  169.04	 99.78
 206.00	 204.19	 6.9216	33.9675	26.6187	 2.02	 87.72	0.041	  169.00	 99.78
 207.00	 205.18	 6.9162	33.9679	26.6198	 2.02	 87.83	0.041	  168.90	 99.78
 208.00	 206.17	 6.9152	33.9681	26.6200	 2.02	 87.84	0.041	  168.90	 99.78
 209.00	 207.16	 6.9115	33.9685	26.6209	 2.02	 87.84	0.041	  168.98	 99.78
 210.00	 208.15	 6.9084	33.9688	26.6215	 2.02	 87.71	0.041	  168.85	 99.78
 211.00	 209.14	 6.9035	33.9686	26.6221	 2.01	 87.64	0.041	  168.85	 99.78
 212.00	 210.13	 6.8991	33.9690	26.6230	 2.01	 87.55	0.041	  168.88	 99.78
 213.00	 211.12	 6.8954	33.9694	26.6238	 2.01	 87.38	0.041	  168.85	 99.78
 214.00	 212.11	 6.8888	33.9692	26.6245	 2.01	 87.32	0.041	  168.89	 99.78
 215.00	 213.10	 6.8719	33.9706	26.6279	 2.00	 87.16	0.041	  168.86	 99.78
