wcoa21_data_management/01_CRUISE_METADATA/00_OCADS_data/CTD_downcasts/WCOA_2021_CTD_downcasts/dRB2102_CTD_113_01_F.txt
* Sea-Bird SBE 9 Data:
* Software Version Seasave V 7.26.7.107
* Vessel: NOAA Ship Ronald H. Brown
* Cruise: RB2102, West Coast Ocean Acidification (WCOA) 2021
* Dates: 20210622 to 20210723
* Region: NE Pacific, USA West Coast
* Ports: San Diego, CA to Port Angeles, WA to San Diego, CA
* Chief Scientists: R. Feely, NOAA PMEL; D. Greeley, NOAA PMEL; B. Carter, NOAA PMEL / UW CICOES
*END*
[from data line 641]
 644.00	 638.40	 5.8804	34.3240	27.0406	 0.29	 12.83	0.042	  162.46	100.00
 645.00	 639.38	 5.8772	34.3240	27.0410	 0.29	 12.71	0.041	  162.48	100.00
 646.00	 640.37	 5.8719	34.3245	27.0420	 0.30	 12.85	0.040	  162.45	100.00
 647.00	 641.36	 5.8665	34.3251	27.0432	 0.29	 12.78	0.040	  162.44	100.00
 648.00	 642.35	 5.8615	34.3254	27.0440	 0.29	 12.64	0.040	  162.44	100.00
 649.00	 643.34	 5.8572	34.3261	27.0451	 0.29	 12.70	0.041	  162.39	100.00
 650.00	 644.33	 5.8485	34.3266	27.0466	 0.29	 12.69	0.042	  162.42	100.00
 651.00	 645.32	 5.8423	34.3272	27.0479	 0.29	 12.61	0.042	  162.43	100.00
 652.00	 646.31	 5.8382	34.3277	27.0488	 0.29	 12.75	0.041	  162.40	100.00
 653.00	 647.30	 5.8324	34.3277	27.0495	 0.29	 12.72	0.040	  162.37	100.00
 654.00	 648.29	 5.8271	34.3286	27.0509	 0.29	 12.69	0.041	  162.37	100.00
 655.00	 649.28	 5.8242	34.3284	27.0511	 0.29	 12.45	0.042	  162.35	100.00
 656.00	 650.27	 5.8123	34.3295	27.0534	 0.29	 12.51	0.041	  162.39	100.00
 657.00	 651.26	 5.8094	34.3298	27.0541	 0.29	 12.64	0.041	  162.35	100.00
 658.00	 652.25	 5.7986	34.3306	27.0560	 0.29	 12.51	0.041	  162.34	100.00
 659.00	 653.24	 5.7910	34.3310	27.0573	 0.29	 12.53	0.040	  162.37	100.00
 660.00	 654.23	 5.7803	34.3324	27.0597	 0.29	 12.60	0.041	  162.35	100.00
 661.00	 655.22	 5.7752	34.3323	27.0603	 0.28	 12.26	0.042	  162.28	100.00
 662.00	 656.21	 5.7652	34.3336	27.0625	 0.28	 12.24	0.042	  162.31	100.00
 663.00	 657.20	 5.7617	34.3335	27.0629	 0.29	 12.47	0.042	  162.35	100.00
 664.00	 658.19	 5.7517	34.3346	27.0650	 0.29	 12.44	0.041	  162.30	100.00
 665.00	 659.18	 5.7354	34.3355	27.0677	 0.28	 12.36	0.040	  162.26	100.00
 666.00	 660.17	 5.7241	34.3369	27.0702	 0.28	 12.29	0.040	  162.35	100.00
 667.00	 661.16	 5.7177	34.3374	27.0714	 0.28	 12.27	0.040	  162.24	100.00
 668.00	 662.15	 5.7069	34.3386	27.0737	 0.28	 12.25	0.040	  162.24	100.00
 669.00	 663.14	 5.7099	34.3383	27.0731	 0.28	 12.25	0.040	  162.21	100.00
 670.00	 664.13	 5.7122	34.3377	27.0724	 0.28	 12.35	0.041	  162.22	100.00
 671.00	 665.12	 5.7015	34.3389	27.0747	 0.28	 12.33	0.041	  162.26	100.00
 672.00	 666.11	 5.7022	34.3391	27.0747	 0.28	 12.25	0.041	  162.22	100.00
 673.00	 667.10	 5.6882	34.3398	27.0770	 0.28	 12.31	0.042	  162.12	100.00
 674.00	 668.09	 5.6183	34.3425	27.0876	 0.29	 12.43	0.040	  162.18	100.00
 675.00	 669.08	 5.5824	34.3487	27.0969	 0.28	 12.36	0.040	  162.21	100.00
 676.00	 670.07	 5.5846	34.3484	27.0964	 0.28	 12.24	0.040	  162.17	100.00
 677.00	 671.05	 5.5813	34.3488	27.0971	 0.28	 12.31	0.041	  162.16	100.00
 678.00	 672.04	 5.5785	34.3488	27.0974	 0.28	 12.15	0.042	  162.20	100.00
 679.00	 673.03	 5.5548	34.3504	27.1015	 0.27	 11.90	0.042	  162.18	100.00
 680.00	 674.02	 5.5379	34.3526	27.1054	 0.28	 12.15	0.041	  162.14	100.00
 681.00	 675.01	 5.5369	34.3527	27.1056	 0.28	 12.23	0.040	  162.17	100.00
 682.00	 676.00	 5.5312	34.3533	27.1068	 0.28	 12.16	0.041	  162.14	100.00
 683.00	 676.99	 5.5138	34.3545	27.1098	 0.28	 12.14	0.040	  162.08	100.00
 684.00	 677.98	 5.5066	34.3556	27.1115	 0.28	 12.18	0.041	  162.09	100.00
 685.00	 678.97	 5.5052	34.3558	27.1119	 0.28	 12.13	0.041	  162.10	100.00
 686.00	 679.96	 5.5056	34.3556	27.1117	 0.28	 12.09	0.041	  162.11	100.00
 687.00	 680.95	 5.5043	34.3561	27.1122	 0.28	 12.19	0.041	  162.08	100.00
 688.00	 681.94	 5.5032	34.3562	27.1124	 0.28	 12.21	0.040	  162.11	100.00
 689.00	 682.93	 5.5012	34.3566	27.1130	 0.28	 12.07	0.041	  162.01	100.00
 690.00	 683.92	 5.5039	34.3563	27.1124	 0.27	 11.74	0.041	  162.05	100.00
 691.00	 684.91	 5.5047	34.3563	27.1124	 0.27	 11.83	0.041	  162.00	100.00
 692.00	 685.90	 5.5090	34.3560	27.1117	 0.28	 12.05	0.041	  162.00	100.00
 693.00	 686.89	 5.5092	34.3560	27.1117	 0.28	 12.02	0.040	  161.96	100.00
 694.00	 687.88	 5.5084	34.3564	27.1120	 0.28	 12.05	0.041	  161.89	100.00
 695.00	 688.87	 5.5010	34.3554	27.1121	 0.28	 12.18	0.041	  161.94	100.00
 696.00	 689.86	 5.4916	34.3573	27.1148	 0.28	 12.33	0.040	  161.96	100.00
 697.00	 690.85	 5.4807	34.3583	27.1169	 0.28	 12.07	0.040	  161.93	100.00
 698.00	 691.84	 5.4793	34.3585	27.1172	 0.27	 11.93	0.041	  161.89	100.00
 699.00	 692.83	 5.4770	34.3586	27.1176	 0.28	 12.19	0.042	  161.89	100.00
 700.00	 693.81	 5.4770	34.3587	27.1177	 0.28	 12.08	0.041	  161.85	100.00
 701.00	 694.80	 5.4750	34.3589	27.1181	 0.27	 11.95	0.040	  161.86	100.00
 702.00	 695.79	 5.4747	34.3590	27.1183	 0.27	 11.89	0.041	  161.88	100.00
 703.00	 696.78	 5.4753	34.3591	27.1183	 0.28	 12.01	0.040	  161.81	100.00
 704.00	 697.77	 5.4760	34.3590	27.1181	 0.27	 11.88	0.042	  161.77	100.00
 705.00	 698.76	 5.4756	34.3590	27.1181	 0.27	 11.88	0.042	  161.82	100.00
 706.00	 699.75	 5.4771	34.3589	27.1179	 0.28	 12.07	0.041	  161.76	100.00
 707.00	 700.74	 5.4782	34.3588	27.1177	 0.28	 12.00	0.040	  161.69	100.00
 708.00	 701.73	 5.4780	34.3589	27.1178	 0.27	 11.94	0.041	  161.78	100.00
 709.00	 702.72	 5.4784	34.3584	27.1174	 0.28	 12.00	0.041	  161.74	100.00
 710.00	 703.71	 5.4745	34.3589	27.1182	 0.28	 12.11	0.040	  161.67	100.00
 711.00	 704.70	 5.4696	34.3596	27.1194	 0.28	 12.07	0.040	  161.69	100.00
 712.00	 705.69	 5.4664	34.3598	27.1200	 0.27	 11.76	0.041	  161.73	100.00
 713.00	 706.68	 5.4664	34.3598	27.1200	 0.27	 11.82	0.041	  161.67	100.00
 714.00	 707.67	 5.4668	34.3599	27.1200	 0.28	 12.07	0.041	  161.66	100.00
 715.00	 708.66	 5.4664	34.3597	27.1199	 0.27	 11.91	0.041	  161.66	100.00
 716.00	 709.65	 5.4659	34.3600	27.1202	 0.27	 11.90	0.040	  161.63	100.00
 717.00	 710.64	 5.4655	34.3599	27.1202	 0.27	 11.92	0.040	  161.65	100.00
 718.00	 711.62	 5.4645	34.3600	27.1204	 0.28	 12.04	0.041	  161.66	100.00
 719.00	 712.61	 5.4645	34.3601	27.1205	 0.28	 12.01	0.042	  161.56	100.00
 720.00	 713.60	 5.4646	34.3601	27.1205	 0.27	 11.69	0.041	  161.61	100.00
 721.00	 714.59	 5.4649	34.3599	27.1203	 0.27	 11.80	0.040	  161.61	100.00
 722.00	 715.58	 5.4652	34.3600	27.1204	 0.28	 11.99	0.040	  161.56	100.00
 723.00	 716.57	 5.4639	34.3600	27.1206	 0.28	 12.00	0.041	  161.54	100.00
 724.00	 717.56	 5.4585	34.3604	27.1215	 0.27	 11.79	0.042	  161.52	100.00
 725.00	 718.55	 5.4572	34.3605	27.1217	 0.27	 11.81	0.041	  161.49	100.00
 726.00	 719.54	 5.4535	34.3607	27.1224	 0.28	 12.04	0.041	  161.48	100.00
 727.00	 720.53	 5.4521	34.3610	27.1227	 0.28	 12.13	0.042	  161.45	100.00
 728.00	 721.52	 5.4504	34.3610	27.1230	 0.27	 11.85	0.042	  161.51	100.00
 729.00	 722.51	 5.4505	34.3612	27.1232	 0.27	 11.72	0.041	  161.44	100.00
 730.00	 723.50	 5.4518	34.3611	27.1229	 0.27	 11.93	0.042	  161.43	100.00
 731.00	 724.49	 5.4530	34.3609	27.1226	 0.27	 11.94	0.042	  161.38	100.00
 732.00	 725.48	 5.4519	34.3611	27.1229	 0.27	 11.78	0.042	  161.43	100.00
 733.00	 726.47	 5.4550	34.3613	27.1228	 0.27	 11.89	0.042	  161.35	100.00
 734.00	 727.46	 5.4507	34.3612	27.1232	 0.27	 11.87	0.041	  161.36	100.00
 735.00	 728.44	 5.4464	34.3611	27.1236	 0.27	 11.93	0.040	  161.34	100.00
 736.00	 729.43	 5.4377	34.3621	27.1254	 0.27	 11.87	0.040	  161.34	100.00
 737.00	 730.42	 5.4379	34.3620	27.1253	 0.27	 11.86	0.040	  161.33	100.00
 738.00	 731.41	 5.4364	34.3623	27.1258	 0.27	 11.92	0.041	  161.28	100.00
 739.00	 732.40	 5.4372	34.3623	27.1257	 0.27	 11.91	0.042	  161.29	100.00
 740.00	 733.39	 5.4377	34.3623	27.1257	 0.27	 11.89	0.042	  161.29	100.00
 741.00	 734.38	 5.4387	34.3619	27.1253	 0.27	 11.91	0.042	  161.27	100.00
 742.00	 735.37	 5.4378	34.3621	27.1255	 0.27	 11.86	0.041	  161.18	100.00
 743.00	 736.36	 5.4387	34.3621	27.1254	 0.27	 11.92	0.041	  161.25	100.00
 744.00	 737.35	 5.4382	34.3621	27.1255	 0.27	 11.91	0.041	  161.22	 80.13
 745.00	 738.34	 5.4362	34.3623	27.1259	 0.27	 11.87	0.041	  161.15	100.13
 746.00	 739.33	 5.4338	34.3621	27.1260	 0.27	 11.90	0.041	  161.17	 95.62
 747.00	 740.32	 5.4277	34.3629	27.1274	 0.27	 11.91	0.041	  161.10	 95.42
 748.00	 741.31	 5.4288	34.3628	27.1272	 0.27	 11.91	0.042	  161.12	 94.83
 749.00	 742.29	 5.4274	34.3627	27.1273	 0.27	 11.91	0.041	  161.12	 96.82
 750.00	 743.28	 5.4237	34.3631	27.1281	 0.27	 11.88	0.041	  161.09	100.05
 751.00	 744.27	 5.4255	34.3634	27.1281	 0.27	 11.90	0.041	  161.06	 98.70
 752.00	 745.26	 5.4276	34.3630	27.1275	 0.27	 11.95	0.040	  161.05	 95.05
 753.00	 746.25	 5.4304	34.3627	27.1270	 0.27	 11.88	0.041	  161.00	 96.74
 754.00	 747.24	 5.4310	34.3627	27.1269	 0.27	 11.78	0.042	  161.03	 99.97
 755.00	 748.23	 5.4309	34.3626	27.1269	 0.27	 11.85	0.042	  161.04	 95.63
 756.00	 749.22	 5.4311	34.3627	27.1269	 0.28	 12.00	0.042	  160.96	 88.01
 757.00	 750.21	 5.4315	34.3627	27.1269	 0.27	 11.88	0.041	  160.95	 79.97
 758.00	 751.20	 5.4311	34.3627	27.1269	 0.27	 11.73	0.041	  160.96	 83.24
 759.00	 752.19	 5.4307	34.3628	27.1271	 0.27	 11.83	0.041	  160.95	 87.29
 760.00	 753.18	 5.4306	34.3629	27.1272	 0.28	 12.01	0.041	  160.96	 76.98
 761.00	 754.17	 5.4307	34.3627	27.1271	 0.27	 11.91	0.040	  160.94	 81.08
 762.00	 755.15	 5.4306	34.3629	27.1272	 0.27	 11.80	0.041	  160.90	 79.18
 763.00	 756.14	 5.4306	34.3628	27.1271	 0.27	 11.90	0.041	  160.90	 87.65
 764.00	 757.13	 5.4296	34.3629	27.1274	 0.28	 12.03	0.040	  160.86	 72.70
 765.00	 758.12	 5.4292	34.3628	27.1274	 0.28	 12.01	0.042	  160.82	 72.10
 766.00	 759.11	 5.4303	34.3629	27.1273	 0.27	 11.90	0.042	  160.82	 71.14
 767.00	 760.10	 5.4308	34.3629	27.1273	 0.27	 11.72	0.041	  160.85	 70.14
 768.00	 761.09	 5.4297	34.3628	27.1273	 0.27	 11.66	0.040	  160.82	 69.12
 769.00	 762.08	 5.4301	34.3628	27.1273	 0.27	 11.89	0.041	  160.75	 67.99
 770.00	 763.07	 5.4294	34.3628	27.1274	 0.28	 11.98	0.042	  160.78	 71.13
 771.00	 764.06	 5.4306	34.3628	27.1272	 0.27	 11.82	0.041	  160.73	 65.90
 772.00	 765.05	 5.4308	34.3628	27.1272	 0.27	 11.72	0.040	  160.72	 76.04
 773.00	 766.04	 5.4308	34.3628	27.1272	 0.27	 11.87	0.040	  160.68	 74.56
 774.00	 767.02	 5.4296	34.3628	27.1274	 0.28	 12.11	0.041	  160.64	 63.19
 775.00	 768.01	 5.4283	34.3629	27.1276	 0.27	 11.91	0.042	  160.60	 62.13
 776.00	 769.00	 5.4236	34.3633	27.1285	 0.27	 11.63	0.042	  160.63	 61.09
 777.00	 769.99	 5.4236	34.3633	27.1285	 0.27	 11.67	0.042	  160.63	 59.98
 778.00	 770.98	 5.4231	34.3633	27.1286	 0.27	 11.89	0.042	  160.58	 58.98
 779.00	 771.97	 5.4227	34.3634	27.1287	 0.28	 11.96	0.042	  160.55	 58.10
 780.00	 772.96	 5.4220	34.3635	27.1289	 0.27	 11.86	0.040	  160.54	 57.24
 781.00	 773.95	 5.4211	34.3636	27.1291	 0.27	 11.58	0.040	  160.49	 56.31
 782.00	 774.94	 5.4215	34.3636	27.1290	 0.27	 11.59	0.040	  160.47	 55.25
 783.00	 775.93	 5.4216	34.3634	27.1289	 0.27	 11.83	0.041	  160.42	 54.27
 784.00	 776.92	 5.4210	34.3635	27.1290	 0.27	 11.81	0.042	  160.43	 53.17
 785.00	 777.91	 5.4207	34.3635	27.1291	 0.27	 11.77	0.041	  160.44	 51.90
 786.00	 778.89	 5.4212	34.3636	27.1291	 0.27	 11.64	0.040	  160.44	 51.07
 787.00	 779.88	 5.4213	34.3635	27.1291	 0.27	 11.65	0.041	  160.41	 49.97
 788.00	 780.87	 5.4212	34.3635	27.1291	 0.27	 11.65	0.042	  160.40	 48.83
 789.00	 781.86	 5.4211	34.3635	27.1291	 0.27	 11.58	0.042	  160.33	 47.81
 790.00	 782.85	 5.4212	34.3635	27.1291	 0.27	 11.58	0.040	  160.33	 46.73
 791.00	 783.84	 5.4198	34.3636	27.1294	 0.27	 11.64	0.041	  160.24	 45.65
 792.00	 784.83	 5.4195	34.3636	27.1294	 0.27	 11.60	0.041	  160.23	 44.44
 793.00	 785.82	 5.4198	34.3637	27.1294	 0.27	 11.63	0.041	  160.16	 43.38
 794.00	 786.81	 5.4193	34.3638	27.1296	 0.27	 11.61	0.041	  160.15	 42.48
 795.00	 787.80	 5.4193	34.3637	27.1296	 0.27	 11.58	0.041	  160.07	 41.34
 796.00	 788.78	 5.4198	34.3637	27.1295	 0.27	 11.60	0.041	  159.94	 40.32
 797.00	 789.77	 5.4193	34.3637	27.1296	 0.27	 11.63	0.041	  159.87	 39.34
 798.00	 790.76	 5.4192	34.3637	27.1296	 0.27	 11.58	0.041	  159.79	 38.39
 799.00	 791.75	 5.4190	34.3637	27.1296	 0.27	 11.62	0.041	  159.81	 37.35
 800.00	 792.74	 5.4146	34.3641	27.1305	 0.27	 11.63	0.041	  159.79	 36.30
 801.00	 793.73	 5.4097	34.3646	27.1315	 0.27	 11.63	0.041	  159.81	 35.31
 802.00	 794.72	 5.4119	34.3644	27.1311	 0.27	 11.72	0.041	  159.71	 34.41
 803.00	 795.71	 5.4130	34.3643	27.1308	 0.27	 11.62	0.041	  159.70	 33.40
 804.00	 796.70	 5.4135	34.3642	27.1307	 0.27	 11.62	0.041	  159.73	 32.31
 805.00	 797.69	 5.4097	34.3644	27.1314	 0.27	 11.74	0.042	  159.72	 31.42
 806.00	 798.68	 5.4051	34.3649	27.1323	 0.27	 11.67	0.041	  159.72	 30.50
 807.00	 799.66	 5.4006	34.3651	27.1330	 0.27	 11.54	0.041	  159.67	 29.38
 808.00	 800.65	 5.3944	34.3655	27.1341	 0.27	 11.63	0.041	  159.67	 28.31
 809.00	 801.64	 5.3890	34.3660	27.1351	 0.27	 11.72	0.042	  159.66	 27.41
 810.00	 802.63	 5.3871	34.3662	27.1355	 0.27	 11.66	0.042	  159.68	 26.37
 811.00	 803.62	 5.3834	34.3664	27.1361	 0.27	 11.64	0.042	  159.62	 25.37
 812.00	 804.61	 5.3424	34.3691	27.1431	 0.27	 11.93	0.041	  159.62	 24.35
 813.00	 805.60	 5.3228	34.3690	27.1453	 0.28	 12.12	0.041	  159.64	 23.38
 814.00	 806.59	 5.2306	34.3769	27.1624	 0.28	 12.04	0.042	  159.61	 22.38
 815.00	 807.58	 5.2253	34.3778	27.1637	 0.27	 11.87	0.042	  159.56	 21.29
 816.00	 808.57	 5.2176	34.3784	27.1651	 0.28	 11.98	0.041	  159.49	 20.38
 817.00	 809.55	 5.2151	34.3789	27.1658	 0.28	 12.06	0.041	  159.45	 19.37
 818.00	 810.54	 5.2124	34.3792	27.1664	 0.27	 11.90	0.040	  159.45	 18.35
 819.00	 811.53	 5.2076	34.3797	27.1673	 0.27	 11.81	0.041	  159.46	 17.41
 820.00	 812.52	 5.2075	34.3799	27.1675	 0.27	 11.83	0.041	  159.42	 16.30
 821.00	 813.51	 5.2048	34.3806	27.1684	 0.27	 11.81	0.041	  159.31	 15.18
 822.00	 814.50	 5.2054	34.3804	27.1682	 0.27	 11.85	0.042	  159.23	 14.20
 823.00	 815.49	 5.2060	34.3802	27.1680	 0.27	 11.79	0.041	  159.23	 13.30
 824.00	 816.48	 5.2029	34.3803	27.1684	 0.27	 11.81	0.041	  159.12	 12.23
 825.00	 817.47	 5.1896	34.3813	27.1707	 0.27	 11.93	0.041	  158.99	 11.27
 826.00	 818.45	 5.1788	34.3821	27.1726	 0.27	 11.84	0.041	  158.33	 10.28
