wcoa21_data_management/01_CRUISE_METADATA/00_OCADS_data/CTD_downcasts/WCOA_2021_CTD_downcasts/dRB2102_CTD_002_01_F.txt
* Sea-Bird SBE 9 Data:
* Software Version Seasave V 7.26.7.107
* Vessel: NOAA Ship Ronald H. Brown
* Cruise: RB2102, West Coast Ocean Acidification (WCOA) 2021
* Dates: 20210622 to 20210723
* Region: NE Pacific, USA West Coast
* Ports: San Diego, CA to Port Angeles, WA to San Diego, CA
* Chief Scientists: R. Feely, NOAA PMEL; D. Greeley, NOAA PMEL; B. Carter, NOAA PMEL / UW CICOES
*END*
[from data line 641]
 643.00	 636.40	 4.3031	34.1913	27.1163	 0.60	 26.26	0.041	  500.00	 66.19
 644.00	 637.39	 4.3058	34.1906	27.1154	 0.60	 26.17	0.041	  500.00	 66.19
 645.00	 638.38	 4.3086	34.1898	27.1145	 0.60	 26.10	0.041	  500.00	 66.19
 646.00	 639.37	 4.3028	34.1909	27.1159	 0.60	 25.99	0.041	  500.00	 66.19
 647.00	 640.35	 4.2890	34.1946	27.1203	 0.59	 25.81	0.040	  500.00	 66.19
 648.00	 641.34	 4.2810	34.1962	27.1225	 0.59	 25.60	0.040	  500.00	 66.19
 649.00	 642.33	 4.2711	34.1987	27.1255	 0.58	 25.42	0.041	  500.00	 66.19
 650.00	 643.32	 4.2638	34.2000	27.1273	 0.58	 25.29	0.040	  500.00	 66.19
 651.00	 644.31	 4.2565	34.2013	27.1291	 0.58	 25.14	0.041	  500.00	 66.19
 652.00	 645.29	 4.2570	34.2009	27.1288	 0.58	 25.10	0.042	  500.00	 66.19
 653.00	 646.28	 4.2503	34.2022	27.1306	 0.58	 25.03	0.042	  500.00	 66.19
 654.00	 647.27	 4.2470	34.2028	27.1313	 0.57	 24.92	0.042	  500.00	 66.19
 655.00	 648.26	 4.2435	34.2026	27.1316	 0.57	 24.90	0.042	  500.00	 66.19
 656.00	 649.25	 4.2431	34.2031	27.1320	 0.57	 24.91	0.042	  500.00	 66.18
 657.00	 650.24	 4.2451	34.2026	27.1314	 0.57	 24.91	0.041	  500.00	 66.18
 658.00	 651.22	 4.2279	34.2041	27.1344	 0.57	 24.92	0.041	  500.00	 66.18
 659.00	 652.21	 4.2132	34.2071	27.1384	 0.57	 24.88	0.041	  500.00	 66.19
 660.00	 653.20	 4.2173	34.2065	27.1374	 0.57	 24.80	0.040	  500.00	 66.18
 661.00	 654.19	 4.2214	34.2058	27.1365	 0.57	 24.78	0.042	  500.00	 66.18
 662.00	 655.18	 4.2231	34.2059	27.1364	 0.57	 24.81	0.041	  500.00	 66.18
 663.00	 656.16	 4.2264	34.2054	27.1356	 0.57	 24.79	0.041	  500.00	 66.18
 664.00	 657.15	 4.2296	34.2048	27.1349	 0.57	 24.77	0.042	  500.00	 66.18
 665.00	 658.14	 4.2194	34.2060	27.1369	 0.57	 24.75	0.041	  500.00	 66.18
 666.00	 659.13	 4.2133	34.2072	27.1385	 0.57	 24.72	0.041	  500.00	 66.18
 667.00	 660.12	 4.2125	34.2074	27.1387	 0.57	 24.72	0.040	  500.00	 66.18
 668.00	 661.11	 4.2133	34.2072	27.1385	 0.57	 24.71	0.040	  500.00	 66.18
 669.00	 662.09	 4.2129	34.2073	27.1386	 0.57	 24.71	0.040	  500.00	 66.18
 670.00	 663.08	 4.2112	34.2076	27.1391	 0.57	 24.71	0.042	  500.00	 66.17
 671.00	 664.07	 4.2082	34.2082	27.1398	 0.57	 24.70	0.041	  500.00	 66.18
 672.00	 665.06	 4.2064	34.2084	27.1402	 0.57	 24.69	0.040	  500.00	 66.18
 673.00	 666.05	 4.2047	34.2088	27.1407	 0.57	 24.64	0.040	  500.00	 66.17
 674.00	 667.03	 4.2040	34.2088	27.1408	 0.57	 24.66	0.040	  500.00	 66.18
 675.00	 668.02	 4.2036	34.2088	27.1408	 0.57	 24.64	0.041	  500.00	 66.17
 676.00	 669.01	 4.2034	34.2088	27.1409	 0.57	 24.59	0.041	  500.00	 66.18
 677.00	 670.00	 4.2025	34.2089	27.1410	 0.57	 24.60	0.040	  500.00	 66.18
 678.00	 670.99	 4.2016	34.2090	27.1412	 0.57	 24.62	0.040	  500.00	 66.18
 679.00	 671.97	 4.2008	34.2091	27.1414	 0.57	 24.62	0.040	  500.00	 66.17
 680.00	 672.96	 4.2008	34.2091	27.1414	 0.57	 24.67	0.040	  500.00	 66.17
 681.00	 673.95	 4.2005	34.2092	27.1415	 0.57	 24.65	0.040	  500.00	 66.18
 682.00	 674.94	 4.1974	34.2096	27.1421	 0.57	 24.63	0.041	  500.00	 66.17
 683.00	 675.93	 4.1954	34.2099	27.1426	 0.57	 24.65	0.041	  500.00	 66.17
 684.00	 676.91	 4.1936	34.2101	27.1430	 0.57	 24.62	0.041	  500.00	 66.17
 685.00	 677.90	 4.1916	34.2102	27.1433	 0.57	 24.63	0.041	  500.00	 66.17
 686.00	 678.89	 4.1819	34.2117	27.1455	 0.57	 24.63	0.041	  500.00	 66.17
 687.00	 679.88	 4.1782	34.2122	27.1463	 0.57	 24.62	0.041	  500.00	 66.17
 688.00	 680.87	 4.1759	34.2126	27.1469	 0.57	 24.62	0.040	  500.00	 66.17
 689.00	 681.85	 4.1761	34.2126	27.1469	 0.57	 24.61	0.040	  500.00	 66.17
 690.00	 682.84	 4.1800	34.2120	27.1460	 0.56	 24.54	0.040	  500.00	 66.17
 691.00	 683.83	 4.1832	34.2115	27.1453	 0.57	 24.59	0.041	  500.00	 66.17
 692.00	 684.82	 4.1798	34.2121	27.1461	 0.57	 24.59	0.042	  500.00	 66.17
 693.00	 685.81	 4.1787	34.2123	27.1464	 0.56	 24.55	0.042	  500.00	 66.17
 694.00	 686.79	 4.1779	34.2124	27.1465	 0.57	 24.57	0.042	  500.00	 66.17
 695.00	 687.78	 4.1770	34.2126	27.1468	 0.57	 24.57	0.042	  500.00	 66.17
 696.00	 688.77	 4.1762	34.2127	27.1470	 0.56	 24.54	0.041	  500.00	 66.17
 697.00	 689.76	 4.1744	34.2131	27.1474	 0.56	 24.51	0.041	  500.00	 66.16
 698.00	 690.75	 4.1749	34.2130	27.1474	 0.56	 24.47	0.041	  500.00	 66.16
 699.00	 691.73	 4.1742	34.2131	27.1475	 0.56	 24.47	0.040	  500.00	 66.17
 700.00	 692.72	 4.1654	34.2142	27.1493	 0.56	 24.46	0.041	  500.00	 66.16
 701.00	 693.71	 4.1571	34.2160	27.1516	 0.56	 24.46	0.042	  500.00	 66.17
 702.00	 694.70	 4.1525	34.2172	27.1530	 0.56	 24.42	0.042	  500.00	 66.16
 703.00	 695.69	 4.1521	34.2172	27.1531	 0.56	 24.38	0.042	  500.00	 66.17
 704.00	 696.67	 4.1506	34.2175	27.1535	 0.56	 24.36	0.041	  500.00	 66.16
 705.00	 697.66	 4.1479	34.2181	27.1542	 0.56	 24.29	0.041	  500.00	 66.17
 706.00	 698.65	 4.1471	34.2184	27.1546	 0.56	 24.31	0.042	  500.00	 66.17
 707.00	 699.64	 4.1462	34.2186	27.1549	 0.56	 24.21	0.041	  500.00	 66.16
 708.00	 700.62	 4.1461	34.2188	27.1550	 0.56	 24.13	0.041	  500.00	 66.16
 709.00	 701.61	 4.1451	34.2190	27.1553	 0.55	 24.12	0.041	  500.00	 66.16
 710.00	 702.60	 4.1454	34.2188	27.1552	 0.55	 24.12	0.041	  500.00	 66.16
 711.00	 703.59	 4.1432	34.2196	27.1560	 0.55	 24.05	0.042	  500.00	 66.16
 712.00	 704.58	 4.1430	34.2197	27.1561	 0.55	 24.03	0.042	  500.00	 66.16
 713.00	 705.56	 4.1428	34.2198	27.1562	 0.55	 24.02	0.041	  500.00	 66.16
 714.00	 706.55	 4.1420	34.2200	27.1564	 0.55	 24.03	0.040	  500.00	 66.16
 715.00	 707.54	 4.1409	34.2202	27.1567	 0.55	 24.00	0.042	  500.00	 66.16
 716.00	 708.53	 4.1407	34.2202	27.1568	 0.55	 23.95	0.041	  500.00	 66.16
 717.00	 709.52	 4.1401	34.2203	27.1569	 0.55	 23.95	0.041	  500.00	 66.17
 718.00	 710.50	 4.1397	34.2205	27.1571	 0.55	 23.92	0.041	  500.00	 66.16
 719.00	 711.49	 4.1395	34.2206	27.1572	 0.55	 23.92	0.041	  500.00	 66.16
 720.00	 712.48	 4.1398	34.2206	27.1572	 0.55	 23.92	0.042	  500.00	 66.16
 721.00	 713.47	 4.1392	34.2207	27.1574	 0.55	 23.91	0.041	  500.00	 66.16
 722.00	 714.46	 4.1404	34.2206	27.1572	 0.55	 23.90	0.041	  500.00	 66.15
 723.00	 715.44	 4.1398	34.2207	27.1573	 0.55	 23.90	0.042	  500.00	 66.16
 724.00	 716.43	 4.1386	34.2210	27.1577	 0.55	 23.90	0.040	  500.00	 66.16
 725.00	 717.42	 4.1381	34.2212	27.1579	 0.55	 23.87	0.041	  500.00	 66.15
 726.00	 718.41	 4.1357	34.2217	27.1586	 0.55	 23.82	0.040	  500.00	 66.15
 727.00	 719.39	 4.1296	34.2228	27.1600	 0.55	 23.74	0.040	  500.00	 66.15
 728.00	 720.38	 4.1253	34.2239	27.1614	 0.55	 23.72	0.041	  500.00	 66.15
 729.00	 721.37	 4.1239	34.2241	27.1617	 0.54	 23.65	0.041	  500.00	 66.15
 730.00	 722.36	 4.1239	34.2241	27.1618	 0.54	 23.60	0.041	  500.00	 66.16
 731.00	 723.35	 4.1255	34.2239	27.1614	 0.54	 23.62	0.041	  500.00	 66.16
 732.00	 724.33	 4.1248	34.2241	27.1617	 0.54	 23.61	0.040	  500.00	 66.16
 733.00	 725.32	 4.1259	34.2239	27.1614	 0.54	 23.58	0.041	  500.00	 66.16
 734.00	 726.31	 4.1253	34.2241	27.1616	 0.54	 23.61	0.041	  500.00	 66.16
 735.00	 727.30	 4.1265	34.2238	27.1613	 0.54	 23.61	0.040	  500.00	 66.15
 736.00	 728.28	 4.1258	34.2239	27.1614	 0.54	 23.56	0.040	  500.00	 66.15
 737.00	 729.27	 4.1257	34.2239	27.1614	 0.54	 23.55	0.041	  500.00	 66.15
 738.00	 730.26	 4.1256	34.2239	27.1615	 0.54	 23.56	0.041	  500.00	 66.15
 739.00	 731.25	 4.1260	34.2239	27.1614	 0.54	 23.55	0.041	  500.00	 66.15
 740.00	 732.24	 4.1230	34.2243	27.1621	 0.54	 23.56	0.041	  500.00	 66.15
 741.00	 733.22	 4.1218	34.2246	27.1624	 0.54	 23.56	0.042	  500.00	 66.15
 742.00	 734.21	 4.1193	34.2251	27.1631	 0.54	 23.57	0.042	  500.00	 66.15
 743.00	 735.20	 4.1182	34.2253	27.1633	 0.54	 23.56	0.041	  500.00	 66.15
 744.00	 736.19	 4.1184	34.2253	27.1633	 0.54	 23.54	0.040	  500.00	 66.15
 745.00	 737.17	 4.1184	34.2254	27.1634	 0.54	 23.53	0.041	  500.00	 66.15
 746.00	 738.16	 4.1218	34.2248	27.1627	 0.54	 23.53	0.041	  500.00	 66.15
 747.00	 739.15	 4.1212	34.2248	27.1627	 0.54	 23.52	0.042	  500.00	 66.15
 748.00	 740.14	 4.1212	34.2249	27.1628	 0.54	 23.50	0.042	  500.00	 66.15
 749.00	 741.13	 4.1173	34.2257	27.1638	 0.54	 23.47	0.041	  500.00	 66.14
 750.00	 742.11	 4.1080	34.2275	27.1662	 0.54	 23.38	0.041	  500.00	 66.15
 751.00	 743.10	 4.1057	34.2282	27.1670	 0.54	 23.38	0.041	  500.00	 66.14
 752.00	 744.09	 4.1073	34.2277	27.1665	 0.54	 23.35	0.042	  500.00	 66.14
 753.00	 745.08	 4.1061	34.2280	27.1668	 0.54	 23.35	0.042	  500.00	 66.14
 754.00	 746.06	 4.1051	34.2284	27.1673	 0.54	 23.33	0.041	  500.00	 66.15
 755.00	 747.05	 4.1058	34.2284	27.1672	 0.54	 23.31	0.041	  500.00	 66.14
 756.00	 748.04	 4.1052	34.2287	27.1676	 0.53	 23.25	0.040	  500.00	 66.14
 757.00	 749.03	 4.1049	34.2287	27.1675	 0.53	 23.24	0.041	  500.00	 66.14
 758.00	 750.01	 4.1053	34.2285	27.1674	 0.53	 23.22	0.041	  500.00	 66.14
 759.00	 751.00	 4.1048	34.2288	27.1677	 0.53	 23.16	0.040	  500.00	 66.14
 760.00	 751.99	 4.1051	34.2287	27.1676	 0.53	 23.15	0.040	  500.00	 66.14
 761.00	 752.98	 4.1042	34.2290	27.1679	 0.53	 23.16	0.040	  500.00	 66.14
 762.00	 753.97	 4.1031	34.2292	27.1682	 0.53	 23.14	0.041	  500.00	 66.14
 763.00	 754.95	 4.1039	34.2291	27.1680	 0.53	 23.15	0.042	  500.00	 66.15
 764.00	 755.94	 4.1033	34.2293	27.1683	 0.53	 23.13	0.040	  500.00	 66.14
 765.00	 756.93	 4.1032	34.2293	27.1683	 0.53	 23.10	0.041	  500.00	 66.14
 766.00	 757.92	 4.1016	34.2298	27.1688	 0.53	 23.11	0.041	  500.00	 66.14
 767.00	 758.90	 4.1018	34.2297	27.1687	 0.53	 23.06	0.041	  500.00	 66.14
 768.00	 759.89	 4.0984	34.2305	27.1697	 0.53	 23.04	0.041	  500.00	 66.14
 769.00	 760.88	 4.0966	34.2309	27.1702	 0.53	 22.99	0.040	  500.00	 66.14
 770.00	 761.87	 4.0944	34.2316	27.1710	 0.53	 22.94	0.041	  500.00	 66.14
 771.00	 762.85	 4.0945	34.2317	27.1711	 0.53	 22.91	0.041	  500.00	 66.14
 772.00	 763.84	 4.0950	34.2316	27.1710	 0.53	 22.86	0.040	  500.00	 66.14
 773.00	 764.83	 4.0952	34.2317	27.1710	 0.53	 22.85	0.041	  500.00	 66.14
 774.00	 765.82	 4.0959	34.2316	27.1709	 0.53	 22.85	0.040	  500.00	 66.14
 775.00	 766.80	 4.0959	34.2316	27.1709	 0.53	 22.86	0.040	  500.00	 66.14
 776.00	 767.79	 4.0930	34.2321	27.1716	 0.53	 22.86	0.041	  500.00	 66.14
 777.00	 768.78	 4.0897	34.2330	27.1727	 0.52	 22.79	0.040	  500.00	 66.14
 778.00	 769.77	 4.0900	34.2329	27.1726	 0.52	 22.79	0.040	  500.00	 66.14
 779.00	 770.75	 4.0902	34.2330	27.1727	 0.52	 22.78	0.040	  500.00	 66.14
 780.00	 771.74	 4.0902	34.2328	27.1726	 0.52	 22.79	0.040	  500.00	 66.13
 781.00	 772.73	 4.0910	34.2327	27.1724	 0.52	 22.78	0.041	  500.00	 66.14
 782.00	 773.72	 4.0896	34.2329	27.1727	 0.52	 22.75	0.042	  500.00	 66.13
 783.00	 774.70	 4.0905	34.2328	27.1725	 0.52	 22.78	0.041	  500.00	 66.14
 784.00	 775.69	 4.0911	34.2326	27.1723	 0.52	 22.76	0.040	  500.00	 66.14
 785.00	 776.68	 4.0907	34.2328	27.1725	 0.52	 22.74	0.040	  500.00	 66.14
 786.00	 777.67	 4.0912	34.2328	27.1724	 0.52	 22.75	0.040	  500.00	 66.14
 787.00	 778.65	 4.0910	34.2328	27.1725	 0.52	 22.76	0.040	  500.00	 66.14
 788.00	 779.64	 4.0910	34.2327	27.1724	 0.52	 22.74	0.041	  500.00	 66.14
 789.00	 780.63	 4.0906	34.2329	27.1726	 0.52	 22.76	0.040	  500.00	 66.14
 790.00	 781.62	 4.0918	34.2327	27.1723	 0.52	 22.75	0.040	  500.00	 66.14
 791.00	 782.60	 4.0918	34.2326	27.1723	 0.52	 22.73	0.040	  500.00	 66.13
 792.00	 783.59	 4.0898	34.2331	27.1729	 0.52	 22.73	0.040	  500.00	 66.13
 793.00	 784.58	 4.0906	34.2329	27.1727	 0.52	 22.74	0.040	  500.00	 66.14
 794.00	 785.57	 4.0911	34.2328	27.1725	 0.52	 22.72	0.041	  500.00	 66.13
 795.00	 786.55	 4.0903	34.2327	27.1726	 0.52	 22.72	0.041	  500.00	 66.13
 796.00	 787.54	 4.0818	34.2340	27.1745	 0.52	 22.73	0.041	  500.00	 66.13
 797.00	 788.53	 4.0765	34.2351	27.1759	 0.52	 22.73	0.042	  500.00	 66.14
 798.00	 789.52	 4.0697	34.2360	27.1773	 0.52	 22.73	0.041	  500.00	 66.13
 799.00	 790.50	 4.0648	34.2369	27.1785	 0.52	 22.73	0.040	  500.00	 66.13
 800.00	 791.49	 4.0640	34.2369	27.1786	 0.52	 22.73	0.040	  500.00	 66.13
 801.00	 792.48	 4.0642	34.2368	27.1786	 0.52	 22.74	0.041	  500.00	 66.13
 802.00	 793.47	 4.0617	34.2374	27.1793	 0.52	 22.73	0.042	  500.00	 66.14
 803.00	 794.45	 4.0608	34.2378	27.1797	 0.52	 22.71	0.041	  500.00	 66.13
 804.00	 795.44	 4.0608	34.2377	27.1796	 0.52	 22.70	0.040	  500.00	 66.13
 805.00	 796.43	 4.0608	34.2377	27.1797	 0.52	 22.68	0.041	  500.00	 66.13
 806.00	 797.42	 4.0621	34.2374	27.1793	 0.52	 22.67	0.042	  500.00	 66.13
 807.00	 798.40	 4.0613	34.2377	27.1796	 0.52	 22.65	0.041	  500.00	 66.13
 808.00	 799.39	 4.0611	34.2377	27.1796	 0.52	 22.66	0.040	  500.00	 66.13
 809.00	 800.38	 4.0608	34.2377	27.1797	 0.52	 22.66	0.040	  500.00	 66.13
 810.00	 801.37	 4.0597	34.2379	27.1800	 0.52	 22.68	0.040	  500.00	 66.13
 811.00	 802.35	 4.0601	34.2379	27.1799	 0.52	 22.65	0.040	  500.00	 66.13
 812.00	 803.34	 4.0601	34.2379	27.1799	 0.52	 22.64	0.040	  500.00	 66.13
 813.00	 804.33	 4.0565	34.2386	27.1809	 0.52	 22.65	0.040	  500.00	 66.13
 814.00	 805.32	 4.0596	34.2383	27.1803	 0.52	 22.60	0.041	  500.00	 66.13
 815.00	 806.30	 4.0601	34.2380	27.1801	 0.52	 22.62	0.042	  500.00	 66.13
 816.00	 807.29	 4.0570	34.2387	27.1809	 0.52	 22.58	0.041	  500.00	 66.12
 817.00	 808.28	 4.0570	34.2386	27.1809	 0.52	 22.58	0.042	  500.00	 66.13
 818.00	 809.27	 4.0558	34.2388	27.1811	 0.52	 22.54	0.042	  500.00	 66.12
 819.00	 810.25	 4.0542	34.2392	27.1816	 0.52	 22.55	0.042	  500.00	 66.13
 820.00	 811.24	 4.0550	34.2390	27.1814	 0.52	 22.54	0.041	  500.00	 66.13
 821.00	 812.23	 4.0577	34.2386	27.1808	 0.52	 22.51	0.041	  303.14	 66.13
 822.00	 813.22	 4.0568	34.2388	27.1811	 0.52	 22.50	0.041	  506.20	 66.13
 823.00	 814.20	 4.0544	34.2393	27.1817	 0.52	 22.52	0.042	  500.00	 66.13
 824.00	 815.19	 4.0546	34.2392	27.1817	 0.52	 22.49	0.042	  500.00	 66.13
 825.00	 816.18	 4.0543	34.2393	27.1818	 0.52	 22.47	0.042	  325.66	 66.12
 826.00	 817.16	 4.0547	34.2392	27.1816	 0.52	 22.43	0.041	  484.43	 66.12
 827.00	 818.15	 4.0570	34.2387	27.1810	 0.51	 22.33	0.041	  500.00	 66.12
 828.00	 819.14	 4.0594	34.2383	27.1804	 0.51	 22.33	0.040	  394.68	 66.11
 829.00	 820.13	 4.0610	34.2380	27.1800	 0.51	 22.33	0.041	  500.83	 66.10
 830.00	 821.11	 4.0627	34.2377	27.1796	 0.51	 22.33	0.041	  500.00	 66.10
 831.00	 822.10	 4.0616	34.2377	27.1798	 0.51	 22.31	0.040	  500.00	 66.09
 832.00	 823.09	 4.0645	34.2373	27.1791	 0.51	 22.33	0.041	  500.00	 66.09
 833.00	 824.08	 4.0651	34.2371	27.1790	 0.51	 22.32	0.041	  500.00	 66.10
 834.00	 825.06	 4.0647	34.2370	27.1789	 0.51	 22.35	0.041	  500.00	 66.10
 835.00	 826.05	 4.0629	34.2374	27.1795	 0.51	 22.31	0.041	  500.00	 66.09
 836.00	 827.04	 4.0642	34.2371	27.1791	 0.51	 22.32	0.041	  500.00	 66.09
 837.00	 828.03	 4.0639	34.2373	27.1792	 0.51	 22.30	0.040	  500.00	 66.09
 838.00	 829.01	 4.0639	34.2373	27.1793	 0.51	 22.29	0.041	  500.00	 66.09
 839.00	 830.00	 4.0598	34.2382	27.1804	 0.51	 22.25	0.040	  500.00	 66.08
 840.00	 830.99	 4.0571	34.2388	27.1812	 0.51	 22.23	0.041	  500.00	 66.08
 841.00	 831.97	 4.0585	34.2385	27.1808	 0.51	 22.22	0.042	  500.00	 66.08
 842.00	 832.96	 4.0578	34.2389	27.1812	 0.51	 22.19	0.041	  500.00	 66.07
 843.00	 833.95	 4.0582	34.2389	27.1811	 0.51	 22.11	0.041	  500.00	 66.05
 844.00	 834.94	 4.0596	34.2384	27.1806	 0.51	 22.12	0.041	  500.00	 66.05
 845.00	 835.92	 4.0579	34.2388	27.1812	 0.51	 22.11	0.041	  500.00	 66.05
 846.00	 836.91	 4.0589	34.2387	27.1810	 0.51	 22.09	0.041	  500.00	 66.04
 847.00	 837.90	 4.0569	34.2391	27.1815	 0.51	 22.10	0.041	  500.00	 66.05
 848.00	 838.89	 4.0554	34.2395	27.1820	 0.51	 22.07	0.041	  500.00	 66.05
 849.00	 839.87	 4.0559	34.2394	27.1819	 0.51	 22.05	0.041	  500.00	 66.04
 850.00	 840.86	 4.0570	34.2391	27.1815	 0.51	 22.06	0.041	  500.00	 66.04
 851.00	 841.85	 4.0593	34.2392	27.1813	 0.51	 21.99	0.040	  500.00	 66.04
 852.00	 842.83	 4.0595	34.2391	27.1813	 0.51	 21.96	0.041	  500.00	 66.04
 853.00	 843.82	 4.0595	34.2394	27.1815	 0.50	 21.92	0.041	  500.00	 66.04
 854.00	 844.81	 4.0574	34.2398	27.1821	 0.50	 21.92	0.041	  500.00	 66.03
