wcoa21_data_management/01_CRUISE_METADATA/00_OCADS_data/CTD_downcasts/WCOA_2021_CTD_downcasts/dRB2102_CTD_045_01_F.txt
* Sea-Bird SBE 9 Data:
* Software Version Seasave V 7.26.7.107
* Vessel: NOAA Ship Ronald H. Brown
* Cruise: RB2102, West Coast Ocean Acidification (WCOA) 2021
* Dates: 20210622 to 20210723
* Region: NE Pacific, USA West Coast
* Ports: San Diego, CA to Port Angeles, WA to San Diego, CA
* Chief Scientists: R. Feely, NOAA PMEL; D. Greeley, NOAA PMEL; B. Carter, NOAA PMEL / UW CICOES
*END*
   4.00	   3.97	15.8559	31.3744	22.9928	 6.06	264.51	0.055	  187.04	 98.53
   5.00	   4.96	15.8552	31.3739	22.9926	 6.06	264.64	0.054	  186.92	 99.70
   6.00	   5.95	15.8545	31.3733	22.9923	 6.10	266.16	0.054	  186.89	 99.67
   7.00	   6.94	15.8532	31.3724	22.9920	 6.11	266.81	0.055	  186.86	 99.68
   8.00	   7.94	15.8525	31.3716	22.9915	 6.10	266.39	0.056	  186.78	 99.68
   9.00	   8.93	15.8519	31.3709	22.9912	 6.11	266.88	0.055	  186.79	 99.68
  10.00	   9.92	15.8538	31.3725	22.9920	 6.12	267.06	0.055	  186.78	 99.69
  11.00	  10.91	15.8582	31.3758	22.9936	 6.12	267.20	0.055	  186.73	 99.68
  12.00	  11.90	15.8580	31.3755	22.9935	 6.12	266.96	0.055	  186.73	 99.68
  13.00	  12.89	15.8578	31.3753	22.9934	 6.13	267.41	0.055	  186.63	 99.68
  14.00	  13.89	15.8551	31.3732	22.9924	 6.13	267.67	0.055	  186.58	 99.68
  15.00	  14.88	15.8249	31.3737	22.9995	 6.14	268.25	0.055	  186.57	 99.69
  16.00	  15.87	15.7346	31.3779	23.0227	 6.41	279.71	0.055	  186.57	 99.69
  17.00	  16.86	14.4493	31.5646	23.4416	 6.79	296.22	0.059	  186.81	 99.69
  18.00	  17.85	13.0669	31.7418	23.8574	 7.19	313.64	0.064	  187.13	 99.76
  19.00	  18.85	11.7760	31.9014	24.2251	 7.34	319.96	0.071	  187.40	 99.81
  20.00	  19.84	11.6407	31.9189	24.2635	 7.21	314.17	0.074	  187.31	 99.86
  21.00	  20.83	11.6001	31.9261	24.2764	 7.11	309.80	0.074	  187.36	 99.86
  22.00	  21.82	11.5129	31.9349	24.2990	 7.09	309.14	0.075	  187.37	 99.85
  23.00	  22.81	11.4719	31.9424	24.3122	 7.07	308.25	0.077	  187.34	 99.83
  24.00	  23.80	11.4473	31.9463	24.3197	 7.06	307.61	0.076	  187.38	 99.81
  25.00	  24.80	11.3741	31.9520	24.3373	 7.07	308.12	0.076	  187.40	 99.80
  26.00	  25.79	11.2628	31.9616	24.3646	 7.05	307.37	0.078	  187.42	 99.80
  27.00	  26.78	11.0651	31.9653	24.4024	 6.97	303.89	0.078	  187.37	 99.80
  28.00	  27.77	10.8675	31.9688	24.4397	 7.04	307.10	0.078	  187.48	 99.80
  29.00	  28.76	10.4431	32.0022	24.5385	 7.09	309.06	0.078	  187.58	 99.79
  30.00	  29.76	10.1440	32.0162	24.5996	 7.00	305.00	0.085	  187.65	 99.78
  31.00	  30.75	 9.4527	32.0718	24.7555	 7.12	310.09	0.078	  187.80	 99.76
  32.00	  31.74	 9.2675	32.0897	24.7988	 7.07	308.29	0.072	  187.78	 99.75
  33.00	  32.73	 9.1705	32.1019	24.8235	 6.95	302.88	0.072	  187.87	 99.76
  34.00	  33.72	 8.8650	32.1221	24.8866	 6.76	294.73	0.072	  187.95	 99.73
  35.00	  34.71	 8.7740	32.1289	24.9058	 6.69	291.60	0.068	  187.99	 99.70
  36.00	  35.71	 8.7174	32.1380	24.9215	 6.62	288.52	0.067	  188.01	 99.66
  37.00	  36.70	 8.6782	32.1441	24.9322	 6.54	285.02	0.066	  188.01	 99.63
  38.00	  37.69	 8.6228	32.1543	24.9486	 6.47	281.75	0.067	  188.06	 96.25
  39.00	  38.68	 8.5693	32.1736	24.9717	 6.38	278.14	0.067	  188.02	 99.55
  40.00	  39.67	 8.5304	32.2040	25.0014	 6.33	275.65	0.069	  188.04	 97.72
  41.00	  40.66	 8.5201	32.2183	25.0142	 6.29	273.98	0.069	  188.06	 99.54
  42.00	  41.66	 8.5181	32.2227	25.0179	 6.28	273.66	0.068	  188.03	 99.51
  43.00	  42.65	 8.5171	32.2262	25.0209	 6.26	272.81	0.068	  188.01	 99.49
  44.00	  43.64	 8.5147	32.2300	25.0242	 6.23	271.32	0.069	  187.96	 93.54
  45.00	  44.63	 8.5000	32.2405	25.0346	 6.16	268.19	0.067	  188.01	 95.01
  46.00	  45.62	 8.4663	32.2636	25.0577	 6.14	267.50	0.065	  188.00	 99.39
  47.00	  46.61	 8.4568	32.2688	25.0633	 6.11	266.13	0.065	  187.98	 97.63
  48.00	  47.61	 8.4455	32.2755	25.0702	 6.05	263.76	0.065	  187.91	 99.54
  49.00	  48.60	 8.4338	32.2854	25.0797	 6.00	261.54	0.063	  187.88	 99.44
  50.00	  49.59	 8.4096	32.3050	25.0987	 5.94	258.86	0.061	  187.88	 99.44
  51.00	  50.58	 8.3836	32.3276	25.1203	 5.86	255.43	0.061	  187.83	 99.41
  52.00	  51.57	 8.3620	32.3548	25.1448	 5.76	250.96	0.060	  187.84	 99.39
  53.00	  52.56	 8.3475	32.3832	25.1692	 5.70	248.26	0.057	  187.80	 99.39
  54.00	  53.56	 8.3397	32.4046	25.1872	 5.66	246.42	0.056	  187.84	 99.37
  55.00	  54.55	 8.3422	32.4382	25.2132	 5.61	244.44	0.054	  187.84	 97.23
  56.00	  55.54	 8.3417	32.4749	25.2421	 5.56	242.23	0.053	  187.83	 99.38
  57.00	  56.53	 8.3311	32.5000	25.2633	 5.51	240.14	0.050	  187.76	 99.34
  58.00	  57.52	 8.3113	32.5222	25.2837	 5.47	238.39	0.049	  187.74	 99.34
  59.00	  58.51	 8.2955	32.5373	25.2978	 5.40	235.00	0.049	  187.77	 99.34
  60.00	  59.51	 8.2874	32.5665	25.3219	 5.28	230.10	0.049	  187.76	 99.32
  61.00	  60.50	 8.2816	32.6040	25.3522	 5.18	225.81	0.047	  187.74	 99.32
  62.00	  61.49	 8.2167	32.6549	25.4018	 5.11	222.66	0.047	  187.83	 99.32
  63.00	  62.48	 8.2144	32.6827	25.4239	 5.00	217.79	0.047	  187.81	 99.32
  64.00	  63.47	 8.1827	32.7058	25.4467	 4.87	211.88	0.046	  187.80	 99.30
  65.00	  64.46	 8.0814	32.7302	25.4806	 4.73	205.90	0.046	  187.84	 99.29
  66.00	  65.46	 8.0399	32.7663	25.5150	 4.61	200.91	0.048	  187.91	 99.30
  67.00	  66.45	 8.0133	32.8042	25.5486	 4.54	197.88	0.048	  188.01	 99.30
  68.00	  67.44	 8.0060	32.8133	25.5569	 4.47	194.87	0.048	  187.92	 99.32
  69.00	  68.43	 7.9966	32.8250	25.5674	 4.45	193.65	0.048	  188.01	 99.32
  70.00	  69.42	 7.9928	32.8296	25.5716	 4.43	192.84	0.048	  187.92	 99.33
  71.00	  70.41	 7.9916	32.8315	25.5733	 4.41	191.95	0.048	  187.97	 99.34
  72.00	  71.41	 7.9910	32.8331	25.5746	 4.39	191.15	0.049	  187.89	 99.34
  73.00	  72.40	 7.9880	32.8367	25.5779	 4.38	190.53	0.049	  187.90	 99.34
  74.00	  73.39	 7.9858	32.8393	25.5803	 4.35	189.63	0.047	  187.90	 99.34
  75.00	  74.38	 7.9853	32.8417	25.5823	 4.32	188.20	0.047	  187.88	 99.35
  76.00	  75.37	 7.9793	32.8559	25.5943	 4.29	186.74	0.047	  187.87	 99.35
  77.00	  76.36	 7.9706	32.8789	25.6136	 4.24	184.79	0.047	  187.86	 99.36
  78.00	  77.35	 7.9641	32.8970	25.6288	 4.18	182.14	0.049	  187.83	 99.37
  79.00	  78.35	 7.9589	32.9180	25.6461	 4.13	180.00	0.047	  187.81	 99.37
  80.00	  79.34	 7.9592	32.9427	25.6654	 4.09	178.06	0.047	  187.86	 99.38
  81.00	  80.33	 7.9623	32.9592	25.6779	 4.03	175.40	0.046	  187.78	 99.39
  82.00	  81.32	 7.9626	32.9749	25.6903	 3.95	172.02	0.046	  187.89	 99.39
  83.00	  82.31	 7.9628	33.0560	25.7539	 3.91	170.11	0.045	  187.89	 99.39
  84.00	  83.30	 7.9662	33.0810	25.7731	 3.88	168.79	0.044	  187.90	 99.39
  85.00	  84.30	 7.9687	33.0949	25.7836	 3.84	167.31	0.044	  187.89	 99.40
  86.00	  85.29	 7.9699	33.1260	25.8078	 3.78	164.66	0.044	  187.84	 99.42
  87.00	  86.28	 7.9698	33.1506	25.8272	 3.73	162.51	0.044	  187.81	 99.44
  88.00	  87.27	 7.9774	33.1653	25.8377	 3.67	159.80	0.044	  187.81	 99.44
  89.00	  88.26	 7.9993	33.2243	25.8808	 3.61	157.33	0.043	  187.85	 99.44
  90.00	  89.25	 8.0160	33.2769	25.9197	 3.58	155.98	0.043	  187.93	 99.44
  91.00	  90.24	 8.0192	33.3063	25.9423	 3.56	155.10	0.043	  187.87	 99.45
  92.00	  91.24	 8.0105	33.3098	25.9463	 3.52	153.02	0.043	  187.87	 99.48
  93.00	  92.23	 8.0018	33.3133	25.9504	 3.49	152.12	0.043	  187.89	 99.49
  94.00	  93.22	 7.9949	33.3139	25.9519	 3.47	150.90	0.043	  187.86	 99.49
  95.00	  94.21	 7.9787	33.3233	25.9616	 3.44	149.75	0.043	  187.88	 99.49
  96.00	  95.20	 7.9938	33.3753	26.0002	 3.42	148.93	0.043	  187.82	 99.49
  97.00	  96.19	 8.0288	33.3895	26.0063	 3.40	147.83	0.043	  187.82	 99.49
  98.00	  97.18	 8.0106	33.3960	26.0141	 3.36	146.43	0.042	  187.78	 99.50
  99.00	  98.18	 7.9911	33.4017	26.0214	 3.33	145.16	0.042	  187.78	 99.51
 100.00	  99.17	 7.9933	33.4281	26.0419	 3.29	143.33	0.042	  187.77	 99.51
 101.00	 100.16	 7.9814	33.4408	26.0536	 3.25	141.63	0.042	  187.78	 99.52
 102.00	 101.15	 8.0011	33.4641	26.0690	 3.22	140.30	0.042	  187.75	 99.52
 103.00	 102.14	 7.9951	33.4866	26.0875	 3.21	139.61	0.042	  187.78	 99.53
 104.00	 103.13	 7.9789	33.5018	26.1018	 3.19	138.79	0.042	  187.73	 99.54
 105.00	 104.12	 7.9733	33.5106	26.1096	 3.16	137.58	0.042	  187.77	 99.54
 106.00	 105.12	 7.9697	33.5201	26.1176	 3.14	136.75	0.042	  187.79	 99.56
 107.00	 106.11	 7.9699	33.5275	26.1234	 3.14	136.46	0.041	  187.81	 99.55
 108.00	 107.10	 7.9708	33.5292	26.1247	 3.13	136.15	0.042	  187.75	 99.56
 109.00	 108.09	 7.9705	33.5323	26.1272	 3.12	135.71	0.042	  187.74	 99.56
 110.00	 109.08	 7.9675	33.5379	26.1320	 3.10	134.98	0.042	  187.74	 99.56
 111.00	 110.07	 7.9617	33.5488	26.1414	 3.07	133.66	0.041	  187.75	 99.56
 112.00	 111.06	 7.9508	33.5726	26.1617	 3.06	133.00	0.041	  187.75	 99.56
 113.00	 112.06	 7.9495	33.5831	26.1701	 3.04	132.26	0.041	  187.77	 99.57
 114.00	 113.05	 7.9479	33.5926	26.1779	 3.03	131.67	0.042	  187.71	 99.57
 115.00	 114.04	 7.9414	33.6013	26.1856	 3.01	130.99	0.041	  187.67	 99.58
 116.00	 115.03	 7.9365	33.6057	26.1898	 2.98	129.80	0.041	  187.66	 99.58
 117.00	 116.02	 7.9295	33.6182	26.2007	 2.95	128.17	0.041	  187.66	 99.58
 118.00	 117.01	 7.9276	33.6426	26.2202	 2.92	126.90	0.041	  187.64	 99.58
 119.00	 118.00	 7.9245	33.6485	26.2252	 2.89	125.85	0.041	  187.61	 99.58
 120.00	 119.00	 7.9127	33.6605	26.2364	 2.86	124.68	0.041	  187.62	 99.59
 121.00	 119.99	 7.9041	33.6676	26.2432	 2.84	123.49	0.041	  187.65	 99.60
 122.00	 120.98	 7.8898	33.6795	26.2547	 2.81	122.23	0.041	  187.59	 99.61
 123.00	 121.97	 7.8715	33.6935	26.2684	 2.78	120.80	0.041	  187.61	 99.61
 124.00	 122.96	 7.8604	33.7011	26.2760	 2.76	120.05	0.041	  187.53	 99.62
 125.00	 123.95	 7.8570	33.7034	26.2783	 2.74	119.43	0.041	  187.58	 99.63
 126.00	 124.94	 7.8496	33.7083	26.2833	 2.73	118.71	0.041	  187.55	 99.63
 127.00	 125.93	 7.8421	33.7138	26.2886	 2.71	118.02	0.041	  187.57	 99.63
 128.00	 126.93	 7.8370	33.7175	26.2923	 2.69	116.98	0.041	  187.59	 99.63
 129.00	 127.92	 7.8203	33.7280	26.3031	 2.65	115.53	0.041	  187.56	 99.63
 130.00	 128.91	 7.7938	33.7454	26.3205	 2.63	114.31	0.041	  187.55	 99.64
 131.00	 129.90	 7.7793	33.7548	26.3301	 2.60	113.24	0.042	  187.54	 99.65
 132.00	 130.89	 7.7671	33.7636	26.3387	 2.58	112.29	0.041	  187.57	 99.66
 133.00	 131.88	 7.7508	33.7798	26.3538	 2.56	111.59	0.041	  187.55	 99.66
 134.00	 132.87	 7.7408	33.7879	26.3617	 2.55	110.84	0.041	  187.53	 99.66
 135.00	 133.86	 7.7329	33.7935	26.3672	 2.52	109.70	0.041	  187.57	 99.66
 136.00	 134.86	 7.7127	33.8066	26.3804	 2.51	109.12	0.042	  187.56	 99.67
 137.00	 135.85	 7.7024	33.8183	26.3912	 2.50	108.89	0.041	  187.56	 99.67
 138.00	 136.84	 7.7017	33.8221	26.3942	 2.50	108.67	0.041	  187.51	 99.68
 139.00	 137.83	 7.6862	33.8350	26.4066	 2.50	108.88	0.041	  187.53	 99.68
 140.00	 138.82	 7.6829	33.8440	26.4142	 2.49	108.51	0.041	  187.50	 99.68
 141.00	 139.81	 7.6693	33.8498	26.4207	 2.47	107.31	0.041	  187.51	 99.68
 142.00	 140.80	 7.6337	33.8504	26.4263	 2.45	106.56	0.041	  187.55	 99.68
 143.00	 141.79	 7.6238	33.8526	26.4295	 2.43	105.94	0.041	  187.49	 99.68
 144.00	 142.79	 7.6202	33.8545	26.4315	 2.45	106.48	0.042	  187.48	 99.68
 145.00	 143.78	 7.6200	33.8580	26.4343	 2.47	107.64	0.041	  187.45	 99.68
 146.00	 144.77	 7.6353	33.8712	26.4425	 2.49	108.16	0.042	  187.42	 99.69
 147.00	 145.76	 7.6376	33.8751	26.4452	 2.50	108.81	0.041	  187.44	 99.69
 148.00	 146.75	 7.6392	33.8780	26.4473	 2.51	109.21	0.041	  187.36	 99.69
 149.00	 147.74	 7.6381	33.8808	26.4497	 2.51	109.09	0.042	  187.36	 99.68
 150.00	 148.73	 7.6371	33.8822	26.4510	 2.50	108.64	0.041	  187.44	 99.68
 151.00	 149.72	 7.6209	33.8902	26.4595	 2.49	108.42	0.041	  187.31	 99.68
 152.00	 150.72	 7.6073	33.8939	26.4644	 2.48	108.07	0.041	  187.32	 99.68
 153.00	 151.71	 7.5994	33.8950	26.4665	 2.46	107.19	0.041	  187.29	 99.68
 154.00	 152.70	 7.5906	33.8957	26.4682	 2.44	106.23	0.041	  187.33	 99.68
 155.00	 153.69	 7.5715	33.8995	26.4740	 2.42	105.49	0.042	  187.28	 99.68
 156.00	 154.68	 7.5549	33.9011	26.4776	 2.41	104.82	0.041	  187.29	 99.69
 157.00	 155.67	 7.5413	33.9035	26.4815	 2.40	104.22	0.041	  187.28	 99.69
 158.00	 156.66	 7.5329	33.9069	26.4854	 2.39	103.82	0.041	  187.28	 99.69
 159.00	 157.65	 7.5241	33.9131	26.4915	 2.38	103.55	0.041	  187.29	 99.70
 160.00	 158.64	 7.5235	33.9156	26.4935	 2.38	103.45	0.041	  187.24	 99.71
 161.00	 159.64	 7.5245	33.9176	26.4951	 2.38	103.43	0.042	  187.22	 99.71
 162.00	 160.63	 7.5245	33.9189	26.4960	 2.38	103.46	0.041	  187.19	 99.71
 163.00	 161.62	 7.5237	33.9219	26.4985	 2.38	103.46	0.041	  187.19	 99.71
 164.00	 162.61	 7.5190	33.9240	26.5009	 2.38	103.41	0.041	  187.24	 99.71
 165.00	 163.60	 7.5183	33.9269	26.5033	 2.37	103.13	0.041	  187.25	 99.71
 166.00	 164.59	 7.5038	33.9322	26.5095	 2.33	101.36	0.041	  187.29	 99.71
 167.00	 165.58	 7.4433	33.9423	26.5260	 2.30	 99.95	0.041	  187.26	 99.71
 168.00	 166.57	 7.4262	33.9446	26.5302	 2.29	 99.56	0.041	  187.24	 99.71
 169.00	 167.56	 7.4102	33.9476	26.5350	 2.28	 99.23	0.041	  187.25	 99.71
 170.00	 168.56	 7.4047	33.9494	26.5371	 2.28	 98.98	0.041	  187.17	 99.72
 171.00	 169.55	 7.3991	33.9503	26.5386	 2.26	 98.44	0.041	  187.17	 99.72
 172.00	 170.54	 7.3831	33.9527	26.5428	 2.25	 97.86	0.041	  187.17	 99.73
 173.00	 171.53	 7.3751	33.9545	26.5454	 2.24	 97.54	0.041	  187.14	 99.73
 174.00	 172.52	 7.3719	33.9551	26.5463	 2.23	 97.19	0.041	  187.17	 99.73
 175.00	 173.51	 7.3675	33.9559	26.5475	 2.23	 96.97	0.041	  187.17	 99.73
 176.00	 174.50	 7.3624	33.9569	26.5491	 2.22	 96.71	0.041	  187.13	 99.73
 177.00	 175.49	 7.3582	33.9577	26.5503	 2.22	 96.48	0.042	  187.08	 99.73
 178.00	 176.48	 7.3541	33.9588	26.5518	 2.21	 96.32	0.041	  187.13	 99.73
 179.00	 177.48	 7.3516	33.9597	26.5528	 2.20	 95.83	0.041	  187.06	 99.73
 180.00	 178.47	 7.3474	33.9605	26.5541	 2.19	 95.06	0.041	  187.10	 99.73
 181.00	 179.46	 7.3343	33.9619	26.5570	 2.17	 94.49	0.041	  187.12	 99.73
 182.00	 180.45	 7.3166	33.9643	26.5614	 2.16	 94.07	0.041	  187.11	 99.74
 183.00	 181.44	 7.2956	33.9674	26.5668	 2.15	 93.56	0.041	  187.14	 99.74
 184.00	 182.43	 7.2916	33.9679	26.5677	 2.14	 93.28	0.041	  187.06	 99.75
 185.00	 183.42	 7.2853	33.9681	26.5688	 2.14	 92.91	0.041	  187.07	 99.75
 186.00	 184.41	 7.2752	33.9693	26.5712	 2.13	 92.53	0.041	  187.08	 99.75
 187.00	 185.40	 7.2673	33.9701	26.5729	 2.12	 92.04	0.041	  187.05	 99.76
 188.00	 186.40	 7.2487	33.9716	26.5767	 2.10	 91.41	0.041	  187.06	 99.76
 189.00	 187.39	 7.2310	33.9740	26.5810	 2.09	 90.73	0.041	  187.04	 99.76
 190.00	 188.38	 7.2221	33.9754	26.5834	 2.07	 90.03	0.041	  187.07	 99.76
 191.00	 189.37	 7.2170	33.9734	26.5826	 2.06	 89.52	0.041	  187.08	 99.76
 192.00	 190.36	 7.2039	33.9762	26.5866	 2.05	 89.08	0.041	  187.09	 99.76
 193.00	 191.35	 7.1942	33.9770	26.5886	 2.04	 88.74	0.041	  187.07	 99.77
 194.00	 192.34	 7.1786	33.9790	26.5923	 2.03	 88.45	0.041	  187.05	 99.76
 195.00	 193.33	 7.1749	33.9793	26.5931	 2.02	 87.97	0.041	  187.05	 99.77
 196.00	 194.32	 7.1666	33.9799	26.5948	 2.01	 87.30	0.041	  187.02	 99.77
 197.00	 195.31	 7.1503	33.9803	26.5973	 1.99	 86.60	0.041	  187.00	 99.77
 198.00	 196.30	 7.1292	33.9815	26.6012	 1.98	 86.24	0.041	  186.96	 99.78
 199.00	 197.30	 7.1127	33.9833	26.6049	 1.98	 86.02	0.042	  186.99	 99.78
 200.00	 198.29	 7.1051	33.9836	26.6062	 1.97	 85.67	0.042	  187.01	 99.78
 201.00	 199.28	 7.0941	33.9841	26.6081	 1.97	 85.51	0.041	  187.03	 99.78
 202.00	 200.27	 7.0855	33.9848	26.6099	 1.96	 85.26	0.041	  187.05	 99.78
 203.00	 201.26	 7.0789	33.9851	26.6111	 1.95	 84.73	0.041	  186.98	 99.78
 204.00	 202.25	 7.0700	33.9854	26.6125	 1.94	 84.44	0.041	  186.94	 99.78
 205.00	 203.24	 7.0611	33.9857	26.6140	 1.94	 84.40	0.042	  186.96	 99.78
 206.00	 204.23	 7.0529	33.9855	26.6150	 1.94	 84.27	0.041	  186.94	 99.78
 207.00	 205.22	 7.0482	33.9859	26.6159	 1.94	 84.29	0.041	  186.99	 99.78
 208.00	 206.21	 7.0425	33.9860	26.6168	 1.94	 84.24	0.041	  186.99	 99.78
 209.00	 207.21	 7.0390	33.9860	26.6173	 1.93	 84.09	0.041	  186.91	 99.78
 210.00	 208.20	 7.0353	33.9864	26.6182	 1.93	 84.00	0.041	  186.90	 99.78
 211.00	 209.19	 7.0328	33.9871	26.6190	 1.93	 83.90	0.041	  186.87	 99.78
 212.00	 210.18	 7.0330	33.9874	26.6192	 1.93	 83.92	0.041	  186.90	 99.78
 213.00	 211.17	 7.0329	33.9874	26.6193	 1.93	 83.84	0.041	  186.94	 99.78
 214.00	 212.16	 7.0323	33.9874	26.6193	 1.93	 83.79	0.041	  186.89	 99.78
 215.00	 213.15	 7.0296	33.9871	26.6195	 1.92	 83.66	0.041	  186.84	 99.79
 216.00	 214.14	 7.0246	33.9875	26.6206	 1.92	 83.62	0.041	  186.84	 99.79
