wcoa21_data_management/01_CRUISE_METADATA/00_OCADS_data/CTD_downcasts/WCOA_2021_CTD_downcasts/dRB2102_CTD_036_01_F.txt
* Sea-Bird SBE 9 Data:
* Software Version Seasave V 7.26.7.107
* Vessel: NOAA Ship Ronald H. Brown
* Cruise: RB2102, West Coast Ocean Acidification (WCOA) 2021
* Dates: 20210622 to 20210723
* Region: NE Pacific, USA West Coast
* Ports: San Diego, CA to Port Angeles, WA to San Diego, CA
* Chief Scientists: R. Feely, NOAA PMEL; D. Greeley, NOAA PMEL; B. Carter, NOAA PMEL / UW CICOES
*END*
[from data line 1494]
1497.00	1479.25	 2.5707	34.5054	27.5371	 0.68	 29.49	0.040	  139.49	100.00
1498.00	1480.23	 2.5666	34.5057	27.5377	 0.68	 29.66	0.040	  139.51	100.00
1499.00	1481.21	 2.5604	34.5058	27.5383	 0.68	 29.65	0.040	  139.52	100.00
1500.00	1482.20	 2.5541	34.5066	27.5395	 0.68	 29.66	0.040	  139.47	100.00
1501.00	1483.18	 2.5531	34.5067	27.5396	 0.68	 29.65	0.040	  139.49	100.00
1502.00	1484.17	 2.5507	34.5068	27.5399	 0.68	 29.65	0.040	  139.56	100.00
1503.00	1485.15	 2.5490	34.5072	27.5404	 0.68	 29.69	0.040	  139.50	100.00
1504.00	1486.14	 2.5480	34.5072	27.5405	 0.68	 29.76	0.040	  139.53	100.00
1505.00	1487.12	 2.5470	34.5073	27.5407	 0.69	 29.84	0.041	  139.46	100.00
1506.00	1488.11	 2.5449	34.5075	27.5410	 0.69	 29.92	0.040	  139.46	100.00
1507.00	1489.09	 2.5439	34.5075	27.5411	 0.69	 29.94	0.040	  139.51	100.00
1508.00	1490.08	 2.5433	34.5075	27.5412	 0.69	 29.95	0.040	  139.49	100.00
1509.00	1491.06	 2.5420	34.5075	27.5413	 0.69	 29.94	0.040	  139.46	100.00
1510.00	1492.05	 2.5401	34.5077	27.5416	 0.69	 29.94	0.040	  139.52	100.00
1511.00	1493.03	 2.5401	34.5078	27.5417	 0.69	 29.97	0.040	  139.48	100.00
1512.00	1494.01	 2.5401	34.5078	27.5417	 0.69	 29.97	0.040	  139.46	100.00
1513.00	1495.00	 2.5395	34.5078	27.5417	 0.69	 29.96	0.041	  139.50	100.00
1514.00	1495.98	 2.5389	34.5079	27.5419	 0.69	 30.01	0.042	  139.51	100.00
1515.00	1496.97	 2.5386	34.5080	27.5420	 0.69	 30.08	0.041	  139.47	100.00
1516.00	1497.95	 2.5383	34.5080	27.5420	 0.69	 30.11	0.040	  139.51	100.00
1517.00	1498.94	 2.5380	34.5081	27.5421	 0.69	 30.04	0.040	  139.48	100.00
1518.00	1499.92	 2.5371	34.5082	27.5423	 0.69	 30.05	0.040	  139.49	100.00
1519.00	1500.91	 2.5359	34.5082	27.5424	 0.69	 30.07	0.040	  139.49	100.00
1520.00	1501.89	 2.5351	34.5081	27.5424	 0.69	 30.15	0.041	  139.44	100.00
1521.00	1502.88	 2.5348	34.5084	27.5426	 0.69	 30.14	0.040	  139.51	100.00
1522.00	1503.86	 2.5323	34.5082	27.5427	 0.69	 30.18	0.040	  139.42	100.00
1523.00	1504.84	 2.5285	34.5086	27.5434	 0.70	 30.31	0.040	  139.46	100.00
1524.00	1505.83	 2.5239	34.5091	27.5441	 0.70	 30.34	0.041	  139.50	100.00
1525.00	1506.81	 2.5206	34.5096	27.5449	 0.70	 30.52	0.041	  139.48	100.00
1526.00	1507.80	 2.5176	34.5099	27.5453	 0.70	 30.52	0.040	  139.42	100.00
1527.00	1508.78	 2.5161	34.5103	27.5457	 0.70	 30.64	0.040	  139.48	100.00
1528.00	1509.77	 2.5155	34.5103	27.5458	 0.71	 30.69	0.040	  139.45	100.00
1529.00	1510.75	 2.5151	34.5105	27.5460	 0.71	 30.72	0.040	  139.45	100.00
1530.00	1511.74	 2.5145	34.5106	27.5462	 0.71	 30.79	0.040	  139.43	100.00
1531.00	1512.72	 2.5144	34.5106	27.5462	 0.71	 30.82	0.041	  139.43	100.00
1532.00	1513.70	 2.5157	34.5104	27.5459	 0.71	 30.84	0.040	  139.41	100.00
1533.00	1514.69	 2.5144	34.5105	27.5461	 0.71	 30.88	0.040	  139.42	100.00
1534.00	1515.67	 2.5139	34.5106	27.5462	 0.71	 30.90	0.040	  139.47	100.00
1535.00	1516.66	 2.5136	34.5107	27.5464	 0.71	 30.99	0.040	  139.43	100.00
1536.00	1517.64	 2.5129	34.5107	27.5464	 0.72	 31.09	0.040	  139.49	100.00
1537.00	1518.63	 2.5098	34.5115	27.5473	 0.71	 31.06	0.040	  139.43	100.00
1538.00	1519.61	 2.5076	34.5118	27.5478	 0.72	 31.15	0.040	  139.40	100.00
1539.00	1520.60	 2.5042	34.5120	27.5482	 0.72	 31.24	0.041	  139.42	100.00
1540.00	1521.58	 2.5041	34.5126	27.5487	 0.72	 31.43	0.040	  139.45	100.00
1541.00	1522.56	 2.5054	34.5133	27.5492	 0.73	 31.55	0.040	  139.44	100.00
1542.00	1523.55	 2.5046	34.5138	27.5496	 0.73	 31.76	0.040	  139.45	100.00
1543.00	1524.53	 2.5029	34.5147	27.5505	 0.73	 31.86	0.040	  139.44	100.00
1544.00	1525.52	 2.5019	34.5150	27.5508	 0.74	 31.97	0.040	  139.46	100.00
1545.00	1526.50	 2.5012	34.5152	27.5511	 0.74	 32.09	0.040	  139.46	100.00
1546.00	1527.49	 2.5005	34.5161	27.5518	 0.74	 32.35	0.040	  139.39	100.00
1547.00	1528.47	 2.5000	34.5165	27.5523	 0.75	 32.56	0.041	  139.41	100.00
1548.00	1529.46	 2.4991	34.5167	27.5525	 0.75	 32.56	0.041	  139.40	100.00
1549.00	1530.44	 2.4983	34.5168	27.5526	 0.75	 32.71	0.040	  139.39	100.00
1550.00	1531.42	 2.4975	34.5169	27.5528	 0.75	 32.74	0.040	  139.38	100.00
1551.00	1532.41	 2.4975	34.5169	27.5527	 0.75	 32.72	0.040	  139.41	100.00
1552.00	1533.39	 2.4959	34.5167	27.5527	 0.75	 32.80	0.040	  139.38	100.00
1553.00	1534.38	 2.4930	34.5168	27.5531	 0.76	 32.95	0.041	  139.36	100.00
1554.00	1535.36	 2.4912	34.5172	27.5536	 0.76	 32.98	0.041	  139.42	100.00
1555.00	1536.35	 2.4905	34.5178	27.5541	 0.76	 33.03	0.041	  139.37	100.00
1556.00	1537.33	 2.4877	34.5180	27.5545	 0.76	 33.13	0.040	  139.40	100.00
1557.00	1538.32	 2.4847	34.5185	27.5551	 0.77	 33.32	0.040	  139.30	100.00
1558.00	1539.30	 2.4843	34.5190	27.5556	 0.77	 33.34	0.040	  139.42	100.00
1559.00	1540.28	 2.4792	34.5194	27.5564	 0.77	 33.51	0.040	  139.34	100.00
1560.00	1541.27	 2.4773	34.5199	27.5569	 0.77	 33.63	0.040	  139.37	100.00
1561.00	1542.25	 2.4761	34.5203	27.5573	 0.78	 33.74	0.041	  139.35	100.00
1562.00	1543.24	 2.4751	34.5213	27.5582	 0.78	 33.98	0.041	  139.37	100.00
1563.00	1544.22	 2.4746	34.5217	27.5586	 0.79	 34.16	0.042	  139.35	100.00
1564.00	1545.21	 2.4743	34.5217	27.5586	 0.79	 34.16	0.041	  139.33	100.00
1565.00	1546.19	 2.4739	34.5217	27.5586	 0.79	 34.39	0.040	  139.34	100.00
1566.00	1547.17	 2.4738	34.5217	27.5586	 0.79	 34.31	0.040	  139.40	100.00
1567.00	1548.16	 2.4733	34.5217	27.5587	 0.79	 34.34	0.041	  139.33	100.00
1568.00	1549.14	 2.4723	34.5219	27.5590	 0.79	 34.38	0.041	  139.35	100.00
1569.00	1550.13	 2.4704	34.5222	27.5594	 0.79	 34.49	0.040	  139.34	100.00
1570.00	1551.11	 2.4678	34.5223	27.5597	 0.80	 34.59	0.040	  139.38	100.00
1571.00	1552.10	 2.4643	34.5226	27.5602	 0.80	 34.63	0.040	  139.37	100.00
1572.00	1553.08	 2.4622	34.5228	27.5606	 0.80	 34.62	0.040	  139.36	100.00
1573.00	1554.06	 2.4606	34.5227	27.5606	 0.80	 34.67	0.040	  139.39	100.00
1574.00	1555.05	 2.4579	34.5231	27.5612	 0.80	 34.87	0.040	  139.33	100.00
1575.00	1556.03	 2.4567	34.5232	27.5613	 0.80	 34.96	0.040	  139.36	100.00
1576.00	1557.02	 2.4539	34.5234	27.5618	 0.80	 34.90	0.040	  139.31	100.00
1577.00	1558.00	 2.4511	34.5236	27.5621	 0.80	 34.93	0.040	  139.30	100.00
1578.00	1558.99	 2.4499	34.5237	27.5623	 0.81	 35.00	0.040	  139.27	100.00
1579.00	1559.97	 2.4495	34.5239	27.5625	 0.81	 35.11	0.041	  139.31	100.00
1580.00	1560.95	 2.4484	34.5240	27.5627	 0.81	 35.15	0.041	  139.30	100.00
1581.00	1561.94	 2.4450	34.5240	27.5630	 0.81	 35.17	0.040	  139.27	100.00
1582.00	1562.92	 2.4436	34.5243	27.5633	 0.81	 35.22	0.040	  139.30	100.00
1583.00	1563.91	 2.4421	34.5243	27.5634	 0.81	 35.21	0.040	  139.27	100.00
1584.00	1564.89	 2.4407	34.5245	27.5638	 0.81	 35.23	0.040	  139.34	100.00
1585.00	1565.88	 2.4386	34.5245	27.5640	 0.81	 35.25	0.040	  139.28	100.00
1586.00	1566.86	 2.4353	34.5249	27.5646	 0.81	 35.33	0.040	  139.28	100.00
1587.00	1567.84	 2.4345	34.5250	27.5647	 0.81	 35.41	0.040	  139.33	100.00
1588.00	1568.83	 2.4337	34.5252	27.5649	 0.82	 35.49	0.040	  139.29	100.00
1589.00	1569.81	 2.4331	34.5251	27.5649	 0.82	 35.44	0.040	  139.29	100.00
1590.00	1570.80	 2.4313	34.5252	27.5652	 0.82	 35.51	0.040	  139.25	100.00
1591.00	1571.78	 2.4278	34.5255	27.5657	 0.82	 35.51	0.040	  139.34	100.00
1592.00	1572.77	 2.4260	34.5258	27.5660	 0.82	 35.59	0.040	  139.27	100.00
1593.00	1573.75	 2.4251	34.5257	27.5661	 0.82	 35.70	0.040	  139.25	100.00
1594.00	1574.73	 2.4252	34.5264	27.5666	 0.82	 35.80	0.040	  139.26	100.00
1595.00	1575.72	 2.4270	34.5270	27.5670	 0.83	 35.89	0.040	  139.24	100.00
1596.00	1576.70	 2.4267	34.5274	27.5673	 0.83	 36.03	0.040	  139.26	100.00
1597.00	1577.69	 2.4238	34.5273	27.5675	 0.83	 36.11	0.040	  139.21	100.00
1598.00	1578.67	 2.4225	34.5273	27.5676	 0.83	 36.08	0.041	  139.25	100.00
1599.00	1579.65	 2.4230	34.5275	27.5677	 0.83	 36.10	0.041	  139.28	100.00
1600.00	1580.64	 2.4179	34.5267	27.5675	 0.83	 36.16	0.040	  139.26	100.00
1601.00	1581.62	 2.4169	34.5270	27.5678	 0.83	 36.27	0.040	  139.24	100.00
1602.00	1582.61	 2.4191	34.5277	27.5682	 0.84	 36.36	0.040	  139.22	100.00
1603.00	1583.59	 2.4217	34.5282	27.5684	 0.84	 36.39	0.040	  139.27	100.00
1604.00	1584.58	 2.4234	34.5288	27.5688	 0.84	 36.44	0.040	  139.19	100.00
1605.00	1585.56	 2.4225	34.5288	27.5689	 0.84	 36.50	0.040	  139.19	100.00
1606.00	1586.54	 2.4193	34.5287	27.5690	 0.84	 36.50	0.040	  139.26	100.00
1607.00	1587.53	 2.4122	34.5282	27.5692	 0.84	 36.60	0.040	  139.25	100.00
1608.00	1588.51	 2.4113	34.5281	27.5692	 0.84	 36.58	0.040	  139.23	100.00
1609.00	1589.50	 2.4115	34.5285	27.5695	 0.84	 36.67	0.040	  139.24	100.00
1610.00	1590.48	 2.4132	34.5288	27.5696	 0.84	 36.67	0.041	  139.14	100.00
1611.00	1591.46	 2.4138	34.5292	27.5699	 0.84	 36.70	0.040	  139.23	100.00
1612.00	1592.45	 2.4155	34.5296	27.5701	 0.85	 36.85	0.040	  139.30	100.00
1613.00	1593.43	 2.4166	34.5299	27.5702	 0.85	 36.98	0.040	  139.17	100.00
1614.00	1594.42	 2.4179	34.5303	27.5704	 0.85	 37.04	0.040	  139.17	100.00
1615.00	1595.40	 2.4224	34.5311	27.5708	 0.86	 37.25	0.040	  139.17	100.00
1616.00	1596.38	 2.4247	34.5318	27.5711	 0.86	 37.52	0.040	  139.14	100.00
1617.00	1597.37	 2.4220	34.5322	27.5717	 0.87	 37.70	0.040	  139.21	100.00
1618.00	1598.35	 2.4212	34.5326	27.5721	 0.87	 37.82	0.040	  139.21	100.00
1619.00	1599.34	 2.4230	34.5333	27.5725	 0.87	 37.98	0.040	  139.21	100.00
1620.00	1600.32	 2.4226	34.5336	27.5727	 0.88	 38.15	0.040	  139.21	100.00
1621.00	1601.31	 2.4207	34.5337	27.5730	 0.88	 38.19	0.040	  139.21	100.00
1622.00	1602.29	 2.4148	34.5339	27.5737	 0.88	 38.32	0.040	  139.19	100.00
1623.00	1603.27	 2.4125	34.5340	27.5739	 0.89	 38.47	0.040	  139.19	100.00
1624.00	1604.26	 2.4096	34.5344	27.5745	 0.89	 38.58	0.040	  139.19	100.00
1625.00	1605.24	 2.4100	34.5349	27.5749	 0.89	 38.72	0.040	  139.17	100.00
1626.00	1606.23	 2.4106	34.5351	27.5750	 0.89	 38.84	0.040	  139.17	100.00
1627.00	1607.21	 2.4109	34.5352	27.5751	 0.90	 38.91	0.040	  139.17	100.00
1628.00	1608.19	 2.4110	34.5353	27.5751	 0.90	 39.06	0.040	  139.13	100.00
1629.00	1609.18	 2.4094	34.5354	27.5754	 0.90	 39.14	0.040	  139.18	100.00
1630.00	1610.16	 2.4050	34.5358	27.5761	 0.90	 39.16	0.040	  139.20	100.00
1631.00	1611.15	 2.4023	34.5363	27.5767	 0.90	 39.17	0.040	  139.14	100.00
1632.00	1612.13	 2.4008	34.5364	27.5769	 0.90	 39.20	0.042	  139.11	100.00
1633.00	1613.11	 2.4006	34.5365	27.5770	 0.90	 39.30	0.041	  139.16	100.00
1634.00	1614.10	 2.4006	34.5363	27.5768	 0.91	 39.42	0.041	  139.13	100.00
1635.00	1615.08	 2.3995	34.5365	27.5771	 0.91	 39.50	0.040	  139.16	100.00
1636.00	1616.07	 2.3973	34.5367	27.5775	 0.91	 39.65	0.041	  139.23	100.00
1637.00	1617.05	 2.3960	34.5369	27.5777	 0.91	 39.66	0.042	  139.14	100.00
1638.00	1618.03	 2.3950	34.5369	27.5778	 0.91	 39.67	0.041	  139.12	100.00
1639.00	1619.02	 2.3923	34.5373	27.5783	 0.91	 39.64	0.041	  139.19	100.00
1640.00	1620.00	 2.3915	34.5372	27.5783	 0.91	 39.66	0.040	  139.17	100.00
1641.00	1620.99	 2.3909	34.5374	27.5785	 0.91	 39.74	0.040	  139.12	100.00
1642.00	1621.97	 2.3899	34.5376	27.5788	 0.92	 39.91	0.040	  139.13	100.00
1643.00	1622.95	 2.3876	34.5382	27.5795	 0.92	 39.98	0.040	  139.11	100.00
1644.00	1623.94	 2.3871	34.5383	27.5796	 0.92	 39.95	0.040	  139.13	100.00
1645.00	1624.92	 2.3857	34.5382	27.5796	 0.92	 40.10	0.040	  139.12	100.00
1646.00	1625.91	 2.3832	34.5387	27.5803	 0.93	 40.26	0.040	  139.14	100.00
1647.00	1626.89	 2.3812	34.5392	27.5808	 0.93	 40.29	0.041	  139.10	100.00
1648.00	1627.87	 2.3802	34.5393	27.5810	 0.93	 40.35	0.041	  139.12	100.00
1649.00	1628.86	 2.3749	34.5390	27.5812	 0.93	 40.29	0.040	  139.07	100.00
1650.00	1629.84	 2.3698	34.5390	27.5816	 0.93	 40.36	0.042	  139.16	100.00
1651.00	1630.83	 2.3677	34.5390	27.5818	 0.93	 40.49	0.041	  139.12	100.00
1652.00	1631.81	 2.3667	34.5392	27.5820	 0.93	 40.47	0.040	  139.11	100.00
1653.00	1632.79	 2.3665	34.5392	27.5820	 0.93	 40.45	0.040	  139.10	100.00
1654.00	1633.78	 2.3654	34.5394	27.5823	 0.93	 40.56	0.040	  139.12	100.00
1655.00	1634.76	 2.3654	34.5398	27.5826	 0.93	 40.59	0.040	  139.08	100.00
1656.00	1635.75	 2.3650	34.5398	27.5826	 0.93	 40.63	0.040	  139.07	100.00
1657.00	1636.73	 2.3644	34.5399	27.5828	 0.94	 40.77	0.040	  139.09	100.00
1658.00	1637.71	 2.3640	34.5400	27.5829	 0.94	 40.87	0.040	  139.11	100.00
1659.00	1638.70	 2.3630	34.5406	27.5835	 0.94	 40.84	0.040	  139.07	100.00
1660.00	1639.68	 2.3613	34.5410	27.5840	 0.94	 40.91	0.040	  139.03	100.00
1661.00	1640.66	 2.3610	34.5415	27.5844	 0.94	 41.01	0.040	  139.10	100.00
1662.00	1641.65	 2.3608	34.5417	27.5846	 0.95	 41.09	0.040	  139.10	100.00
1663.00	1642.63	 2.3598	34.5420	27.5849	 0.95	 41.25	0.040	  139.08	100.00
1664.00	1643.62	 2.3587	34.5419	27.5849	 0.95	 41.39	0.040	  139.05	100.00
1665.00	1644.60	 2.3571	34.5421	27.5852	 0.95	 41.41	0.040	  139.10	100.00
1666.00	1645.58	 2.3558	34.5419	27.5851	 0.95	 41.39	0.040	  139.06	100.00
1667.00	1646.57	 2.3524	34.5422	27.5857	 0.95	 41.42	0.040	  139.06	100.00
1668.00	1647.55	 2.3496	34.5426	27.5862	 0.96	 41.55	0.040	  139.03	100.00
1669.00	1648.54	 2.3468	34.5431	27.5868	 0.96	 41.71	0.040	  139.00	100.00
1670.00	1649.52	 2.3459	34.5431	27.5869	 0.96	 41.78	0.040	  139.01	100.00
1671.00	1650.50	 2.3445	34.5433	27.5873	 0.96	 41.84	0.040	  139.01	100.00
1672.00	1651.49	 2.3435	34.5436	27.5876	 0.96	 41.92	0.040	  139.01	100.00
1673.00	1652.47	 2.3427	34.5436	27.5876	 0.97	 42.02	0.041	  139.02	100.00
1674.00	1653.45	 2.3423	34.5438	27.5878	 0.97	 41.98	0.041	  139.00	100.00
1675.00	1654.44	 2.3420	34.5439	27.5879	 0.97	 42.01	0.040	  139.12	100.00
1676.00	1655.42	 2.3415	34.5441	27.5881	 0.97	 42.05	0.040	  139.02	100.00
1677.00	1656.41	 2.3414	34.5441	27.5882	 0.97	 42.13	0.041	  139.04	100.00
1678.00	1657.39	 2.3409	34.5443	27.5884	 0.97	 42.27	0.041	  139.04	100.00
1679.00	1658.37	 2.3393	34.5446	27.5888	 0.97	 42.29	0.040	  138.98	100.00
1680.00	1659.36	 2.3385	34.5448	27.5890	 0.97	 42.36	0.040	  138.97	100.00
1681.00	1660.34	 2.3380	34.5450	27.5892	 0.98	 42.39	0.040	  139.02	100.00
1682.00	1661.33	 2.3365	34.5453	27.5895	 0.98	 42.47	0.040	  138.97	100.00
1683.00	1662.31	 2.3354	34.5453	27.5897	 0.98	 42.62	0.040	  139.00	100.00
1684.00	1663.29	 2.3343	34.5455	27.5899	 0.98	 42.56	0.040	  138.97	100.00
1685.00	1664.28	 2.3336	34.5456	27.5901	 0.98	 42.63	0.040	  138.98	100.00
1686.00	1665.26	 2.3330	34.5457	27.5901	 0.98	 42.80	0.040	  138.99	100.00
1687.00	1666.24	 2.3316	34.5456	27.5902	 0.99	 42.83	0.040	  138.98	100.00
1688.00	1667.23	 2.3303	34.5461	27.5908	 0.99	 42.89	0.040	  138.98	100.00
1689.00	1668.21	 2.3299	34.5463	27.5910	 0.99	 43.00	0.040	  138.95	100.00
1690.00	1669.20	 2.3300	34.5467	27.5913	 1.00	 43.25	0.040	  138.97	100.00
1691.00	1670.18	 2.3268	34.5470	27.5917	 0.99	 43.20	0.040	  139.01	100.00
1692.00	1671.16	 2.3251	34.5473	27.5921	 0.99	 43.19	0.040	  138.96	100.00
1693.00	1672.15	 2.3233	34.5477	27.5926	 1.00	 43.35	0.040	  138.92	100.00
1694.00	1673.13	 2.3192	34.5482	27.5934	 1.00	 43.48	0.040	  138.95	100.00
1695.00	1674.11	 2.3164	34.5484	27.5937	 1.00	 43.58	0.040	  139.00	100.00
1696.00	1675.10	 2.3152	34.5484	27.5939	 1.01	 43.74	0.040	  138.98	100.00
1697.00	1676.08	 2.3141	34.5486	27.5941	 1.01	 43.77	0.040	  138.98	100.00
1698.00	1677.07	 2.3137	34.5487	27.5942	 1.01	 43.89	0.040	  138.99	100.00
1699.00	1678.05	 2.3133	34.5492	27.5946	 1.01	 43.99	0.040	  138.94	100.00
1700.00	1679.03	 2.3113	34.5495	27.5951	 1.01	 44.07	0.040	  138.99	100.00
1701.00	1680.02	 2.3096	34.5500	27.5956	 1.02	 44.13	0.040	  138.92	100.00
1702.00	1681.00	 2.3088	34.5501	27.5958	 1.02	 44.27	0.040	  138.96	100.00
1703.00	1681.98	 2.3087	34.5501	27.5957	 1.02	 44.31	0.040	  138.92	100.00
1704.00	1682.97	 2.3084	34.5503	27.5959	 1.02	 44.31	0.040	  138.95	100.00
1705.00	1683.95	 2.3074	34.5503	27.5960	 1.02	 44.42	0.040	  138.93	100.00
1706.00	1684.93	 2.3052	34.5505	27.5964	 1.03	 44.57	0.041	  138.91	100.00
1707.00	1685.92	 2.3035	34.5506	27.5967	 1.03	 44.57	0.041	  138.93	100.00
1708.00	1686.90	 2.3026	34.5507	27.5968	 1.03	 44.63	0.041	  138.90	100.00
