wcoa21_data_management/01_CRUISE_METADATA/00_OCADS_data/CTD_downcasts/WCOA_2021_CTD_downcasts/dRB2102_CTD_129_01_F.txt
* Sea-Bird SBE 9 Data:
* Software Version Seasave V 7.26.7.107
* Vessel: NOAA Ship Ronald H. Brown
* Cruise: RB2102, West Coast Ocean Acidification (WCOA) 2021
* Dates: 20210622 to 20210723
* Region: NE Pacific, USA West Coast
* Ports: San Diego, CA to Port Angeles, WA to San Diego, CA
* Chief Scientists: R. Feely, NOAA PMEL; D. Greeley, NOAA PMEL; B. Carter, NOAA PMEL / UW CICOES
*END*
[from data line 214]
 217.00	 215.36	 8.4432	34.1226	26.5213	 1.62	 70.43	0.040	  161.00	 99.79
 218.00	 216.35	 8.4127	34.1217	26.5254	 1.62	 70.41	0.040	  161.03	 99.79
 219.00	 217.34	 8.3812	34.1199	26.5288	 1.61	 69.96	0.042	  161.04	 99.79
 220.00	 218.34	 8.3752	34.1238	26.5328	 1.61	 69.95	0.053	  161.02	 99.80
 221.00	 219.33	 8.3708	34.1236	26.5333	 1.62	 70.40	0.041	  161.04	 99.79
 222.00	 220.32	 8.3413	34.1186	26.5338	 1.63	 70.74	0.040	  160.98	 99.80
 223.00	 221.31	 8.2957	34.1172	26.5397	 1.63	 70.88	0.040	  161.07	 99.80
 224.00	 222.30	 8.2915	34.1190	26.5417	 1.63	 70.87	0.040	  161.03	 99.80
 225.00	 223.30	 8.2934	34.1185	26.5410	 1.63	 70.77	0.040	  161.07	 99.79
 226.00	 224.29	 8.2213	34.1144	26.5487	 1.63	 70.70	0.040	  161.04	 99.79
 227.00	 225.28	 8.1690	34.1160	26.5578	 1.63	 70.99	0.040	  160.93	 99.80
 228.00	 226.27	 8.1452	34.1144	26.5601	 1.62	 70.55	0.040	  161.05	 99.80
 229.00	 227.26	 8.1241	34.1106	26.5603	 1.60	 69.73	0.040	  161.07	 99.79
 230.00	 228.25	 8.1179	34.1182	26.5672	 1.59	 69.04	0.040	  161.00	 99.80
 231.00	 229.25	 8.1238	34.1227	26.5699	 1.58	 68.55	0.040	  161.03	 99.79
 232.00	 230.24	 8.1216	34.1241	26.5713	 1.57	 68.14	0.040	  161.03	 99.79
 233.00	 231.23	 8.1163	34.1245	26.5724	 1.56	 67.88	0.040	  161.06	 99.80
 234.00	 232.22	 8.1090	34.1249	26.5739	 1.56	 67.69	0.040	  161.03	 99.80
 235.00	 233.21	 8.1061	34.1250	26.5744	 1.55	 67.56	0.040	  161.01	 99.80
 236.00	 234.21	 8.1002	34.1253	26.5755	 1.55	 67.39	0.040	  160.98	 99.80
 237.00	 235.20	 8.0952	34.1262	26.5770	 1.55	 67.27	0.040	  161.06	 99.80
 238.00	 236.19	 8.0950	34.1261	26.5770	 1.54	 67.12	0.040	  160.97	 99.80
 239.00	 237.18	 8.0899	34.1265	26.5780	 1.54	 66.89	0.040	  160.98	 99.80
 240.00	 238.17	 8.0875	34.1270	26.5788	 1.53	 66.73	0.040	  160.98	 99.80
 241.00	 239.17	 8.0866	34.1278	26.5795	 1.53	 66.72	0.040	  160.95	 99.80
 242.00	 240.16	 8.0844	34.1278	26.5799	 1.53	 66.71	0.041	  160.91	 99.81
 243.00	 241.15	 8.0678	34.1275	26.5822	 1.53	 66.48	0.041	  160.91	 99.81
 244.00	 242.14	 8.0305	34.1265	26.5869	 1.52	 66.10	0.040	  160.88	 99.81
 245.00	 243.13	 8.0218	34.1303	26.5912	 1.51	 65.63	0.040	  160.90	 99.81
 246.00	 244.12	 8.0228	34.1318	26.5922	 1.49	 64.69	0.040	  160.88	 99.81
 247.00	 245.12	 8.0252	34.1350	26.5944	 1.46	 63.37	0.040	  160.89	 99.81
 248.00	 246.11	 8.0481	34.1467	26.6003	 1.42	 61.97	0.040	  160.92	 99.81
 249.00	 247.10	 8.0744	34.1584	26.6055	 1.40	 60.94	0.040	  160.93	 99.81
 250.00	 248.09	 8.0689	34.1567	26.6050	 1.39	 60.32	0.040	  160.94	 99.82
 251.00	 249.08	 8.0248	34.1582	26.6127	 1.37	 59.67	0.040	  160.89	 99.83
 252.00	 250.07	 8.0101	34.1611	26.6173	 1.36	 59.11	0.040	  160.92	 99.83
 253.00	 251.07	 8.0060	34.1641	26.6202	 1.34	 58.29	0.040	  160.91	 99.83
 254.00	 252.06	 8.0014	34.1636	26.6205	 1.31	 57.08	0.040	  160.92	 99.83
 255.00	 253.05	 8.0058	34.1704	26.6252	 1.29	 55.95	0.040	  160.93	 99.83
 256.00	 254.04	 8.0149	34.1748	26.6274	 1.27	 55.23	0.040	  160.92	 99.83
 257.00	 255.03	 8.0083	34.1772	26.6302	 1.26	 55.03	0.040	  160.91	 99.83
 258.00	 256.03	 8.0027	34.1784	26.6320	 1.26	 54.76	0.040	  160.88	 99.84
 259.00	 257.02	 7.9965	34.1794	26.6338	 1.25	 54.46	0.040	  160.89	 99.85
 260.00	 258.01	 7.9936	34.1798	26.6345	 1.24	 54.07	0.040	  160.88	 99.85
 261.00	 259.00	 7.9880	34.1812	26.6364	 1.23	 53.70	0.040	  160.87	 99.85
 262.00	 259.99	 7.9876	34.1812	26.6365	 1.22	 52.96	0.040	  160.87	 99.85
 263.00	 260.98	 7.9809	34.1827	26.6387	 1.19	 51.81	0.040	  160.88	 99.85
 264.00	 261.98	 7.9749	34.1848	26.6412	 1.17	 50.92	0.040	  160.91	 99.85
 265.00	 262.97	 7.9674	34.1872	26.6443	 1.16	 50.29	0.040	  160.92	 99.85
 266.00	 263.96	 7.9587	34.1869	26.6453	 1.14	 49.66	0.040	  160.91	 99.85
 267.00	 264.95	 7.9455	34.1893	26.6491	 1.13	 49.29	0.040	  160.89	 99.85
 268.00	 265.94	 7.9384	34.1903	26.6510	 1.13	 49.02	0.040	  160.93	 99.85
 269.00	 266.93	 7.9249	34.1903	26.6530	 1.12	 48.54	0.040	  160.89	 99.86
 270.00	 267.93	 7.9132	34.1906	26.6550	 1.10	 47.73	0.040	  160.89	 99.87
 271.00	 268.92	 7.8804	34.1929	26.6616	 1.09	 47.30	0.040	  160.87	 99.87
 272.00	 269.91	 7.8498	34.1961	26.6686	 1.08	 47.07	0.040	  160.83	 99.88
 273.00	 270.90	 7.8374	34.1965	26.6707	 1.08	 46.79	0.040	  160.89	 99.87
 274.00	 271.89	 7.8220	34.1947	26.6716	 1.07	 46.58	0.040	  160.86	 99.88
 275.00	 272.88	 7.7844	34.1951	26.6774	 1.07	 46.39	0.040	  160.89	 99.88
 276.00	 273.88	 7.7566	34.1932	26.6800	 1.06	 46.28	0.040	  160.84	 99.88
 277.00	 274.87	 7.7273	34.1932	26.6842	 1.06	 46.14	0.040	  160.84	 99.88
 278.00	 275.86	 7.7280	34.1933	26.6843	 1.06	 45.94	0.040	  160.85	 99.88
 279.00	 276.85	 7.7260	34.1935	26.6847	 1.05	 45.69	0.040	  160.86	 99.88
 280.00	 277.84	 7.7210	34.1944	26.6862	 1.04	 45.36	0.040	  160.84	 99.88
 281.00	 278.83	 7.7177	34.1949	26.6870	 1.04	 45.14	0.040	  160.81	 99.88
 282.00	 279.83	 7.7143	34.1957	26.6882	 1.03	 44.97	0.040	  160.81	 99.88
 283.00	 280.82	 7.6998	34.1946	26.6894	 1.03	 44.85	0.040	  160.84	 99.88
 284.00	 281.81	 7.6921	34.1954	26.6911	 1.03	 44.71	0.040	  160.84	 99.88
 285.00	 282.80	 7.6846	34.1955	26.6924	 1.02	 44.50	0.040	  160.82	 99.88
 286.00	 283.79	 7.6663	34.1940	26.6938	 1.01	 44.06	0.040	  160.81	 99.88
 287.00	 284.78	 7.6458	34.2012	26.7024	 1.00	 43.53	0.040	  160.83	 99.88
 288.00	 285.77	 7.6700	34.2076	26.7040	 0.99	 43.20	0.040	  160.81	 99.88
 289.00	 286.77	 7.6719	34.2079	26.7040	 0.99	 42.99	0.041	  160.82	 99.88
 290.00	 287.76	 7.6744	34.2088	26.7043	 0.98	 42.80	0.041	  160.78	 99.88
 291.00	 288.75	 7.6753	34.2087	26.7042	 0.98	 42.50	0.040	  160.77	 99.89
 292.00	 289.74	 7.6786	34.2108	26.7053	 0.97	 42.07	0.040	  160.74	 99.89
 293.00	 290.73	 7.6790	34.2131	26.7071	 0.96	 41.75	0.040	  160.73	 99.89
 294.00	 291.72	 7.6784	34.2157	26.7093	 0.96	 41.55	0.040	  160.77	 99.89
 295.00	 292.72	 7.6809	34.2166	26.7096	 0.95	 41.46	0.041	  160.68	 99.89
 296.00	 293.71	 7.6823	34.2167	26.7095	 0.95	 41.25	0.041	  160.72	 99.89
 297.00	 294.70	 7.6826	34.2166	26.7094	 0.95	 41.23	0.040	  160.70	 99.90
 298.00	 295.69	 7.6803	34.2164	26.7096	 0.95	 41.29	0.041	  160.71	 99.90
 299.00	 296.68	 7.6631	34.2153	26.7112	 0.95	 41.26	0.041	  160.67	 99.90
 300.00	 297.67	 7.6534	34.2148	26.7122	 0.95	 41.38	0.040	  160.69	 99.90
 301.00	 298.67	 7.6451	34.2124	26.7115	 0.95	 41.43	0.040	  160.69	 99.90
 302.00	 299.66	 7.6273	34.2099	26.7122	 0.95	 41.42	0.040	  160.71	 99.90
 303.00	 300.65	 7.6141	34.2101	26.7142	 0.95	 41.44	0.041	  160.72	 99.90
 304.00	 301.64	 7.6108	34.2102	26.7148	 0.95	 41.36	0.041	  160.71	 99.90
 305.00	 302.63	 7.6064	34.2105	26.7157	 0.94	 41.09	0.041	  160.73	 99.90
 306.00	 303.62	 7.6107	34.2126	26.7167	 0.94	 40.77	0.040	  160.73	 99.90
 307.00	 304.61	 7.5966	34.2114	26.7178	 0.94	 40.70	0.040	  160.71	 99.90
 308.00	 305.61	 7.5833	34.2111	26.7195	 0.93	 40.57	0.040	  160.69	 99.90
 309.00	 306.60	 7.5829	34.2122	26.7205	 0.93	 40.47	0.040	  160.68	 99.90
 310.00	 307.59	 7.5828	34.2127	26.7209	 0.93	 40.27	0.040	  160.68	 99.90
 311.00	 308.58	 7.5883	34.2144	26.7214	 0.92	 40.00	0.040	  160.66	 99.90
 312.00	 309.57	 7.5933	34.2162	26.7221	 0.91	 39.58	0.040	  160.70	 99.90
 313.00	 310.56	 7.5971	34.2180	26.7230	 0.89	 38.78	0.040	  160.63	 99.90
 314.00	 311.55	 7.6179	34.2245	26.7251	 0.87	 37.83	0.040	  160.64	 99.90
 315.00	 312.55	 7.6219	34.2273	26.7268	 0.84	 36.45	0.040	  160.66	 99.90
 316.00	 313.54	 7.6301	34.2312	26.7287	 0.80	 34.83	0.040	  160.64	 99.90
 317.00	 314.53	 7.6804	34.2504	26.7366	 0.77	 33.59	0.041	  160.62	 99.90
 318.00	 315.52	 7.7128	34.2557	26.7361	 0.75	 32.41	0.041	  160.65	 99.90
 319.00	 316.51	 7.7214	34.2585	26.7370	 0.72	 31.46	0.040	  160.60	 99.91
 320.00	 317.50	 7.7272	34.2604	26.7377	 0.72	 31.14	0.040	  160.63	 99.92
 321.00	 318.49	 7.7285	34.2608	26.7378	 0.71	 30.98	0.040	  160.63	 99.93
 322.00	 319.49	 7.7282	34.2606	26.7378	 0.71	 30.69	0.041	  160.57	 99.93
 323.00	 320.48	 7.7272	34.2606	26.7379	 0.70	 30.45	0.042	  160.64	 99.93
 324.00	 321.47	 7.7305	34.2625	26.7390	 0.69	 30.21	0.041	  160.55	 99.93
 325.00	 322.46	 7.7336	34.2635	26.7393	 0.69	 30.00	0.040	  160.58	 99.93
 326.00	 323.45	 7.7345	34.2639	26.7395	 0.68	 29.61	0.041	  160.56	 99.93
 327.00	 324.44	 7.7355	34.2651	26.7403	 0.67	 29.17	0.042	  160.59	 99.93
 328.00	 325.43	 7.7339	34.2668	26.7419	 0.66	 28.89	0.041	  160.52	 99.93
 329.00	 326.43	 7.7258	34.2675	26.7436	 0.66	 28.85	0.041	  160.57	 99.93
 330.00	 327.42	 7.7207	34.2681	26.7449	 0.66	 28.91	0.041	  160.55	 99.93
 331.00	 328.41	 7.7032	34.2667	26.7463	 0.66	 28.76	0.040	  160.51	 99.93
 332.00	 329.40	 7.6827	34.2683	26.7506	 0.66	 28.50	0.040	  160.47	 99.93
 333.00	 330.39	 7.6780	34.2706	26.7531	 0.66	 28.51	0.040	  160.54	 99.93
 334.00	 331.38	 7.6732	34.2704	26.7536	 0.66	 28.81	0.040	  160.53	 99.93
 335.00	 332.37	 7.6335	34.2622	26.7529	 0.66	 28.88	0.040	  160.50	 99.93
 336.00	 333.37	 7.5859	34.2595	26.7576	 0.66	 28.67	0.040	  160.53	 99.93
 337.00	 334.36	 7.5779	34.2664	26.7642	 0.65	 28.48	0.041	  160.51	 99.93
 338.00	 335.35	 7.5886	34.2708	26.7661	 0.65	 28.21	0.041	  160.46	 99.93
 339.00	 336.34	 7.5912	34.2721	26.7668	 0.64	 28.01	0.040	  160.47	 99.93
 340.00	 337.33	 7.5904	34.2729	26.7675	 0.64	 27.73	0.040	  160.45	 99.93
 341.00	 338.32	 7.5871	34.2745	26.7693	 0.63	 27.57	0.041	  160.48	 99.93
 342.00	 339.31	 7.5847	34.2751	26.7701	 0.63	 27.37	0.042	  160.45	 99.93
 343.00	 340.30	 7.5818	34.2755	26.7709	 0.63	 27.19	0.040	  160.45	 99.93
 344.00	 341.30	 7.5739	34.2766	26.7729	 0.62	 27.11	0.041	  160.47	 99.93
 345.00	 342.29	 7.5706	34.2771	26.7737	 0.62	 27.06	0.040	  160.45	 99.94
 346.00	 343.28	 7.5722	34.2770	26.7735	 0.62	 26.99	0.040	  160.42	 99.94
 347.00	 344.27	 7.5711	34.2770	26.7737	 0.62	 27.04	0.041	  160.46	 99.94
 348.00	 345.26	 7.5704	34.2770	26.7738	 0.62	 26.97	0.041	  160.42	 99.94
 349.00	 346.25	 7.5674	34.2766	26.7739	 0.62	 26.94	0.040	  160.45	 99.94
 350.00	 347.24	 7.5643	34.2768	26.7745	 0.62	 26.94	0.040	  160.46	 99.93
 351.00	 348.24	 7.5633	34.2766	26.7745	 0.62	 26.89	0.041	  160.41	 99.94
 352.00	 349.23	 7.5586	34.2768	26.7753	 0.62	 26.78	0.040	  160.41	 99.94
 353.00	 350.22	 7.5555	34.2779	26.7767	 0.61	 26.61	0.041	  160.43	 99.94
 354.00	 351.21	 7.5543	34.2783	26.7772	 0.61	 26.43	0.042	  160.41	 99.94
 355.00	 352.20	 7.5526	34.2785	26.7776	 0.60	 26.02	0.042	  160.41	 99.94
 356.00	 353.19	 7.5488	34.2784	26.7781	 0.59	 25.71	0.042	  160.38	 99.94
 357.00	 354.18	 7.5279	34.2808	26.7829	 0.59	 25.49	0.042	  160.39	 99.94
 358.00	 355.17	 7.5161	34.2821	26.7857	 0.58	 25.28	0.042	  160.41	 99.94
 359.00	 356.17	 7.5037	34.2835	26.7886	 0.57	 24.96	0.041	  160.41	 99.94
 360.00	 357.16	 7.4805	34.2860	26.7938	 0.56	 24.45	0.040	  160.42	 99.94
 361.00	 358.15	 7.4662	34.2868	26.7966	 0.55	 23.83	0.040	  160.41	 99.94
 362.00	 359.14	 7.4498	34.2878	26.7997	 0.54	 23.40	0.040	  160.48	 99.94
 363.00	 360.13	 7.4322	34.2874	26.8018	 0.53	 23.22	0.040	  160.36	 99.95
 364.00	 361.12	 7.4079	34.2892	26.8067	 0.53	 23.07	0.041	  160.45	 99.95
 365.00	 362.11	 7.3938	34.2907	26.8099	 0.53	 22.92	0.042	  160.44	 99.95
 366.00	 363.10	 7.3808	34.2919	26.8127	 0.52	 22.72	0.041	  160.43	 99.95
 367.00	 364.10	 7.3756	34.2929	26.8142	 0.52	 22.49	0.040	  160.44	 99.95
 368.00	 365.09	 7.3717	34.2931	26.8150	 0.51	 22.40	0.041	  160.39	 99.95
 369.00	 366.08	 7.3694	34.2932	26.8154	 0.51	 22.26	0.041	  160.45	 99.95
 370.00	 367.07	 7.3656	34.2931	26.8158	 0.51	 22.10	0.040	  160.43	 99.95
 371.00	 368.06	 7.3549	34.2932	26.8175	 0.51	 22.00	0.041	  160.42	 99.95
 372.00	 369.05	 7.3450	34.2936	26.8191	 0.50	 21.85	0.042	  160.39	 99.95
 373.00	 370.04	 7.3253	34.2939	26.8222	 0.50	 21.74	0.041	  160.36	 99.95
 374.00	 371.03	 7.3142	34.2950	26.8246	 0.50	 21.68	0.040	  160.41	 99.95
 375.00	 372.02	 7.3029	34.2955	26.8267	 0.49	 21.46	0.040	  160.42	 99.95
 376.00	 373.02	 7.2956	34.2955	26.8277	 0.49	 21.21	0.040	  160.37	 99.95
 377.00	 374.01	 7.2650	34.2967	26.8329	 0.48	 20.88	0.040	  160.43	 99.95
 378.00	 375.00	 7.2425	34.2976	26.8368	 0.47	 20.50	0.040	  160.36	 99.95
 379.00	 375.99	 7.2165	34.2973	26.8402	 0.46	 20.14	0.040	  160.41	 99.95
 380.00	 376.98	 7.1850	34.2979	26.8451	 0.46	 20.03	0.040	  160.41	 99.95
 381.00	 377.97	 7.1686	34.3009	26.8497	 0.46	 19.90	0.040	  160.41	 99.95
 382.00	 378.96	 7.1630	34.3009	26.8505	 0.45	 19.72	0.040	  160.40	 99.95
 383.00	 379.95	 7.1562	34.3018	26.8522	 0.45	 19.62	0.040	  160.38	 99.95
 384.00	 380.94	 7.1538	34.3020	26.8527	 0.45	 19.58	0.040	  160.34	 99.95
 385.00	 381.94	 7.1489	34.3025	26.8537	 0.45	 19.41	0.040	  160.37	 99.96
 386.00	 382.93	 7.1441	34.3024	26.8544	 0.44	 19.24	0.040	  160.35	 99.95
 387.00	 383.92	 7.1215	34.3028	26.8578	 0.44	 19.04	0.040	  160.40	 99.96
 388.00	 384.91	 7.1064	34.3031	26.8601	 0.44	 18.93	0.040	  160.38	 99.95
 389.00	 385.90	 7.0965	34.3038	26.8621	 0.43	 18.85	0.040	  160.36	 99.95
 390.00	 386.89	 7.0862	34.3049	26.8644	 0.43	 18.84	0.041	  160.35	 99.95
 391.00	 387.88	 7.0900	34.3049	26.8639	 0.43	 18.67	0.041	  160.38	 99.96
 392.00	 388.87	 7.0825	34.3045	26.8646	 0.43	 18.61	0.041	  160.33	 99.96
 393.00	 389.86	 7.0668	34.3057	26.8677	 0.43	 18.49	0.042	  160.25	 99.96
 394.00	 390.86	 7.0635	34.3059	26.8683	 0.43	 18.57	0.042	  160.30	 99.96
 395.00	 391.85	 7.0627	34.3061	26.8686	 0.43	 18.57	0.042	  160.34	 99.96
 396.00	 392.84	 7.0670	34.3061	26.8681	 0.43	 18.55	0.040	  160.27	 99.96
 397.00	 393.83	 7.0668	34.3059	26.8679	 0.42	 18.46	0.040	  160.27	 99.96
 398.00	 394.82	 7.0659	34.3055	26.8677	 0.42	 18.46	0.040	  160.26	 99.96
 399.00	 395.81	 7.0630	34.3066	26.8691	 0.42	 18.37	0.040	  160.22	 99.96
 400.00	 396.80	 7.0651	34.3060	26.8683	 0.42	 18.38	0.040	  160.25	 99.96
 401.00	 397.79	 7.0652	34.3060	26.8683	 0.42	 18.35	0.040	  160.20	 99.97
 402.00	 398.78	 7.0577	34.3066	26.8698	 0.42	 18.31	0.041	  160.27	 99.97
 403.00	 399.78	 7.0565	34.3065	26.8699	 0.42	 18.27	0.042	  160.25	 99.97
 404.00	 400.77	 7.0565	34.3066	26.8700	 0.42	 18.17	0.041	  160.25	 99.96
 405.00	 401.76	 7.0553	34.3064	26.8700	 0.42	 18.19	0.040	  160.25	 99.97
 406.00	 402.75	 7.0549	34.3063	26.8700	 0.42	 18.17	0.040	  160.22	 99.97
 407.00	 403.74	 7.0519	34.3067	26.8707	 0.42	 18.20	0.040	  160.27	 99.96
 408.00	 404.73	 7.0534	34.3065	26.8704	 0.42	 18.20	0.041	  160.23	 99.97
 409.00	 405.72	 7.0502	34.3064	26.8708	 0.42	 18.17	0.041	  160.22	 99.97
 410.00	 406.71	 7.0493	34.3067	26.8711	 0.42	 18.13	0.040	  160.22	 99.97
 411.00	 407.70	 7.0467	34.3066	26.8715	 0.41	 18.00	0.040	  160.19	 99.96
 412.00	 408.69	 7.0466	34.3068	26.8716	 0.41	 17.91	0.040	  160.20	 99.96
 413.00	 409.69	 7.0402	34.3056	26.8716	 0.41	 17.95	0.041	  160.25	 99.97
 414.00	 410.68	 7.0242	34.3062	26.8742	 0.41	 17.90	0.041	  160.19	 99.96
 415.00	 411.67	 7.0130	34.3075	26.8768	 0.41	 17.73	0.040	  160.19	 99.97
 416.00	 412.66	 7.0080	34.3076	26.8776	 0.41	 17.71	0.040	  160.22	 99.97
 417.00	 413.65	 7.0012	34.3072	26.8782	 0.40	 17.51	0.042	  160.20	 99.97
 418.00	 414.64	 6.9947	34.3080	26.8798	 0.40	 17.55	0.041	  160.17	 99.97
 419.00	 415.63	 6.9909	34.3081	26.8803	 0.40	 17.56	0.040	  160.15	 99.97
 420.00	 416.62	 6.9885	34.3082	26.8808	 0.40	 17.48	0.040	  160.18	 99.97
 421.00	 417.61	 6.9865	34.3085	26.8813	 0.40	 17.37	0.040	  160.18	 99.97
 422.00	 418.60	 6.9837	34.3085	26.8817	 0.40	 17.40	0.040	  160.16	 99.97
 423.00	 419.60	 6.9805	34.3086	26.8823	 0.40	 17.40	0.040	  160.19	 99.97
 424.00	 420.59	 6.9781	34.3087	26.8827	 0.40	 17.39	0.041	  160.17	 99.97
 425.00	 421.58	 6.9773	34.3090	26.8831	 0.40	 17.34	0.041	  160.21	 99.97
 426.00	 422.57	 6.9775	34.3091	26.8831	 0.40	 17.30	0.040	  160.11	 99.97
 427.00	 423.56	 6.9762	34.3089	26.8831	 0.40	 17.23	0.040	  160.11	 99.97
 428.00	 424.55	 6.9753	34.3091	26.8834	 0.40	 17.25	0.041	  160.10	 99.97
