wcoa21_data_management/01_CRUISE_METADATA/00_OCADS_data/CTD_downcasts/WCOA_2021_CTD_downcasts/dRB2102_CTD_110_01_F.txt
* Sea-Bird SBE 9 Data:
* Software Version Seasave V 7.26.7.107
* Vessel: NOAA Ship Ronald H. Brown
* Cruise: RB2102, West Coast Ocean Acidification (WCOA) 2021
* Dates: 20210622 to 20210723
* Region: NE Pacific, USA West Coast
* Ports: San Diego, CA to Port Angeles, WA to San Diego, CA
* Chief Scientists: R. Feely, NOAA PMEL; D. Greeley, NOAA PMEL; B. Carter, NOAA PMEL / UW CICOES
*END*
[from data line 1707]
1709.00	1689.91	 2.4947	34.5822	27.6064	 1.34	 58.28	0.040	  142.62	 99.97
1710.00	1690.90	 2.4909	34.5825	27.6069	 1.35	 58.47	0.040	  142.64	 99.97
1711.00	1691.88	 2.4891	34.5828	27.6073	 1.35	 58.62	0.040	  142.63	 99.97
1712.00	1692.87	 2.4872	34.5828	27.6075	 1.35	 58.60	0.040	  142.60	 99.97
1713.00	1693.85	 2.4860	34.5830	27.6077	 1.35	 58.61	0.040	  142.62	 99.98
1714.00	1694.84	 2.4844	34.5830	27.6079	 1.35	 58.84	0.040	  142.60	 99.97
1715.00	1695.82	 2.4813	34.5829	27.6081	 1.36	 59.04	0.040	  142.58	 99.98
1716.00	1696.81	 2.4742	34.5836	27.6092	 1.36	 59.01	0.040	  142.55	 99.97
1717.00	1697.79	 2.4722	34.5839	27.6096	 1.36	 59.14	0.040	  142.52	 99.98
1718.00	1698.78	 2.4709	34.5841	27.6099	 1.36	 59.22	0.040	  142.59	 99.97
1719.00	1699.76	 2.4703	34.5842	27.6100	 1.36	 59.29	0.040	  142.62	 99.97
1720.00	1700.75	 2.4694	34.5842	27.6101	 1.36	 59.28	0.040	  142.60	 99.98
1721.00	1701.73	 2.4681	34.5843	27.6103	 1.36	 59.30	0.040	  142.62	 99.97
1722.00	1702.72	 2.4642	34.5846	27.6108	 1.37	 59.46	0.040	  142.60	 99.97
1723.00	1703.70	 2.4619	34.5847	27.6112	 1.37	 59.59	0.040	  142.58	 99.97
1724.00	1704.69	 2.4596	34.5849	27.6115	 1.37	 59.54	0.041	  142.63	 99.97
1725.00	1705.67	 2.4583	34.5853	27.6119	 1.37	 59.74	0.041	  142.53	 99.98
1726.00	1706.66	 2.4583	34.5852	27.6118	 1.38	 59.97	0.040	  142.59	 99.97
1727.00	1707.64	 2.4556	34.5852	27.6121	 1.38	 59.90	0.040	  142.57	 99.97
1728.00	1708.63	 2.4531	34.5854	27.6124	 1.38	 59.95	0.040	  142.63	 99.97
1729.00	1709.61	 2.4457	34.5853	27.6130	 1.38	 60.13	0.040	  142.57	 99.97
1730.00	1710.60	 2.4407	34.5862	27.6142	 1.39	 60.36	0.040	  142.56	 99.97
1731.00	1711.58	 2.4368	34.5866	27.6148	 1.39	 60.57	0.040	  142.59	 99.97
1732.00	1712.56	 2.4341	34.5867	27.6151	 1.39	 60.53	0.040	  142.50	 99.97
1733.00	1713.55	 2.4317	34.5871	27.6156	 1.39	 60.54	0.040	  142.58	 99.96
1734.00	1714.53	 2.4295	34.5871	27.6158	 1.40	 60.84	0.040	  142.52	 99.98
1735.00	1715.52	 2.4285	34.5875	27.6162	 1.40	 60.96	0.040	  142.56	 99.97
1736.00	1716.50	 2.4258	34.5876	27.6165	 1.40	 60.88	0.040	  142.54	 99.97
1737.00	1717.49	 2.4247	34.5877	27.6167	 1.40	 61.01	0.040	  142.53	 99.97
1738.00	1718.47	 2.4244	34.5878	27.6169	 1.40	 61.04	0.040	  142.50	 99.97
1739.00	1719.46	 2.4239	34.5878	27.6169	 1.41	 61.11	0.040	  142.54	 99.97
1740.00	1720.44	 2.4232	34.5880	27.6171	 1.41	 61.09	0.040	  142.45	 99.97
1741.00	1721.43	 2.4217	34.5882	27.6174	 1.41	 61.10	0.040	  142.54	 99.97
1742.00	1722.41	 2.4201	34.5881	27.6174	 1.41	 61.19	0.040	  142.50	 99.97
1743.00	1723.40	 2.4196	34.5883	27.6177	 1.41	 61.27	0.040	  142.49	 99.96
1744.00	1724.38	 2.4188	34.5882	27.6176	 1.41	 61.17	0.040	  142.49	 99.96
1745.00	1725.37	 2.4184	34.5884	27.6179	 1.41	 61.35	0.040	  142.53	 99.96
1746.00	1726.35	 2.4178	34.5882	27.6178	 1.42	 61.51	0.040	  142.52	 99.97
1747.00	1727.34	 2.4149	34.5883	27.6181	 1.41	 61.49	0.040	  142.55	 99.96
1748.00	1728.32	 2.4130	34.5887	27.6185	 1.41	 61.43	0.040	  142.50	 99.97
1749.00	1729.30	 2.4128	34.5887	27.6185	 1.41	 61.43	0.040	  142.48	 99.97
1750.00	1730.29	 2.4119	34.5886	27.6185	 1.41	 61.42	0.040	  142.47	 99.96
1751.00	1731.27	 2.4110	34.5888	27.6188	 1.42	 61.56	0.040	  142.52	 99.96
1752.00	1732.26	 2.4099	34.5889	27.6190	 1.42	 61.77	0.040	  142.42	 99.97
1753.00	1733.24	 2.4084	34.5890	27.6192	 1.42	 61.92	0.040	  142.54	 99.97
1754.00	1734.23	 2.4072	34.5892	27.6195	 1.42	 61.86	0.040	  142.45	 99.96
1755.00	1735.21	 2.4068	34.5895	27.6197	 1.42	 61.82	0.040	  142.40	 99.97
1756.00	1736.20	 2.4060	34.5894	27.6198	 1.42	 61.92	0.040	  142.44	 99.96
1757.00	1737.18	 2.4044	34.5895	27.6199	 1.43	 62.19	0.040	  142.43	 99.97
1758.00	1738.17	 2.4035	34.5896	27.6201	 1.43	 62.11	0.040	  142.42	 99.96
1759.00	1739.15	 2.4002	34.5897	27.6205	 1.43	 62.09	0.040	  142.40	 99.96
1760.00	1740.14	 2.3986	34.5900	27.6209	 1.43	 62.18	0.040	  142.45	 99.97
1761.00	1741.12	 2.3973	34.5901	27.6210	 1.43	 62.20	0.040	  142.45	 99.96
1762.00	1742.10	 2.3961	34.5902	27.6212	 1.43	 62.34	0.040	  142.47	 99.96
1763.00	1743.09	 2.3955	34.5903	27.6213	 1.44	 62.50	0.040	  142.46	 99.96
1764.00	1744.07	 2.3946	34.5903	27.6214	 1.43	 62.34	0.040	  142.41	 99.97
1765.00	1745.06	 2.3939	34.5904	27.6216	 1.44	 62.41	0.040	  142.41	 99.97
1766.00	1746.04	 2.3933	34.5905	27.6217	 1.44	 62.47	0.040	  142.43	 99.96
1767.00	1747.03	 2.3929	34.5905	27.6218	 1.44	 62.50	0.040	  142.41	 99.96
1768.00	1748.01	 2.3920	34.5907	27.6220	 1.44	 62.50	0.040	  142.42	 99.96
1769.00	1749.00	 2.3907	34.5908	27.6222	 1.44	 62.56	0.040	  142.39	 99.96
1770.00	1749.98	 2.3890	34.5912	27.6226	 1.44	 62.73	0.040	  142.42	 99.96
1771.00	1750.97	 2.3884	34.5911	27.6226	 1.44	 62.75	0.040	  142.40	 99.96
1772.00	1751.95	 2.3873	34.5909	27.6226	 1.44	 62.78	0.040	  142.43	 99.96
1773.00	1752.94	 2.3858	34.5909	27.6227	 1.45	 62.89	0.040	  142.43	 99.96
1774.00	1753.92	 2.3858	34.5913	27.6230	 1.45	 62.87	0.040	  142.41	 99.96
1775.00	1754.90	 2.3845	34.5913	27.6231	 1.45	 62.92	0.040	  142.35	 99.96
1776.00	1755.89	 2.3813	34.5918	27.6238	 1.45	 63.08	0.040	  142.38	 99.96
1777.00	1756.87	 2.3805	34.5919	27.6239	 1.45	 63.19	0.040	  142.38	 99.96
1778.00	1757.86	 2.3802	34.5918	27.6239	 1.45	 63.23	0.040	  142.37	 99.96
1779.00	1758.84	 2.3797	34.5918	27.6239	 1.45	 63.12	0.040	  142.38	 99.96
1780.00	1759.83	 2.3776	34.5920	27.6243	 1.45	 63.15	0.040	  142.40	 99.96
1781.00	1760.81	 2.3739	34.5922	27.6247	 1.46	 63.34	0.040	  142.37	 99.96
1782.00	1761.80	 2.3705	34.5924	27.6252	 1.46	 63.61	0.040	  142.35	 99.96
1783.00	1762.78	 2.3691	34.5928	27.6256	 1.46	 63.64	0.040	  142.39	 99.96
1784.00	1763.77	 2.3681	34.5930	27.6259	 1.47	 63.82	0.040	  142.36	 99.96
1785.00	1764.75	 2.3661	34.5935	27.6264	 1.47	 64.00	0.040	  142.38	 99.96
1786.00	1765.73	 2.3649	34.5938	27.6268	 1.48	 64.11	0.040	  142.42	 99.96
1787.00	1766.72	 2.3637	34.5937	27.6268	 1.48	 64.28	0.040	  142.38	 99.96
1788.00	1767.70	 2.3611	34.5939	27.6272	 1.48	 64.23	0.040	  142.34	 99.96
1789.00	1768.69	 2.3584	34.5941	27.6276	 1.48	 64.52	0.040	  142.40	 99.96
1790.00	1769.67	 2.3559	34.5946	27.6282	 1.49	 64.75	0.040	  142.37	 99.95
1791.00	1770.66	 2.3547	34.5949	27.6285	 1.49	 64.92	0.040	  142.33	 99.96
1792.00	1771.64	 2.3505	34.5955	27.6294	 1.50	 65.00	0.040	  142.38	 99.95
1793.00	1772.63	 2.3492	34.5957	27.6297	 1.50	 65.10	0.040	  142.35	 99.96
1794.00	1773.61	 2.3482	34.5959	27.6299	 1.50	 65.25	0.040	  142.34	 99.95
1795.00	1774.59	 2.3469	34.5959	27.6300	 1.51	 65.45	0.040	  142.38	 99.96
1796.00	1775.58	 2.3426	34.5961	27.6305	 1.51	 65.49	0.040	  142.36	 99.95
1797.00	1776.56	 2.3399	34.5965	27.6310	 1.51	 65.67	0.040	  142.28	 99.95
1798.00	1777.55	 2.3394	34.5966	27.6312	 1.52	 65.85	0.040	  142.33	 99.95
1799.00	1778.53	 2.3388	34.5965	27.6311	 1.51	 65.65	0.040	  142.35	 99.96
1800.00	1779.52	 2.3370	34.5966	27.6314	 1.51	 65.64	0.040	  142.36	 99.96
1801.00	1780.50	 2.3354	34.5968	27.6317	 1.51	 65.62	0.040	  142.33	 99.95
1802.00	1781.49	 2.3349	34.5968	27.6318	 1.51	 65.73	0.040	  142.35	 99.95
1803.00	1782.47	 2.3341	34.5970	27.6319	 1.52	 65.97	0.040	  142.32	 99.95
1804.00	1783.45	 2.3331	34.5970	27.6321	 1.52	 66.09	0.040	  142.38	 99.95
1805.00	1784.44	 2.3317	34.5971	27.6323	 1.52	 65.96	0.040	  142.34	 99.95
1806.00	1785.42	 2.3309	34.5973	27.6324	 1.52	 66.02	0.040	  142.33	 99.95
1807.00	1786.41	 2.3298	34.5973	27.6326	 1.52	 66.13	0.040	  142.31	 99.95
1808.00	1787.39	 2.3284	34.5973	27.6327	 1.53	 66.34	0.040	  142.32	 99.95
1809.00	1788.38	 2.3254	34.5973	27.6329	 1.53	 66.41	0.040	  142.32	 99.95
1810.00	1789.36	 2.3211	34.5977	27.6336	 1.53	 66.34	0.040	  142.27	 99.95
1811.00	1790.35	 2.3188	34.5980	27.6340	 1.53	 66.37	0.040	  142.31	 99.95
1812.00	1791.33	 2.3177	34.5981	27.6342	 1.53	 66.62	0.040	  142.25	 99.95
1813.00	1792.31	 2.3148	34.5984	27.6347	 1.54	 66.82	0.040	  142.34	 99.95
1814.00	1793.30	 2.3121	34.5988	27.6352	 1.54	 66.82	0.040	  142.31	 99.95
1815.00	1794.28	 2.3109	34.5988	27.6353	 1.54	 66.92	0.040	  142.30	 99.95
1816.00	1795.27	 2.3106	34.5991	27.6356	 1.54	 67.10	0.040	  142.30	 99.95
1817.00	1796.25	 2.3101	34.5992	27.6357	 1.54	 67.08	0.040	  142.34	 99.95
1818.00	1797.24	 2.3091	34.5991	27.6358	 1.54	 67.07	0.040	  142.25	 99.95
1819.00	1798.22	 2.3084	34.5992	27.6359	 1.54	 67.07	0.040	  142.35	 99.95
1820.00	1799.20	 2.3085	34.5993	27.6360	 1.54	 67.11	0.040	  142.30	 99.95
1821.00	1800.19	 2.3081	34.5992	27.6359	 1.55	 67.28	0.040	  142.25	 99.95
1822.00	1801.17	 2.3073	34.5993	27.6361	 1.55	 67.33	0.040	  142.28	 99.95
1823.00	1802.16	 2.3066	34.5993	27.6361	 1.55	 67.29	0.040	  142.26	 99.95
1824.00	1803.14	 2.3057	34.5994	27.6363	 1.55	 67.27	0.040	  142.29	 99.95
1825.00	1804.13	 2.3046	34.5996	27.6366	 1.55	 67.32	0.040	  142.29	 99.95
1826.00	1805.11	 2.3039	34.5997	27.6367	 1.55	 67.39	0.040	  142.29	 99.95
1827.00	1806.09	 2.3036	34.5997	27.6367	 1.55	 67.35	0.040	  142.25	 99.95
1828.00	1807.08	 2.3031	34.5997	27.6368	 1.55	 67.31	0.040	  142.24	 99.95
1829.00	1808.06	 2.3030	34.5996	27.6367	 1.55	 67.36	0.040	  142.27	 99.95
1830.00	1809.05	 2.3031	34.5996	27.6367	 1.55	 67.39	0.040	  142.22	 99.95
1831.00	1810.03	 2.3028	34.5997	27.6368	 1.55	 67.39	0.040	  142.22	 99.95
1832.00	1811.02	 2.3021	34.5997	27.6369	 1.55	 67.40	0.040	  142.26	 99.95
1833.00	1812.00	 2.3004	34.5997	27.6370	 1.55	 67.53	0.040	  142.23	 99.95
1834.00	1812.98	 2.2980	34.6002	27.6376	 1.56	 67.77	0.040	  142.22	 99.95
1835.00	1813.97	 2.2974	34.6000	27.6375	 1.56	 67.82	0.040	  142.20	 99.95
1836.00	1814.95	 2.2885	34.6005	27.6386	 1.56	 67.92	0.040	  142.21	 99.95
1837.00	1815.94	 2.2859	34.6010	27.6392	 1.57	 68.24	0.040	  142.20	 99.95
1838.00	1816.92	 2.2844	34.6010	27.6394	 1.57	 68.32	0.040	  142.21	 99.95
1839.00	1817.91	 2.2840	34.6012	27.6396	 1.57	 68.19	0.040	  142.26	 99.95
1840.00	1818.89	 2.2826	34.6011	27.6396	 1.58	 68.46	0.040	  142.19	 99.95
1841.00	1819.87	 2.2804	34.6014	27.6401	 1.58	 68.58	0.040	  142.26	 99.95
1842.00	1820.86	 2.2777	34.6016	27.6404	 1.57	 68.38	0.040	  142.26	 99.95
1843.00	1821.84	 2.2767	34.6016	27.6405	 1.57	 68.44	0.040	  142.25	 99.95
1844.00	1822.83	 2.2757	34.6017	27.6407	 1.58	 68.51	0.040	  142.26	 99.95
1845.00	1823.81	 2.2751	34.6017	27.6408	 1.58	 68.66	0.040	  142.18	 99.95
1846.00	1824.80	 2.2742	34.6018	27.6409	 1.58	 68.77	0.040	  142.15	 99.95
1847.00	1825.78	 2.2738	34.6020	27.6411	 1.58	 68.73	0.040	  142.24	 99.95
1848.00	1826.76	 2.2738	34.6020	27.6411	 1.58	 68.71	0.040	  142.16	 99.95
1849.00	1827.75	 2.2738	34.6021	27.6412	 1.58	 68.70	0.040	  142.19	 99.95
1850.00	1828.73	 2.2733	34.6021	27.6412	 1.58	 68.80	0.040	  142.21	 99.95
1851.00	1829.72	 2.2709	34.6019	27.6413	 1.58	 68.81	0.040	  142.17	 99.95
1852.00	1830.70	 2.2687	34.6022	27.6417	 1.58	 68.79	0.040	  142.19	 99.95
1853.00	1831.69	 2.2668	34.6020	27.6417	 1.58	 68.85	0.040	  142.20	 99.95
1854.00	1832.67	 2.2648	34.6022	27.6420	 1.58	 68.88	0.040	  142.23	 99.95
1855.00	1833.65	 2.2643	34.6021	27.6420	 1.58	 68.83	0.040	  142.19	 99.95
1856.00	1834.64	 2.2637	34.6022	27.6421	 1.58	 68.86	0.040	  142.24	 99.95
1857.00	1835.62	 2.2628	34.6021	27.6421	 1.59	 68.95	0.040	  142.12	 99.95
1858.00	1836.61	 2.2621	34.6022	27.6423	 1.59	 68.97	0.041	  142.17	 99.95
1859.00	1837.59	 2.2601	34.6024	27.6426	 1.59	 69.10	0.041	  142.18	 99.95
1860.00	1838.57	 2.2566	34.6022	27.6427	 1.59	 69.30	0.040	  142.22	 99.95
1861.00	1839.56	 2.2537	34.6027	27.6434	 1.59	 69.21	0.040	  142.18	 99.95
1862.00	1840.54	 2.2522	34.6027	27.6435	 1.59	 69.23	0.040	  142.21	 99.95
1863.00	1841.53	 2.2499	34.6032	27.6440	 1.60	 69.44	0.040	  142.16	 99.95
1864.00	1842.51	 2.2498	34.6033	27.6442	 1.60	 69.59	0.040	  142.13	 99.95
1865.00	1843.50	 2.2494	34.6035	27.6444	 1.60	 69.63	0.040	  142.18	 99.95
1866.00	1844.48	 2.2474	34.6034	27.6445	 1.61	 69.78	0.040	  142.16	 99.95
1867.00	1845.46	 2.2437	34.6040	27.6452	 1.61	 69.98	0.041	  142.13	 99.95
1868.00	1846.45	 2.2414	34.6044	27.6457	 1.61	 70.08	0.041	  142.16	 99.95
1869.00	1847.43	 2.2406	34.6047	27.6461	 1.62	 70.21	0.040	  142.16	 99.95
1870.00	1848.42	 2.2400	34.6047	27.6461	 1.62	 70.24	0.040	  142.12	 99.95
1871.00	1849.40	 2.2390	34.6047	27.6462	 1.62	 70.25	0.040	  142.14	 99.95
1872.00	1850.38	 2.2366	34.6048	27.6465	 1.62	 70.30	0.040	  142.15	 99.95
1873.00	1851.37	 2.2361	34.6048	27.6465	 1.62	 70.47	0.040	  142.12	 99.95
1874.00	1852.35	 2.2353	34.6049	27.6467	 1.63	 70.67	0.040	  142.13	 99.95
1875.00	1853.34	 2.2341	34.6050	27.6469	 1.62	 70.49	0.040	  142.17	 99.95
1876.00	1854.32	 2.2325	34.6051	27.6470	 1.62	 70.48	0.040	  142.14	 99.95
1877.00	1855.30	 2.2314	34.6051	27.6472	 1.62	 70.52	0.040	  142.08	 99.95
1878.00	1856.29	 2.2310	34.6050	27.6471	 1.62	 70.53	0.040	  142.10	 99.95
1879.00	1857.27	 2.2287	34.6052	27.6475	 1.62	 70.52	0.040	  142.16	 99.95
1880.00	1858.26	 2.2279	34.6051	27.6475	 1.62	 70.56	0.040	  142.12	 99.95
1881.00	1859.24	 2.2277	34.6054	27.6477	 1.62	 70.62	0.040	  142.15	 99.95
1882.00	1860.22	 2.2271	34.6052	27.6476	 1.63	 70.66	0.040	  142.13	 99.95
1883.00	1861.21	 2.2261	34.6052	27.6477	 1.62	 70.56	0.040	  142.09	 99.95
1884.00	1862.19	 2.2249	34.6052	27.6478	 1.63	 70.66	0.040	  142.07	 99.95
1885.00	1863.18	 2.2223	34.6051	27.6480	 1.63	 70.65	0.040	  142.10	 99.95
1886.00	1864.16	 2.2212	34.6054	27.6482	 1.63	 70.64	0.040	  142.11	 99.95
1887.00	1865.15	 2.2207	34.6054	27.6483	 1.63	 70.74	0.040	  142.16	 99.95
1888.00	1866.13	 2.2195	34.6055	27.6485	 1.63	 70.87	0.040	  142.18	 99.95
1889.00	1867.11	 2.2186	34.6055	27.6486	 1.63	 70.71	0.040	  142.10	 99.95
1890.00	1868.10	 2.2177	34.6056	27.6487	 1.63	 70.81	0.040	  142.13	 99.95
1891.00	1869.08	 2.2174	34.6057	27.6488	 1.63	 70.79	0.039	  142.12	 99.95
1892.00	1870.07	 2.2174	34.6056	27.6488	 1.63	 70.83	0.040	  142.05	 99.95
1893.00	1871.05	 2.2174	34.6057	27.6488	 1.63	 70.93	0.040	  142.12	 99.95
1894.00	1872.03	 2.2172	34.6056	27.6488	 1.63	 70.89	0.040	  142.10	 99.95
1895.00	1873.02	 2.2164	34.6056	27.6488	 1.63	 70.78	0.040	  142.13	 99.95
1896.00	1874.00	 2.2141	34.6056	27.6491	 1.63	 70.94	0.040	  142.13	 99.95
1897.00	1874.99	 2.2124	34.6058	27.6494	 1.63	 71.03	0.040	  142.09	 99.95
1898.00	1875.97	 2.2109	34.6058	27.6495	 1.63	 71.04	0.040	  142.08	 99.95
1899.00	1876.95	 2.2074	34.6058	27.6498	 1.64	 71.13	0.040	  142.05	 99.95
1900.00	1877.94	 2.2021	34.6066	27.6509	 1.65	 71.49	0.040	  142.08	 99.95
1901.00	1878.92	 2.2011	34.6068	27.6511	 1.65	 71.57	0.040	  142.14	 99.95
1902.00	1879.91	 2.1999	34.6069	27.6513	 1.65	 71.58	0.040	  142.08	 99.95
1903.00	1880.89	 2.1988	34.6072	27.6516	 1.65	 71.75	0.040	  142.09	 99.95
1904.00	1881.87	 2.1985	34.6073	27.6517	 1.65	 71.82	0.040	  142.09	 99.95
1905.00	1882.86	 2.1983	34.6073	27.6517	 1.65	 71.84	0.040	  142.06	 99.95
1906.00	1883.84	 2.1977	34.6074	27.6518	 1.65	 71.83	0.040	  142.17	 99.95
1907.00	1884.83	 2.1965	34.6076	27.6521	 1.65	 71.84	0.040	  142.11	 99.95
1908.00	1885.81	 2.1960	34.6075	27.6521	 1.66	 72.02	0.040	  142.03	 99.95
1909.00	1886.79	 2.1954	34.6076	27.6523	 1.66	 72.16	0.040	  142.05	 99.95
1910.00	1887.78	 2.1939	34.6078	27.6525	 1.66	 72.17	0.040	  142.05	 99.95
1911.00	1888.76	 2.1922	34.6081	27.6529	 1.66	 72.19	0.040	  142.08	 99.95
1912.00	1889.74	 2.1909	34.6080	27.6529	 1.67	 72.48	0.040	  142.05	 99.95
1913.00	1890.73	 2.1902	34.6081	27.6531	 1.67	 72.50	0.040	  142.06	 99.95
1914.00	1891.71	 2.1888	34.6083	27.6533	 1.67	 72.41	0.040	  142.03	 99.95
1915.00	1892.70	 2.1883	34.6084	27.6534	 1.67	 72.42	0.040	  142.04	 99.95
1916.00	1893.68	 2.1870	34.6084	27.6535	 1.67	 72.44	0.040	  141.99	 99.95
1917.00	1894.66	 2.1842	34.6086	27.6539	 1.67	 72.67	0.040	  142.07	 99.95
1918.00	1895.65	 2.1825	34.6087	27.6542	 1.68	 72.85	0.040	  142.01	 99.95
1919.00	1896.63	 2.1804	34.6088	27.6545	 1.68	 72.85	0.040	  142.01	 99.95
1920.00	1897.62	 2.1773	34.6089	27.6547	 1.68	 72.96	0.040	  141.99	 99.95
1921.00	1898.60	 2.1736	34.6095	27.6556	 1.68	 73.08	0.040	  142.02	 99.95
