wcoa21_data_management/01_CRUISE_METADATA/00_OCADS_data/CTD_downcasts/WCOA_2021_CTD_downcasts/dRB2102_CTD_096_01_F.txt
* Sea-Bird SBE 9 Data:
* Software Version Seasave V 7.26.7.107
* Vessel: NOAA Ship Ronald H. Brown
* Cruise: RB2102, West Coast Ocean Acidification (WCOA) 2021
* Dates: 20210622 to 20210723
* Region: NE Pacific, USA West Coast
* Ports: San Diego, CA to Port Angeles, WA to San Diego, CA
* Chief Scientists: R. Feely, NOAA PMEL; D. Greeley, NOAA PMEL; B. Carter, NOAA PMEL / UW CICOES
*END*
[from data line 1281]
1284.00	1270.66	 3.2672	34.5095	27.4774	 0.75	 32.78	0.040	  171.89	100.00
1285.00	1271.65	 3.2588	34.5089	27.4777	 0.75	 32.73	0.040	  171.98	100.00
1286.00	1272.64	 3.2578	34.5091	27.4779	 0.75	 32.54	0.040	  171.90	100.00
1287.00	1273.62	 3.2566	34.5093	27.4783	 0.75	 32.59	0.040	  171.92	100.00
1288.00	1274.61	 3.2570	34.5099	27.4787	 0.77	 33.26	0.040	  171.92	100.00
1289.00	1275.60	 3.2614	34.5112	27.4794	 0.77	 33.45	0.040	  171.92	100.00
1290.00	1276.58	 3.2671	34.5125	27.4798	 0.77	 33.61	0.041	  171.93	100.00
1291.00	1277.57	 3.2605	34.5117	27.4798	 0.77	 33.56	0.040	  171.93	100.00
1292.00	1278.56	 3.2557	34.5122	27.4807	 0.78	 33.87	0.040	  171.91	100.00
1293.00	1279.54	 3.2550	34.5131	27.4815	 0.78	 33.72	0.040	  171.90	100.00
1294.00	1280.53	 3.2546	34.5134	27.4817	 0.78	 33.89	0.040	  171.86	100.00
1295.00	1281.52	 3.2532	34.5136	27.4821	 0.78	 33.99	0.040	  171.85	100.00
1296.00	1282.50	 3.2512	34.5135	27.4822	 0.78	 34.01	0.041	  171.87	100.00
1297.00	1283.49	 3.2477	34.5137	27.4827	 0.79	 34.23	0.041	  171.85	100.00
1298.00	1284.48	 3.2456	34.5138	27.4830	 0.78	 34.08	0.040	  171.92	100.00
1299.00	1285.46	 3.2430	34.5140	27.4834	 0.79	 34.13	0.040	  171.84	100.00
1300.00	1286.45	 3.2414	34.5144	27.4838	 0.78	 33.91	0.040	  171.78	100.00
1301.00	1287.44	 3.2409	34.5146	27.4840	 0.78	 33.99	0.040	  171.87	100.00
1302.00	1288.42	 3.2400	34.5148	27.4842	 0.80	 34.77	0.040	  171.79	100.00
1303.00	1289.41	 3.2385	34.5151	27.4846	 0.80	 34.89	0.040	  171.81	100.00
1304.00	1290.40	 3.2377	34.5151	27.4847	 0.78	 34.11	0.040	  171.85	100.00
1305.00	1291.38	 3.2389	34.5149	27.4844	 0.79	 34.18	0.041	  171.87	100.00
1306.00	1292.37	 3.2380	34.5150	27.4847	 0.80	 34.58	0.040	  171.79	100.00
1307.00	1293.36	 3.2354	34.5154	27.4852	 0.80	 34.92	0.040	  171.87	100.00
1308.00	1294.34	 3.2317	34.5160	27.4861	 0.80	 34.56	0.040	  171.91	100.00
1309.00	1295.33	 3.2287	34.5166	27.4868	 0.80	 34.60	0.040	  171.86	100.00
1310.00	1296.31	 3.2281	34.5167	27.4870	 0.80	 34.75	0.040	  171.86	100.00
1311.00	1297.30	 3.2249	34.5163	27.4870	 0.80	 34.86	0.040	  171.87	100.00
1312.00	1298.29	 3.2198	34.5169	27.4879	 0.80	 34.94	0.040	  171.81	100.00
1313.00	1299.27	 3.2186	34.5173	27.4883	 0.81	 35.16	0.040	  171.78	100.00
1314.00	1300.26	 3.2150	34.5174	27.4887	 0.81	 35.26	0.040	  171.81	100.00
1315.00	1301.25	 3.2125	34.5177	27.4892	 0.81	 35.19	0.040	  171.81	100.00
1316.00	1302.23	 3.2116	34.5180	27.4896	 0.81	 35.27	0.040	  171.77	100.00
1317.00	1303.22	 3.2111	34.5181	27.4897	 0.82	 35.56	0.040	  171.78	100.00
1318.00	1304.21	 3.2104	34.5187	27.4903	 0.82	 35.71	0.040	  171.72	100.00
1319.00	1305.19	 3.2078	34.5192	27.4909	 0.82	 35.62	0.040	  171.71	100.00
1320.00	1306.18	 3.2067	34.5195	27.4912	 0.82	 35.59	0.040	  171.79	100.00
1321.00	1307.17	 3.2058	34.5196	27.4914	 0.82	 35.65	0.041	  171.82	100.00
1322.00	1308.15	 3.2041	34.5195	27.4915	 0.82	 35.66	0.041	  171.77	100.00
1323.00	1309.14	 3.2025	34.5195	27.4917	 0.82	 35.54	0.040	  171.79	100.00
1324.00	1310.13	 3.2012	34.5194	27.4917	 0.82	 35.51	0.040	  171.69	100.00
1325.00	1311.11	 3.2000	34.5194	27.4918	 0.82	 35.55	0.040	  171.72	100.00
1326.00	1312.10	 3.1980	34.5189	27.4916	 0.82	 35.43	0.040	  171.74	100.00
1327.00	1313.08	 3.1956	34.5188	27.4917	 0.82	 35.53	0.040	  171.71	100.00
1328.00	1314.07	 3.1934	34.5193	27.4923	 0.82	 35.65	0.040	  171.67	100.00
1329.00	1315.06	 3.1893	34.5196	27.4929	 0.82	 35.66	0.040	  171.72	100.00
1330.00	1316.04	 3.1793	34.5192	27.4936	 0.82	 35.53	0.040	  171.72	100.00
1331.00	1317.03	 3.1715	34.5193	27.4944	 0.82	 35.81	0.040	  171.73	100.00
1332.00	1318.02	 3.1712	34.5196	27.4947	 0.83	 35.87	0.040	  171.65	100.00
1333.00	1319.00	 3.1657	34.5193	27.4949	 0.82	 35.49	0.040	  171.65	100.00
1334.00	1319.99	 3.1567	34.5186	27.4952	 0.82	 35.51	0.040	  171.69	100.00
1335.00	1320.98	 3.1459	34.5185	27.4961	 0.81	 35.40	0.042	  171.74	100.00
1336.00	1321.96	 3.1404	34.5186	27.4967	 0.82	 35.50	0.041	  171.69	100.00
1337.00	1322.95	 3.1383	34.5184	27.4967	 0.81	 35.28	0.040	  171.71	100.00
1338.00	1323.93	 3.1361	34.5184	27.4970	 0.81	 35.40	0.040	  171.70	100.00
1339.00	1324.92	 3.1318	34.5188	27.4976	 0.82	 35.63	0.040	  171.66	100.00
1340.00	1325.91	 3.1270	34.5192	27.4984	 0.82	 35.67	0.040	  171.69	100.00
1341.00	1326.89	 3.1258	34.5193	27.4986	 0.82	 35.85	0.040	  171.65	100.00
1342.00	1327.88	 3.1252	34.5194	27.4988	 0.82	 35.76	0.040	  171.66	100.00
1343.00	1328.87	 3.1252	34.5196	27.4989	 0.82	 35.81	0.040	  171.63	100.00
1344.00	1329.85	 3.1249	34.5197	27.4991	 0.82	 35.75	0.040	  171.64	100.00
1345.00	1330.84	 3.1240	34.5202	27.4996	 0.83	 36.10	0.040	  171.64	100.00
1346.00	1331.83	 3.1252	34.5211	27.5002	 0.83	 36.23	0.040	  171.66	100.00
1347.00	1332.81	 3.1252	34.5213	27.5003	 0.83	 36.27	0.040	  171.66	100.00
1348.00	1333.80	 3.1254	34.5218	27.5007	 0.84	 36.37	0.040	  171.65	100.00
1349.00	1334.78	 3.1255	34.5221	27.5009	 0.84	 36.37	0.040	  171.63	100.00
1350.00	1335.77	 3.1259	34.5222	27.5010	 0.85	 36.83	0.040	  171.66	100.00
1351.00	1336.76	 3.1254	34.5223	27.5011	 0.85	 36.84	0.040	  171.58	100.00
1352.00	1337.74	 3.1240	34.5226	27.5015	 0.84	 36.46	0.040	  171.55	100.00
1353.00	1338.73	 3.1197	34.5228	27.5021	 0.85	 36.79	0.040	  171.62	100.00
1354.00	1339.72	 3.1180	34.5229	27.5023	 0.84	 36.50	0.041	  171.54	100.00
1355.00	1340.70	 3.1161	34.5227	27.5023	 0.84	 36.56	0.042	  171.61	100.00
1356.00	1341.69	 3.1113	34.5230	27.5030	 0.85	 36.88	0.040	  171.63	100.00
1357.00	1342.67	 3.1122	34.5231	27.5030	 0.85	 36.89	0.040	  171.56	100.00
1358.00	1343.66	 3.1090	34.5241	27.5041	 0.86	 37.19	0.040	  171.54	100.00
1359.00	1344.65	 3.1131	34.5251	27.5046	 0.87	 37.62	0.040	  171.57	100.00
1360.00	1345.63	 3.1124	34.5255	27.5049	 0.87	 37.62	0.040	  171.56	100.00
1361.00	1346.62	 3.1099	34.5260	27.5056	 0.87	 37.87	0.040	  171.54	100.00
1362.00	1347.61	 3.1064	34.5264	27.5062	 0.87	 37.89	0.040	  171.54	100.00
1363.00	1348.59	 3.1021	34.5264	27.5066	 0.88	 38.08	0.040	  171.47	100.00
1364.00	1349.58	 3.0989	34.5263	27.5068	 0.88	 38.09	0.040	  171.56	100.00
1365.00	1350.56	 3.0890	34.5266	27.5080	 0.87	 37.98	0.041	  171.53	100.00
1366.00	1351.55	 3.0883	34.5271	27.5084	 0.88	 38.08	0.040	  171.54	100.00
1367.00	1352.54	 3.0883	34.5273	27.5086	 0.88	 38.11	0.040	  171.47	100.00
1368.00	1353.52	 3.0870	34.5272	27.5087	 0.88	 38.18	0.040	  171.49	100.00
1369.00	1354.51	 3.0786	34.5270	27.5092	 0.88	 38.11	0.040	  171.49	100.00
1370.00	1355.50	 3.0759	34.5274	27.5099	 0.88	 38.12	0.041	  171.48	100.00
1371.00	1356.48	 3.0773	34.5275	27.5098	 0.88	 38.03	0.041	  171.52	100.00
1372.00	1357.47	 3.0767	34.5276	27.5099	 0.88	 38.25	0.041	  171.46	100.00
1373.00	1358.45	 3.0746	34.5275	27.5100	 0.88	 38.11	0.041	  171.50	100.00
1374.00	1359.44	 3.0737	34.5274	27.5100	 0.87	 37.75	0.040	  171.47	100.00
1375.00	1360.43	 3.0733	34.5274	27.5101	 0.87	 38.03	0.040	  171.48	100.00
1376.00	1361.41	 3.0683	34.5266	27.5099	 0.87	 37.78	0.040	  171.48	100.00
1377.00	1362.40	 3.0637	34.5264	27.5101	 0.87	 37.70	0.040	  171.47	100.00
1378.00	1363.38	 3.0596	34.5260	27.5102	 0.86	 37.55	0.041	  171.44	100.00
1379.00	1364.37	 3.0555	34.5257	27.5104	 0.87	 37.69	0.040	  171.47	100.00
1380.00	1365.36	 3.0539	34.5257	27.5105	 0.87	 37.80	0.040	  171.47	100.00
1381.00	1366.34	 3.0501	34.5261	27.5112	 0.86	 37.57	0.040	  171.53	100.00
1382.00	1367.33	 3.0491	34.5264	27.5116	 0.87	 37.72	0.040	  171.44	100.00
1383.00	1368.32	 3.0492	34.5264	27.5115	 0.88	 38.12	0.040	  171.50	100.00
1384.00	1369.30	 3.0476	34.5267	27.5119	 0.87	 37.83	0.041	  171.47	100.00
1385.00	1370.29	 3.0462	34.5270	27.5123	 0.88	 38.03	0.041	  171.46	100.00
1386.00	1371.27	 3.0457	34.5272	27.5125	 0.88	 38.18	0.040	  171.43	100.00
1387.00	1372.26	 3.0449	34.5275	27.5128	 0.88	 38.10	0.040	  171.42	100.00
1388.00	1373.25	 3.0447	34.5275	27.5129	 0.88	 38.11	0.040	  171.38	100.00
1389.00	1374.23	 3.0444	34.5275	27.5128	 0.88	 38.21	0.040	  171.45	100.00
1390.00	1375.22	 3.0429	34.5277	27.5132	 0.88	 38.20	0.040	  171.42	100.00
1391.00	1376.20	 3.0421	34.5279	27.5135	 0.88	 38.31	0.041	  171.43	100.00
1392.00	1377.19	 3.0407	34.5281	27.5137	 0.88	 38.38	0.041	  171.45	100.00
1393.00	1378.18	 3.0400	34.5281	27.5138	 0.88	 38.36	0.040	  171.41	100.00
1394.00	1379.16	 3.0393	34.5282	27.5139	 0.89	 38.51	0.041	  171.38	100.00
1395.00	1380.15	 3.0379	34.5282	27.5141	 0.89	 38.56	0.041	  171.44	100.00
1396.00	1381.13	 3.0358	34.5285	27.5145	 0.89	 38.47	0.040	  171.39	100.00
1397.00	1382.12	 3.0344	34.5287	27.5148	 0.89	 38.58	0.041	  171.36	100.00
1398.00	1383.11	 3.0326	34.5290	27.5152	 0.89	 38.74	0.041	  171.40	100.00
1399.00	1384.09	 3.0283	34.5299	27.5163	 0.89	 38.86	0.040	  171.38	100.00
1400.00	1385.08	 3.0256	34.5300	27.5167	 0.90	 39.14	0.040	  171.35	100.00
1401.00	1386.07	 3.0235	34.5300	27.5169	 0.90	 39.19	0.040	  171.41	100.00
1402.00	1387.05	 3.0230	34.5306	27.5174	 0.90	 39.19	0.040	  171.38	100.00
1403.00	1388.04	 3.0228	34.5310	27.5177	 0.91	 39.34	0.040	  171.35	100.00
1404.00	1389.02	 3.0225	34.5310	27.5178	 0.91	 39.53	0.041	  171.44	100.00
1405.00	1390.01	 3.0220	34.5312	27.5180	 0.91	 39.62	0.041	  171.38	100.00
1406.00	1391.00	 3.0209	34.5314	27.5182	 0.91	 39.36	0.040	  171.37	100.00
1407.00	1391.98	 3.0208	34.5314	27.5183	 0.91	 39.47	0.041	  171.34	100.00
1408.00	1392.97	 3.0188	34.5315	27.5186	 0.91	 39.64	0.040	  171.37	100.00
1409.00	1393.95	 3.0163	34.5317	27.5189	 0.91	 39.54	0.040	  171.29	100.00
1410.00	1394.94	 3.0149	34.5320	27.5192	 0.91	 39.60	0.040	  171.32	100.00
1411.00	1395.93	 3.0132	34.5322	27.5196	 0.92	 39.87	0.040	  171.35	100.00
1412.00	1396.91	 3.0104	34.5324	27.5200	 0.92	 40.03	0.041	  171.31	100.00
1413.00	1397.90	 3.0055	34.5330	27.5209	 0.92	 40.03	0.041	  171.32	100.00
1414.00	1398.88	 3.0038	34.5332	27.5213	 0.92	 40.05	0.040	  171.36	100.00
1415.00	1399.87	 3.0034	34.5333	27.5214	 0.92	 39.96	0.040	  171.34	100.00
1416.00	1400.86	 3.0033	34.5331	27.5213	 0.92	 40.13	0.040	  171.30	100.00
1417.00	1401.84	 3.0029	34.5333	27.5214	 0.92	 40.08	0.040	  171.27	100.00
1418.00	1402.83	 3.0022	34.5334	27.5216	 0.93	 40.23	0.040	  171.25	100.00
1419.00	1403.81	 3.0011	34.5333	27.5216	 0.94	 40.65	0.040	  171.31	100.00
1420.00	1404.80	 2.9994	34.5349	27.5231	 0.94	 40.91	0.040	  171.34	100.00
1421.00	1405.79	 2.9982	34.5357	27.5238	 0.94	 41.02	0.040	  171.31	100.00
1422.00	1406.77	 2.9955	34.5357	27.5241	 0.94	 40.99	0.040	  171.28	100.00
1423.00	1407.76	 2.9940	34.5360	27.5245	 0.94	 41.05	0.040	  171.28	100.00
1424.00	1408.74	 2.9920	34.5361	27.5247	 0.95	 41.24	0.040	  171.27	100.00
1425.00	1409.73	 2.9864	34.5357	27.5249	 0.94	 40.93	0.040	  171.24	100.00
1426.00	1410.72	 2.9835	34.5358	27.5252	 0.94	 40.65	0.040	  171.31	100.00
1427.00	1411.70	 2.9818	34.5355	27.5252	 0.94	 40.98	0.040	  171.30	100.00
1428.00	1412.69	 2.9797	34.5355	27.5254	 0.94	 40.76	0.040	  171.24	100.00
1429.00	1413.67	 2.9787	34.5355	27.5255	 0.94	 40.96	0.040	  171.24	100.00
1430.00	1414.66	 2.9780	34.5358	27.5257	 0.95	 41.34	0.040	  171.19	100.00
1431.00	1415.64	 2.9778	34.5366	27.5264	 0.95	 41.13	0.040	  171.15	100.00
1432.00	1416.63	 2.9716	34.5365	27.5269	 0.95	 41.25	0.040	  171.17	100.00
1433.00	1417.62	 2.9666	34.5369	27.5277	 0.96	 41.92	0.041	  171.20	100.00
1434.00	1418.60	 2.9646	34.5370	27.5279	 0.96	 41.66	0.042	  171.18	100.00
1435.00	1419.59	 2.9625	34.5375	27.5285	 0.95	 41.28	0.040	  171.21	100.00
1436.00	1420.57	 2.9587	34.5375	27.5288	 0.96	 41.56	0.040	  171.18	100.00
1437.00	1421.56	 2.9576	34.5376	27.5291	 0.95	 41.44	0.040	  171.20	100.00
1438.00	1422.55	 2.9595	34.5374	27.5287	 0.96	 41.59	0.040	  171.22	100.00
1439.00	1423.53	 2.9573	34.5374	27.5290	 0.96	 41.59	0.040	  171.17	100.00
1440.00	1424.52	 2.9532	34.5375	27.5294	 0.96	 41.67	0.040	  171.14	100.00
1441.00	1425.50	 2.9520	34.5376	27.5296	 0.96	 41.63	0.040	  171.17	100.00
1442.00	1426.49	 2.9518	34.5377	27.5297	 0.95	 41.48	0.040	  171.22	100.00
1443.00	1427.48	 2.9516	34.5377	27.5297	 0.95	 41.49	0.040	  171.18	100.00
1444.00	1428.46	 2.9512	34.5375	27.5296	 0.96	 41.62	0.040	  171.18	100.00
1445.00	1429.45	 2.9497	34.5377	27.5299	 0.96	 41.80	0.040	  171.18	100.00
1446.00	1430.43	 2.9474	34.5378	27.5302	 0.96	 41.68	0.040	  171.17	100.00
1447.00	1431.42	 2.9454	34.5381	27.5306	 0.96	 41.58	0.041	  171.15	100.00
1448.00	1432.40	 2.9454	34.5384	27.5308	 0.96	 41.69	0.041	  171.15	100.00
1449.00	1433.39	 2.9481	34.5381	27.5304	 0.96	 41.91	0.040	  171.17	100.00
1450.00	1434.38	 2.9471	34.5390	27.5312	 0.97	 42.31	0.042	  171.06	 99.99
1451.00	1435.36	 2.9473	34.5394	27.5315	 0.97	 42.03	0.041	  171.18	100.00
1452.00	1436.35	 2.9409	34.5394	27.5321	 0.98	 42.81	0.040	  171.10	100.00
1453.00	1437.33	 2.9390	34.5396	27.5324	 0.98	 42.74	0.041	  171.06	100.00
1454.00	1438.32	 2.9385	34.5394	27.5323	 0.96	 41.93	0.041	  171.14	100.00
1455.00	1439.31	 2.9381	34.5395	27.5324	 0.97	 42.29	0.040	  171.02	100.00
1456.00	1440.29	 2.9385	34.5400	27.5328	 0.98	 42.54	0.040	  171.06	100.00
1457.00	1441.28	 2.9377	34.5409	27.5336	 0.99	 42.82	0.040	  171.02	100.00
1458.00	1442.26	 2.9356	34.5414	27.5342	 0.99	 42.96	0.040	  171.07	100.00
1459.00	1443.25	 2.9317	34.5416	27.5347	 0.99	 42.92	0.040	  171.06	100.00
1460.00	1444.23	 2.9302	34.5417	27.5349	 0.99	 43.14	0.040	  171.02	100.00
1461.00	1445.22	 2.9296	34.5416	27.5349	 0.99	 43.18	0.040	  171.03	100.00
1462.00	1446.21	 2.9276	34.5417	27.5351	 0.99	 42.87	0.040	  170.95	100.00
1463.00	1447.19	 2.9266	34.5418	27.5353	 0.99	 42.81	0.040	  171.03	 99.99
1464.00	1448.18	 2.9264	34.5417	27.5353	 0.98	 42.79	0.040	  171.03	100.00
1465.00	1449.16	 2.9263	34.5419	27.5354	 0.99	 43.05	0.040	  171.00	100.00
1466.00	1450.15	 2.9263	34.5418	27.5354	 0.99	 43.03	0.040	  170.96	 99.99
1467.00	1451.13	 2.9262	34.5422	27.5357	 0.99	 43.12	0.040	  171.03	100.00
1468.00	1452.12	 2.9262	34.5423	27.5358	 1.00	 43.46	0.040	  170.99	100.00
1469.00	1453.11	 2.9257	34.5424	27.5360	 1.00	 43.65	0.040	  170.99	 99.99
1470.00	1454.09	 2.9216	34.5423	27.5362	 1.00	 43.42	0.040	  170.99	100.00
1471.00	1455.08	 2.9172	34.5428	27.5371	 1.00	 43.53	0.040	  170.97	100.00
1472.00	1456.06	 2.9143	34.5433	27.5377	 1.01	 43.86	0.040	  170.95	100.00
1473.00	1457.05	 2.9082	34.5437	27.5386	 1.01	 43.82	0.040	  170.98	100.00
1474.00	1458.04	 2.9057	34.5437	27.5388	 1.01	 43.98	0.040	  170.96	 99.99
1475.00	1459.02	 2.9033	34.5440	27.5393	 1.02	 44.15	0.040	  170.95	 99.99
1476.00	1460.01	 2.9019	34.5442	27.5395	 1.01	 43.86	0.040	  170.98	 99.99
1477.00	1460.99	 2.9015	34.5443	27.5397	 1.01	 43.95	0.040	  170.97	100.00
1478.00	1461.98	 2.9005	34.5445	27.5399	 1.01	 44.07	0.040	  170.97	 99.99
1479.00	1462.96	 2.8998	34.5446	27.5401	 1.02	 44.19	0.040	  170.98	 99.99
1480.00	1463.95	 2.8981	34.5446	27.5402	 1.01	 44.11	0.040	  170.96	100.00
1481.00	1464.93	 2.8970	34.5449	27.5406	 1.02	 44.12	0.040	  170.93	 99.99
1482.00	1465.92	 2.8947	34.5449	27.5407	 1.02	 44.30	0.040	  170.91	 99.99
1483.00	1466.91	 2.8895	34.5449	27.5413	 1.03	 44.55	0.040	  170.97	100.00
1484.00	1467.89	 2.8847	34.5456	27.5423	 1.03	 44.64	0.040	  170.93	 99.99
1485.00	1468.88	 2.8837	34.5460	27.5426	 1.03	 44.70	0.040	  170.93	100.00
1486.00	1469.86	 2.8814	34.5466	27.5433	 1.03	 44.94	0.040	  170.93	 99.99
1487.00	1470.85	 2.8798	34.5468	27.5437	 1.03	 44.90	0.040	  170.95	100.00
1488.00	1471.83	 2.8786	34.5470	27.5439	 1.04	 45.32	0.040	  170.92	 99.99
1489.00	1472.82	 2.8783	34.5469	27.5439	 1.04	 45.19	0.040	  170.92	 99.99
1490.00	1473.81	 2.8778	34.5472	27.5442	 1.04	 44.99	0.040	  170.89	 99.99
1491.00	1474.79	 2.8776	34.5473	27.5442	 1.03	 44.84	0.040	  170.93	100.00
1492.00	1475.78	 2.8765	34.5472	27.5443	 1.03	 44.75	0.040	  170.98	 99.99
1493.00	1476.76	 2.8761	34.5473	27.5444	 1.03	 44.86	0.040	  170.94	 99.99
1494.00	1477.75	 2.8778	34.5470	27.5440	 1.03	 44.88	0.040	  170.89	 99.99
1495.00	1478.73	 2.8776	34.5471	27.5441	 1.03	 44.89	0.041	  170.88	 99.99
