wcoa21_data_management/01_CRUISE_METADATA/00_OCADS_data/CTD_downcasts/WCOA_2021_CTD_downcasts/dRB2102_CTD_116_01_F.txt
* Sea-Bird SBE 9 Data:
* Software Version Seasave V 7.26.7.107
* Vessel: NOAA Ship Ronald H. Brown
* Cruise: RB2102, West Coast Ocean Acidification (WCOA) 2021
* Dates: 20210622 to 20210723
* Region: NE Pacific, USA West Coast
* Ports: San Diego, CA to Port Angeles, WA to San Diego, CA
* Chief Scientists: R. Feely, NOAA PMEL; D. Greeley, NOAA PMEL; B. Carter, NOAA PMEL / UW CICOES
*END*
   3.00	   2.98	14.2929	33.5772	25.0265	 5.49	239.34	0.122	  142.85	 99.47
   4.00	   3.97	14.2876	33.5773	25.0277	 5.52	240.69	0.122	  142.79	 99.48
   5.00	   4.96	14.2825	33.5771	25.0287	 5.52	240.53	0.130	  142.77	 99.49
   6.00	   5.96	14.2830	33.5774	25.0289	 5.53	240.73	0.134	  142.74	 99.49
   7.00	   6.95	14.2869	33.5775	25.0281	 5.52	240.39	0.136	  142.71	 99.49
   8.00	   7.94	14.2660	33.5776	25.0326	 5.51	240.05	0.139	  142.69	 99.49
   9.00	   8.94	14.2482	33.5767	25.0357	 5.49	239.27	0.137	  142.65	 99.49
  10.00	   9.93	14.2272	33.5773	25.0406	 5.48	238.85	0.137	  142.68	 99.49
  11.00	  10.92	14.2243	33.5773	25.0412	 5.49	239.05	0.137	  142.68	 99.47
  12.00	  11.91	14.2144	33.5773	25.0433	 5.47	238.33	0.138	  142.64	 99.48
  13.00	  12.91	14.2019	33.5777	25.0463	 5.45	237.54	0.142	  142.64	 99.47
  14.00	  13.90	14.1631	33.5776	25.0544	 5.42	236.06	0.132	  142.63	 99.47
  15.00	  14.89	14.0933	33.5777	25.0691	 5.38	234.60	0.129	  142.63	 99.46
  16.00	  15.88	14.0212	33.5774	25.0839	 5.32	231.63	0.127	  142.66	 99.45
  17.00	  16.88	13.9655	33.5760	25.0944	 5.27	229.71	0.120	  142.65	 99.44
  18.00	  17.87	13.8833	33.5781	25.1131	 5.24	228.42	0.119	  142.69	 99.43
  19.00	  18.86	13.8115	33.5781	25.1280	 5.19	225.90	0.113	  142.70	 99.41
  20.00	  19.86	13.7309	33.5798	25.1459	 5.08	221.21	0.107	  142.71	 99.40
  21.00	  20.85	13.5963	33.5789	25.1727	 4.99	217.53	0.102	  142.76	 99.39
  22.00	  21.84	13.3298	33.5797	25.2273	 4.94	215.31	0.100	  142.85	 99.38
  23.00	  22.83	13.1339	33.5815	25.2680	 4.81	209.54	0.097	  142.90	 99.35
  24.00	  23.83	12.7567	33.5831	25.3439	 4.68	203.79	0.100	  143.02	 99.33
  25.00	  24.82	12.5677	33.5871	25.3838	 4.61	200.89	0.090	  143.09	 99.32
  26.00	  25.81	12.4210	33.5909	25.4152	 4.52	197.07	0.084	  143.15	 99.32
  27.00	  26.80	12.2907	33.5937	25.4424	 4.34	188.87	0.078	  143.25	 99.31
  28.00	  27.80	11.9929	33.6069	25.5092	 4.21	183.32	0.073	  143.35	 99.30
  29.00	  28.79	11.8872	33.6102	25.5316	 4.15	180.56	0.064	  143.46	 99.31
  30.00	  29.78	11.8247	33.6112	25.5441	 4.09	177.91	0.058	  143.55	 97.09
  31.00	  30.78	11.7827	33.6137	25.5540	 4.06	176.92	0.055	  143.53	 95.00
  32.00	  31.77	11.7653	33.6150	25.5582	 4.05	176.37	0.054	  143.58	 98.97
  33.00	  32.76	11.7548	33.6160	25.5609	 4.03	175.53	0.054	  143.63	 99.34
  34.00	  33.75	11.7246	33.6173	25.5676	 4.02	175.09	0.053	  143.63	 99.34
  35.00	  34.75	11.7004	33.6189	25.5734	 4.02	174.86	0.051	  143.61	 99.34
  36.00	  35.74	11.6920	33.6197	25.5755	 4.00	174.16	0.052	  143.66	 99.35
  37.00	  36.73	11.6736	33.6218	25.5807	 3.99	173.85	0.052	  143.68	 95.15
  38.00	  37.72	11.6637	33.6229	25.5834	 3.99	173.73	0.052	  143.70	 99.54
  39.00	  38.72	11.6603	33.6233	25.5843	 3.99	173.77	0.051	  143.68	 99.36
  40.00	  39.71	11.6588	33.6236	25.5848	 3.99	173.84	0.052	  143.67	 99.36
  41.00	  40.70	11.6574	33.6238	25.5853	 3.99	173.62	0.051	  143.68	 99.36
  42.00	  41.69	11.6536	33.6246	25.5866	 3.99	173.58	0.051	  143.71	 99.36
  43.00	  42.69	11.6431	33.6269	25.5904	 3.99	173.54	0.052	  143.66	 99.36
  44.00	  43.68	11.6419	33.6270	25.5907	 3.99	173.57	0.053	  143.61	 96.19
  45.00	  44.67	11.6404	33.6274	25.5913	 3.99	173.79	0.052	  143.62	 99.47
  46.00	  45.67	11.6392	33.6277	25.5918	 3.99	173.82	0.052	  143.63	 99.37
  47.00	  46.66	11.6387	33.6278	25.5920	 3.98	173.44	0.053	  143.59	 99.36
  48.00	  47.65	11.6401	33.6274	25.5915	 3.98	173.39	0.052	  143.59	 99.37
  49.00	  48.64	11.6405	33.6273	25.5913	 3.98	173.43	0.052	  143.59	 99.37
  50.00	  49.64	11.6405	33.6273	25.5913	 3.99	173.59	0.052	  143.56	 97.36
  51.00	  50.63	11.6407	33.6271	25.5912	 3.99	173.94	0.053	  143.57	 97.04
  52.00	  51.62	11.6400	33.6273	25.5914	 3.99	173.71	0.052	  143.52	 99.39
  53.00	  52.61	11.6393	33.6274	25.5917	 3.97	173.04	0.052	  143.55	 99.37
  54.00	  53.61	11.6351	33.6279	25.5929	 3.97	172.68	0.053	  143.54	 99.37
  55.00	  54.60	11.6235	33.6290	25.5960	 3.96	172.63	0.052	  143.51	 99.37
  56.00	  55.59	11.5748	33.6291	25.6050	 3.97	172.83	0.053	  143.51	 99.37
  57.00	  56.58	11.5620	33.6284	25.6068	 3.96	172.38	0.054	  143.44	 99.37
  58.00	  57.58	11.5490	33.6270	25.6081	 3.95	172.15	0.051	  143.44	 99.37
  59.00	  58.57	11.5361	33.6256	25.6095	 3.93	171.31	0.051	  143.42	 99.37
  60.00	  59.56	11.4692	33.6262	25.6222	 3.91	170.26	0.052	  143.47	 99.37
  61.00	  60.55	11.4374	33.6275	25.6291	 3.89	169.28	0.051	  143.43	 99.37
  62.00	  61.55	11.3620	33.6310	25.6456	 3.88	168.73	0.050	  143.49	 99.37
  63.00	  62.54	11.3367	33.6316	25.6506	 3.85	167.62	0.050	  143.45	 99.37
  64.00	  63.53	11.3142	33.6332	25.6560	 3.82	166.54	0.049	  143.43	 99.37
  65.00	  64.52	11.2926	33.6349	25.6613	 3.80	165.38	0.049	  143.47	 99.38
  66.00	  65.52	11.2558	33.6401	25.6720	 3.76	163.93	0.049	  143.49	 99.39
  67.00	  66.51	11.2402	33.6436	25.6776	 3.74	162.70	0.048	  143.48	 99.39
  68.00	  67.50	11.1965	33.6532	25.6930	 3.72	162.18	0.048	  143.43	 99.39
  69.00	  68.49	11.1647	33.6621	25.7057	 3.71	161.63	0.049	  143.42	 99.39
  70.00	  69.49	11.1520	33.6669	25.7117	 3.70	161.06	0.049	  143.47	 99.40
  71.00	  70.48	11.1398	33.6711	25.7172	 3.70	161.06	0.048	  143.44	 99.41
  72.00	  71.47	11.1309	33.6746	25.7216	 3.67	159.90	0.049	  143.42	 99.41
  73.00	  72.46	11.1006	33.6745	25.7269	 3.64	158.32	0.049	  143.40	 99.41
  74.00	  73.46	11.0668	33.6751	25.7335	 3.62	157.40	0.048	  143.40	 99.41
  75.00	  74.45	11.0365	33.6820	25.7443	 3.59	156.50	0.048	  143.41	 99.41
  76.00	  75.44	10.9788	33.6907	25.7614	 3.57	155.29	0.048	  143.42	 93.64
  77.00	  76.43	10.9679	33.6990	25.7698	 3.51	152.85	0.048	  143.49	 88.65
  78.00	  77.43	10.9065	33.7022	25.7833	 3.47	151.15	0.047	  143.43	 99.07
  79.00	  78.42	10.8371	33.7082	25.8002	 3.44	149.80	0.045	  143.53	 99.44
  80.00	  79.41	10.8067	33.7119	25.8086	 3.42	149.08	0.046	  143.50	 99.44
  81.00	  80.40	10.7858	33.7160	25.8155	 3.41	148.53	0.045	  143.53	 99.45
  82.00	  81.40	10.7430	33.7219	25.8276	 3.39	147.68	0.045	  143.48	 99.46
  83.00	  82.39	10.7149	33.7259	25.8357	 3.38	146.99	0.045	  143.58	 99.46
  84.00	  83.38	10.7078	33.7267	25.8376	 3.36	146.28	0.044	  143.48	 99.46
  85.00	  84.37	10.6923	33.7297	25.8426	 3.34	145.35	0.044	  143.45	 99.46
  86.00	  85.37	10.6486	33.7366	25.8557	 3.31	143.97	0.045	  143.47	 99.47
  87.00	  86.36	10.5928	33.7479	25.8743	 3.28	142.85	0.044	  143.48	 99.48
  88.00	  87.35	10.5668	33.7552	25.8845	 3.25	141.60	0.044	  143.54	 99.49
  89.00	  88.34	10.5509	33.7615	25.8922	 3.22	140.14	0.044	  143.55	 99.49
  90.00	  89.34	10.5160	33.7689	25.9041	 3.20	139.34	0.044	  143.54	 99.49
  91.00	  90.33	10.4792	33.7774	25.9171	 3.19	138.71	0.043	  143.56	 99.50
  92.00	  91.32	10.4138	33.7851	25.9345	 3.16	137.73	0.043	  143.55	 99.51
  93.00	  92.31	10.3112	33.7954	25.9602	 3.16	137.50	0.043	  143.58	 99.51
  94.00	  93.30	10.2858	33.7992	25.9676	 3.13	136.30	0.043	  143.60	 99.51
  95.00	  94.30	10.2624	33.8045	25.9757	 3.08	133.86	0.042	  143.57	 99.51
  96.00	  95.29	10.2297	33.8159	25.9902	 3.03	131.88	0.042	  143.62	 99.52
  97.00	  96.28	10.2165	33.8251	25.9996	 3.03	131.84	0.042	  143.62	 99.53
  98.00	  97.27	10.2143	33.8271	26.0016	 3.03	131.90	0.042	  143.59	 99.54
  99.00	  98.27	10.2140	33.8276	26.0021	 3.02	131.49	0.042	  143.59	 99.54
 100.00	  99.26	10.2138	33.8285	26.0029	 2.99	130.36	0.042	  143.59	 99.55
 101.00	 100.25	10.2041	33.8320	26.0073	 2.99	129.97	0.042	  143.56	 99.55
 102.00	 101.24	10.1945	33.8350	26.0112	 2.99	130.12	0.042	  143.56	 99.55
 103.00	 102.24	10.1894	33.8365	26.0133	 2.98	129.69	0.042	  143.58	 99.56
 104.00	 103.23	10.1746	33.8386	26.0175	 2.98	129.77	0.042	  143.60	 99.56
 105.00	 104.22	10.1520	33.8402	26.0226	 2.99	129.97	0.042	  143.58	 99.56
 106.00	 105.21	10.1250	33.8444	26.0305	 2.98	129.62	0.042	  143.62	 99.56
 107.00	 106.21	10.1173	33.8462	26.0332	 2.96	128.66	0.042	  143.54	 99.56
 108.00	 107.20	10.1113	33.8498	26.0371	 2.93	127.74	0.042	  143.58	 99.56
 109.00	 108.19	10.0961	33.8531	26.0422	 2.94	127.76	0.042	  143.57	 99.56
 110.00	 109.18	10.0798	33.8560	26.0473	 2.94	127.75	0.042	  143.57	 99.56
 111.00	 110.17	10.0624	33.8585	26.0522	 2.92	127.12	0.041	  143.58	 99.56
 112.00	 111.17	10.0468	33.8609	26.0567	 2.90	126.12	0.042	  143.53	 99.56
 113.00	 112.16	 9.9977	33.8723	26.0740	 2.87	124.98	0.041	  143.53	 99.57
 114.00	 113.15	 9.9663	33.8814	26.0864	 2.85	124.21	0.041	  143.54	 99.57
 115.00	 114.14	 9.9567	33.8847	26.0905	 2.82	122.91	0.041	  143.52	 99.58
 116.00	 115.14	 9.9415	33.8897	26.0970	 2.80	122.04	0.041	  143.53	 99.58
 117.00	 116.13	 9.9220	33.8948	26.1043	 2.80	122.08	0.040	  143.55	 99.58
 118.00	 117.12	 9.8961	33.9010	26.1135	 2.80	122.06	0.041	  143.55	 99.58
 119.00	 118.11	 9.8811	33.9040	26.1184	 2.80	121.74	0.041	  143.54	 99.59
 120.00	 119.11	 9.8593	33.9098	26.1266	 2.79	121.30	0.041	  143.54	 99.59
 121.00	 120.10	 9.8553	33.9110	26.1282	 2.78	121.16	0.041	  143.49	 99.59
 122.00	 121.09	 9.8527	33.9120	26.1295	 2.77	120.49	0.041	  143.57	 99.60
 123.00	 122.08	 9.8444	33.9143	26.1327	 2.72	118.58	0.041	  143.50	 99.60
 124.00	 123.07	 9.8135	33.9239	26.1454	 2.66	115.73	0.041	  143.51	 99.61
 125.00	 124.07	 9.7839	33.9337	26.1580	 2.63	114.31	0.040	  143.50	 99.61
 126.00	 125.06	 9.7670	33.9391	26.1650	 2.61	113.75	0.040	  143.48	 99.61
 127.00	 126.05	 9.7405	33.9464	26.1752	 2.61	113.39	0.041	  143.51	 99.61
 128.00	 127.04	 9.7259	33.9510	26.1812	 2.59	112.90	0.041	  143.53	 99.63
 129.00	 128.04	 9.7151	33.9539	26.1852	 2.58	112.20	0.041	  143.50	 99.63
 130.00	 129.03	 9.6899	33.9610	26.1950	 2.56	111.52	0.041	  143.45	 99.63
 131.00	 130.02	 9.6862	33.9621	26.1965	 2.56	111.46	0.040	  143.48	 99.63
 132.00	 131.01	 9.6794	33.9643	26.1993	 2.56	111.20	0.041	  143.46	 99.63
 133.00	 132.00	 9.6766	33.9652	26.2005	 2.55	110.91	0.041	  143.48	 99.64
 134.00	 133.00	 9.6747	33.9659	26.2014	 2.54	110.73	0.041	  143.51	 99.65
 135.00	 133.99	 9.6715	33.9671	26.2029	 2.54	110.43	0.040	  143.49	 99.65
 136.00	 134.98	 9.6647	33.9691	26.2056	 2.52	109.77	0.040	  143.47	 99.65
 137.00	 135.97	 9.6488	33.9736	26.2117	 2.51	109.45	0.040	  143.48	 99.65
 138.00	 136.96	 9.6441	33.9750	26.2137	 2.51	109.09	0.040	  143.45	 99.66
 139.00	 137.96	 9.6415	33.9759	26.2148	 2.50	108.79	0.041	  143.42	 99.66
 140.00	 138.95	 9.6386	33.9768	26.2160	 2.50	108.59	0.041	  143.41	 99.66
 141.00	 139.94	 9.6375	33.9771	26.2165	 2.48	108.10	0.040	  143.41	 99.66
 142.00	 140.93	 9.6254	33.9808	26.2214	 2.48	107.83	0.040	  143.41	 99.66
 143.00	 141.93	 9.6215	33.9821	26.2230	 2.47	107.51	0.040	  143.37	 99.66
 144.00	 142.92	 9.6184	33.9830	26.2242	 2.46	106.98	0.040	  143.39	 99.66
 145.00	 143.91	 9.6071	33.9861	26.2286	 2.44	106.15	0.040	  143.35	 99.66
 146.00	 144.90	 9.5887	33.9916	26.2359	 2.43	105.69	0.040	  143.31	 97.31
 147.00	 145.89	 9.5846	33.9928	26.2376	 2.43	105.63	0.040	  143.37	 88.21
 148.00	 146.89	 9.5833	33.9933	26.2382	 2.42	105.50	0.040	  143.35	 99.86
 149.00	 147.88	 9.5831	33.9935	26.2384	 2.42	105.25	0.040	  143.35	 99.68
 150.00	 148.87	 9.5822	33.9937	26.2387	 2.41	104.75	0.040	  143.32	 99.68
 151.00	 149.86	 9.5784	33.9948	26.2402	 2.40	104.50	0.040	  143.32	 99.67
 152.00	 150.85	 9.5751	33.9959	26.2416	 2.40	104.36	0.040	  143.33	 99.68
 153.00	 151.85	 9.5740	33.9962	26.2421	 2.40	104.33	0.041	  143.32	 99.68
 154.00	 152.84	 9.5738	33.9963	26.2422	 2.40	104.34	0.041	  143.33	 99.68
 155.00	 153.83	 9.5738	33.9963	26.2422	 2.40	104.35	0.041	  143.31	 99.68
 156.00	 154.82	 9.5734	33.9964	26.2424	 2.41	104.70	0.040	  143.38	 81.99
 157.00	 155.82	 9.5715	33.9971	26.2432	 2.40	104.34	0.040	  143.33	 99.75
 158.00	 156.81	 9.5707	33.9974	26.2436	 2.40	104.29	0.041	  143.25	 99.68
 159.00	 157.80	 9.5696	33.9977	26.2441	 2.40	104.32	0.041	  143.24	 99.68
 160.00	 158.79	 9.5680	33.9982	26.2447	 2.39	103.95	0.041	  143.29	 99.58
 161.00	 159.78	 9.5647	33.9990	26.2459	 2.38	103.47	0.041	  143.19	 98.89
 162.00	 160.78	 9.5590	34.0005	26.2480	 2.38	103.55	0.041	  143.23	 98.38
 163.00	 161.77	 9.5580	34.0006	26.2483	 2.38	103.52	0.040	  143.29	 97.34
 164.00	 162.76	 9.5571	34.0009	26.2487	 2.37	103.29	0.041	  143.22	 96.14
 165.00	 163.75	 9.5571	34.0010	26.2488	 2.37	103.25	0.041	  143.20	 94.98
 166.00	 164.74	 9.5569	34.0010	26.2488	 2.38	103.52	0.041	  143.15	 94.02
 167.00	 165.74	 9.5566	34.0011	26.2490	 2.38	103.43	0.040	  143.08	 93.56
 168.00	 166.73	 9.5568	34.0011	26.2489	 2.37	103.16	0.041	  143.08	 92.35
 169.00	 167.72	 9.5570	34.0009	26.2488	 2.37	103.15	0.041	  143.04	 91.27
 170.00	 168.71	 9.5571	34.0010	26.2489	 2.37	103.17	0.040	  143.08	 90.13
 171.00	 169.70	 9.5573	34.0009	26.2488	 2.37	103.33	0.040	  143.00	 89.12
 172.00	 170.70	 9.5574	34.0010	26.2489	 2.37	103.18	0.041	  142.98	 88.52
 173.00	 171.69	 9.5575	34.0010	26.2489	 2.37	103.03	0.040	  142.98	 87.18
 174.00	 172.68	 9.5577	34.0009	26.2488	 2.37	103.19	0.041	  142.92	 86.13
 175.00	 173.67	 9.5578	34.0009	26.2488	 2.37	103.12	0.041	  142.86	 85.08
 176.00	 174.66	 9.5530	34.0021	26.2505	 2.36	102.54	0.041	  142.96	 84.18
 177.00	 175.66	 9.5497	34.0030	26.2518	 2.35	102.37	0.041	  142.95	 83.17
 178.00	 176.65	 9.5486	34.0032	26.2522	 2.34	101.90	0.040	  142.93	 82.22
 179.00	 177.64	 9.5419	34.0051	26.2548	 2.33	101.21	0.041	  142.91	 81.34
 180.00	 178.63	 9.5299	34.0085	26.2594	 2.31	100.46	0.041	  142.90	 80.24
 181.00	 179.62	 9.5171	34.0121	26.2643	 2.30	 99.91	0.041	  142.87	 79.25
 182.00	 180.62	 9.5143	34.0129	26.2654	 2.29	 99.59	0.040	  142.88	 78.35
 183.00	 181.61	 9.5071	34.0148	26.2681	 2.29	 99.66	0.041	  142.89	 77.44
 184.00	 182.60	 9.5085	34.0147	26.2679	 2.28	 99.11	0.041	  142.85	 76.41
 185.00	 183.59	 9.5023	34.0159	26.2698	 2.26	 98.28	0.040	  142.90	 75.36
 186.00	 184.58	 9.4897	34.0194	26.2746	 2.22	 96.56	0.041	  142.87	 74.09
 187.00	 185.58	 9.4643	34.0253	26.2834	 2.17	 94.59	0.040	  142.95	 73.14
 188.00	 186.57	 9.4337	34.0342	26.2954	 2.17	 94.54	0.040	  142.99	 72.13
 189.00	 187.56	 9.4336	34.0343	26.2954	 2.18	 94.76	0.041	  142.97	 71.39
 190.00	 188.55	 9.4327	34.0344	26.2957	 2.18	 94.78	0.040	  142.98	 70.29
 191.00	 189.54	 9.4319	34.0347	26.2961	 2.17	 94.53	0.040	  142.96	 69.32
 192.00	 190.53	 9.4312	34.0351	26.2965	 2.15	 93.47	0.040	  142.92	 68.23
 193.00	 191.53	 9.4328	34.0346	26.2959	 2.09	 90.95	0.040	  142.87	 67.26
 194.00	 192.52	 9.4145	34.0379	26.3015	 2.04	 88.88	0.040	  142.86	 66.32
 195.00	 193.51	 9.3510	34.0536	26.3241	 2.04	 88.65	0.040	  142.99	 65.30
 196.00	 194.50	 9.3418	34.0562	26.3276	 2.03	 88.48	0.040	  142.97	 64.24
 197.00	 195.49	 9.3345	34.0575	26.3299	 2.03	 88.15	0.040	  142.95	 63.21
 198.00	 196.49	 9.3261	34.0598	26.3330	 2.02	 87.96	0.040	  142.90	 62.22
 199.00	 197.48	 9.3247	34.0602	26.3336	 2.02	 87.98	0.040	  142.87	 61.41
 200.00	 198.47	 9.3249	34.0603	26.3336	 2.02	 87.95	0.040	  142.85	 60.38
 201.00	 199.46	 9.3223	34.0609	26.3346	 2.02	 87.86	0.040	  142.83	 59.23
 202.00	 200.45	 9.3153	34.0625	26.3369	 2.02	 87.97	0.040	  142.93	 58.24
 203.00	 201.45	 9.3093	34.0643	26.3394	 2.02	 87.81	0.040	  142.86	 57.32
 204.00	 202.44	 9.3073	34.0648	26.3401	 2.01	 87.46	0.040	  142.89	 56.16
 205.00	 203.43	 9.3020	34.0660	26.3419	 2.00	 87.00	0.040	  142.90	 55.37
 206.00	 204.42	 9.2979	34.0671	26.3435	 1.99	 86.79	0.040	  142.82	 54.32
 207.00	 205.41	 9.2958	34.0675	26.3442	 1.99	 86.66	0.040	  142.86	 53.59
 208.00	 206.40	 9.2941	34.0679	26.3447	 2.00	 86.90	0.040	  142.89	 52.51
 209.00	 207.40	 9.2912	34.0686	26.3458	 1.99	 86.65	0.040	  142.82	 51.33
 210.00	 208.39	 9.2889	34.0690	26.3465	 1.97	 85.88	0.040	  142.79	 50.17
 211.00	 209.38	 9.2824	34.0704	26.3487	 1.96	 85.34	0.040	  142.86	 49.13
 212.00	 210.37	 9.2784	34.0714	26.3500	 1.95	 84.65	0.040	  142.82	 48.26
 213.00	 211.36	 9.2724	34.0725	26.3519	 1.92	 83.76	0.040	  142.83	 47.13
 214.00	 212.36	 9.2588	34.0759	26.3568	 1.91	 82.94	0.040	  142.87	 46.31
 215.00	 213.35	 9.2514	34.0773	26.3591	 1.89	 82.43	0.040	  142.84	 45.34
