wcoa21_data_management/01_CRUISE_METADATA/00_OCADS_data/CTD_downcasts/WCOA_2021_CTD_downcasts/dRB2102_CTD_007_01_F.txt
* Sea-Bird SBE 9 Data:
* Software Version Seasave V 7.26.7.107
* Vessel: NOAA Ship Ronald H. Brown
* Cruise: RB2102, West Coast Ocean Acidification (WCOA) 2021
* Dates: 20210622 to 20210723
* Region: NE Pacific, USA West Coast
* Ports: San Diego, CA to Port Angeles, WA to San Diego, CA
* Chief Scientists: R. Feely, NOAA PMEL; D. Greeley, NOAA PMEL; B. Carter, NOAA PMEL / UW CICOES
*END*
[from data line 214]
 217.00	 215.06	 6.6548	33.9409	26.6337	 1.88	 81.92	0.040	  126.63	 99.71
 218.00	 216.05	 6.6478	33.9416	26.6351	 1.88	 81.80	0.041	  126.63	 99.71
 219.00	 217.04	 6.6474	33.9417	26.6353	 1.87	 81.22	0.041	  126.64	 99.71
 220.00	 218.03	 6.6362	33.9428	26.6376	 1.86	 80.79	0.041	  126.59	 99.72
 221.00	 219.02	 6.6231	33.9439	26.6402	 1.85	 80.57	0.041	  126.59	 99.72
 222.00	 220.02	 6.6092	33.9458	26.6436	 1.85	 80.44	0.041	  126.55	 99.72
 223.00	 221.01	 6.5904	33.9471	26.6471	 1.85	 80.32	0.042	  126.60	 99.72
 224.00	 222.00	 6.5671	33.9487	26.6515	 1.84	 80.18	0.041	  126.64	 99.71
 225.00	 222.99	 6.5604	33.9493	26.6528	 1.83	 79.70	0.041	  126.64	 99.72
 226.00	 223.98	 6.5514	33.9498	26.6544	 1.82	 79.03	0.042	  126.67	 99.72
 227.00	 224.97	 6.5409	33.9509	26.6567	 1.80	 78.51	0.041	  126.66	 99.72
 228.00	 225.96	 6.5149	33.9523	26.6612	 1.80	 78.26	0.041	  126.63	 99.73
 229.00	 226.95	 6.4867	33.9557	26.6676	 1.80	 78.15	0.042	  126.68	 99.73
 230.00	 227.94	 6.4716	33.9569	26.6705	 1.79	 78.04	0.041	  126.63	 99.73
 231.00	 228.93	 6.4672	33.9573	26.6714	 1.78	 77.58	0.041	  126.63	 99.73
 232.00	 229.92	 6.4627	33.9577	26.6723	 1.78	 77.37	0.042	  126.66	 99.73
 233.00	 230.91	 6.4583	33.9586	26.6736	 1.78	 77.21	0.041	  126.64	 99.73
 234.00	 231.90	 6.4585	33.9586	26.6736	 1.77	 76.93	0.041	  126.62	 99.73
 235.00	 232.89	 6.4517	33.9587	26.6746	 1.76	 76.66	0.041	  126.72	 99.73
 236.00	 233.88	 6.4342	33.9599	26.6778	 1.76	 76.45	0.041	  126.70	 99.73
 237.00	 234.87	 6.4138	33.9619	26.6820	 1.75	 76.13	0.041	  126.64	 99.73
 238.00	 235.86	 6.3944	33.9637	26.6860	 1.74	 75.59	0.041	  126.66	 99.73
 239.00	 236.85	 6.3850	33.9646	26.6880	 1.73	 75.08	0.041	  126.66	 99.73
 240.00	 237.84	 6.3727	33.9660	26.6906	 1.71	 74.59	0.041	  126.64	 99.73
 241.00	 238.83	 6.3652	33.9666	26.6921	 1.70	 74.14	0.041	  126.68	 99.74
 242.00	 239.82	 6.3625	33.9670	26.6928	 1.70	 73.85	0.041	  126.62	 99.73
 243.00	 240.82	 6.3551	33.9671	26.6938	 1.69	 73.69	0.041	  126.70	 99.75
 244.00	 241.81	 6.3439	33.9684	26.6963	 1.69	 73.55	0.042	  126.71	 99.75
 245.00	 242.80	 6.3306	33.9693	26.6988	 1.69	 73.47	0.041	  126.68	 99.74
 246.00	 243.79	 6.3115	33.9711	26.7027	 1.69	 73.33	0.041	  126.69	 99.75
 247.00	 244.78	 6.3041	33.9719	26.7043	 1.68	 73.03	0.041	  126.65	 99.75
 248.00	 245.77	 6.2993	33.9723	26.7052	 1.67	 72.63	0.041	  126.70	 99.76
 249.00	 246.76	 6.2893	33.9727	26.7068	 1.66	 72.33	0.042	  126.70	 99.76
 250.00	 247.75	 6.2669	33.9748	26.7113	 1.66	 72.25	0.041	  126.69	 99.76
 251.00	 248.74	 6.2539	33.9756	26.7137	 1.66	 72.12	0.041	  126.72	 99.76
 252.00	 249.73	 6.2374	33.9771	26.7170	 1.65	 71.94	0.041	  126.71	 99.76
 253.00	 250.72	 6.2316	33.9776	26.7181	 1.65	 71.80	0.041	  126.68	 99.76
 254.00	 251.71	 6.2281	33.9780	26.7189	 1.65	 71.59	0.041	  126.71	 99.76
 255.00	 252.70	 6.2252	33.9780	26.7193	 1.64	 71.43	0.041	  126.66	 99.76
 256.00	 253.69	 6.2129	33.9789	26.7216	 1.64	 71.14	0.041	  126.74	 99.76
 257.00	 254.68	 6.1971	33.9801	26.7246	 1.63	 71.02	0.041	  126.66	 99.76
 258.00	 255.67	 6.1847	33.9813	26.7271	 1.63	 70.92	0.041	  126.70	 99.76
 259.00	 256.66	 6.1793	33.9817	26.7281	 1.63	 70.77	0.041	  126.68	 99.76
 260.00	 257.65	 6.1713	33.9827	26.7299	 1.62	 70.60	0.041	  126.68	 99.76
 261.00	 258.64	 6.1687	33.9829	26.7305	 1.62	 70.46	0.041	  126.66	 99.76
 262.00	 259.63	 6.1641	33.9833	26.7314	 1.62	 70.25	0.041	  126.70	 99.76
 263.00	 260.62	 6.1561	33.9840	26.7329	 1.61	 69.93	0.041	  126.68	 99.76
 264.00	 261.61	 6.1465	33.9846	26.7346	 1.60	 69.62	0.041	  126.69	 99.76
 265.00	 262.60	 6.1349	33.9860	26.7372	 1.60	 69.41	0.041	  126.67	 99.76
 266.00	 263.59	 6.1330	33.9861	26.7375	 1.59	 69.19	0.041	  126.65	 99.76
 267.00	 264.58	 6.1297	33.9866	26.7383	 1.58	 68.92	0.041	  126.70	 99.76
 268.00	 265.57	 6.1248	33.9865	26.7389	 1.58	 68.79	0.041	  126.65	 99.77
 269.00	 266.56	 6.1076	33.9876	26.7420	 1.58	 68.69	0.042	  126.64	 99.77
 270.00	 267.55	 6.0928	33.9893	26.7452	 1.57	 68.49	0.041	  126.67	 99.77
 271.00	 268.55	 6.0933	33.9888	26.7448	 1.56	 67.74	0.041	  126.67	 99.78
 272.00	 269.54	 6.0705	33.9912	26.7495	 1.55	 67.27	0.040	  126.62	 99.78
 273.00	 270.53	 6.0575	33.9918	26.7517	 1.54	 67.10	0.040	  126.67	 99.78
 274.00	 271.52	 6.0474	33.9929	26.7538	 1.54	 66.84	0.041	  126.66	 99.78
 275.00	 272.51	 6.0430	33.9932	26.7546	 1.53	 66.71	0.041	  126.62	 99.78
 276.00	 273.50	 6.0255	33.9935	26.7571	 1.53	 66.56	0.041	  126.63	 99.78
 277.00	 274.49	 6.0099	33.9956	26.7607	 1.53	 66.39	0.040	  126.71	 99.78
 278.00	 275.48	 6.0056	33.9958	26.7614	 1.52	 66.15	0.041	  126.68	 99.78
 279.00	 276.47	 6.0016	33.9964	26.7624	 1.51	 65.81	0.041	  126.67	 99.78
 280.00	 277.46	 5.9963	33.9969	26.7634	 1.50	 65.39	0.041	  126.63	 99.78
 281.00	 278.45	 5.9750	33.9973	26.7664	 1.49	 64.93	0.041	  126.67	 99.78
 282.00	 279.44	 5.9562	33.9985	26.7697	 1.49	 64.69	0.041	  126.72	 99.78
 283.00	 280.43	 5.9463	33.9991	26.7715	 1.48	 64.46	0.041	  126.64	 99.78
 284.00	 281.42	 5.9423	33.9995	26.7723	 1.48	 64.22	0.041	  126.64	 99.78
 285.00	 282.41	 5.9395	33.9998	26.7729	 1.47	 63.99	0.041	  126.63	 99.79
 286.00	 283.40	 5.9338	34.0006	26.7743	 1.47	 63.77	0.041	  126.63	 99.79
 287.00	 284.39	 5.9251	34.0008	26.7755	 1.46	 63.52	0.040	  126.71	 99.79
 288.00	 285.38	 5.9136	34.0017	26.7777	 1.45	 63.27	0.040	  126.63	 99.79
 289.00	 286.37	 5.9015	34.0029	26.7801	 1.45	 63.13	0.041	  126.77	 99.79
 290.00	 287.36	 5.8959	34.0040	26.7817	 1.45	 62.95	0.041	  126.67	 99.80
 291.00	 288.35	 5.8935	34.0043	26.7823	 1.44	 62.53	0.041	  126.62	 99.80
 292.00	 289.34	 5.8912	34.0047	26.7828	 1.43	 62.20	0.040	  126.68	 99.80
 293.00	 290.33	 5.8879	34.0047	26.7833	 1.42	 61.98	0.040	  126.67	 99.80
 294.00	 291.32	 5.8772	34.0055	26.7852	 1.42	 61.79	0.040	  126.65	 99.80
 295.00	 292.31	 5.8609	34.0068	26.7883	 1.42	 61.56	0.041	  126.62	 99.80
 296.00	 293.30	 5.8462	34.0084	26.7914	 1.41	 61.18	0.041	  126.66	 99.80
 297.00	 294.29	 5.8394	34.0090	26.7927	 1.40	 60.90	0.042	  126.72	 99.81
 298.00	 295.28	 5.8347	34.0094	26.7936	 1.40	 60.70	0.040	  126.63	 99.81
 299.00	 296.27	 5.8310	34.0098	26.7944	 1.39	 60.54	0.041	  126.62	 99.82
 300.00	 297.26	 5.8263	34.0102	26.7953	 1.39	 60.40	0.041	  126.66	 99.83
 301.00	 298.25	 5.8207	34.0109	26.7965	 1.38	 60.23	0.041	  126.60	 99.83
 302.00	 299.24	 5.8173	34.0113	26.7973	 1.38	 59.94	0.040	  126.61	 99.83
 303.00	 300.23	 5.8135	34.0117	26.7980	 1.37	 59.63	0.040	  126.58	 99.83
 304.00	 301.22	 5.8095	34.0122	26.7990	 1.36	 59.35	0.040	  126.60	 99.83
 305.00	 302.21	 5.7956	34.0133	26.8016	 1.36	 59.16	0.040	  126.63	 99.83
 306.00	 303.20	 5.7851	34.0144	26.8037	 1.36	 59.02	0.041	  126.57	 99.83
 307.00	 304.19	 5.7784	34.0150	26.8051	 1.35	 58.84	0.040	  126.63	 99.83
 308.00	 305.18	 5.7734	34.0150	26.8057	 1.35	 58.72	0.041	  126.63	 99.84
 309.00	 306.17	 5.7672	34.0156	26.8069	 1.34	 58.40	0.040	  126.62	 99.84
 310.00	 307.16	 5.7538	34.0167	26.8094	 1.33	 57.92	0.041	  126.63	 99.85
 311.00	 308.15	 5.7398	34.0177	26.8120	 1.32	 57.62	0.041	  126.60	 99.85
 312.00	 309.14	 5.7372	34.0179	26.8125	 1.32	 57.49	0.041	  126.57	 99.85
 313.00	 310.13	 5.7356	34.0180	26.8128	 1.32	 57.37	0.041	  126.59	 99.85
 314.00	 311.12	 5.7328	34.0185	26.8135	 1.32	 57.29	0.041	  126.62	 99.85
 315.00	 312.11	 5.7312	34.0185	26.8137	 1.31	 57.14	0.041	  126.60	 99.85
 316.00	 313.10	 5.7281	34.0189	26.8144	 1.31	 57.05	0.040	  126.64	 99.85
 317.00	 314.09	 5.7240	34.0192	26.8151	 1.31	 56.95	0.041	  126.61	 99.85
 318.00	 315.08	 5.7206	34.0197	26.8159	 1.31	 56.89	0.040	  126.56	 99.86
 319.00	 316.07	 5.7190	34.0199	26.8163	 1.31	 56.82	0.041	  126.61	 99.86
 320.00	 317.06	 5.7181	34.0200	26.8165	 1.30	 56.69	0.042	  126.57	 99.87
 321.00	 318.05	 5.7162	34.0203	26.8170	 1.30	 56.33	0.041	  126.59	 99.88
 322.00	 319.04	 5.6995	34.0221	26.8205	 1.28	 55.71	0.040	  126.64	 99.88
 323.00	 320.03	 5.6931	34.0232	26.8221	 1.27	 55.29	0.041	  126.65	 99.88
 324.00	 321.02	 5.6854	34.0240	26.8237	 1.26	 55.01	0.040	  126.58	 99.88
 325.00	 322.01	 5.6786	34.0249	26.8252	 1.26	 54.76	0.041	  126.62	 99.88
 326.00	 323.00	 5.6656	34.0256	26.8274	 1.25	 54.57	0.042	  126.67	 99.88
 327.00	 323.99	 5.6479	34.0282	26.8316	 1.25	 54.42	0.042	  126.63	 99.88
 328.00	 324.98	 5.6422	34.0289	26.8328	 1.25	 54.16	0.041	  126.57	 99.88
 329.00	 325.97	 5.6427	34.0290	26.8329	 1.23	 53.64	0.040	  126.59	 99.88
 330.00	 326.96	 5.6371	34.0297	26.8342	 1.23	 53.52	0.040	  126.64	 99.88
 331.00	 327.95	 5.6346	34.0300	26.8347	 1.22	 53.24	0.041	  126.59	 99.88
 332.00	 328.94	 5.6299	34.0304	26.8356	 1.22	 52.90	0.040	  126.64	 99.88
 333.00	 329.93	 5.6203	34.0317	26.8378	 1.21	 52.72	0.040	  126.64	 99.88
 334.00	 330.92	 5.6119	34.0327	26.8396	 1.21	 52.44	0.042	  126.57	 99.88
 335.00	 331.91	 5.6028	34.0342	26.8419	 1.20	 52.17	0.041	  126.59	 99.88
 336.00	 332.90	 5.5945	34.0348	26.8434	 1.20	 52.02	0.040	  126.55	 99.88
 337.00	 333.89	 5.5852	34.0362	26.8456	 1.19	 51.79	0.040	  126.60	 99.88
 338.00	 334.88	 5.5837	34.0363	26.8459	 1.19	 51.57	0.040	  126.57	 99.89
 339.00	 335.87	 5.5820	34.0365	26.8463	 1.18	 51.42	0.040	  126.60	 99.89
 340.00	 336.86	 5.5775	34.0372	26.8473	 1.18	 51.27	0.040	  126.64	 99.89
 341.00	 337.85	 5.5760	34.0375	26.8478	 1.17	 51.04	0.041	  126.59	 99.90
 342.00	 338.84	 5.5724	34.0378	26.8485	 1.17	 50.88	0.042	  126.55	 99.90
 343.00	 339.83	 5.5659	34.0385	26.8498	 1.17	 50.86	0.041	  126.55	 99.90
 344.00	 340.82	 5.5592	34.0390	26.8510	 1.17	 50.75	0.041	  126.58	 99.89
 345.00	 341.81	 5.5535	34.0393	26.8519	 1.17	 50.73	0.042	  126.54	 99.89
 346.00	 342.80	 5.5510	34.0394	26.8524	 1.17	 50.80	0.042	  126.62	 99.89
 347.00	 343.79	 5.5495	34.0393	26.8525	 1.17	 50.78	0.041	  126.59	 99.90
 348.00	 344.78	 5.5488	34.0393	26.8525	 1.17	 50.69	0.041	  126.55	 99.90
 349.00	 345.77	 5.5469	34.0394	26.8529	 1.16	 50.54	0.040	  126.58	 99.90
 350.00	 346.76	 5.5283	34.0392	26.8550	 1.16	 50.44	0.041	  126.60	 99.90
 351.00	 347.75	 5.5131	34.0394	26.8570	 1.16	 50.42	0.040	  126.62	 99.90
 352.00	 348.74	 5.5105	34.0394	26.8573	 1.16	 50.26	0.041	  126.48	 99.90
 353.00	 349.73	 5.5002	34.0382	26.8575	 1.15	 50.18	0.040	  126.52	 99.90
 354.00	 350.72	 5.4744	34.0384	26.8608	 1.15	 50.03	0.041	  126.57	 99.90
 355.00	 351.71	 5.4606	34.0395	26.8633	 1.15	 49.94	0.041	  126.55	 99.90
 356.00	 352.70	 5.4592	34.0399	26.8639	 1.14	 49.78	0.040	  126.47	 99.90
 357.00	 353.69	 5.4588	34.0401	26.8640	 1.14	 49.53	0.040	  126.57	 99.90
 358.00	 354.68	 5.4582	34.0408	26.8647	 1.13	 49.29	0.040	  126.55	 99.90
 359.00	 355.67	 5.4657	34.0436	26.8660	 1.13	 49.08	0.041	  126.53	 99.90
 360.00	 356.66	 5.4682	34.0447	26.8666	 1.12	 48.79	0.041	  126.52	 99.90
 361.00	 357.65	 5.4745	34.0464	26.8672	 1.12	 48.51	0.041	  126.54	 99.90
 362.00	 358.64	 5.4726	34.0469	26.8678	 1.11	 48.35	0.040	  126.51	 99.90
 363.00	 359.63	 5.4719	34.0473	26.8682	 1.11	 48.16	0.040	  126.54	 99.90
 364.00	 360.62	 5.4708	34.0479	26.8688	 1.10	 48.00	0.041	  126.51	 99.90
 365.00	 361.61	 5.4676	34.0484	26.8696	 1.10	 47.86	0.041	  126.46	 99.90
 366.00	 362.60	 5.4545	34.0482	26.8710	 1.10	 47.87	0.041	  126.48	 99.91
 367.00	 363.59	 5.4452	34.0479	26.8719	 1.10	 47.86	0.040	  126.54	 99.90
 368.00	 364.58	 5.4340	34.0469	26.8725	 1.10	 47.81	0.040	  126.51	 99.90
 369.00	 365.57	 5.4172	34.0454	26.8733	 1.10	 47.93	0.040	  126.53	 99.90
 370.00	 366.56	 5.4051	34.0443	26.8739	 1.10	 48.01	0.040	  126.56	 99.90
 371.00	 367.55	 5.3809	34.0420	26.8749	 1.11	 48.09	0.040	  126.48	 99.90
 372.00	 368.54	 5.3715	34.0418	26.8759	 1.11	 48.13	0.040	  126.52	 99.90
 373.00	 369.53	 5.3690	34.0416	26.8761	 1.11	 48.14	0.040	  126.50	 99.90
 374.00	 370.52	 5.3634	34.0414	26.8765	 1.10	 48.04	0.040	  126.50	 99.90
 375.00	 371.51	 5.3559	34.0417	26.8776	 1.10	 48.05	0.040	  126.50	 99.90
 376.00	 372.50	 5.3517	34.0424	26.8787	 1.10	 47.90	0.041	  126.55	 99.90
 377.00	 373.49	 5.3482	34.0431	26.8797	 1.10	 47.78	0.041	  126.52	 99.90
 378.00	 374.48	 5.3479	34.0437	26.8802	 1.10	 47.68	0.040	  126.52	 99.90
 379.00	 375.47	 5.3477	34.0440	26.8805	 1.10	 47.65	0.040	  126.51	 99.90
 380.00	 376.46	 5.3438	34.0445	26.8813	 1.09	 47.52	0.040	  126.52	 99.90
 381.00	 377.45	 5.3416	34.0452	26.8822	 1.09	 47.42	0.040	  126.53	 99.91
 382.00	 378.44	 5.3383	34.0457	26.8830	 1.09	 47.33	0.040	  126.55	 99.90
 383.00	 379.43	 5.3301	34.0456	26.8838	 1.09	 47.27	0.040	  126.51	 99.90
 384.00	 380.42	 5.3298	34.0462	26.8844	 1.08	 47.06	0.040	  126.48	 99.91
 385.00	 381.41	 5.3255	34.0464	26.8850	 1.08	 46.91	0.040	  126.54	 99.91
 386.00	 382.40	 5.3230	34.0463	26.8853	 1.08	 46.96	0.040	  126.49	 99.90
 387.00	 383.39	 5.3181	34.0459	26.8856	 1.08	 46.91	0.040	  126.56	 99.91
 388.00	 384.38	 5.3114	34.0459	26.8864	 1.08	 46.85	0.040	  126.52	 99.90
 389.00	 385.37	 5.3068	34.0462	26.8871	 1.07	 46.67	0.040	  126.51	 99.91
 390.00	 386.36	 5.3090	34.0472	26.8877	 1.07	 46.35	0.040	  126.48	 99.91
 391.00	 387.35	 5.3040	34.0481	26.8890	 1.06	 46.15	0.040	  126.55	 99.91
 392.00	 388.34	 5.2935	34.0487	26.8907	 1.06	 46.00	0.040	  126.50	 99.91
 393.00	 389.33	 5.2860	34.0491	26.8919	 1.05	 45.88	0.040	  126.49	 99.91
 394.00	 390.32	 5.2675	34.0480	26.8932	 1.06	 45.90	0.040	  126.50	 99.92
 395.00	 391.30	 5.2547	34.0487	26.8953	 1.05	 45.82	0.040	  126.47	 99.91
 396.00	 392.29	 5.2563	34.0491	26.8954	 1.05	 45.51	0.040	  126.51	 99.92
 397.00	 393.28	 5.2498	34.0493	26.8963	 1.04	 45.32	0.040	  126.45	 99.92
 398.00	 394.27	 5.2453	34.0497	26.8972	 1.04	 45.04	0.041	  126.48	 99.92
 399.00	 395.26	 5.2363	34.0519	26.9000	 1.03	 44.66	0.041	  126.49	 99.92
 400.00	 396.25	 5.2338	34.0549	26.9027	 1.02	 44.16	0.040	  126.50	 99.92
 401.00	 397.24	 5.2265	34.0583	26.9062	 1.01	 43.79	0.040	  126.49	 99.92
 402.00	 398.23	 5.2205	34.0596	26.9080	 1.00	 43.55	0.040	  126.49	 99.92
 403.00	 399.22	 5.2189	34.0603	26.9087	 1.00	 43.36	0.040	  126.49	 99.92
 404.00	 400.21	 5.2154	34.0605	26.9092	 0.99	 43.11	0.040	  126.48	 99.92
 405.00	 401.20	 5.2070	34.0609	26.9105	 0.99	 42.97	0.041	  126.50	 99.92
 406.00	 402.19	 5.1988	34.0623	26.9127	 0.98	 42.68	0.041	  126.48	 99.93
 407.00	 403.18	 5.1948	34.0640	26.9145	 0.97	 42.14	0.040	  126.43	 99.93
 408.00	 404.17	 5.1943	34.0660	26.9161	 0.96	 41.86	0.041	  126.43	 99.93
 409.00	 405.16	 5.1929	34.0672	26.9173	 0.96	 41.61	0.041	  126.45	 99.93
 410.00	 406.15	 5.1901	34.0686	26.9186	 0.95	 41.32	0.040	  126.42	 99.93
 411.00	 407.14	 5.1873	34.0692	26.9195	 0.95	 41.14	0.041	  126.46	 99.93
 412.00	 408.13	 5.1806	34.0715	26.9221	 0.94	 40.89	0.040	  126.50	 99.93
 413.00	 409.12	 5.1769	34.0728	26.9236	 0.94	 40.67	0.041	  126.51	 99.93
 414.00	 410.11	 5.1753	34.0734	26.9243	 0.93	 40.51	0.041	  126.43	 99.93
 415.00	 411.10	 5.1745	34.0738	26.9247	 0.93	 40.31	0.040	  126.42	 99.93
 416.00	 412.09	 5.1736	34.0744	26.9253	 0.92	 40.11	0.040	  126.41	 99.93
 417.00	 413.08	 5.1731	34.0753	26.9260	 0.92	 39.99	0.040	  126.46	 99.93
 418.00	 414.07	 5.1742	34.0767	26.9270	 0.92	 39.80	0.040	  126.46	 99.93
 419.00	 415.06	 5.1754	34.0775	26.9275	 0.91	 39.70	0.040	  126.50	 99.93
 420.00	 416.05	 5.1768	34.0780	26.9278	 0.91	 39.51	0.040	  126.40	 99.93
 421.00	 417.04	 5.1787	34.0798	26.9290	 0.90	 39.24	0.042	  126.41	 99.94
 422.00	 418.03	 5.1806	34.0813	26.9299	 0.90	 39.14	0.041	  126.45	 99.93
 423.00	 419.01	 5.1809	34.0818	26.9304	 0.90	 38.97	0.041	  126.40	 99.93
 424.00	 420.00	 5.1820	34.0825	26.9307	 0.89	 38.78	0.042	  126.41	 99.93
 425.00	 420.99	 5.1839	34.0836	26.9314	 0.89	 38.50	0.041	  126.41	 99.94
 426.00	 421.98	 5.1855	34.0845	26.9319	 0.88	 38.14	0.040	  126.44	 99.94
 427.00	 422.97	 5.1878	34.0867	26.9335	 0.87	 38.00	0.040	  126.45	 99.94
 428.00	 423.96	 5.1851	34.0880	26.9348	 0.87	 37.83	0.040	  126.43	 99.94
