wcoa21_data_management/01_CRUISE_METADATA/00_OCADS_data/CTD_downcasts/WCOA_2021_CTD_downcasts/dRB2102_CTD_045_01_F.txt
* Sea-Bird SBE 9 Data:
* Software Version Seasave V 7.26.7.107
* Vessel: NOAA Ship Ronald H. Brown
* Cruise: RB2102, West Coast Ocean Acidification (WCOA) 2021
* Dates: 20210622 to 20210723
* Region: NE Pacific, USA West Coast
* Ports: San Diego, CA to Port Angeles, WA to San Diego, CA
* Chief Scientists: R. Feely, NOAA PMEL; D. Greeley, NOAA PMEL; B. Carter, NOAA PMEL / UW CICOES
*END*
[from data line 1067]
1071.00	1059.61	 3.5619	34.4198	27.3763	 0.41	 17.94	0.041	  182.65	100.00
1072.00	1060.60	 3.5592	34.4206	27.3772	 0.41	 18.03	0.041	  182.68	100.00
1073.00	1061.58	 3.5587	34.4209	27.3775	 0.42	 18.07	0.041	  182.62	100.00
1074.00	1062.57	 3.5582	34.4211	27.3778	 0.42	 18.06	0.040	  182.64	100.00
1075.00	1063.56	 3.5565	34.4215	27.3782	 0.42	 18.24	0.041	  182.65	100.00
1076.00	1064.54	 3.5556	34.4223	27.3790	 0.42	 18.42	0.041	  182.63	100.00
1077.00	1065.53	 3.5556	34.4229	27.3795	 0.42	 18.26	0.040	  182.60	100.00
1078.00	1066.52	 3.5546	34.4230	27.3797	 0.42	 18.27	0.040	  182.57	100.00
1079.00	1067.50	 3.5517	34.4233	27.3802	 0.42	 18.32	0.040	  182.60	100.00
1080.00	1068.49	 3.5496	34.4238	27.3808	 0.42	 18.40	0.040	  182.61	100.00
1081.00	1069.48	 3.5485	34.4238	27.3809	 0.43	 18.56	0.040	  182.59	100.00
1082.00	1070.46	 3.5462	34.4240	27.3813	 0.43	 18.55	0.040	  182.54	100.00
1083.00	1071.45	 3.5400	34.4246	27.3824	 0.43	 18.50	0.040	  182.55	100.00
1084.00	1072.44	 3.5387	34.4250	27.3828	 0.43	 18.53	0.040	  182.51	100.00
1085.00	1073.42	 3.5384	34.4251	27.3830	 0.43	 18.52	0.040	  182.60	100.00
1086.00	1074.41	 3.5376	34.4251	27.3830	 0.43	 18.51	0.040	  182.56	100.00
1087.00	1075.40	 3.5370	34.4252	27.3832	 0.43	 18.51	0.041	  182.50	100.00
1088.00	1076.38	 3.5341	34.4249	27.3832	 0.43	 18.54	0.041	  182.58	100.00
1089.00	1077.37	 3.5283	34.4249	27.3838	 0.43	 18.53	0.040	  182.55	100.00
1090.00	1078.36	 3.5214	34.4254	27.3849	 0.43	 18.54	0.040	  182.48	100.00
1091.00	1079.35	 3.5197	34.4260	27.3855	 0.43	 18.53	0.040	  182.48	100.00
1092.00	1080.33	 3.5183	34.4256	27.3853	 0.43	 18.53	0.042	  182.51	100.00
1093.00	1081.32	 3.5174	34.4260	27.3857	 0.43	 18.56	0.042	  182.48	100.00
1094.00	1082.31	 3.5165	34.4259	27.3857	 0.43	 18.55	0.041	  182.51	100.00
1095.00	1083.29	 3.5141	34.4260	27.3861	 0.43	 18.52	0.040	  182.50	100.00
1096.00	1084.28	 3.5162	34.4259	27.3858	 0.43	 18.50	0.040	  182.50	100.00
1097.00	1085.27	 3.5131	34.4261	27.3862	 0.43	 18.57	0.040	  182.52	100.00
1098.00	1086.25	 3.5125	34.4263	27.3865	 0.43	 18.53	0.041	  182.47	100.00
1099.00	1087.24	 3.5119	34.4267	27.3868	 0.43	 18.59	0.040	  182.53	100.00
1100.00	1088.23	 3.5109	34.4269	27.3871	 0.43	 18.59	0.040	  182.48	100.00
1101.00	1089.21	 3.5103	34.4272	27.3874	 0.43	 18.69	0.040	  182.42	100.00
1102.00	1090.20	 3.5098	34.4273	27.3876	 0.43	 18.77	0.040	  182.39	100.00
1103.00	1091.19	 3.5087	34.4278	27.3881	 0.43	 18.70	0.040	  182.47	100.00
1104.00	1092.17	 3.5056	34.4279	27.3885	 0.43	 18.76	0.040	  182.42	100.00
1105.00	1093.16	 3.5046	34.4281	27.3887	 0.43	 18.82	0.040	  182.42	100.00
1106.00	1094.15	 3.5036	34.4282	27.3889	 0.43	 18.78	0.040	  182.40	100.00
1107.00	1095.13	 3.5036	34.4283	27.3890	 0.43	 18.83	0.041	  182.45	100.00
1108.00	1096.12	 3.5030	34.4283	27.3891	 0.43	 18.81	0.042	  182.43	100.00
1109.00	1097.11	 3.5028	34.4284	27.3892	 0.43	 18.83	0.041	  182.38	100.00
1110.00	1098.09	 3.5018	34.4281	27.3891	 0.43	 18.85	0.040	  182.43	100.00
1111.00	1099.08	 3.4973	34.4286	27.3899	 0.43	 18.79	0.040	  182.33	100.00
1112.00	1100.07	 3.4948	34.4288	27.3903	 0.43	 18.88	0.040	  182.43	100.00
1113.00	1101.05	 3.4916	34.4291	27.3908	 0.43	 18.91	0.040	  182.43	100.00
1114.00	1102.04	 3.4876	34.4294	27.3914	 0.43	 18.87	0.041	  182.43	100.00
1115.00	1103.03	 3.4797	34.4297	27.3924	 0.44	 18.99	0.040	  182.40	100.00
1116.00	1104.01	 3.4783	34.4301	27.3929	 0.44	 18.94	0.041	  182.38	100.00
1117.00	1105.00	 3.4774	34.4301	27.3930	 0.44	 19.05	0.042	  182.45	100.00
1118.00	1105.99	 3.4746	34.4302	27.3934	 0.44	 18.97	0.040	  182.36	100.00
1119.00	1106.97	 3.4734	34.4305	27.3938	 0.43	 18.84	0.040	  182.34	100.00
1120.00	1107.96	 3.4721	34.4305	27.3938	 0.43	 18.90	0.040	  182.32	100.00
1121.00	1108.95	 3.4708	34.4306	27.3941	 0.44	 18.97	0.040	  182.37	100.00
1122.00	1109.93	 3.4700	34.4307	27.3942	 0.44	 18.94	0.040	  182.34	100.00
1123.00	1110.92	 3.4698	34.4308	27.3943	 0.44	 19.00	0.041	  182.34	100.00
1124.00	1111.91	 3.4684	34.4307	27.3944	 0.43	 18.89	0.042	  182.33	100.00
1125.00	1112.89	 3.4668	34.4313	27.3951	 0.44	 19.02	0.041	  182.35	100.00
1126.00	1113.88	 3.4665	34.4314	27.3952	 0.44	 19.22	0.040	  182.38	100.00
1127.00	1114.86	 3.4654	34.4317	27.3955	 0.44	 19.09	0.040	  182.32	100.00
1128.00	1115.85	 3.4650	34.4318	27.3956	 0.44	 19.08	0.040	  182.31	100.00
1129.00	1116.84	 3.4599	34.4332	27.3973	 0.44	 19.18	0.041	  182.32	100.00
1130.00	1117.82	 3.4595	34.4334	27.3975	 0.45	 19.35	0.041	  182.30	100.00
1131.00	1118.81	 3.4599	34.4333	27.3973	 0.45	 19.35	0.042	  182.30	100.00
1132.00	1119.80	 3.4577	34.4337	27.3978	 0.45	 19.53	0.042	  182.32	100.00
1133.00	1120.78	 3.4524	34.4346	27.3991	 0.45	 19.57	0.041	  182.31	100.00
1134.00	1121.77	 3.4504	34.4354	27.3999	 0.45	 19.41	0.040	  182.34	100.00
1135.00	1122.76	 3.4502	34.4349	27.3995	 0.45	 19.58	0.040	  182.27	100.00
1136.00	1123.74	 3.4431	34.4358	27.4009	 0.45	 19.61	0.040	  182.28	100.00
1137.00	1124.73	 3.4357	34.4370	27.4027	 0.45	 19.65	0.040	  182.26	100.00
1138.00	1125.72	 3.4328	34.4373	27.4031	 0.46	 19.84	0.040	  182.27	100.00
1139.00	1126.70	 3.4311	34.4374	27.4034	 0.45	 19.72	0.040	  182.38	100.00
1140.00	1127.69	 3.4275	34.4368	27.4032	 0.45	 19.71	0.040	  182.26	100.00
1141.00	1128.68	 3.4175	34.4378	27.4051	 0.46	 19.78	0.040	  182.23	100.00
1142.00	1129.66	 3.4147	34.4384	27.4058	 0.46	 19.84	0.040	  182.28	100.00
1143.00	1130.65	 3.4114	34.4391	27.4066	 0.46	 19.90	0.041	  182.22	100.00
1144.00	1131.64	 3.4086	34.4397	27.4074	 0.46	 19.92	0.040	  182.27	100.00
1145.00	1132.62	 3.4063	34.4400	27.4079	 0.46	 20.08	0.041	  182.20	100.00
1146.00	1133.61	 3.4057	34.4401	27.4080	 0.46	 20.03	0.040	  182.25	100.00
1147.00	1134.60	 3.4054	34.4402	27.4081	 0.46	 20.02	0.040	  182.21	100.00
1148.00	1135.58	 3.4045	34.4404	27.4084	 0.46	 20.04	0.040	  182.22	100.00
1149.00	1136.57	 3.4037	34.4403	27.4084	 0.46	 20.01	0.040	  182.23	100.00
1150.00	1137.56	 3.4021	34.4404	27.4087	 0.46	 20.07	0.040	  182.19	100.00
1151.00	1138.54	 3.3997	34.4407	27.4091	 0.46	 20.07	0.040	  182.19	100.00
1152.00	1139.53	 3.3975	34.4411	27.4097	 0.46	 20.11	0.040	  182.18	100.00
1153.00	1140.51	 3.3967	34.4413	27.4099	 0.46	 20.11	0.040	  182.19	100.00
1154.00	1141.50	 3.3958	34.4416	27.4102	 0.46	 20.08	0.040	  182.22	100.00
1155.00	1142.49	 3.3949	34.4419	27.4106	 0.46	 20.19	0.041	  182.16	100.00
1156.00	1143.47	 3.3947	34.4418	27.4105	 0.46	 20.21	0.040	  182.16	100.00
1157.00	1144.46	 3.3947	34.4419	27.4106	 0.46	 20.19	0.040	  182.16	100.00
1158.00	1145.45	 3.3947	34.4420	27.4107	 0.47	 20.25	0.041	  182.20	100.00
1159.00	1146.43	 3.3929	34.4420	27.4108	 0.47	 20.35	0.042	  182.17	100.00
1160.00	1147.42	 3.3880	34.4423	27.4116	 0.47	 20.29	0.040	  182.21	100.00
1161.00	1148.41	 3.3818	34.4431	27.4128	 0.47	 20.47	0.040	  182.19	100.00
1162.00	1149.39	 3.3782	34.4434	27.4134	 0.47	 20.48	0.040	  182.14	100.00
1163.00	1150.38	 3.3746	34.4437	27.4140	 0.47	 20.38	0.040	  182.16	100.00
1164.00	1151.37	 3.3722	34.4440	27.4144	 0.47	 20.57	0.040	  182.18	100.00
1165.00	1152.35	 3.3653	34.4449	27.4158	 0.47	 20.60	0.040	  182.17	100.00
1166.00	1153.34	 3.3639	34.4452	27.4161	 0.47	 20.56	0.042	  182.14	100.00
1167.00	1154.32	 3.3604	34.4454	27.4166	 0.47	 20.56	0.041	  182.15	100.00
1168.00	1155.31	 3.3594	34.4457	27.4170	 0.48	 20.66	0.040	  182.10	100.00
1169.00	1156.30	 3.3585	34.4454	27.4169	 0.47	 20.65	0.040	  182.16	100.00
1170.00	1157.28	 3.3549	34.4455	27.4173	 0.47	 20.56	0.040	  182.14	100.00
1171.00	1158.27	 3.3493	34.4461	27.4183	 0.48	 20.71	0.041	  182.15	100.00
1172.00	1159.26	 3.3427	34.4467	27.4194	 0.48	 20.73	0.041	  182.14	100.00
1173.00	1160.24	 3.3371	34.4474	27.4204	 0.48	 20.88	0.040	  182.12	100.00
1174.00	1161.23	 3.3340	34.4479	27.4212	 0.48	 20.96	0.040	  182.08	100.00
1175.00	1162.22	 3.3343	34.4479	27.4211	 0.48	 20.97	0.040	  182.06	100.00
1176.00	1163.20	 3.3315	34.4477	27.4213	 0.48	 21.08	0.040	  182.10	100.00
1177.00	1164.19	 3.3270	34.4488	27.4226	 0.48	 21.06	0.040	  182.07	100.00
1178.00	1165.17	 3.3235	34.4488	27.4229	 0.49	 21.08	0.041	  182.07	100.00
1179.00	1166.16	 3.3190	34.4496	27.4240	 0.48	 21.06	0.040	  182.14	100.00
1180.00	1167.15	 3.3172	34.4499	27.4244	 0.49	 21.11	0.041	  182.07	100.00
1181.00	1168.13	 3.3169	34.4499	27.4244	 0.49	 21.21	0.042	  182.06	100.00
1182.00	1169.12	 3.3136	34.4503	27.4250	 0.49	 21.40	0.042	  182.06	100.00
1183.00	1170.11	 3.3068	34.4512	27.4264	 0.49	 21.52	0.041	  182.00	100.00
1184.00	1171.09	 3.3035	34.4521	27.4275	 0.49	 21.50	0.040	  182.10	100.00
1185.00	1172.08	 3.3034	34.4521	27.4275	 0.49	 21.47	0.042	  182.02	100.00
1186.00	1173.06	 3.3020	34.4525	27.4279	 0.50	 21.56	0.041	  182.04	100.00
1187.00	1174.05	 3.3017	34.4524	27.4279	 0.50	 21.53	0.040	  181.97	100.00
1188.00	1175.04	 3.3016	34.4525	27.4280	 0.50	 21.52	0.041	  181.98	100.00
1189.00	1176.02	 3.3016	34.4524	27.4279	 0.50	 21.59	0.041	  182.00	100.00
1190.00	1177.01	 3.3009	34.4526	27.4281	 0.50	 21.67	0.041	  182.03	100.00
1191.00	1178.00	 3.3006	34.4527	27.4282	 0.50	 21.56	0.040	  181.97	100.00
1192.00	1178.98	 3.3009	34.4528	27.4283	 0.50	 21.67	0.040	  181.97	100.00
1193.00	1179.97	 3.3009	34.4527	27.4282	 0.50	 21.54	0.040	  181.97	100.00
1194.00	1180.96	 3.3007	34.4528	27.4283	 0.50	 21.60	0.041	  182.04	100.00
1195.00	1181.94	 3.3007	34.4527	27.4283	 0.50	 21.75	0.040	  181.94	100.00
1196.00	1182.93	 3.3005	34.4527	27.4283	 0.50	 21.61	0.040	  181.96	100.00
1197.00	1183.91	 3.2985	34.4529	27.4286	 0.50	 21.64	0.041	  182.00	100.00
1198.00	1184.90	 3.2978	34.4530	27.4288	 0.50	 21.75	0.040	  181.99	100.00
1199.00	1185.89	 3.2950	34.4530	27.4291	 0.50	 21.60	0.040	  181.95	100.00
1200.00	1186.87	 3.2905	34.4522	27.4289	 0.50	 21.76	0.041	  181.98	100.00
1201.00	1187.86	 3.2828	34.4535	27.4306	 0.50	 21.86	0.042	  181.98	100.00
1202.00	1188.85	 3.2803	34.4539	27.4312	 0.50	 21.71	0.042	  181.89	100.00
1203.00	1189.83	 3.2790	34.4547	27.4319	 0.50	 21.75	0.042	  181.98	100.00
1204.00	1190.82	 3.2786	34.4549	27.4322	 0.50	 21.94	0.041	  181.96	100.00
1205.00	1191.80	 3.2771	34.4552	27.4326	 0.51	 22.13	0.040	  181.97	100.00
1206.00	1192.79	 3.2737	34.4561	27.4336	 0.51	 22.12	0.040	  181.92	100.00
1207.00	1193.78	 3.2739	34.4563	27.4337	 0.51	 22.06	0.040	  181.91	100.00
1208.00	1194.76	 3.2755	34.4559	27.4333	 0.51	 22.16	0.041	  181.92	100.00
1209.00	1195.75	 3.2747	34.4558	27.4333	 0.51	 22.35	0.042	  181.90	100.00
1210.00	1196.73	 3.2713	34.4563	27.4340	 0.51	 22.18	0.041	  181.91	100.00
1211.00	1197.72	 3.2713	34.4562	27.4339	 0.51	 22.25	0.040	  181.85	100.00
1212.00	1198.71	 3.2703	34.4563	27.4341	 0.51	 22.25	0.040	  181.95	100.00
1213.00	1199.69	 3.2684	34.4562	27.4342	 0.51	 22.22	0.040	  181.85	100.00
1214.00	1200.68	 3.2639	34.4564	27.4348	 0.51	 22.29	0.041	  181.92	100.00
1215.00	1201.67	 3.2629	34.4568	27.4352	 0.51	 22.26	0.041	  181.88	100.00
1216.00	1202.65	 3.2627	34.4560	27.4346	 0.51	 22.27	0.040	  181.89	100.00
1217.00	1203.64	 3.2484	34.4558	27.4357	 0.51	 22.32	0.040	  181.87	100.00
1218.00	1204.62	 3.2348	34.4569	27.4379	 0.51	 22.10	0.042	  181.88	100.00
1219.00	1205.61	 3.2284	34.4577	27.4392	 0.51	 22.21	0.041	  181.88	100.00
1220.00	1206.60	 3.2231	34.4579	27.4398	 0.51	 22.22	0.040	  181.88	100.00
1221.00	1207.58	 3.2181	34.4584	27.4406	 0.51	 22.23	0.041	  181.90	100.00
1222.00	1208.57	 3.2131	34.4587	27.4414	 0.51	 22.34	0.041	  181.90	100.00
1223.00	1209.56	 3.2053	34.4601	27.4432	 0.51	 22.39	0.041	  181.84	100.00
1224.00	1210.54	 3.2028	34.4602	27.4435	 0.52	 22.46	0.040	  181.88	100.00
1225.00	1211.53	 3.2007	34.4603	27.4438	 0.52	 22.54	0.040	  181.85	100.00
1226.00	1212.51	 3.1992	34.4605	27.4441	 0.52	 22.41	0.040	  181.91	100.00
1227.00	1213.50	 3.1966	34.4607	27.4446	 0.52	 22.56	0.040	  181.88	 99.70
1228.00	1214.49	 3.1946	34.4611	27.4450	 0.52	 22.62	0.040	  181.93	 78.99
1229.00	1215.47	 3.1901	34.4615	27.4458	 0.52	 22.59	0.040	  181.83	 98.85
1230.00	1216.46	 3.1855	34.4618	27.4464	 0.52	 22.60	0.040	  181.83	100.00
1231.00	1217.44	 3.1821	34.4623	27.4472	 0.52	 22.74	0.040	  181.85	100.00
1232.00	1218.43	 3.1811	34.4625	27.4474	 0.53	 22.89	0.040	  181.81	100.00
1233.00	1219.42	 3.1782	34.4628	27.4479	 0.52	 22.65	0.040	  181.87	100.00
1234.00	1220.40	 3.1743	34.4627	27.4482	 0.52	 22.74	0.040	  181.90	100.00
1235.00	1221.39	 3.1700	34.4630	27.4488	 0.52	 22.79	0.041	  181.81	100.00
1236.00	1222.37	 3.1621	34.4621	27.4489	 0.52	 22.64	0.042	  181.81	100.00
1237.00	1223.36	 3.1517	34.4636	27.4510	 0.52	 22.74	0.042	  181.79	100.00
1238.00	1224.35	 3.1501	34.4637	27.4513	 0.52	 22.80	0.041	  181.81	100.00
1239.00	1225.33	 3.1439	34.4643	27.4523	 0.53	 22.85	0.040	  181.79	100.00
1240.00	1226.32	 3.1399	34.4647	27.4530	 0.53	 22.91	0.040	  181.82	100.00
1241.00	1227.30	 3.1364	34.4652	27.4538	 0.53	 22.87	0.041	  181.82	100.00
1242.00	1228.29	 3.1334	34.4649	27.4537	 0.53	 22.92	0.042	  181.87	100.00
1243.00	1229.28	 3.1276	34.4652	27.4545	 0.53	 22.94	0.042	  181.76	100.00
1244.00	1230.26	 3.1180	34.4657	27.4558	 0.53	 22.96	0.040	  181.89	100.00
1245.00	1231.25	 3.1143	34.4665	27.4568	 0.53	 22.89	0.040	  181.81	100.00
1246.00	1232.23	 3.1126	34.4668	27.4572	 0.53	 22.96	0.040	  181.83	100.00
1247.00	1233.22	 3.1126	34.4667	27.4571	 0.53	 22.97	0.041	  181.77	100.00
1248.00	1234.21	 3.1122	34.4669	27.4573	 0.53	 23.11	0.041	  181.74	100.00
1249.00	1235.19	 3.1115	34.4670	27.4574	 0.53	 22.96	0.040	  181.75	100.00
1250.00	1236.18	 3.1085	34.4669	27.4577	 0.53	 23.13	0.040	  181.70	100.00
1251.00	1237.16	 3.1058	34.4673	27.4583	 0.53	 23.19	0.040	  181.71	100.00
1252.00	1238.15	 3.1051	34.4673	27.4583	 0.53	 22.98	0.040	  181.73	100.00
1253.00	1239.14	 3.1043	34.4671	27.4583	 0.53	 22.99	0.041	  181.75	100.00
1254.00	1240.12	 3.1002	34.4673	27.4588	 0.53	 23.06	0.040	  181.74	100.00
1255.00	1241.11	 3.0948	34.4681	27.4599	 0.53	 23.14	0.041	  181.76	100.00
1256.00	1242.09	 3.0897	34.4685	27.4607	 0.53	 23.13	0.040	  181.79	100.00
1257.00	1243.08	 3.0887	34.4688	27.4610	 0.53	 23.22	0.040	  181.72	100.00
1258.00	1244.07	 3.0879	34.4689	27.4612	 0.53	 23.18	0.041	  181.75	100.00
1259.00	1245.05	 3.0876	34.4691	27.4614	 0.53	 23.23	0.041	  181.72	100.00
1260.00	1246.04	 3.0875	34.4690	27.4613	 0.53	 23.24	0.040	  181.85	 62.39
1261.00	1247.02	 3.0873	34.4691	27.4615	 0.53	 23.15	0.040	  181.69	 99.84
1262.00	1248.01	 3.0871	34.4692	27.4616	 0.53	 23.25	0.040	  181.71	100.00
1263.00	1249.00	 3.0867	34.4692	27.4616	 0.53	 23.25	0.040	  181.70	100.00
1264.00	1249.98	 3.0854	34.4695	27.4620	 0.54	 23.31	0.040	  181.70	100.00
1265.00	1250.97	 3.0849	34.4696	27.4620	 0.54	 23.44	0.042	  181.67	100.00
1266.00	1251.95	 3.0831	34.4697	27.4623	 0.54	 23.45	0.040	  181.72	100.00
1267.00	1252.94	 3.0807	34.4701	27.4628	 0.54	 23.54	0.041	  181.63	100.00
1268.00	1253.93	 3.0803	34.4699	27.4628	 0.54	 23.34	0.042	  181.68	100.00
1269.00	1254.91	 3.0794	34.4701	27.4630	 0.54	 23.47	0.041	  181.67	100.00
1270.00	1255.90	 3.0764	34.4701	27.4633	 0.54	 23.54	0.040	  181.71	100.00
1271.00	1256.88	 3.0737	34.4705	27.4639	 0.54	 23.44	0.040	  181.68	100.00
1272.00	1257.87	 3.0752	34.4703	27.4635	 0.54	 23.51	0.040	  181.63	100.00
1273.00	1258.86	 3.0721	34.4706	27.4641	 0.54	 23.59	0.040	  181.65	100.00
1274.00	1259.84	 3.0686	34.4708	27.4645	 0.55	 23.74	0.040	  181.62	100.00
1275.00	1260.83	 3.0653	34.4712	27.4652	 0.55	 23.76	0.040	  181.65	100.00
1276.00	1261.81	 3.0604	34.4715	27.4659	 0.55	 23.73	0.040	  181.70	100.00
1277.00	1262.80	 3.0577	34.4718	27.4664	 0.55	 23.70	0.040	  181.62	100.00
1278.00	1263.79	 3.0519	34.4721	27.4671	 0.55	 23.76	0.040	  181.70	100.00
1279.00	1264.77	 3.0505	34.4726	27.4677	 0.55	 23.83	0.040	  181.63	100.00
1280.00	1265.76	 3.0496	34.4728	27.4679	 0.55	 23.99	0.041	  181.61	100.00
1281.00	1266.74	 3.0486	34.4729	27.4681	 0.55	 23.96	0.040	  181.59	100.00
1282.00	1267.73	 3.0482	34.4732	27.4684	 0.55	 23.96	0.042	  181.64	100.00
1283.00	1268.71	 3.0483	34.4732	27.4684	 0.55	 24.05	0.042	  181.59	100.00
