wcoa21_data_management/01_CRUISE_METADATA/00_OCADS_data/CTD_downcasts/WCOA_2021_CTD_downcasts/dRB2102_CTD_107_01_F.txt
* Sea-Bird SBE 9 Data:
* Software Version Seasave V 7.26.7.107
* Vessel: NOAA Ship Ronald H. Brown
* Cruise: RB2102, West Coast Ocean Acidification (WCOA) 2021
* Dates: 20210622 to 20210723
* Region: NE Pacific, USA West Coast
* Ports: San Diego, CA to Port Angeles, WA to San Diego, CA
* Chief Scientists: R. Feely, NOAA PMEL; D. Greeley, NOAA PMEL; B. Carter, NOAA PMEL / UW CICOES
*END*
[from data line 2561]
2564.00	2530.05	 1.7763	34.6455	27.7188	 2.30	 99.94	0.040	  153.38	 99.93
2565.00	2531.03	 1.7754	34.6458	27.7191	 2.31	100.25	0.040	  153.36	 99.93
2566.00	2532.01	 1.7745	34.6457	27.7190	 2.30	100.02	0.040	  153.31	 99.93
2567.00	2532.99	 1.7733	34.6458	27.7192	 2.30	100.05	0.040	  153.39	 99.93
2568.00	2533.97	 1.7726	34.6459	27.7193	 2.31	100.26	0.040	  153.36	 99.93
2569.00	2534.95	 1.7724	34.6460	27.7194	 2.31	100.20	0.040	  153.35	 99.93
2570.00	2535.93	 1.7721	34.6461	27.7195	 2.31	100.17	0.040	  153.36	 99.93
2571.00	2536.91	 1.7715	34.6463	27.7197	 2.31	100.19	0.040	  153.30	 99.93
2572.00	2537.89	 1.7712	34.6462	27.7197	 2.31	100.30	0.040	  153.36	 99.93
2573.00	2538.88	 1.7708	34.6464	27.7199	 2.31	100.35	0.040	  153.34	 99.93
2574.00	2539.86	 1.7707	34.6464	27.7199	 2.31	100.32	0.040	  153.38	 99.93
2575.00	2540.84	 1.7699	34.6463	27.7199	 2.31	100.58	0.040	  153.36	 99.93
2576.00	2541.82	 1.7694	34.6463	27.7200	 2.31	100.40	0.040	  153.33	 99.93
2577.00	2542.80	 1.7692	34.6464	27.7201	 2.31	100.50	0.040	  153.34	 99.93
2578.00	2543.78	 1.7687	34.6463	27.7200	 2.32	100.67	0.040	  153.26	 99.93
2579.00	2544.76	 1.7681	34.6464	27.7201	 2.31	100.56	0.040	  153.28	 99.93
2580.00	2545.74	 1.7677	34.6465	27.7202	 2.31	100.55	0.040	  153.32	 99.93
2581.00	2546.72	 1.7675	34.6466	27.7203	 2.32	100.71	0.040	  153.31	 99.93
2582.00	2547.70	 1.7672	34.6466	27.7204	 2.32	100.78	0.040	  153.24	 99.93
2583.00	2548.68	 1.7669	34.6466	27.7205	 2.32	100.74	0.040	  153.19	 87.86
2584.00	2549.66	 1.7666	34.6467	27.7206	 2.32	100.72	0.040	  153.28	 99.89
2585.00	2550.65	 1.7670	34.6469	27.7207	 2.32	100.81	0.040	  153.32	 99.93
2586.00	2551.63	 1.7672	34.6469	27.7207	 2.32	100.97	0.040	  153.33	 99.93
2587.00	2552.61	 1.7672	34.6469	27.7207	 2.33	101.05	0.040	  153.31	 99.93
2588.00	2553.59	 1.7672	34.6471	27.7208	 2.33	101.12	0.040	  153.27	 99.93
2589.00	2554.57	 1.7672	34.6472	27.7209	 2.33	101.23	0.040	  153.31	 99.93
2590.00	2555.55	 1.7673	34.6473	27.7210	 2.33	101.21	0.040	  153.28	 99.93
2591.00	2556.53	 1.7674	34.6472	27.7209	 2.33	101.14	0.040	  153.36	 99.93
2592.00	2557.51	 1.7673	34.6472	27.7210	 2.33	101.16	0.040	  153.30	 99.93
2593.00	2558.49	 1.7673	34.6474	27.7211	 2.33	101.21	0.040	  153.32	 99.93
2594.00	2559.47	 1.7670	34.6472	27.7210	 2.33	101.37	0.040	  153.27	 99.93
2595.00	2560.45	 1.7662	34.6472	27.7211	 2.34	101.49	0.040	  153.33	 99.93
2596.00	2561.43	 1.7661	34.6475	27.7213	 2.34	101.53	0.040	  153.28	 99.93
2597.00	2562.41	 1.7662	34.6475	27.7213	 2.34	101.78	0.040	  153.32	 99.93
2598.00	2563.40	 1.7662	34.6475	27.7213	 2.34	101.73	0.040	  153.28	 99.93
2599.00	2564.38	 1.7661	34.6476	27.7214	 2.34	101.62	0.040	  153.23	 99.92
2600.00	2565.36	 1.7662	34.6477	27.7215	 2.34	101.78	0.040	  153.24	 99.93
2601.00	2566.34	 1.7664	34.6479	27.7216	 2.35	101.95	0.040	  153.26	 99.93
2602.00	2567.32	 1.7667	34.6478	27.7216	 2.35	102.14	0.040	  153.23	 99.93
2603.00	2568.30	 1.7666	34.6479	27.7217	 2.35	102.07	0.040	  153.25	 99.93
2604.00	2569.28	 1.7665	34.6480	27.7218	 2.35	102.04	0.040	  153.24	 99.92
2605.00	2570.26	 1.7662	34.6479	27.7217	 2.35	102.01	0.040	  153.25	 99.93
2606.00	2571.24	 1.7658	34.6481	27.7219	 2.35	102.07	0.040	  153.27	 99.93
2607.00	2572.22	 1.7658	34.6481	27.7219	 2.35	102.16	0.040	  153.28	 99.92
2608.00	2573.20	 1.7656	34.6482	27.7220	 2.36	102.38	0.040	  153.25	 99.93
2609.00	2574.18	 1.7653	34.6482	27.7220	 2.36	102.59	0.040	  153.24	 99.93
2610.00	2575.16	 1.7648	34.6482	27.7221	 2.36	102.51	0.040	  153.21	 99.93
2611.00	2576.14	 1.7644	34.6484	27.7222	 2.36	102.46	0.040	  153.24	 99.92
2612.00	2577.13	 1.7642	34.6485	27.7223	 2.36	102.52	0.040	  153.22	 99.93
2613.00	2578.11	 1.7641	34.6484	27.7223	 2.36	102.60	0.040	  153.22	 99.93
2614.00	2579.09	 1.7641	34.6484	27.7223	 2.36	102.53	0.040	  153.20	 99.93
2615.00	2580.07	 1.7641	34.6484	27.7223	 2.36	102.58	0.040	  153.24	 99.93
2616.00	2581.05	 1.7640	34.6483	27.7223	 2.36	102.59	0.040	  153.21	 99.93
2617.00	2582.03	 1.7635	34.6484	27.7223	 2.36	102.58	0.040	  153.26	 99.93
2618.00	2583.01	 1.7630	34.6486	27.7225	 2.37	102.82	0.040	  153.21	 99.93
2619.00	2583.99	 1.7621	34.6487	27.7227	 2.37	103.08	0.040	  153.19	 99.93
2620.00	2584.97	 1.7618	34.6488	27.7228	 2.37	102.99	0.040	  153.15	 99.93
2621.00	2585.95	 1.7613	34.6487	27.7228	 2.37	102.94	0.040	  153.15	 99.93
2622.00	2586.93	 1.7611	34.6487	27.7228	 2.37	102.96	0.040	  153.19	 99.93
2623.00	2587.91	 1.7606	34.6487	27.7228	 2.37	102.92	0.040	  153.21	 99.92
2624.00	2588.89	 1.7599	34.6489	27.7230	 2.37	102.99	0.040	  153.20	 99.93
2625.00	2589.87	 1.7597	34.6490	27.7232	 2.37	102.98	0.040	  153.15	 99.93
2626.00	2590.85	 1.7595	34.6490	27.7232	 2.37	103.05	0.040	  153.21	 99.92
2627.00	2591.83	 1.7594	34.6490	27.7232	 2.37	103.09	0.040	  153.26	 99.93
2628.00	2592.82	 1.7593	34.6490	27.7232	 2.37	103.05	0.040	  153.17	 99.92
2629.00	2593.80	 1.7584	34.6491	27.7234	 2.37	103.12	0.040	  153.17	 99.93
2630.00	2594.78	 1.7578	34.6492	27.7235	 2.38	103.30	0.040	  153.18	 99.93
2631.00	2595.76	 1.7572	34.6493	27.7236	 2.38	103.48	0.040	  153.17	 99.92
2632.00	2596.74	 1.7570	34.6493	27.7237	 2.38	103.54	0.040	  153.14	 99.92
2633.00	2597.72	 1.7569	34.6494	27.7237	 2.38	103.57	0.040	  153.10	 99.93
2634.00	2598.70	 1.7567	34.6494	27.7238	 2.38	103.54	0.040	  153.12	 99.92
2635.00	2599.68	 1.7565	34.6495	27.7238	 2.38	103.52	0.040	  153.18	 99.93
2636.00	2600.66	 1.7562	34.6494	27.7238	 2.39	103.72	0.040	  153.16	 99.92
2637.00	2601.64	 1.7560	34.6493	27.7238	 2.39	103.95	0.040	  153.18	 99.92
2638.00	2602.62	 1.7555	34.6494	27.7239	 2.39	104.01	0.040	  153.16	 99.93
2639.00	2603.60	 1.7549	34.6495	27.7240	 2.39	103.82	0.040	  153.20	 99.92
2640.00	2604.58	 1.7545	34.6495	27.7240	 2.39	103.88	0.040	  153.16	 99.93
2641.00	2605.56	 1.7544	34.6495	27.7241	 2.39	103.92	0.040	  153.11	 99.92
2642.00	2606.54	 1.7539	34.6497	27.7242	 2.39	103.90	0.040	  153.10	 99.93
2643.00	2607.52	 1.7536	34.6497	27.7243	 2.39	103.91	0.040	  153.19	 99.92
2644.00	2608.50	 1.7534	34.6497	27.7243	 2.39	103.93	0.040	  153.11	 99.92
2645.00	2609.48	 1.7533	34.6498	27.7244	 2.39	103.99	0.040	  153.11	 99.92
2646.00	2610.47	 1.7534	34.6498	27.7244	 2.39	104.03	0.040	  153.17	 99.92
2647.00	2611.45	 1.7535	34.6497	27.7244	 2.39	104.01	0.040	  153.12	 99.92
2648.00	2612.43	 1.7533	34.6497	27.7243	 2.39	104.02	0.040	  153.13	 99.93
2649.00	2613.41	 1.7528	34.6498	27.7245	 2.39	104.04	0.040	  153.15	 99.93
2650.00	2614.39	 1.7522	34.6499	27.7246	 2.39	104.06	0.040	  153.09	 99.93
2651.00	2615.37	 1.7520	34.6499	27.7246	 2.40	104.08	0.040	  153.16	 99.92
2652.00	2616.35	 1.7514	34.6500	27.7247	 2.40	104.09	0.040	  153.19	 99.92
2653.00	2617.33	 1.7512	34.6500	27.7247	 2.40	104.11	0.040	  153.15	 99.92
2654.00	2618.31	 1.7507	34.6500	27.7248	 2.40	104.13	0.039	  153.09	 99.92
2655.00	2619.29	 1.7503	34.6501	27.7249	 2.40	104.15	0.040	  153.08	 99.92
2656.00	2620.27	 1.7500	34.6502	27.7251	 2.40	104.16	0.040	  153.08	 99.92
2657.00	2621.25	 1.7500	34.6500	27.7249	 2.40	104.28	0.040	  153.12	 99.93
2658.00	2622.23	 1.7500	34.6501	27.7250	 2.40	104.36	0.040	  153.13	 99.92
2659.00	2623.21	 1.7493	34.6499	27.7249	 2.40	104.22	0.040	  153.09	 99.93
2660.00	2624.19	 1.7487	34.6502	27.7251	 2.40	104.28	0.040	  153.09	 99.92
2661.00	2625.17	 1.7485	34.6502	27.7252	 2.40	104.38	0.040	  153.08	 99.92
2662.00	2626.15	 1.7484	34.6501	27.7251	 2.40	104.37	0.040	  153.04	 99.93
2663.00	2627.13	 1.7484	34.6503	27.7253	 2.40	104.34	0.040	  153.06	 99.93
2664.00	2628.11	 1.7483	34.6503	27.7253	 2.41	104.57	0.040	  153.07	 99.92
2665.00	2629.09	 1.7479	34.6503	27.7253	 2.41	104.51	0.040	  153.12	 99.92
2666.00	2630.07	 1.7478	34.6503	27.7254	 2.40	104.49	0.040	  153.10	 99.92
2667.00	2631.06	 1.7479	34.6503	27.7254	 2.41	104.59	0.040	  153.09	 99.93
2668.00	2632.04	 1.7479	34.6503	27.7253	 2.41	104.55	0.040	  153.04	 99.93
2669.00	2633.02	 1.7475	34.6504	27.7255	 2.41	104.62	0.040	  153.08	 99.92
2670.00	2634.00	 1.7472	34.6506	27.7256	 2.41	104.78	0.039	  153.15	 99.92
2671.00	2634.98	 1.7472	34.6506	27.7256	 2.41	104.80	0.040	  153.10	 99.92
2672.00	2635.96	 1.7466	34.6505	27.7256	 2.41	104.75	0.040	  153.11	 99.92
2673.00	2636.94	 1.7459	34.6506	27.7257	 2.41	104.81	0.040	  153.06	 99.92
2674.00	2637.92	 1.7455	34.6507	27.7259	 2.41	104.81	0.040	  153.10	 99.92
2675.00	2638.90	 1.7456	34.6507	27.7259	 2.41	104.80	0.040	  153.07	 99.93
2676.00	2639.88	 1.7456	34.6507	27.7259	 2.41	104.82	0.040	  153.12	 99.92
2677.00	2640.86	 1.7453	34.6507	27.7259	 2.41	104.93	0.040	  153.08	 99.92
2678.00	2641.84	 1.7448	34.6508	27.7260	 2.42	105.04	0.040	  153.09	 99.92
2679.00	2642.82	 1.7445	34.6508	27.7261	 2.42	105.04	0.040	  153.06	 99.92
2680.00	2643.80	 1.7442	34.6508	27.7261	 2.42	104.99	0.040	  153.13	 99.93
2681.00	2644.78	 1.7440	34.6508	27.7261	 2.41	104.93	0.040	  153.07	 99.92
2682.00	2645.76	 1.7439	34.6509	27.7262	 2.42	105.10	0.040	  153.10	 99.92
2683.00	2646.74	 1.7438	34.6508	27.7262	 2.42	105.16	0.040	  153.07	 99.93
2684.00	2647.72	 1.7438	34.6509	27.7262	 2.42	105.10	0.040	  153.07	 99.92
2685.00	2648.70	 1.7435	34.6509	27.7263	 2.42	105.13	0.040	  153.03	 99.92
2686.00	2649.68	 1.7430	34.6510	27.7264	 2.42	105.31	0.040	  153.05	 99.92
2687.00	2650.66	 1.7426	34.6509	27.7263	 2.42	105.00	0.040	  153.06	 99.92
2688.00	2651.64	 1.7423	34.6510	27.7264	 2.42	105.26	0.040	  153.05	 99.92
2689.00	2652.62	 1.7422	34.6511	27.7265	 2.43	105.51	0.040	  153.07	 99.92
2690.00	2653.60	 1.7420	34.6511	27.7266	 2.43	105.42	0.040	  153.05	 99.92
2691.00	2654.58	 1.7418	34.6511	27.7266	 2.42	105.31	0.040	  153.08	 99.92
2692.00	2655.56	 1.7418	34.6510	27.7265	 2.42	105.36	0.040	  152.99	 99.93
2693.00	2656.54	 1.7417	34.6513	27.7268	 2.42	105.29	0.040	  153.00	 99.92
2694.00	2657.53	 1.7416	34.6511	27.7266	 2.42	105.34	0.040	  152.98	 99.93
2695.00	2658.51	 1.7413	34.6511	27.7267	 2.43	105.62	0.040	  153.06	 99.92
2696.00	2659.49	 1.7407	34.6513	27.7268	 2.43	105.53	0.040	  153.01	 99.92
2697.00	2660.47	 1.7404	34.6513	27.7269	 2.43	105.47	0.040	  153.00	 99.93
2698.00	2661.45	 1.7401	34.6512	27.7269	 2.43	105.54	0.040	  153.01	 99.92
2699.00	2662.43	 1.7397	34.6513	27.7269	 2.43	105.53	0.040	  153.05	 99.92
2700.00	2663.41	 1.7391	34.6514	27.7271	 2.43	105.55	0.040	  153.04	 99.92
2701.00	2664.39	 1.7388	34.6514	27.7271	 2.43	105.57	0.040	  153.04	 99.92
2702.00	2665.37	 1.7380	34.6516	27.7273	 2.43	105.59	0.040	  153.05	 99.92
2703.00	2666.35	 1.7379	34.6516	27.7273	 2.43	105.60	0.040	  153.04	 99.92
2704.00	2667.33	 1.7378	34.6515	27.7273	 2.43	105.65	0.040	  153.02	 99.92
2705.00	2668.31	 1.7378	34.6516	27.7273	 2.43	105.66	0.040	  152.96	 99.93
2706.00	2669.29	 1.7378	34.6515	27.7273	 2.43	105.70	0.040	  152.97	 99.92
2707.00	2670.27	 1.7377	34.6516	27.7274	 2.43	105.78	0.040	  152.94	 99.92
2708.00	2671.25	 1.7377	34.6516	27.7274	 2.43	105.60	0.040	  152.96	 99.92
2709.00	2672.23	 1.7377	34.6515	27.7274	 2.43	105.71	0.040	  152.96	 99.92
2710.00	2673.21	 1.7375	34.6517	27.7275	 2.43	105.75	0.040	  152.94	 99.91
2711.00	2674.19	 1.7375	34.6516	27.7274	 2.43	105.69	0.040	  152.97	 99.92
2712.00	2675.17	 1.7373	34.6516	27.7275	 2.43	105.79	0.039	  152.93	 99.92
2713.00	2676.15	 1.7370	34.6516	27.7275	 2.44	105.83	0.040	  152.96	 99.92
2714.00	2677.13	 1.7366	34.6517	27.7276	 2.44	105.85	0.040	  153.02	 99.92
2715.00	2678.11	 1.7365	34.6516	27.7276	 2.44	105.83	0.040	  153.02	 99.92
2716.00	2679.09	 1.7365	34.6518	27.7277	 2.43	105.79	0.040	  152.97	 99.92
2717.00	2680.07	 1.7365	34.6516	27.7275	 2.44	105.93	0.039	  152.97	 99.92
2718.00	2681.05	 1.7360	34.6517	27.7277	 2.44	105.88	0.039	  152.97	 99.92
2719.00	2682.03	 1.7356	34.6517	27.7277	 2.44	105.84	0.040	  153.03	 99.91
2720.00	2683.01	 1.7353	34.6518	27.7278	 2.44	105.92	0.040	  152.98	 99.92
2721.00	2683.99	 1.7351	34.6519	27.7279	 2.44	105.86	0.040	  152.99	 99.92
2722.00	2684.97	 1.7350	34.6519	27.7279	 2.44	105.93	0.040	  152.94	 99.92
2723.00	2685.95	 1.7347	34.6518	27.7278	 2.44	106.00	0.040	  153.01	 99.92
2724.00	2686.93	 1.7340	34.6519	27.7280	 2.44	106.05	0.040	  152.97	 99.92
2725.00	2687.91	 1.7334	34.6519	27.7281	 2.44	106.11	0.040	  152.93	 99.92
2726.00	2688.89	 1.7328	34.6520	27.7282	 2.44	106.23	0.040	  152.95	 99.92
2727.00	2689.87	 1.7324	34.6521	27.7283	 2.45	106.30	0.040	  153.00	 99.92
2728.00	2690.85	 1.7317	34.6521	27.7283	 2.45	106.42	0.040	  152.99	 99.92
2729.00	2691.83	 1.7310	34.6522	27.7285	 2.45	106.48	0.040	  152.93	 99.93
2730.00	2692.81	 1.7306	34.6522	27.7286	 2.45	106.43	0.040	  152.92	 99.92
2731.00	2693.79	 1.7301	34.6523	27.7286	 2.45	106.41	0.040	  152.85	 99.92
2732.00	2694.77	 1.7297	34.6523	27.7287	 2.45	106.43	0.040	  152.99	 99.92
2733.00	2695.75	 1.7296	34.6524	27.7288	 2.45	106.49	0.040	  153.03	 99.92
2734.00	2696.73	 1.7296	34.6524	27.7288	 2.45	106.49	0.040	  152.97	 99.92
2735.00	2697.71	 1.7297	34.6523	27.7288	 2.45	106.48	0.040	  152.98	 99.92
2736.00	2698.69	 1.7296	34.6524	27.7288	 2.45	106.57	0.040	  152.95	 99.92
2737.00	2699.67	 1.7296	34.6524	27.7288	 2.45	106.54	0.040	  152.97	 99.92
2738.00	2700.65	 1.7296	34.6523	27.7288	 2.45	106.61	0.039	  152.99	 99.92
2739.00	2701.63	 1.7295	34.6524	27.7289	 2.45	106.65	0.040	  152.93	 99.92
2740.00	2702.61	 1.7292	34.6524	27.7289	 2.46	106.76	0.040	  152.94	 99.92
2741.00	2703.59	 1.7289	34.6526	27.7291	 2.46	106.82	0.040	  152.93	 99.92
2742.00	2704.57	 1.7288	34.6524	27.7289	 2.45	106.65	0.040	  152.95	 99.92
2743.00	2705.55	 1.7287	34.6525	27.7290	 2.45	106.57	0.039	  152.92	 99.92
2744.00	2706.53	 1.7287	34.6526	27.7291	 2.46	106.93	0.040	  152.97	 99.92
2745.00	2707.51	 1.7284	34.6525	27.7290	 2.46	106.87	0.040	  152.92	 99.92
2746.00	2708.49	 1.7277	34.6525	27.7291	 2.45	106.58	0.040	  152.93	 99.92
2747.00	2709.47	 1.7275	34.6527	27.7292	 2.46	107.05	0.040	  152.91	 99.92
2748.00	2710.45	 1.7271	34.6526	27.7292	 2.46	107.06	0.040	  152.92	 99.92
2749.00	2711.43	 1.7263	34.6527	27.7294	 2.46	106.92	0.040	  152.91	 99.92
2750.00	2712.42	 1.7258	34.6528	27.7295	 2.47	107.13	0.040	  152.93	 99.92
2751.00	2713.40	 1.7245	34.6530	27.7298	 2.47	107.13	0.040	  152.92	 99.92
2752.00	2714.38	 1.7243	34.6529	27.7297	 2.47	107.12	0.040	  152.91	 99.92
2753.00	2715.36	 1.7242	34.6530	27.7298	 2.47	107.16	0.040	  152.92	 99.92
2754.00	2716.34	 1.7242	34.6530	27.7298	 2.47	107.13	0.040	  152.93	 99.92
2755.00	2717.32	 1.7239	34.6532	27.7300	 2.47	107.15	0.040	  152.92	 99.92
2756.00	2718.30	 1.7233	34.6532	27.7300	 2.47	107.17	0.040	  152.85	 99.92
2757.00	2719.28	 1.7232	34.6532	27.7300	 2.47	107.19	0.040	  152.86	 99.92
2758.00	2720.26	 1.7231	34.6531	27.7300	 2.47	107.29	0.040	  152.93	 99.92
2759.00	2721.24	 1.7224	34.6530	27.7300	 2.48	107.59	0.040	  152.85	 99.92
2760.00	2722.22	 1.7216	34.6531	27.7302	 2.48	107.56	0.040	  152.90	 99.92
2761.00	2723.20	 1.7208	34.6533	27.7304	 2.47	107.43	0.040	  152.91	 99.92
2762.00	2724.18	 1.7202	34.6535	27.7305	 2.48	107.64	0.040	  152.91	 99.92
2763.00	2725.16	 1.7202	34.6534	27.7305	 2.48	107.63	0.040	  152.88	 99.92
2764.00	2726.14	 1.7202	34.6534	27.7305	 2.48	107.67	0.040	  152.91	 99.92
2765.00	2727.12	 1.7201	34.6534	27.7305	 2.48	107.80	0.040	  152.88	 99.92
2766.00	2728.10	 1.7195	34.6534	27.7306	 2.48	107.70	0.040	  152.90	 99.92
2767.00	2729.08	 1.7185	34.6535	27.7307	 2.48	107.64	0.040	  152.93	 99.92
2768.00	2730.06	 1.7182	34.6537	27.7309	 2.48	107.75	0.040	  152.89	 99.92
2769.00	2731.04	 1.7180	34.6537	27.7309	 2.48	107.79	0.040	  152.89	 99.92
2770.00	2732.02	 1.7173	34.6535	27.7308	 2.48	107.77	0.040	  152.86	 99.92
2771.00	2733.00	 1.7170	34.6535	27.7309	 2.48	107.75	0.040	  152.92	 99.92
2772.00	2733.98	 1.7169	34.6536	27.7309	 2.48	107.86	0.040	  152.85	 99.92
2773.00	2734.96	 1.7159	34.6536	27.7310	 2.48	107.92	0.040	  152.87	 99.93
2774.00	2735.94	 1.7154	34.6537	27.7311	 2.48	107.80	0.040	  152.85	 99.92
2775.00	2736.91	 1.7148	34.6538	27.7313	 2.48	107.98	0.040	  152.88	 99.92
