wcoa21_data_management/01_CRUISE_METADATA/00_OCADS_data/CTD_downcasts/WCOA_2021_CTD_downcasts/dRB2102_CTD_132_02_F.txt
* Sea-Bird SBE 9 Data:
* Software Version Seasave V 7.26.7.107
* Vessel: NOAA Ship Ronald H. Brown
* Cruise: RB2102, West Coast Ocean Acidification (WCOA) 2021
* Dates: 20210622 to 20210723
* Region: NE Pacific, USA West Coast
* Ports: San Diego, CA to Port Angeles, WA to San Diego, CA
* Chief Scientists: R. Feely, NOAA PMEL; D. Greeley, NOAA PMEL; B. Carter, NOAA PMEL / UW CICOES
*END*
[from data line 2347]
2349.00	2319.62	 1.8977	34.6434	27.7067	 2.16	 93.96	0.039	     NaN	 99.91
2350.00	2320.61	 1.8961	34.6436	27.7069	 2.16	 93.89	0.039	     NaN	 99.92
2351.00	2321.59	 1.8952	34.6435	27.7070	 2.16	 93.90	0.039	     NaN	 99.92
2352.00	2322.57	 1.8951	34.6436	27.7071	 2.16	 94.07	0.039	     NaN	 99.92
2353.00	2323.55	 1.8948	34.6438	27.7073	 2.16	 93.91	0.039	     NaN	 99.92
2354.00	2324.53	 1.8923	34.6441	27.7076	 2.16	 94.06	0.039	     NaN	 99.92
2355.00	2325.52	 1.8917	34.6440	27.7077	 2.17	 94.49	0.039	     NaN	 99.92
2356.00	2326.50	 1.8906	34.6440	27.7078	 2.18	 94.64	0.039	     NaN	 99.92
2357.00	2327.48	 1.8898	34.6441	27.7079	 2.18	 94.67	0.039	     NaN	 99.92
2358.00	2328.46	 1.8876	34.6442	27.7082	 2.18	 94.67	0.039	     NaN	 99.92
2359.00	2329.44	 1.8869	34.6443	27.7083	 2.18	 94.66	0.039	     NaN	 99.92
2360.00	2330.43	 1.8864	34.6445	27.7085	 2.18	 94.85	0.039	     NaN	 99.92
2361.00	2331.41	 1.8859	34.6444	27.7085	 2.18	 94.68	0.039	     NaN	 99.93
2362.00	2332.39	 1.8856	34.6446	27.7086	 2.18	 94.74	0.039	     NaN	 99.92
2363.00	2333.37	 1.8844	34.6446	27.7088	 2.19	 95.08	0.039	     NaN	 99.93
2364.00	2334.35	 1.8824	34.6448	27.7090	 2.19	 95.04	0.039	     NaN	 99.93
2365.00	2335.34	 1.8817	34.6449	27.7092	 2.19	 95.00	0.039	     NaN	 99.92
2366.00	2336.32	 1.8809	34.6448	27.7092	 2.19	 95.20	0.039	     NaN	 99.92
2367.00	2337.30	 1.8806	34.6449	27.7093	 2.19	 95.12	0.039	     NaN	 99.92
2368.00	2338.28	 1.8805	34.6449	27.7093	 2.18	 94.83	0.039	     NaN	 99.92
2369.00	2339.26	 1.8803	34.6450	27.7094	 2.19	 95.17	0.039	     NaN	 99.92
2370.00	2340.25	 1.8803	34.6449	27.7094	 2.19	 95.28	0.039	     NaN	 99.92
2371.00	2341.23	 1.8801	34.6449	27.7094	 2.19	 95.14	0.039	     NaN	 99.92
2372.00	2342.21	 1.8799	34.6452	27.7096	 2.20	 95.39	0.039	     NaN	 99.92
2373.00	2343.19	 1.8797	34.6450	27.7095	 2.19	 95.32	0.039	     NaN	 99.92
2374.00	2344.17	 1.8796	34.6451	27.7096	 2.19	 95.30	0.039	     NaN	 99.92
2375.00	2345.16	 1.8797	34.6450	27.7095	 2.19	 95.15	0.039	     NaN	 99.92
2376.00	2346.14	 1.8796	34.6450	27.7095	 2.19	 95.26	0.039	     NaN	 99.92
2377.00	2347.12	 1.8794	34.6452	27.7096	 2.19	 95.29	0.039	     NaN	 99.92
2378.00	2348.10	 1.8787	34.6452	27.7097	 2.19	 95.12	0.039	     NaN	 99.92
2379.00	2349.08	 1.8782	34.6453	27.7099	 2.20	 95.41	0.039	     NaN	 99.92
2380.00	2350.07	 1.8776	34.6454	27.7100	 2.19	 95.26	0.039	     NaN	 99.92
2381.00	2351.05	 1.8773	34.6454	27.7100	 2.20	 95.40	0.039	     NaN	 99.92
2382.00	2352.03	 1.8770	34.6454	27.7101	 2.20	 95.66	0.039	     NaN	 99.92
2383.00	2353.01	 1.8766	34.6453	27.7100	 2.20	 95.52	0.039	     NaN	 99.93
2384.00	2353.99	 1.8757	34.6455	27.7102	 2.20	 95.71	0.039	     NaN	 99.92
2385.00	2354.98	 1.8748	34.6456	27.7104	 2.21	 95.89	0.039	     NaN	 99.92
2386.00	2355.96	 1.8747	34.6456	27.7104	 2.20	 95.72	0.039	     NaN	 99.92
2387.00	2356.94	 1.8745	34.6457	27.7105	 2.20	 95.68	0.039	     NaN	 99.92
2388.00	2357.92	 1.8742	34.6457	27.7105	 2.20	 95.76	0.039	     NaN	 99.93
2389.00	2358.90	 1.8743	34.6456	27.7105	 2.20	 95.67	0.039	     NaN	 99.91
2390.00	2359.89	 1.8741	34.6457	27.7106	 2.21	 95.90	0.039	     NaN	 99.92
2391.00	2360.87	 1.8740	34.6456	27.7105	 2.20	 95.78	0.039	     NaN	 99.92
2392.00	2361.85	 1.8738	34.6457	27.7106	 2.20	 95.63	0.039	     NaN	 99.92
2393.00	2362.83	 1.8734	34.6459	27.7108	 2.20	 95.75	0.039	     NaN	 99.92
2394.00	2363.81	 1.8730	34.6459	27.7108	 2.21	 95.92	0.039	     NaN	 99.91
2395.00	2364.80	 1.8729	34.6456	27.7106	 2.21	 95.95	0.039	     NaN	 99.92
2396.00	2365.78	 1.8726	34.6458	27.7108	 2.21	 95.87	0.039	     NaN	 99.92
2397.00	2366.76	 1.8718	34.6459	27.7109	 2.21	 95.83	0.039	     NaN	 99.92
2398.00	2367.74	 1.8710	34.6459	27.7110	 2.21	 96.01	0.039	     NaN	 99.92
2399.00	2368.72	 1.8698	34.6462	27.7113	 2.21	 96.16	0.039	     NaN	 99.92
2400.00	2369.70	 1.8688	34.6463	27.7115	 2.22	 96.37	0.039	     NaN	 99.92
2401.00	2370.69	 1.8688	34.6462	27.7114	 2.21	 96.22	0.039	     NaN	 99.91
2402.00	2371.67	 1.8685	34.6463	27.7116	 2.20	 95.79	0.039	     NaN	 99.91
2403.00	2372.65	 1.8685	34.6464	27.7116	 2.21	 96.01	0.039	     NaN	 99.92
2404.00	2373.63	 1.8685	34.6463	27.7115	 2.21	 96.17	0.039	     NaN	 99.92
2405.00	2374.61	 1.8683	34.6463	27.7115	 2.22	 96.26	0.039	     NaN	 99.92
2406.00	2375.60	 1.8685	34.6461	27.7114	 2.21	 96.15	0.039	     NaN	 99.92
2407.00	2376.58	 1.8685	34.6464	27.7116	 2.22	 96.32	0.039	     NaN	 99.92
2408.00	2377.56	 1.8686	34.6463	27.7116	 2.21	 96.23	0.039	     NaN	 99.92
2409.00	2378.54	 1.8684	34.6464	27.7116	 2.22	 96.38	0.039	     NaN	 99.92
2410.00	2379.52	 1.8669	34.6466	27.7119	 2.22	 96.61	0.039	     NaN	 99.92
2411.00	2380.50	 1.8652	34.6467	27.7122	 2.22	 96.49	0.039	     NaN	 99.92
2412.00	2381.49	 1.8646	34.6468	27.7123	 2.22	 96.51	0.039	     NaN	 99.92
2413.00	2382.47	 1.8644	34.6467	27.7122	 2.22	 96.57	0.039	     NaN	 99.92
2414.00	2383.45	 1.8639	34.6467	27.7123	 2.22	 96.63	0.039	     NaN	 99.92
2415.00	2384.43	 1.8631	34.6470	27.7126	 2.22	 96.60	0.039	     NaN	 99.92
2416.00	2385.41	 1.8632	34.6469	27.7125	 2.22	 96.56	0.039	     NaN	 99.93
2417.00	2386.40	 1.8634	34.6468	27.7124	 2.22	 96.50	0.039	     NaN	 99.92
2418.00	2387.38	 1.8635	34.6471	27.7126	 2.22	 96.56	0.039	     NaN	 99.92
2419.00	2388.36	 1.8635	34.6470	27.7126	 2.23	 96.81	0.039	     NaN	 99.91
2420.00	2389.34	 1.8636	34.6469	27.7125	 2.23	 96.85	0.039	     NaN	 99.92
2421.00	2390.32	 1.8634	34.6468	27.7125	 2.23	 96.85	0.039	     NaN	 99.92
2422.00	2391.30	 1.8630	34.6469	27.7125	 2.23	 96.88	0.039	     NaN	 99.92
2423.00	2392.29	 1.8629	34.6469	27.7126	 2.23	 96.81	0.039	     NaN	 99.92
2424.00	2393.27	 1.8627	34.6471	27.7128	 2.22	 96.67	0.039	     NaN	 99.92
2425.00	2394.25	 1.8625	34.6470	27.7127	 2.23	 96.79	0.039	     NaN	 99.91
2426.00	2395.23	 1.8620	34.6472	27.7129	 2.23	 97.03	0.039	     NaN	 99.92
2427.00	2396.21	 1.8611	34.6473	27.7131	 2.23	 96.97	0.039	     NaN	 99.92
2428.00	2397.20	 1.8597	34.6474	27.7133	 2.24	 97.22	0.039	     NaN	 99.92
2429.00	2398.18	 1.8573	34.6475	27.7135	 2.24	 97.36	0.039	     NaN	 99.92
2430.00	2399.16	 1.8553	34.6476	27.7137	 2.24	 97.53	0.039	     NaN	 99.92
2431.00	2400.14	 1.8537	34.6479	27.7141	 2.25	 97.65	0.039	     NaN	 99.92
2432.00	2401.12	 1.8528	34.6479	27.7142	 2.24	 97.40	0.039	     NaN	 99.92
2433.00	2402.10	 1.8523	34.6482	27.7144	 2.25	 97.98	0.039	     NaN	 78.77
2434.00	2403.09	 1.8516	34.6483	27.7146	 2.25	 97.98	0.039	     NaN	 99.90
2435.00	2404.07	 1.8510	34.6482	27.7146	 2.25	 97.84	0.039	     NaN	 99.92
2436.00	2405.05	 1.8504	34.6482	27.7146	 2.26	 98.06	0.039	     NaN	 99.91
2437.00	2406.03	 1.8496	34.6483	27.7148	 2.25	 97.80	0.039	     NaN	 99.91
2438.00	2407.01	 1.8497	34.6481	27.7146	 2.25	 97.72	0.039	     NaN	 99.92
2439.00	2407.99	 1.8494	34.6482	27.7147	 2.25	 97.94	0.039	     NaN	 99.91
2440.00	2408.98	 1.8482	34.6483	27.7149	 2.26	 98.13	0.039	     NaN	 99.92
2441.00	2409.96	 1.8474	34.6484	27.7150	 2.24	 97.49	0.039	     NaN	 99.92
2442.00	2410.94	 1.8472	34.6484	27.7151	 2.25	 97.81	0.039	     NaN	 99.91
2443.00	2411.92	 1.8475	34.6485	27.7152	 2.26	 98.26	0.039	     NaN	 99.92
2444.00	2412.90	 1.8476	34.6484	27.7151	 2.26	 98.08	0.039	     NaN	 99.92
2445.00	2413.88	 1.8472	34.6484	27.7150	 2.26	 98.02	0.039	     NaN	 99.92
2446.00	2414.87	 1.8468	34.6482	27.7150	 2.25	 97.93	0.039	     NaN	 99.91
2447.00	2415.85	 1.8462	34.6485	27.7152	 2.25	 97.82	0.039	     NaN	 99.92
2448.00	2416.83	 1.8462	34.6485	27.7153	 2.25	 97.95	0.038	     NaN	 99.91
2449.00	2417.81	 1.8446	34.6486	27.7155	 2.26	 98.17	0.039	     NaN	 99.92
2450.00	2418.79	 1.8438	34.6487	27.7156	 2.26	 98.22	0.039	     NaN	 99.92
2451.00	2419.77	 1.8436	34.6487	27.7156	 2.27	 98.58	0.039	     NaN	 99.91
2452.00	2420.76	 1.8426	34.6489	27.7158	 2.27	 98.59	0.039	     NaN	 99.92
2453.00	2421.74	 1.8415	34.6488	27.7159	 2.26	 98.34	0.039	     NaN	 99.91
2454.00	2422.72	 1.8416	34.6488	27.7158	 2.26	 98.38	0.039	     NaN	 99.91
2455.00	2423.70	 1.8417	34.6490	27.7160	 2.27	 98.50	0.039	     NaN	 99.91
2456.00	2424.68	 1.8414	34.6490	27.7161	 2.27	 98.55	0.039	     NaN	 99.92
2457.00	2425.66	 1.8408	34.6490	27.7161	 2.27	 98.43	0.039	     NaN	 99.91
2458.00	2426.64	 1.8402	34.6492	27.7164	 2.27	 98.53	0.039	     NaN	 99.92
2459.00	2427.63	 1.8398	34.6493	27.7164	 2.27	 98.67	0.039	     NaN	 99.91
2460.00	2428.61	 1.8397	34.6491	27.7163	 2.27	 98.78	0.039	     NaN	 99.92
2461.00	2429.59	 1.8397	34.6491	27.7163	 2.27	 98.73	0.039	     NaN	 99.92
2462.00	2430.57	 1.8400	34.6489	27.7161	 2.27	 98.52	0.039	     NaN	 99.91
2463.00	2431.55	 1.8399	34.6492	27.7164	 2.26	 98.37	0.039	     NaN	 99.91
2464.00	2432.53	 1.8397	34.6493	27.7165	 2.28	 98.93	0.039	     NaN	 99.91
2465.00	2433.52	 1.8398	34.6492	27.7164	 2.27	 98.75	0.039	     NaN	 99.91
2466.00	2434.50	 1.8396	34.6494	27.7166	 2.27	 98.61	0.039	     NaN	 99.91
2467.00	2435.48	 1.8396	34.6493	27.7165	 2.27	 98.68	0.039	     NaN	 99.91
2468.00	2436.46	 1.8397	34.6492	27.7164	 2.27	 98.43	0.039	     NaN	 99.91
2469.00	2437.44	 1.8398	34.6492	27.7164	 2.27	 98.67	0.039	     NaN	 99.91
2470.00	2438.42	 1.8398	34.6491	27.7164	 2.27	 98.81	0.039	     NaN	 99.91
2471.00	2439.41	 1.8388	34.6494	27.7167	 2.27	 98.74	0.039	     NaN	 99.91
2472.00	2440.39	 1.8381	34.6494	27.7167	 2.27	 98.73	0.039	     NaN	 99.91
2473.00	2441.37	 1.8383	34.6493	27.7167	 2.28	 99.04	0.038	     NaN	 99.91
2474.00	2442.35	 1.8380	34.6494	27.7168	 2.28	 99.00	0.039	     NaN	 99.91
2475.00	2443.33	 1.8373	34.6495	27.7169	 2.27	 98.78	0.039	     NaN	 99.90
2476.00	2444.31	 1.8370	34.6495	27.7169	 2.28	 98.87	0.039	     NaN	 99.91
2477.00	2445.29	 1.8371	34.6494	27.7169	 2.28	 98.88	0.039	     NaN	 99.92
2478.00	2446.28	 1.8371	34.6494	27.7169	 2.28	 98.89	0.039	     NaN	 99.91
2479.00	2447.26	 1.8371	34.6495	27.7169	 2.28	 98.91	0.039	     NaN	 99.91
2480.00	2448.24	 1.8371	34.6495	27.7169	 2.28	 98.92	0.039	     NaN	 99.91
2481.00	2449.22	 1.8370	34.6495	27.7170	 2.28	 98.86	0.039	     NaN	 99.91
2482.00	2450.20	 1.8368	34.6494	27.7169	 2.27	 98.85	0.039	     NaN	 99.91
2483.00	2451.18	 1.8364	34.6496	27.7171	 2.28	 99.07	0.039	     NaN	 99.92
2484.00	2452.16	 1.8350	34.6496	27.7172	 2.28	 99.16	0.038	     NaN	 99.91
2485.00	2453.15	 1.8342	34.6497	27.7174	 2.28	 99.10	0.038	     NaN	 99.91
2486.00	2454.13	 1.8339	34.6498	27.7174	 2.28	 99.18	0.039	     NaN	 99.91
2487.00	2455.11	 1.8336	34.6499	27.7175	 2.28	 99.26	0.039	     NaN	 99.92
2488.00	2456.09	 1.8331	34.6499	27.7176	 2.28	 99.15	0.039	     NaN	 99.92
2489.00	2457.07	 1.8321	34.6500	27.7178	 2.29	 99.37	0.039	     NaN	 99.91
2490.00	2458.05	 1.8309	34.6500	27.7179	 2.29	 99.39	0.039	     NaN	 99.91
2491.00	2459.04	 1.8309	34.6501	27.7179	 2.28	 99.20	0.039	     NaN	 99.91
2492.00	2460.02	 1.8310	34.6500	27.7179	 2.29	 99.38	0.039	     NaN	 99.91
2493.00	2461.00	 1.8310	34.6501	27.7179	 2.29	 99.41	0.039	     NaN	 99.91
2494.00	2461.98	 1.8311	34.6500	27.7179	 2.28	 99.09	0.039	     NaN	 99.91
2495.00	2462.96	 1.8311	34.6501	27.7180	 2.30	 99.76	0.039	     NaN	 99.91
2496.00	2463.94	 1.8306	34.6501	27.7180	 2.30	 99.94	0.039	     NaN	 99.92
2497.00	2464.92	 1.8283	34.6505	27.7185	 2.29	 99.64	0.038	     NaN	 99.91
2498.00	2465.91	 1.8276	34.6505	27.7185	 2.30	 99.73	0.039	     NaN	 99.92
2499.00	2466.89	 1.8276	34.6503	27.7184	 2.29	 99.68	0.039	     NaN	 99.91
2500.00	2467.87	 1.8275	34.6504	27.7185	 2.30	 99.84	0.039	     NaN	 99.91
2501.00	2468.85	 1.8274	34.6506	27.7187	 2.30	 99.87	0.039	     NaN	 99.93
2502.00	2469.83	 1.8276	34.6504	27.7185	 2.30	 99.76	0.039	     NaN	 99.91
2503.00	2470.81	 1.8276	34.6506	27.7187	 2.30	 99.92	0.039	     NaN	 99.91
2504.00	2471.79	 1.8270	34.6506	27.7187	 2.30	 99.92	0.039	     NaN	 99.92
2505.00	2472.78	 1.8267	34.6506	27.7188	 2.30	 99.87	0.039	     NaN	 99.92
2506.00	2473.76	 1.8263	34.6505	27.7187	 2.30	 99.97	0.039	     NaN	 99.91
2507.00	2474.74	 1.8257	34.6505	27.7188	 2.30	 99.78	0.039	     NaN	 99.92
2508.00	2475.72	 1.8255	34.6507	27.7189	 2.30	 99.85	0.039	     NaN	 99.91
2509.00	2476.70	 1.8255	34.6507	27.7190	 2.31	100.55	0.039	     NaN	 99.91
2510.00	2477.68	 1.8253	34.6508	27.7191	 2.31	100.26	0.039	     NaN	 99.92
2511.00	2478.66	 1.8238	34.6510	27.7194	 2.30	100.00	0.039	     NaN	 99.92
2512.00	2479.64	 1.8220	34.6511	27.7195	 2.31	100.39	0.039	     NaN	 99.92
2513.00	2480.63	 1.8208	34.6512	27.7198	 2.31	100.26	0.039	     NaN	 99.91
2514.00	2481.61	 1.8201	34.6512	27.7198	 2.31	100.39	0.039	     NaN	 99.91
2515.00	2482.59	 1.8207	34.6512	27.7198	 2.31	100.58	0.039	     NaN	 99.91
2516.00	2483.57	 1.8185	34.6514	27.7201	 2.32	100.70	0.039	     NaN	 99.91
2517.00	2484.55	 1.8172	34.6516	27.7203	 2.32	100.71	0.039	     NaN	 99.91
2518.00	2485.53	 1.8160	34.6517	27.7205	 2.32	100.79	0.039	     NaN	 99.91
2519.00	2486.51	 1.8155	34.6517	27.7205	 2.32	100.63	0.039	     NaN	 99.91
2520.00	2487.50	 1.8152	34.6517	27.7206	 2.32	100.78	0.039	     NaN	 99.91
2521.00	2488.48	 1.8153	34.6518	27.7207	 2.32	100.83	0.039	     NaN	 99.91
2522.00	2489.46	 1.8152	34.6517	27.7206	 2.32	100.75	0.039	     NaN	 99.91
2523.00	2490.44	 1.8150	34.6517	27.7207	 2.32	100.76	0.039	     NaN	 99.91
2524.00	2491.42	 1.8149	34.6518	27.7207	 2.33	101.10	0.039	     NaN	 99.91
2525.00	2492.40	 1.8134	34.6521	27.7210	 2.33	101.27	0.039	     NaN	 99.91
2526.00	2493.38	 1.8128	34.6520	27.7210	 2.33	101.08	0.039	     NaN	 99.91
2527.00	2494.36	 1.8121	34.6520	27.7211	 2.33	101.22	0.039	     NaN	 99.91
2528.00	2495.35	 1.8118	34.6520	27.7212	 2.33	101.18	0.039	     NaN	 99.91
2529.00	2496.33	 1.8115	34.6521	27.7212	 2.33	101.13	0.039	     NaN	 99.91
2530.00	2497.31	 1.8113	34.6522	27.7214	 2.33	101.13	0.039	     NaN	 99.91
2531.00	2498.29	 1.8103	34.6523	27.7215	 2.33	101.34	0.039	     NaN	 99.91
2532.00	2499.27	 1.8089	34.6523	27.7216	 2.34	101.53	0.039	     NaN	 99.91
2533.00	2500.25	 1.8088	34.6525	27.7218	 2.33	101.43	0.039	     NaN	 99.91
2534.00	2501.23	 1.8082	34.6524	27.7218	 2.33	101.41	0.039	     NaN	 99.91
2535.00	2502.21	 1.8076	34.6524	27.7218	 2.34	101.49	0.039	     NaN	 99.91
2536.00	2503.20	 1.8069	34.6524	27.7219	 2.34	101.61	0.039	     NaN	 99.91
2537.00	2504.18	 1.8067	34.6525	27.7220	 2.34	101.52	0.039	     NaN	 99.91
2538.00	2505.16	 1.8066	34.6526	27.7221	 2.34	101.60	0.039	     NaN	 99.91
2539.00	2506.14	 1.8061	34.6526	27.7221	 2.34	101.48	0.039	     NaN	 99.91
2540.00	2507.12	 1.8055	34.6526	27.7222	 2.33	101.42	0.039	     NaN	 99.91
2541.00	2508.10	 1.8050	34.6527	27.7223	 2.34	101.85	0.039	     NaN	 99.91
2542.00	2509.08	 1.8038	34.6529	27.7226	 2.35	101.95	0.039	     NaN	 99.91
2543.00	2510.06	 1.8033	34.6528	27.7225	 2.35	101.93	0.039	     NaN	 99.91
2544.00	2511.05	 1.8031	34.6528	27.7225	 2.34	101.88	0.039	     NaN	 99.91
2545.00	2512.03	 1.8019	34.6530	27.7228	 2.34	101.87	0.039	     NaN	 99.91
2546.00	2513.01	 1.8010	34.6532	27.7230	 2.35	102.08	0.039	     NaN	 99.91
2547.00	2513.99	 1.7999	34.6532	27.7231	 2.35	102.11	0.039	     NaN	 99.91
2548.00	2514.97	 1.7993	34.6533	27.7233	 2.36	102.49	0.039	     NaN	 99.91
2549.00	2515.95	 1.7989	34.6534	27.7233	 2.36	102.42	0.038	     NaN	 99.92
2550.00	2516.93	 1.7986	34.6536	27.7235	 2.36	102.42	0.039	     NaN	 99.91
2551.00	2517.91	 1.7986	34.6535	27.7235	 2.36	102.67	0.039	     NaN	 99.91
2552.00	2518.90	 1.7974	34.6538	27.7238	 2.36	102.68	0.039	     NaN	 99.91
2553.00	2519.88	 1.7964	34.6540	27.7240	 2.37	102.83	0.039	     NaN	 99.90
2554.00	2520.86	 1.7944	34.6541	27.7243	 2.38	103.33	0.039	     NaN	 99.91
2555.00	2521.84	 1.7935	34.6542	27.7244	 2.37	102.93	0.039	     NaN	 99.91
2556.00	2522.82	 1.7932	34.6543	27.7245	 2.37	102.85	0.039	     NaN	 99.91
2557.00	2523.80	 1.7929	34.6543	27.7245	 2.37	103.07	0.039	     NaN	 99.90
2558.00	2524.78	 1.7919	34.6543	27.7246	 2.38	103.30	0.039	     NaN	 99.90
2559.00	2525.76	 1.7910	34.6543	27.7247	 2.38	103.50	0.039	     NaN	 99.90
2560.00	2526.74	 1.7907	34.6544	27.7248	 2.38	103.50	0.039	     NaN	 99.90
2561.00	2527.73	 1.7884	34.6545	27.7250	 2.38	103.42	0.039	     NaN	 99.90
