wcoa21_data_management/01_CRUISE_METADATA/00_OCADS_data/CTD_downcasts/WCOA_2021_CTD_downcasts/dRB2102_CTD_109_01_F.txt
* Sea-Bird SBE 9 Data:
* Software Version Seasave V 7.26.7.107
* Vessel: NOAA Ship Ronald H. Brown
* Cruise: RB2102, West Coast Ocean Acidification (WCOA) 2021
* Dates: 20210622 to 20210723
* Region: NE Pacific, USA West Coast
* Ports: San Diego, CA to Port Angeles, WA to San Diego, CA
* Chief Scientists: R. Feely, NOAA PMEL; D. Greeley, NOAA PMEL; B. Carter, NOAA PMEL / UW CICOES
*END*
[from data line 3627]
3631.00	3574.59	 1.5441	34.6725	27.7642	 2.95	128.26	0.040	  142.82	 99.92
3632.00	3575.57	 1.5440	34.6724	27.7641	 2.93	127.51	0.040	  142.94	 99.91
3633.00	3576.54	 1.5438	34.6724	27.7642	 2.96	128.48	0.040	  142.96	 55.25
3634.00	3577.52	 1.5435	34.6725	27.7643	 2.95	128.13	0.040	  142.89	100.44
3635.00	3578.49	 1.5433	34.6725	27.7643	 2.96	128.48	0.040	  142.85	 99.92
3636.00	3579.47	 1.5430	34.6725	27.7644	 2.96	128.59	0.040	  142.88	 99.91
3637.00	3580.45	 1.5430	34.6724	27.7643	 2.96	128.48	0.040	  142.85	 99.91
3638.00	3581.42	 1.5432	34.6724	27.7643	 2.96	128.63	0.040	  142.87	 99.91
3639.00	3582.40	 1.5430	34.6726	27.7644	 2.96	128.57	0.040	  142.83	 99.92
3640.00	3583.38	 1.5430	34.6725	27.7644	 2.96	128.64	0.040	  142.82	 99.91
3641.00	3584.35	 1.5427	34.6725	27.7644	 2.96	128.72	0.040	  142.87	 99.91
3642.00	3585.33	 1.5426	34.6725	27.7644	 2.96	128.49	0.040	  142.82	 89.42
3643.00	3586.30	 1.5427	34.6725	27.7644	 2.96	128.78	0.039	  142.84	 99.62
3644.00	3587.28	 1.5428	34.6726	27.7645	 2.96	128.83	0.039	  142.92	 99.91
3645.00	3588.26	 1.5429	34.6725	27.7644	 2.96	128.77	0.040	  142.87	 99.91
3646.00	3589.23	 1.5429	34.6726	27.7645	 2.96	128.78	0.040	  142.87	 99.91
3647.00	3590.21	 1.5428	34.6727	27.7646	 2.96	128.80	0.040	  142.87	 99.92
3648.00	3591.19	 1.5428	34.6726	27.7645	 2.96	128.70	0.040	  142.85	 99.91
3649.00	3592.16	 1.5427	34.6726	27.7645	 2.96	128.81	0.040	  142.86	 99.91
3650.00	3593.14	 1.5427	34.6727	27.7646	 2.97	128.97	0.040	  142.78	 99.92
3651.00	3594.11	 1.5427	34.6726	27.7645	 2.97	128.88	0.040	  142.84	 99.92
3652.00	3595.09	 1.5425	34.6726	27.7646	 2.97	128.90	0.040	  142.90	 99.91
3653.00	3596.07	 1.5425	34.6726	27.7646	 2.97	128.92	0.040	  142.84	 99.92
3654.00	3597.04	 1.5425	34.6727	27.7646	 2.97	128.94	0.040	  142.83	 99.92
3655.00	3598.02	 1.5427	34.6726	27.7646	 2.97	128.88	0.040	  142.83	 99.91
3656.00	3599.00	 1.5428	34.6727	27.7647	 2.97	128.95	0.040	  142.86	 99.92
3657.00	3599.97	 1.5429	34.6727	27.7647	 2.97	129.07	0.040	  142.84	 99.91
3658.00	3600.95	 1.5431	34.6726	27.7646	 2.97	128.92	0.039	  142.88	 99.91
3659.00	3601.92	 1.5431	34.6727	27.7647	 2.97	129.00	0.040	  142.82	 99.91
3660.00	3602.90	 1.5429	34.6728	27.7647	 2.97	129.18	0.040	  142.87	 99.91
3661.00	3603.88	 1.5430	34.6727	27.7647	 2.97	128.94	0.040	  142.79	 99.92
3662.00	3604.85	 1.5432	34.6726	27.7646	 2.97	129.06	0.040	  142.90	 99.91
3663.00	3605.83	 1.5431	34.6727	27.7647	 2.97	129.11	0.039	  142.90	 99.91
3664.00	3606.81	 1.5432	34.6727	27.7647	 2.96	128.58	0.039	  142.89	 99.91
3665.00	3607.78	 1.5432	34.6728	27.7648	 2.96	128.73	0.040	  142.83	 99.92
3666.00	3608.76	 1.5433	34.6727	27.7647	 2.97	128.84	0.040	  142.87	 99.91
3667.00	3609.73	 1.5436	34.6726	27.7646	 2.97	128.86	0.040	  142.89	 99.91
3668.00	3610.71	 1.5433	34.6727	27.7647	 2.97	129.20	0.040	  142.86	 99.92
3669.00	3611.69	 1.5433	34.6727	27.7647	 2.97	129.19	0.040	  142.84	 99.92
3670.00	3612.66	 1.5428	34.6728	27.7649	 2.97	129.10	0.040	  142.86	 99.91
3671.00	3613.64	 1.5427	34.6728	27.7648	 2.97	128.91	0.039	  142.82	 99.91
3672.00	3614.61	 1.5424	34.6729	27.7650	 2.97	128.87	0.039	  142.86	 99.92
3673.00	3615.59	 1.5421	34.6729	27.7650	 2.97	129.00	0.039	  142.81	 99.92
3674.00	3616.57	 1.5420	34.6728	27.7649	 2.97	129.10	0.040	  142.84	 99.92
3675.00	3617.54	 1.5421	34.6728	27.7649	 2.98	129.48	0.040	  142.86	 99.92
3676.00	3618.52	 1.5421	34.6729	27.7650	 2.98	129.45	0.040	  142.86	 99.91
3677.00	3619.49	 1.5421	34.6729	27.7650	 2.98	129.50	0.040	  142.85	 99.92
3678.00	3620.47	 1.5420	34.6730	27.7651	 2.98	129.48	0.039	  142.89	 99.91
3679.00	3621.45	 1.5420	34.6730	27.7651	 2.97	128.93	0.039	  142.91	 99.91
3680.00	3622.42	 1.5421	34.6729	27.7651	 2.97	129.09	0.040	  142.82	 99.92
3681.00	3623.40	 1.5420	34.6729	27.7650	 2.97	129.03	0.040	  142.83	 99.91
3682.00	3624.38	 1.5420	34.6730	27.7651	 2.97	128.89	0.040	  142.88	 99.91
3683.00	3625.35	 1.5419	34.6730	27.7652	 2.97	129.02	0.040	  142.81	 99.92
3684.00	3626.33	 1.5416	34.6730	27.7652	 2.98	129.32	0.040	  142.84	 99.92
3685.00	3627.30	 1.5411	34.6730	27.7652	 2.98	129.29	0.040	  142.81	 99.92
3686.00	3628.28	 1.5411	34.6730	27.7652	 2.98	129.28	0.040	  142.82	 99.92
3687.00	3629.26	 1.5411	34.6729	27.7652	 2.98	129.33	0.040	  142.88	 99.91
3688.00	3630.23	 1.5411	34.6731	27.7653	 2.98	129.32	0.040	  142.83	 99.91
3689.00	3631.21	 1.5406	34.6732	27.7654	 2.98	129.37	0.040	  142.86	 99.92
3690.00	3632.18	 1.5406	34.6732	27.7654	 2.97	129.23	0.040	  142.87	 99.92
3691.00	3633.16	 1.5408	34.6731	27.7654	 2.97	129.27	0.040	  142.86	 99.91
3692.00	3634.14	 1.5408	34.6729	27.7653	 2.98	129.37	0.040	  142.85	 99.92
3693.00	3635.11	 1.5407	34.6730	27.7653	 2.98	129.49	0.040	  142.84	 99.91
3694.00	3636.09	 1.5405	34.6732	27.7655	 2.97	129.22	0.039	  142.84	 99.91
3695.00	3637.06	 1.5405	34.6733	27.7656	 2.97	129.12	0.039	  142.81	 99.92
3696.00	3638.04	 1.5406	34.6732	27.7655	 2.98	129.42	0.039	  142.82	 99.92
3697.00	3639.02	 1.5405	34.6734	27.7657	 2.98	129.29	0.039	  142.86	 99.91
3698.00	3639.99	 1.5404	34.6734	27.7657	 2.97	128.94	0.040	  142.81	 99.92
3699.00	3640.97	 1.5400	34.6732	27.7656	 2.98	129.41	0.040	  142.83	 99.92
3700.00	3641.94	 1.5397	34.6732	27.7656	 2.99	129.79	0.040	  142.84	 99.92
3701.00	3642.92	 1.5386	34.6734	27.7659	 2.98	129.57	0.040	  142.86	 99.91
3702.00	3643.90	 1.5386	34.6734	27.7658	 2.99	129.84	0.039	  142.85	 99.92
3703.00	3644.87	 1.5387	34.6735	27.7659	 2.99	129.82	0.039	  142.79	 99.92
3704.00	3645.85	 1.5386	34.6735	27.7659	 2.98	129.34	0.040	  142.82	 99.92
3705.00	3646.82	 1.5387	34.6735	27.7660	 3.00	130.22	0.040	  142.83	 99.92
3706.00	3647.80	 1.5388	34.6734	27.7659	 3.00	130.42	0.040	  142.81	 99.92
3707.00	3648.78	 1.5389	34.6735	27.7659	 2.98	129.65	0.039	  142.78	 99.92
3708.00	3649.75	 1.5388	34.6735	27.7660	 2.98	129.56	0.040	  142.83	 99.92
3709.00	3650.73	 1.5388	34.6735	27.7660	 2.99	129.74	0.040	  142.86	 99.92
3710.00	3651.70	 1.5387	34.6735	27.7660	 2.98	129.58	0.040	  142.83	 99.92
3711.00	3652.68	 1.5386	34.6735	27.7660	 2.98	129.60	0.040	  142.85	 99.91
3712.00	3653.66	 1.5385	34.6735	27.7660	 2.98	129.53	0.040	  142.78	 99.92
3713.00	3654.63	 1.5378	34.6736	27.7661	 2.99	129.72	0.039	  142.83	 99.92
3714.00	3655.61	 1.5377	34.6734	27.7660	 2.99	129.83	0.039	  142.84	 99.92
3715.00	3656.58	 1.5377	34.6735	27.7661	 2.99	130.13	0.040	  142.79	 99.92
3716.00	3657.56	 1.5376	34.6736	27.7661	 2.99	129.92	0.040	  142.80	 99.93
3717.00	3658.54	 1.5375	34.6736	27.7662	 2.99	130.07	0.040	  142.77	 99.92
3718.00	3659.51	 1.5373	34.6736	27.7663	 3.00	130.15	0.039	  142.82	 99.92
3719.00	3660.49	 1.5372	34.6737	27.7663	 2.98	129.39	0.040	  142.81	 99.92
3720.00	3661.46	 1.5369	34.6737	27.7664	 2.98	129.54	0.040	  142.78	 99.92
3721.00	3662.44	 1.5367	34.6737	27.7664	 2.99	130.04	0.040	  142.82	 99.92
3722.00	3663.42	 1.5367	34.6737	27.7664	 2.99	129.92	0.040	  142.76	 99.92
3723.00	3664.39	 1.5366	34.6736	27.7663	 2.99	130.08	0.039	  142.78	 99.92
3724.00	3665.37	 1.5364	34.6737	27.7664	 3.00	130.45	0.039	  142.76	 99.92
3725.00	3666.34	 1.5361	34.6737	27.7664	 2.98	129.70	0.039	  142.76	 99.92
3726.00	3667.32	 1.5358	34.6738	27.7665	 2.99	130.04	0.040	  142.81	 99.91
3727.00	3668.30	 1.5359	34.6738	27.7665	 3.00	130.14	0.040	  142.71	 99.92
3728.00	3669.27	 1.5360	34.6738	27.7665	 2.98	129.51	0.040	  142.84	 99.92
3729.00	3670.25	 1.5360	34.6737	27.7665	 2.99	129.91	0.040	  142.80	 99.92
3730.00	3671.22	 1.5362	34.6737	27.7664	 3.00	130.16	0.039	  142.83	 99.92
3731.00	3672.20	 1.5361	34.6739	27.7666	 3.01	130.60	0.040	  142.78	 99.92
3732.00	3673.17	 1.5359	34.6738	27.7666	 2.99	130.11	0.040	  142.80	 99.91
3733.00	3674.15	 1.5355	34.6739	27.7667	 2.99	129.85	0.040	  142.84	 99.92
3734.00	3675.13	 1.5350	34.6739	27.7667	 3.00	130.25	0.039	  142.81	 99.91
3735.00	3676.10	 1.5348	34.6740	27.7669	 2.99	129.93	0.040	  142.79	 99.92
3736.00	3677.08	 1.5347	34.6740	27.7668	 3.00	130.24	0.040	  142.75	 99.92
3737.00	3678.05	 1.5344	34.6739	27.7668	 3.00	130.45	0.040	  142.81	 99.91
3738.00	3679.03	 1.5341	34.6740	27.7669	 3.00	130.42	0.040	  142.79	 99.92
3739.00	3680.01	 1.5326	34.6741	27.7671	 3.00	130.43	0.040	  142.85	 99.91
3740.00	3680.98	 1.5324	34.6742	27.7672	 3.01	130.71	0.040	  142.86	 99.92
3741.00	3681.96	 1.5323	34.6741	27.7671	 3.01	130.98	0.040	  142.83	 99.92
3742.00	3682.93	 1.5323	34.6742	27.7672	 3.01	130.59	0.040	  142.83	 99.92
3743.00	3683.91	 1.5323	34.6741	27.7672	 2.99	129.99	0.040	  142.81	 99.92
3744.00	3684.88	 1.5323	34.6741	27.7671	 3.01	130.72	0.039	  142.81	 99.91
3745.00	3685.86	 1.5324	34.6741	27.7672	 3.00	130.37	0.039	  142.81	 99.92
3746.00	3686.84	 1.5322	34.6742	27.7672	 3.00	130.31	0.040	  142.82	 99.92
3747.00	3687.81	 1.5321	34.6741	27.7672	 3.01	130.75	0.039	  142.83	 99.92
3748.00	3688.79	 1.5322	34.6742	27.7673	 3.00	130.48	0.039	  142.82	 99.91
3749.00	3689.76	 1.5323	34.6742	27.7672	 2.99	129.97	0.039	  142.80	 99.92
3750.00	3690.74	 1.5324	34.6742	27.7673	 3.00	130.39	0.039	  142.78	 99.92
3751.00	3691.72	 1.5326	34.6741	27.7672	 3.01	130.64	0.040	  142.78	 99.92
3752.00	3692.69	 1.5328	34.6740	27.7671	 3.00	130.49	0.040	  142.79	 99.92
3753.00	3693.67	 1.5328	34.6741	27.7672	 3.01	130.66	0.040	  142.77	 99.92
3754.00	3694.64	 1.5325	34.6742	27.7673	 3.01	130.73	0.040	  142.78	 99.92
3755.00	3695.62	 1.5318	34.6741	27.7673	 3.00	130.51	0.040	  142.82	 99.91
3756.00	3696.59	 1.5314	34.6744	27.7675	 3.02	131.06	0.040	  142.67	 99.92
3757.00	3697.57	 1.5314	34.6744	27.7675	 3.01	130.77	0.039	  142.82	 99.91
3758.00	3698.55	 1.5313	34.6744	27.7676	 2.99	129.96	0.040	  142.81	 99.92
3759.00	3699.52	 1.5314	34.6744	27.7675	 3.00	130.53	0.040	  142.78	 99.92
3760.00	3700.50	 1.5315	34.6744	27.7676	 3.01	130.59	0.040	  142.83	 99.92
3761.00	3701.47	 1.5313	34.6743	27.7675	 3.01	130.74	0.040	  142.80	 99.92
3762.00	3702.45	 1.5313	34.6742	27.7674	 3.01	130.82	0.040	  142.80	 99.92
3763.00	3703.42	 1.5313	34.6744	27.7676	 3.01	130.74	0.040	  142.80	 99.92
3764.00	3704.40	 1.5315	34.6744	27.7676	 3.01	130.93	0.040	  142.81	 99.92
3765.00	3705.38	 1.5316	34.6743	27.7675	 3.01	130.66	0.040	  142.79	 99.92
3766.00	3706.35	 1.5315	34.6744	27.7676	 3.01	130.80	0.039	  142.75	 99.92
3767.00	3707.33	 1.5316	34.6744	27.7676	 3.01	130.85	0.040	  142.82	 99.91
3768.00	3708.30	 1.5314	34.6744	27.7677	 3.01	130.79	0.040	  142.78	 99.92
3769.00	3709.28	 1.5315	34.6744	27.7676	 3.01	130.98	0.040	  142.78	 99.92
3770.00	3710.25	 1.5312	34.6744	27.7677	 3.02	131.08	0.040	  142.82	 99.92
3771.00	3711.23	 1.5305	34.6746	27.7679	 3.01	130.93	0.040	  142.81	 99.92
3772.00	3712.21	 1.5304	34.6746	27.7679	 3.01	130.81	0.040	  142.81	 99.92
3773.00	3713.18	 1.5300	34.6746	27.7679	 3.01	130.94	0.040	  142.80	 99.92
3774.00	3714.16	 1.5298	34.6746	27.7680	 3.01	130.86	0.040	  142.79	 99.92
3775.00	3715.13	 1.5295	34.6747	27.7680	 3.00	130.42	0.040	  142.81	 99.92
3776.00	3716.11	 1.5295	34.6746	27.7680	 3.01	130.79	0.040	  142.77	 99.92
3777.00	3717.08	 1.5296	34.6746	27.7680	 3.02	131.08	0.040	  142.78	 99.92
3778.00	3718.06	 1.5292	34.6746	27.7680	 3.02	131.34	0.040	  142.78	 99.92
3779.00	3719.04	 1.5289	34.6748	27.7682	 3.02	131.25	0.040	  142.79	 99.92
3780.00	3720.01	 1.5285	34.6749	27.7683	 3.02	131.14	0.039	  142.78	 99.92
3781.00	3720.99	 1.5286	34.6748	27.7682	 3.01	130.77	0.040	  142.77	 99.91
3782.00	3721.96	 1.5284	34.6747	27.7682	 3.01	130.61	0.040	  142.77	 99.92
3783.00	3722.94	 1.5283	34.6749	27.7683	 3.01	130.71	0.040	  142.80	 99.92
3784.00	3723.91	 1.5281	34.6748	27.7683	 3.02	131.30	0.040	  142.79	 99.92
3785.00	3724.89	 1.5288	34.6749	27.7683	 3.03	131.58	0.039	  142.83	 99.91
3786.00	3725.87	 1.5272	34.6748	27.7684	 3.02	131.29	0.040	  142.85	 99.92
3787.00	3726.84	 1.5268	34.6750	27.7686	 3.03	131.51	0.040	  142.87	 99.92
3788.00	3727.82	 1.5268	34.6750	27.7686	 3.03	131.55	0.039	  142.72	 99.92
3789.00	3728.79	 1.5268	34.6749	27.7685	 3.02	131.38	0.040	  142.72	 99.92
3790.00	3729.77	 1.5265	34.6750	27.7686	 3.02	131.10	0.040	  142.81	 99.92
3791.00	3730.74	 1.5263	34.6750	27.7686	 3.02	131.12	0.039	  142.76	 99.92
3792.00	3731.72	 1.5261	34.6750	27.7686	 3.02	131.38	0.040	  142.74	 99.92
3793.00	3732.69	 1.5257	34.6750	27.7687	 3.03	131.47	0.040	  142.77	 99.92
3794.00	3733.67	 1.5256	34.6751	27.7688	 3.03	131.45	0.039	  142.80	 99.92
3795.00	3734.65	 1.5255	34.6751	27.7688	 3.03	131.55	0.039	  142.79	 99.92
3796.00	3735.62	 1.5256	34.6751	27.7688	 3.03	131.79	0.040	  142.73	 99.92
3797.00	3736.60	 1.5254	34.6752	27.7689	 3.02	131.40	0.040	  142.81	 99.92
3798.00	3737.57	 1.5254	34.6752	27.7689	 3.02	131.17	0.040	  142.74	 99.92
3799.00	3738.55	 1.5254	34.6751	27.7688	 3.02	131.42	0.040	  142.76	 99.92
3800.00	3739.52	 1.5252	34.6751	27.7688	 3.03	131.67	0.040	  142.77	 99.92
3801.00	3740.50	 1.5252	34.6752	27.7689	 3.03	131.77	0.040	  142.71	 99.92
3802.00	3741.48	 1.5253	34.6752	27.7689	 3.04	131.92	0.040	  142.74	 99.92
3803.00	3742.45	 1.5253	34.6753	27.7690	 3.02	131.39	0.040	  142.72	 99.92
3804.00	3743.43	 1.5253	34.6754	27.7691	 3.03	131.77	0.040	  142.67	 99.92
3805.00	3744.40	 1.5253	34.6753	27.7690	 3.03	131.76	0.040	  142.76	 99.92
3806.00	3745.38	 1.5252	34.6752	27.7690	 3.02	131.07	0.039	  142.75	 99.91
3807.00	3746.35	 1.5251	34.6753	27.7690	 3.03	131.45	0.039	  142.75	 99.92
3808.00	3747.33	 1.5251	34.6752	27.7690	 3.02	131.39	0.040	  142.77	 99.92
3809.00	3748.30	 1.5249	34.6753	27.7691	 3.03	131.61	0.040	  142.75	 99.92
3810.00	3749.28	 1.5251	34.6753	27.7691	 3.03	131.68	0.039	  142.77	 99.92
3811.00	3750.26	 1.5251	34.6752	27.7690	 3.03	131.53	0.039	  142.79	 99.91
3812.00	3751.23	 1.5249	34.6753	27.7691	 3.04	131.96	0.040	  142.76	 99.92
3813.00	3752.21	 1.5249	34.6754	27.7692	 3.03	131.61	0.040	  142.74	 99.92
3814.00	3753.18	 1.5249	34.6754	27.7692	 3.02	131.11	0.040	  142.72	 99.92
3815.00	3754.16	 1.5250	34.6754	27.7692	 3.03	131.46	0.040	  142.78	 99.92
3816.00	3755.13	 1.5246	34.6753	27.7691	 3.04	131.91	0.040	  142.70	 99.92
3817.00	3756.11	 1.5248	34.6754	27.7692	 3.04	132.01	0.040	  142.76	 99.92
3818.00	3757.08	 1.5250	34.6754	27.7692	 3.03	131.58	0.040	  142.76	 99.92
3819.00	3758.06	 1.5248	34.6755	27.7693	 3.03	131.75	0.040	  142.71	 99.92
3820.00	3759.03	 1.5247	34.6755	27.7694	 3.03	131.85	0.040	  142.78	 99.92
3821.00	3760.01	 1.5247	34.6755	27.7694	 3.02	131.25	0.040	  142.80	 99.92
3822.00	3760.99	 1.5240	34.6755	27.7694	 3.03	131.86	0.040	  142.76	 99.92
3823.00	3761.96	 1.5241	34.6753	27.7693	 3.04	132.15	0.040	  142.73	 99.92
3824.00	3762.94	 1.5240	34.6755	27.7695	 3.04	132.29	0.039	  142.71	 99.92
3825.00	3763.91	 1.5240	34.6755	27.7694	 3.04	132.17	0.040	  142.77	 99.92
3826.00	3764.89	 1.5240	34.6755	27.7694	 3.03	131.85	0.040	  142.77	 99.92
3827.00	3765.86	 1.5239	34.6756	27.7695	 3.01	130.95	0.040	  142.65	 99.92
3828.00	3766.84	 1.5241	34.6755	27.7694	 3.02	131.11	0.040	  142.66	 99.92
3829.00	3767.81	 1.5241	34.6756	27.7695	 3.03	131.83	0.040	  142.73	 99.92
3830.00	3768.79	 1.5242	34.6754	27.7694	 3.04	131.91	0.040	  142.75	 99.92
3831.00	3769.76	 1.5242	34.6756	27.7695	 3.04	132.15	0.040	  142.74	 99.92
3832.00	3770.74	 1.5243	34.6755	27.7695	 3.04	132.03	0.039	  142.75	 99.92
3833.00	3771.72	 1.5243	34.6757	27.7696	 3.03	131.47	0.039	  142.77	 99.91
3834.00	3772.69	 1.5244	34.6755	27.7695	 3.04	132.17	0.039	  142.70	 99.92
3835.00	3773.67	 1.5244	34.6754	27.7694	 3.03	131.72	0.040	  142.77	 99.92
3836.00	3774.64	 1.5244	34.6755	27.7695	 3.02	131.09	0.040	  142.72	 99.92
3837.00	3775.62	 1.5242	34.6757	27.7697	 3.03	131.69	0.040	  142.72	 99.92
3838.00	3776.59	 1.5242	34.6755	27.7696	 3.04	131.97	0.040	  142.75	 99.92
3839.00	3777.57	 1.5241	34.6757	27.7697	 3.04	132.08	0.039	  142.69	 99.92
3840.00	3778.54	 1.5237	34.6757	27.7697	 3.02	131.34	0.040	  142.63	 99.92
3841.00	3779.52	 1.5238	34.6756	27.7696	 3.03	131.57	0.040	  142.72	 99.92
3842.00	3780.49	 1.5234	34.6758	27.7698	 3.04	132.14	0.040	  142.73	 99.92
3843.00	3781.47	 1.5232	34.6757	27.7698	 3.04	131.99	0.040	  142.69	 99.92
