wcoa21_data_management/01_CRUISE_METADATA/00_OCADS_data/CTD_downcasts/WCOA_2021_CTD_downcasts/dRB2102_CTD_108_01_F.txt
* Sea-Bird SBE 9 Data:
* Software Version Seasave V 7.26.7.107
* Vessel: NOAA Ship Ronald H. Brown
* Cruise: RB2102, West Coast Ocean Acidification (WCOA) 2021
* Dates: 20210622 to 20210723
* Region: NE Pacific, USA West Coast
* Ports: San Diego, CA to Port Angeles, WA to San Diego, CA
* Chief Scientists: R. Feely, NOAA PMEL; D. Greeley, NOAA PMEL; B. Carter, NOAA PMEL / UW CICOES
*END*
[from data line 1921]
1925.00	1902.40	 2.2135	34.6024	27.6467	 1.60	 69.72	0.040	  154.85	 99.95
1926.00	1903.38	 2.2110	34.6025	27.6470	 1.61	 69.92	0.040	  154.80	 99.95
1927.00	1904.37	 2.2097	34.6026	27.6472	 1.61	 69.91	0.040	  154.79	 99.95
1928.00	1905.35	 2.2090	34.6027	27.6473	 1.61	 69.78	0.040	  154.88	 99.95
1929.00	1906.34	 2.2075	34.6029	27.6476	 1.61	 70.02	0.040	  154.83	 99.95
1930.00	1907.32	 2.2073	34.6030	27.6477	 1.61	 70.12	0.040	  154.81	 99.96
1931.00	1908.30	 2.2071	34.6029	27.6477	 1.61	 70.14	0.040	  154.83	 99.96
1932.00	1909.29	 2.2067	34.6029	27.6477	 1.62	 70.19	0.040	  154.81	 99.95
1933.00	1910.27	 2.2067	34.6029	27.6477	 1.61	 70.06	0.040	  154.83	 99.96
1934.00	1911.25	 2.2062	34.6029	27.6478	 1.61	 69.87	0.040	  154.82	 99.95
1935.00	1912.24	 2.2053	34.6032	27.6481	 1.61	 69.98	0.040	  154.82	 99.95
1936.00	1913.22	 2.2047	34.6034	27.6483	 1.61	 70.11	0.040	  154.85	 99.95
1937.00	1914.21	 2.2049	34.6031	27.6480	 1.61	 70.15	0.040	  154.78	 99.95
1938.00	1915.19	 2.2048	34.6033	27.6483	 1.62	 70.32	0.040	  154.88	 99.96
1939.00	1916.17	 2.2045	34.6034	27.6484	 1.62	 70.44	0.040	  154.84	 99.95
1940.00	1917.16	 2.2027	34.6037	27.6487	 1.62	 70.44	0.040	  154.79	 99.95
1941.00	1918.14	 2.2013	34.6040	27.6491	 1.62	 70.49	0.040	  154.82	 99.96
1942.00	1919.12	 2.2008	34.6039	27.6490	 1.63	 70.69	0.040	  154.79	 99.96
1943.00	1920.11	 2.2000	34.6039	27.6492	 1.63	 70.89	0.040	  154.79	 99.95
1944.00	1921.09	 2.1980	34.6043	27.6496	 1.64	 71.16	0.041	  154.85	 99.95
1945.00	1922.08	 2.1967	34.6046	27.6499	 1.63	 70.91	0.041	  154.82	 99.95
1946.00	1923.06	 2.1960	34.6047	27.6501	 1.63	 70.86	0.040	  154.78	 99.95
1947.00	1924.04	 2.1955	34.6047	27.6501	 1.64	 71.21	0.040	  154.81	 99.95
1948.00	1925.03	 2.1949	34.6047	27.6502	 1.64	 71.24	0.040	  154.75	 99.95
1949.00	1926.01	 2.1938	34.6046	27.6502	 1.64	 71.05	0.040	  154.77	 99.95
1950.00	1926.99	 2.1924	34.6047	27.6504	 1.64	 71.21	0.040	  154.75	 99.96
1951.00	1927.98	 2.1899	34.6051	27.6510	 1.64	 71.34	0.040	  154.72	 76.55
1952.00	1928.96	 2.1888	34.6054	27.6513	 1.64	 71.42	0.040	  154.78	 99.28
1953.00	1929.94	 2.1887	34.6054	27.6513	 1.65	 71.54	0.040	  154.76	 99.95
1954.00	1930.93	 2.1882	34.6053	27.6512	 1.65	 71.50	0.040	  154.82	 99.95
1955.00	1931.91	 2.1855	34.6057	27.6518	 1.64	 71.42	0.040	  154.73	 99.95
1956.00	1932.90	 2.1839	34.6057	27.6519	 1.65	 71.69	0.040	  154.75	 99.95
1957.00	1933.88	 2.1826	34.6055	27.6518	 1.65	 71.83	0.040	  154.78	 99.95
1958.00	1934.86	 2.1816	34.6056	27.6520	 1.64	 71.37	0.040	  154.80	 99.95
1959.00	1935.85	 2.1801	34.6052	27.6518	 1.64	 71.26	0.040	  154.81	 99.95
1960.00	1936.83	 2.1776	34.6053	27.6521	 1.64	 71.41	0.040	  154.77	 99.95
1961.00	1937.81	 2.1768	34.6053	27.6522	 1.64	 71.40	0.040	  154.73	 99.95
1962.00	1938.80	 2.1758	34.6055	27.6524	 1.64	 71.41	0.040	  154.71	 99.95
1963.00	1939.78	 2.1756	34.6055	27.6524	 1.64	 71.39	0.040	  154.77	 99.95
1964.00	1940.77	 2.1748	34.6053	27.6524	 1.64	 71.45	0.040	  154.77	 99.95
1965.00	1941.75	 2.1741	34.6058	27.6528	 1.64	 71.48	0.040	  154.76	 99.95
1966.00	1942.73	 2.1740	34.6057	27.6528	 1.64	 71.47	0.040	  154.72	 99.95
1967.00	1943.72	 2.1725	34.6058	27.6530	 1.65	 71.63	0.040	  154.72	 99.95
1968.00	1944.70	 2.1722	34.6059	27.6530	 1.66	 72.01	0.040	  154.72	 99.95
1969.00	1945.68	 2.1719	34.6063	27.6535	 1.67	 72.36	0.040	  154.75	 99.95
1970.00	1946.67	 2.1714	34.6066	27.6537	 1.66	 72.26	0.040	  154.68	 99.95
1971.00	1947.65	 2.1707	34.6066	27.6538	 1.66	 71.94	0.040	  154.71	 99.95
1972.00	1948.63	 2.1684	34.6064	27.6538	 1.66	 72.16	0.040	  154.71	 99.95
1973.00	1949.62	 2.1675	34.6066	27.6540	 1.66	 72.28	0.040	  154.69	 99.95
1974.00	1950.60	 2.1656	34.6065	27.6542	 1.66	 72.20	0.040	  154.69	 99.95
1975.00	1951.58	 2.1657	34.6069	27.6544	 1.66	 72.24	0.040	  154.70	 99.95
1976.00	1952.57	 2.1654	34.6071	27.6546	 1.66	 72.04	0.040	  154.75	 99.95
1977.00	1953.55	 2.1650	34.6069	27.6545	 1.66	 72.27	0.040	  154.74	 99.95
1978.00	1954.54	 2.1634	34.6071	27.6548	 1.67	 72.42	0.040	  154.65	 99.95
1979.00	1955.52	 2.1621	34.6073	27.6551	 1.67	 72.71	0.041	  154.74	 99.95
1980.00	1956.50	 2.1614	34.6075	27.6553	 1.68	 72.90	0.041	  154.69	 99.95
1981.00	1957.49	 2.1593	34.6074	27.6554	 1.67	 72.47	0.040	  154.74	 99.95
1982.00	1958.47	 2.1561	34.6076	27.6558	 1.67	 72.53	0.040	  154.60	 99.96
1983.00	1959.45	 2.1546	34.6074	27.6557	 1.68	 72.95	0.040	  154.62	 99.95
1984.00	1960.44	 2.1515	34.6073	27.6559	 1.68	 72.83	0.040	  154.72	 99.95
1985.00	1961.42	 2.1503	34.6074	27.6561	 1.67	 72.64	0.040	  154.69	 99.95
1986.00	1962.40	 2.1485	34.6074	27.6563	 1.67	 72.74	0.040	  154.64	 99.95
1987.00	1963.39	 2.1472	34.6075	27.6564	 1.67	 72.78	0.040	  154.63	 99.95
1988.00	1964.37	 2.1463	34.6075	27.6565	 1.67	 72.75	0.040	  154.71	 99.95
1989.00	1965.35	 2.1469	34.6077	27.6566	 1.67	 72.73	0.040	  154.65	 99.95
1990.00	1966.34	 2.1482	34.6079	27.6567	 1.68	 72.81	0.040	  154.65	 99.95
1991.00	1967.32	 2.1480	34.6077	27.6565	 1.68	 72.90	0.040	  154.68	 99.95
1992.00	1968.30	 2.1496	34.6082	27.6569	 1.68	 73.02	0.040	  154.60	 99.95
1993.00	1969.29	 2.1488	34.6084	27.6571	 1.69	 73.26	0.040	  154.60	 99.95
1994.00	1970.27	 2.1474	34.6086	27.6574	 1.69	 73.65	0.040	  154.60	 99.95
1995.00	1971.25	 2.1458	34.6085	27.6574	 1.69	 73.45	0.040	  154.64	 99.95
1996.00	1972.24	 2.1433	34.6086	27.6577	 1.69	 73.48	0.040	  154.62	 99.96
1997.00	1973.22	 2.1426	34.6087	27.6578	 1.69	 73.64	0.040	  154.65	 99.95
1998.00	1974.21	 2.1425	34.6088	27.6579	 1.69	 73.60	0.040	  154.66	 99.95
1999.00	1975.19	 2.1421	34.6090	27.6581	 1.69	 73.42	0.040	  154.68	 99.95
2000.00	1976.17	 2.1399	34.6090	27.6583	 1.69	 73.47	0.040	  154.60	 99.95
2001.00	1977.16	 2.1370	34.6090	27.6586	 1.69	 73.60	0.040	  154.65	 99.95
2002.00	1978.14	 2.1347	34.6092	27.6589	 1.70	 73.70	0.040	  154.61	 99.95
2003.00	1979.12	 2.1327	34.6091	27.6589	 1.69	 73.63	0.040	  154.58	 99.95
2004.00	1980.11	 2.1308	34.6090	27.6590	 1.69	 73.63	0.040	  154.66	 99.95
2005.00	1981.09	 2.1295	34.6094	27.6595	 1.70	 73.80	0.040	  154.63	 99.95
2006.00	1982.07	 2.1293	34.6093	27.6594	 1.70	 73.70	0.040	  154.60	 99.95
2007.00	1983.06	 2.1292	34.6094	27.6595	 1.70	 73.79	0.040	  154.61	 99.95
2008.00	1984.04	 2.1259	34.6095	27.6599	 1.71	 74.26	0.040	  154.58	 99.95
2009.00	1985.02	 2.1238	34.6097	27.6602	 1.72	 74.54	0.040	  154.64	 99.95
2010.00	1986.01	 2.1222	34.6099	27.6605	 1.71	 74.21	0.040	  154.63	 99.95
2011.00	1986.99	 2.1215	34.6100	27.6606	 1.70	 73.82	0.040	  154.57	 99.95
2012.00	1987.97	 2.1208	34.6099	27.6606	 1.70	 73.90	0.040	  154.58	 99.95
2013.00	1988.96	 2.1202	34.6101	27.6608	 1.71	 74.15	0.040	  154.60	 99.95
2014.00	1989.94	 2.1200	34.6100	27.6608	 1.71	 74.32	0.040	  154.60	 99.95
2015.00	1990.92	 2.1196	34.6102	27.6609	 1.71	 74.23	0.040	  154.62	 99.95
2016.00	1991.91	 2.1187	34.6103	27.6611	 1.71	 74.30	0.040	  154.55	 99.95
2017.00	1992.89	 2.1167	34.6107	27.6616	 1.72	 74.63	0.040	  154.56	 99.95
2018.00	1993.87	 2.1165	34.6107	27.6616	 1.72	 74.61	0.040	  154.59	 99.95
2019.00	1994.86	 2.1164	34.6109	27.6617	 1.72	 74.82	0.040	  154.60	 99.95
2020.00	1995.84	 2.1164	34.6108	27.6617	 1.72	 74.91	0.040	  154.56	 99.95
2021.00	1996.82	 2.1158	34.6110	27.6619	 1.72	 74.86	0.040	  154.59	 99.95
2022.00	1997.81	 2.1146	34.6111	27.6621	 1.72	 74.95	0.040	  154.58	 99.95
2023.00	1998.79	 2.1122	34.6112	27.6624	 1.73	 75.00	0.040	  154.60	 99.95
2024.00	1999.77	 2.1108	34.6113	27.6626	 1.73	 75.02	0.040	  154.60	 99.95
2025.00	2000.76	 2.1095	34.6113	27.6627	 1.72	 74.84	0.040	  154.57	 99.95
2026.00	2001.74	 2.1082	34.6114	27.6629	 1.73	 75.12	0.040	  154.58	 99.95
2027.00	2002.72	 2.1061	34.6116	27.6632	 1.73	 75.22	0.040	  154.54	 99.95
2028.00	2003.71	 2.1046	34.6118	27.6634	 1.73	 75.15	0.040	  154.55	 99.95
2029.00	2004.69	 2.1034	34.6120	27.6637	 1.73	 75.35	0.040	  154.52	 99.95
2030.00	2005.67	 2.1028	34.6118	27.6636	 1.74	 75.46	0.039	  154.60	 99.95
2031.00	2006.66	 2.1024	34.6120	27.6638	 1.73	 75.30	0.040	  154.53	 99.95
2032.00	2007.64	 2.1023	34.6119	27.6638	 1.73	 75.34	0.040	  154.53	 99.95
2033.00	2008.62	 2.1021	34.6122	27.6640	 1.73	 75.40	0.040	  154.52	 99.95
2034.00	2009.61	 2.1021	34.6121	27.6639	 1.74	 75.56	0.040	  154.57	 99.95
2035.00	2010.59	 2.1020	34.6122	27.6641	 1.74	 75.62	0.040	  154.52	 99.95
2036.00	2011.57	 2.1019	34.6123	27.6641	 1.74	 75.64	0.040	  154.57	 99.95
2037.00	2012.56	 2.1013	34.6124	27.6643	 1.74	 75.44	0.040	  154.49	 99.95
2038.00	2013.54	 2.1006	34.6125	27.6644	 1.74	 75.55	0.040	  154.55	 99.95
2039.00	2014.52	 2.1006	34.6124	27.6644	 1.74	 75.67	0.040	  154.49	 99.95
2040.00	2015.51	 2.1001	34.6125	27.6644	 1.74	 75.65	0.040	  154.57	 99.95
2041.00	2016.49	 2.0990	34.6126	27.6646	 1.74	 75.80	0.040	  154.53	 99.95
2042.00	2017.47	 2.0968	34.6128	27.6650	 1.75	 76.10	0.041	  154.52	 99.95
2043.00	2018.46	 2.0947	34.6131	27.6654	 1.76	 76.33	0.040	  154.52	 99.95
2044.00	2019.44	 2.0936	34.6131	27.6655	 1.75	 76.18	0.040	  154.51	 99.95
2045.00	2020.42	 2.0928	34.6132	27.6657	 1.75	 76.14	0.040	  154.48	 99.95
2046.00	2021.41	 2.0921	34.6132	27.6657	 1.75	 76.05	0.040	  154.51	 99.95
2047.00	2022.39	 2.0906	34.6133	27.6659	 1.76	 76.33	0.040	  154.49	 99.95
2048.00	2023.37	 2.0898	34.6133	27.6660	 1.76	 76.37	0.040	  154.50	 99.95
2049.00	2024.36	 2.0889	34.6135	27.6662	 1.76	 76.45	0.040	  154.50	 99.95
2050.00	2025.34	 2.0864	34.6139	27.6667	 1.76	 76.68	0.040	  154.53	 99.95
2051.00	2026.32	 2.0861	34.6142	27.6670	 1.77	 76.84	0.040	  154.48	 99.95
2052.00	2027.31	 2.0862	34.6144	27.6672	 1.77	 76.82	0.040	  154.52	 99.95
2053.00	2028.29	 2.0855	34.6146	27.6674	 1.77	 76.81	0.040	  154.53	 99.95
2054.00	2029.27	 2.0852	34.6146	27.6674	 1.77	 76.91	0.040	  154.51	 99.95
2055.00	2030.26	 2.0854	34.6145	27.6673	 1.77	 77.07	0.040	  154.50	 99.95
2056.00	2031.24	 2.0853	34.6147	27.6675	 1.77	 76.99	0.040	  154.44	 99.95
2057.00	2032.22	 2.0854	34.6147	27.6674	 1.77	 76.89	0.040	  154.55	 99.95
2058.00	2033.20	 2.0850	34.6145	27.6674	 1.77	 76.94	0.040	  154.48	 99.95
2059.00	2034.19	 2.0849	34.6146	27.6675	 1.77	 76.86	0.040	  154.45	 99.95
2060.00	2035.17	 2.0829	34.6145	27.6676	 1.77	 76.96	0.040	  154.51	 99.95
2061.00	2036.15	 2.0817	34.6146	27.6677	 1.77	 77.07	0.040	  154.52	 99.95
2062.00	2037.14	 2.0812	34.6147	27.6678	 1.77	 77.05	0.040	  154.50	 99.95
2063.00	2038.12	 2.0806	34.6144	27.6677	 1.78	 77.17	0.040	  154.44	 99.95
2064.00	2039.10	 2.0768	34.6150	27.6684	 1.79	 77.64	0.040	  154.41	 99.95
2065.00	2040.09	 2.0757	34.6154	27.6688	 1.79	 77.86	0.040	  154.40	 99.95
2066.00	2041.07	 2.0769	34.6161	27.6693	 1.80	 78.12	0.040	  154.47	 99.95
2067.00	2042.05	 2.0775	34.6165	27.6696	 1.80	 78.37	0.040	  154.44	 99.95
2068.00	2043.04	 2.0777	34.6166	27.6697	 1.80	 78.44	0.040	  154.44	 99.95
2069.00	2044.02	 2.0779	34.6166	27.6697	 1.81	 78.51	0.040	  154.42	 99.95
2070.00	2045.00	 2.0780	34.6169	27.6699	 1.81	 78.56	0.040	  154.39	 99.95
2071.00	2045.99	 2.0776	34.6169	27.6699	 1.80	 78.40	0.040	  154.42	 99.95
2072.00	2046.97	 2.0766	34.6171	27.6702	 1.81	 78.69	0.040	  154.37	 99.95
2073.00	2047.95	 2.0762	34.6170	27.6702	 1.81	 78.84	0.040	  154.40	 99.95
2074.00	2048.94	 2.0754	34.6173	27.6704	 1.81	 78.82	0.040	  154.40	 99.95
2075.00	2049.92	 2.0753	34.6173	27.6705	 1.82	 79.00	0.040	  154.41	 99.95
2076.00	2050.90	 2.0751	34.6176	27.6707	 1.82	 79.01	0.039	  154.38	 99.95
2077.00	2051.88	 2.0746	34.6176	27.6708	 1.82	 78.94	0.040	  154.41	 99.95
2078.00	2052.87	 2.0742	34.6177	27.6709	 1.82	 79.21	0.040	  154.34	 99.95
2079.00	2053.85	 2.0737	34.6177	27.6709	 1.82	 79.21	0.040	  154.38	 99.95
2080.00	2054.83	 2.0717	34.6176	27.6710	 1.82	 79.15	0.040	  154.35	 99.95
2081.00	2055.82	 2.0674	34.6175	27.6713	 1.82	 79.09	0.040	  154.40	 99.95
2082.00	2056.80	 2.0664	34.6174	27.6713	 1.82	 78.89	0.040	  154.37	 99.95
2083.00	2057.78	 2.0661	34.6174	27.6713	 1.82	 78.90	0.040	  154.39	 99.95
2084.00	2058.77	 2.0662	34.6174	27.6713	 1.81	 78.63	0.040	  154.38	 99.95
2085.00	2059.75	 2.0659	34.6174	27.6713	 1.81	 78.55	0.040	  154.39	 99.95
2086.00	2060.73	 2.0655	34.6176	27.6715	 1.82	 78.89	0.040	  154.37	 99.95
2087.00	2061.72	 2.0660	34.6178	27.6717	 1.82	 79.08	0.040	  154.36	 99.95
2088.00	2062.70	 2.0662	34.6178	27.6716	 1.82	 79.13	0.040	  154.39	 99.95
2089.00	2063.68	 2.0658	34.6180	27.6719	 1.82	 79.22	0.040	  154.34	 99.95
2090.00	2064.66	 2.0652	34.6179	27.6719	 1.83	 79.56	0.040	  154.40	 99.95
2091.00	2065.65	 2.0645	34.6180	27.6720	 1.82	 79.21	0.040	  154.31	 99.95
2092.00	2066.63	 2.0640	34.6182	27.6721	 1.82	 79.18	0.040	  154.32	 99.95
2093.00	2067.61	 2.0636	34.6180	27.6721	 1.82	 79.21	0.040	  154.37	 99.95
2094.00	2068.60	 2.0627	34.6181	27.6722	 1.82	 79.28	0.040	  154.36	 99.95
2095.00	2069.58	 2.0613	34.6180	27.6722	 1.82	 79.16	0.040	  154.35	 99.95
2096.00	2070.56	 2.0603	34.6180	27.6723	 1.82	 79.30	0.040	  154.37	 99.95
2097.00	2071.55	 2.0590	34.6179	27.6724	 1.82	 79.20	0.040	  154.32	 99.95
2098.00	2072.53	 2.0564	34.6175	27.6722	 1.82	 79.10	0.040	  154.32	 99.95
2099.00	2073.51	 2.0556	34.6180	27.6727	 1.83	 79.40	0.040	  154.35	 99.95
2100.00	2074.49	 2.0565	34.6184	27.6730	 1.83	 79.43	0.040	  154.31	 99.95
2101.00	2075.48	 2.0562	34.6184	27.6730	 1.83	 79.43	0.040	  154.33	 99.95
2102.00	2076.46	 2.0541	34.6182	27.6730	 1.83	 79.44	0.040	  154.33	 99.95
2103.00	2077.44	 2.0520	34.6181	27.6731	 1.82	 79.25	0.040	  154.34	 99.95
2104.00	2078.43	 2.0486	34.6177	27.6731	 1.82	 79.20	0.040	  154.33	 99.95
2105.00	2079.41	 2.0476	34.6180	27.6733	 1.83	 79.35	0.040	  154.32	 99.95
2106.00	2080.39	 2.0463	34.6181	27.6735	 1.83	 79.47	0.040	  154.31	 99.95
2107.00	2081.38	 2.0449	34.6182	27.6738	 1.82	 79.29	0.040	  154.34	 99.95
2108.00	2082.36	 2.0445	34.6183	27.6738	 1.83	 79.35	0.040	  154.34	 99.95
2109.00	2083.34	 2.0443	34.6183	27.6739	 1.83	 79.40	0.040	  154.31	 99.95
2110.00	2084.32	 2.0441	34.6183	27.6739	 1.83	 79.47	0.040	  154.30	 99.95
2111.00	2085.31	 2.0432	34.6185	27.6742	 1.83	 79.45	0.040	  154.37	 99.95
2112.00	2086.29	 2.0425	34.6185	27.6742	 1.83	 79.52	0.040	  154.30	 99.95
2113.00	2087.27	 2.0410	34.6185	27.6743	 1.83	 79.66	0.040	  154.26	 99.95
2114.00	2088.26	 2.0397	34.6186	27.6745	 1.83	 79.44	0.040	  154.26	 99.95
2115.00	2089.24	 2.0375	34.6185	27.6746	 1.83	 79.54	0.040	  154.34	 99.95
2116.00	2090.22	 2.0355	34.6186	27.6748	 1.83	 79.63	0.040	  154.33	 99.95
2117.00	2091.21	 2.0345	34.6186	27.6750	 1.83	 79.58	0.040	  154.35	 99.95
2118.00	2092.19	 2.0342	34.6189	27.6752	 1.83	 79.59	0.040	  154.33	 99.95
2119.00	2093.17	 2.0339	34.6188	27.6752	 1.83	 79.66	0.040	  154.31	 99.95
2120.00	2094.15	 2.0333	34.6189	27.6753	 1.84	 79.82	0.040	  154.32	 99.95
2121.00	2095.14	 2.0325	34.6188	27.6753	 1.84	 80.03	0.040	  154.29	 99.95
2122.00	2096.12	 2.0319	34.6191	27.6755	 1.84	 80.07	0.040	  154.33	 99.95
2123.00	2097.10	 2.0318	34.6191	27.6756	 1.84	 79.96	0.040	  154.35	 99.95
2124.00	2098.09	 2.0313	34.6191	27.6756	 1.84	 80.06	0.040	  154.33	 99.95
2125.00	2099.07	 2.0304	34.6195	27.6760	 1.84	 80.01	0.040	  154.33	 99.95
2126.00	2100.05	 2.0303	34.6194	27.6760	 1.84	 80.01	0.040	  154.35	 99.95
2127.00	2101.03	 2.0301	34.6197	27.6762	 1.85	 80.31	0.040	  154.29	 99.95
2128.00	2102.02	 2.0299	34.6198	27.6763	 1.85	 80.18	0.040	  154.31	 99.95
2129.00	2103.00	 2.0293	34.6199	27.6764	 1.85	 80.32	0.040	  154.30	 99.95
2130.00	2103.98	 2.0292	34.6199	27.6764	 1.85	 80.58	0.040	  154.28	 99.95
2131.00	2104.97	 2.0299	34.6202	27.6766	 1.86	 80.86	0.040	  154.29	 99.95
2132.00	2105.95	 2.0311	34.6209	27.6771	 1.87	 81.13	0.040	  154.32	 99.95
2133.00	2106.93	 2.0319	34.6211	27.6772	 1.87	 81.28	0.040	  154.25	 99.95
2134.00	2107.91	 2.0314	34.6213	27.6774	 1.88	 81.65	0.040	  154.29	 99.95
2135.00	2108.90	 2.0313	34.6214	27.6776	 1.88	 81.59	0.040	  154.27	 99.95
2136.00	2109.88	 2.0298	34.6213	27.6776	 1.87	 81.35	0.040	  154.27	 99.95
