wcoa21_data_management/01_CRUISE_METADATA/00_OCADS_data/CTD_downcasts/WCOA_2021_CTD_downcasts/dRB2102_CTD_120_01_F.txt
* Sea-Bird SBE 9 Data:
* Software Version Seasave V 7.26.7.107
* Vessel: NOAA Ship Ronald H. Brown
* Cruise: RB2102, West Coast Ocean Acidification (WCOA) 2021
* Dates: 20210622 to 20210723
* Region: NE Pacific, USA West Coast
* Ports: San Diego, CA to Port Angeles, WA to San Diego, CA
* Chief Scientists: R. Feely, NOAA PMEL; D. Greeley, NOAA PMEL; B. Carter, NOAA PMEL / UW CICOES
*END*
[from data line 214]
 217.00	 215.33	 8.8895	34.1702	26.4895	 1.25	 54.56	0.040	  162.89	 99.85
 218.00	 216.33	 8.8890	34.1709	26.4901	 1.23	 53.49	0.040	  162.88	 99.85
 219.00	 217.32	 8.8890	34.1715	26.4906	 1.21	 52.74	0.040	  162.89	 99.85
 220.00	 218.31	 8.8860	34.1722	26.4917	 1.20	 52.31	0.040	  162.87	 99.85
 221.00	 219.30	 8.8856	34.1725	26.4920	 1.20	 52.04	0.040	  162.87	 99.85
 222.00	 220.29	 8.8855	34.1725	26.4920	 1.20	 52.10	0.040	  162.84	 99.85
 223.00	 221.28	 8.8851	34.1724	26.4921	 1.20	 52.02	0.040	  162.91	 99.85
 224.00	 222.28	 8.8850	34.1726	26.4922	 1.19	 51.93	0.040	  162.87	 99.85
 225.00	 223.27	 8.8854	34.1726	26.4921	 1.19	 51.80	0.040	  162.81	 99.85
 226.00	 224.26	 8.8850	34.1724	26.4921	 1.19	 51.78	0.040	  162.86	 99.86
 227.00	 225.25	 8.8835	34.1726	26.4925	 1.18	 51.54	0.040	  162.87	 99.86
 228.00	 226.24	 8.8830	34.1727	26.4927	 1.17	 51.08	0.040	  162.85	 99.86
 229.00	 227.23	 8.8794	34.1743	26.4945	 1.17	 50.77	0.040	  162.81	 99.86
 230.00	 228.23	 8.8747	34.1748	26.4957	 1.16	 50.53	0.040	  162.81	 99.87
 231.00	 229.22	 8.8695	34.1757	26.4972	 1.15	 50.24	0.040	  162.82	 99.86
 232.00	 230.21	 8.8654	34.1759	26.4980	 1.15	 50.05	0.040	  162.81	 99.87
 233.00	 231.20	 8.8608	34.1766	26.4993	 1.15	 49.97	0.040	  162.82	 99.87
 234.00	 232.19	 8.8585	34.1764	26.4995	 1.15	 49.85	0.040	  162.76	 99.87
 235.00	 233.19	 8.8363	34.1743	26.5014	 1.14	 49.61	0.040	  162.75	 99.87
 236.00	 234.18	 8.7943	34.1766	26.5098	 1.13	 49.19	0.040	  162.78	 99.88
 237.00	 235.17	 8.7760	34.1793	26.5148	 1.12	 48.93	0.040	  162.82	 99.87
 238.00	 236.16	 8.7736	34.1798	26.5156	 1.12	 48.73	0.040	  162.80	 99.87
 239.00	 237.15	 8.7712	34.1798	26.5159	 1.11	 48.48	0.040	  162.78	 99.87
 240.00	 238.14	 8.7657	34.1803	26.5172	 1.11	 48.15	0.040	  162.77	 99.88
 241.00	 239.14	 8.7542	34.1808	26.5194	 1.10	 47.72	0.040	  162.77	 99.88
 242.00	 240.13	 8.7468	34.1821	26.5216	 1.08	 47.20	0.040	  162.80	 99.88
 243.00	 241.12	 8.7436	34.1828	26.5227	 1.07	 46.36	0.040	  162.79	 99.88
 244.00	 242.11	 8.7370	34.1848	26.5253	 1.04	 45.38	0.040	  162.77	 99.88
 245.00	 243.10	 8.7291	34.1884	26.5294	 1.02	 44.57	0.040	  162.79	 99.88
 246.00	 244.09	 8.7228	34.1908	26.5322	 1.01	 44.11	0.040	  162.78	 99.88
 247.00	 245.09	 8.7094	34.1907	26.5342	 1.00	 43.59	0.040	  162.78	 99.88
 248.00	 246.08	 8.7009	34.1928	26.5372	 0.99	 42.94	0.040	  162.77	 99.88
 249.00	 247.07	 8.6956	34.1948	26.5397	 0.97	 42.39	0.041	  162.76	 99.88
 250.00	 248.06	 8.6822	34.1945	26.5415	 0.97	 41.99	0.041	  162.77	 99.89
 251.00	 249.05	 8.6644	34.1968	26.5461	 0.96	 41.83	0.040	  162.78	 99.89
 252.00	 250.04	 8.6575	34.1974	26.5476	 0.96	 41.67	0.040	  162.83	 99.89
 253.00	 251.04	 8.6541	34.1980	26.5486	 0.95	 41.49	0.041	  162.81	 99.90
 254.00	 252.03	 8.6527	34.1978	26.5487	 0.95	 41.34	0.040	  162.82	 99.90
 255.00	 253.02	 8.6366	34.1974	26.5509	 0.95	 41.23	0.040	  162.81	 99.90
 256.00	 254.01	 8.6260	34.1992	26.5540	 0.95	 41.16	0.040	  162.77	 99.90
 257.00	 255.00	 8.6218	34.1993	26.5547	 0.94	 41.04	0.040	  162.81	 99.90
 258.00	 255.99	 8.6200	34.1995	26.5552	 0.95	 41.12	0.040	  162.76	 99.90
 259.00	 256.98	 8.6182	34.1994	26.5554	 0.94	 41.08	0.040	  162.79	 99.90
 260.00	 257.98	 8.6154	34.1994	26.5559	 0.94	 40.97	0.040	  162.74	 99.90
 261.00	 258.97	 8.6121	34.1996	26.5566	 0.94	 40.86	0.040	  162.76	 99.90
 262.00	 259.96	 8.6074	34.1991	26.5569	 0.94	 40.68	0.040	  162.70	 99.90
 263.00	 260.95	 8.5987	34.1996	26.5586	 0.93	 40.47	0.041	  162.70	 99.90
 264.00	 261.94	 8.5886	34.1995	26.5601	 0.93	 40.27	0.041	  162.70	 99.90
 265.00	 262.93	 8.5726	34.2004	26.5633	 0.92	 40.14	0.040	  162.67	 99.90
 266.00	 263.93	 8.5674	34.2010	26.5646	 0.92	 40.03	0.040	  162.63	 99.90
 267.00	 264.92	 8.5651	34.2010	26.5650	 0.92	 39.98	0.040	  162.70	 99.90
 268.00	 265.91	 8.5594	34.2011	26.5659	 0.92	 39.99	0.040	  162.69	 99.90
 269.00	 266.90	 8.5523	34.2011	26.5670	 0.92	 39.88	0.040	  162.68	 99.90
 270.00	 267.89	 8.5443	34.2010	26.5682	 0.91	 39.65	0.040	  162.68	 99.90
 271.00	 268.88	 8.5267	34.1996	26.5699	 0.91	 39.43	0.040	  162.62	 99.90
 272.00	 269.88	 8.5152	34.2010	26.5727	 0.90	 39.15	0.040	  162.66	 99.90
 273.00	 270.87	 8.4985	34.1993	26.5740	 0.90	 38.96	0.040	  162.67	 99.90
 274.00	 271.86	 8.4815	34.2008	26.5777	 0.89	 38.84	0.040	  162.67	 99.90
 275.00	 272.85	 8.4733	34.2017	26.5798	 0.89	 38.69	0.040	  162.63	 99.90
 276.00	 273.84	 8.4694	34.2020	26.5806	 0.89	 38.55	0.041	  162.62	 99.90
 277.00	 274.83	 8.4643	34.2017	26.5812	 0.88	 38.33	0.041	  162.60	 99.90
 278.00	 275.82	 8.4596	34.2018	26.5820	 0.88	 38.07	0.040	  162.62	 99.90
 279.00	 276.82	 8.4454	34.2008	26.5833	 0.87	 37.89	0.041	  162.69	 99.90
 280.00	 277.81	 8.4339	34.2021	26.5862	 0.87	 37.75	0.041	  162.70	 99.90
 281.00	 278.80	 8.4290	34.2023	26.5871	 0.87	 37.65	0.040	  162.65	 99.90
 282.00	 279.79	 8.4263	34.2023	26.5875	 0.86	 37.51	0.040	  162.62	 99.90
 283.00	 280.78	 8.4222	34.2023	26.5881	 0.86	 37.40	0.041	  162.65	 99.91
 284.00	 281.77	 8.4130	34.2024	26.5897	 0.86	 37.27	0.041	  162.64	 99.91
 285.00	 282.76	 8.4052	34.2023	26.5908	 0.85	 37.17	0.041	  162.61	 99.91
 286.00	 283.76	 8.4011	34.2027	26.5917	 0.85	 37.10	0.041	  162.69	 99.91
 287.00	 284.75	 8.3987	34.2026	26.5920	 0.85	 36.98	0.040	  162.64	 99.90
 288.00	 285.74	 8.3943	34.2029	26.5930	 0.85	 37.01	0.040	  162.58	 99.92
 289.00	 286.73	 8.3891	34.2033	26.5941	 0.85	 36.91	0.040	  162.59	 99.91
 290.00	 287.72	 8.3830	34.2031	26.5949	 0.84	 36.73	0.040	  162.62	 99.91
 291.00	 288.71	 8.3742	34.2031	26.5962	 0.84	 36.61	0.041	  162.58	 99.91
 292.00	 289.70	 8.3645	34.2038	26.5982	 0.84	 36.40	0.041	  162.59	 99.91
 293.00	 290.70	 8.3549	34.2026	26.5988	 0.83	 36.25	0.040	  162.52	 99.91
 294.00	 291.69	 8.3478	34.2040	26.6009	 0.83	 36.19	0.040	  162.56	 99.92
 295.00	 292.68	 8.3415	34.2031	26.6013	 0.83	 36.07	0.041	  162.60	 99.92
 296.00	 293.67	 8.3309	34.2040	26.6036	 0.83	 35.99	0.041	  162.62	 99.91
 297.00	 294.66	 8.3262	34.2046	26.6048	 0.82	 35.88	0.040	  162.56	 99.92
 298.00	 295.65	 8.3212	34.2036	26.6048	 0.82	 35.78	0.040	  162.55	 99.92
 299.00	 296.64	 8.3127	34.2052	26.6073	 0.82	 35.74	0.040	  162.50	 99.93
 300.00	 297.64	 8.3133	34.2053	26.6073	 0.82	 35.74	0.040	  162.52	 99.92
 301.00	 298.63	 8.3111	34.2049	26.6073	 0.82	 35.76	0.040	  162.49	 99.93
 302.00	 299.62	 8.3091	34.2054	26.6080	 0.82	 35.70	0.040	  162.53	 99.92
 303.00	 300.61	 8.3065	34.2049	26.6081	 0.82	 35.64	0.040	  162.55	 99.93
 304.00	 301.60	 8.3014	34.2054	26.6092	 0.82	 35.61	0.040	  162.54	 99.92
 305.00	 302.59	 8.2980	34.2056	26.6100	 0.82	 35.57	0.040	  162.49	 99.93
 306.00	 303.58	 8.2942	34.2056	26.6105	 0.82	 35.50	0.040	  162.49	 99.92
 307.00	 304.58	 8.2897	34.2053	26.6110	 0.81	 35.35	0.040	  162.46	 99.92
 308.00	 305.57	 8.2846	34.2052	26.6117	 0.81	 35.32	0.040	  162.45	 99.92
 309.00	 306.56	 8.2758	34.2054	26.6132	 0.81	 35.30	0.041	  162.43	 99.92
 310.00	 307.55	 8.2734	34.2063	26.6143	 0.81	 35.40	0.041	  162.46	 99.93
 311.00	 308.54	 8.2722	34.2062	26.6144	 0.81	 35.44	0.040	  162.42	 99.93
 312.00	 309.53	 8.2646	34.2066	26.6159	 0.81	 35.44	0.040	  162.44	 99.92
 313.00	 310.52	 8.2590	34.2078	26.6177	 0.82	 35.49	0.040	  162.42	 99.93
 314.00	 311.52	 8.2567	34.2081	26.6183	 0.82	 35.48	0.040	  162.41	 99.93
 315.00	 312.51	 8.2464	34.2074	26.6193	 0.81	 35.43	0.040	  162.42	 99.93
 316.00	 313.50	 8.2384	34.2086	26.6215	 0.81	 35.23	0.040	  162.39	 99.93
 317.00	 314.49	 8.2239	34.2085	26.6236	 0.80	 34.98	0.040	  162.38	 99.93
 318.00	 315.48	 8.1985	34.2083	26.6272	 0.80	 34.75	0.040	  162.41	 99.93
 319.00	 316.47	 8.1914	34.2091	26.6290	 0.80	 34.64	0.040	  162.40	 99.93
 320.00	 317.46	 8.1873	34.2097	26.6300	 0.79	 34.55	0.040	  162.40	 99.93
 321.00	 318.45	 8.1857	34.2097	26.6303	 0.79	 34.44	0.040	  162.32	 99.93
 322.00	 319.45	 8.1839	34.2095	26.6304	 0.79	 34.43	0.041	  162.39	 99.93
 323.00	 320.44	 8.1778	34.2097	26.6315	 0.79	 34.30	0.042	  162.34	 99.93
 324.00	 321.43	 8.1731	34.2099	26.6324	 0.79	 34.29	0.041	  162.37	 99.93
 325.00	 322.42	 8.1706	34.2102	26.6330	 0.78	 34.14	0.040	  162.35	 99.93
 326.00	 323.41	 8.1665	34.2101	26.6336	 0.79	 34.15	0.040	  162.33	 99.93
 327.00	 324.40	 8.1619	34.2104	26.6345	 0.79	 34.16	0.040	  162.35	 99.93
 328.00	 325.39	 8.1610	34.2108	26.6350	 0.78	 34.04	0.041	  162.35	 99.93
 329.00	 326.39	 8.1612	34.2108	26.6350	 0.78	 33.94	0.040	  162.30	 99.93
 330.00	 327.38	 8.1576	34.2100	26.6349	 0.78	 33.97	0.040	  162.33	 99.93
 331.00	 328.37	 8.1511	34.2111	26.6368	 0.78	 33.94	0.041	  162.32	 99.93
 332.00	 329.36	 8.1511	34.2113	26.6369	 0.78	 33.88	0.040	  162.29	 99.93
 333.00	 330.35	 8.1518	34.2113	26.6368	 0.78	 33.86	0.041	  162.29	 99.93
 334.00	 331.34	 8.1518	34.2113	26.6368	 0.78	 33.86	0.041	  162.26	 99.93
 335.00	 332.33	 8.1510	34.2114	26.6371	 0.78	 33.88	0.040	  162.29	 99.93
 336.00	 333.32	 8.1504	34.2114	26.6371	 0.78	 33.84	0.040	  162.30	 99.93
 337.00	 334.32	 8.1498	34.2115	26.6374	 0.78	 33.86	0.040	  162.26	 99.93
 338.00	 335.31	 8.1496	34.2116	26.6375	 0.78	 33.85	0.040	  162.24	 99.93
 339.00	 336.30	 8.1473	34.2113	26.6376	 0.78	 33.81	0.040	  162.26	 99.93
 340.00	 337.29	 8.1412	34.2120	26.6390	 0.77	 33.66	0.040	  162.21	 99.93
 341.00	 338.28	 8.1360	34.2120	26.6399	 0.77	 33.56	0.040	  162.25	 99.93
 342.00	 339.27	 8.1303	34.2115	26.6404	 0.77	 33.43	0.040	  162.20	 99.93
 343.00	 340.26	 8.1198	34.2120	26.6423	 0.76	 33.03	0.040	  162.29	 99.93
 344.00	 341.25	 8.1086	34.2102	26.6426	 0.75	 32.59	0.040	  162.21	 99.93
 345.00	 342.24	 8.0781	34.2071	26.6447	 0.74	 32.32	0.040	  162.24	 99.93
 346.00	 343.24	 8.0534	34.2098	26.6505	 0.74	 32.07	0.040	  162.23	 99.93
 347.00	 344.23	 8.0511	34.2101	26.6511	 0.73	 31.90	0.041	  162.25	 99.93
 348.00	 345.22	 8.0460	34.2093	26.6512	 0.73	 31.67	0.042	  162.26	 99.93
 349.00	 346.21	 8.0398	34.2089	26.6519	 0.72	 31.47	0.040	  162.21	 99.93
 350.00	 347.20	 8.0251	34.2080	26.6533	 0.72	 31.24	0.040	  162.20	 99.93
 351.00	 348.19	 8.0122	34.2091	26.6561	 0.71	 31.05	0.040	  162.21	 99.93
 352.00	 349.18	 7.9989	34.2078	26.6571	 0.71	 30.83	0.040	  162.26	 99.93
 353.00	 350.17	 7.9821	34.2082	26.6599	 0.70	 30.56	0.040	  162.21	 99.93
 354.00	 351.17	 7.9660	34.2070	26.6613	 0.70	 30.31	0.041	  162.23	 99.93
 355.00	 352.16	 7.9418	34.2082	26.6659	 0.69	 30.07	0.042	  162.21	 99.93
 356.00	 353.15	 7.9294	34.2074	26.6671	 0.69	 29.81	0.042	  162.25	 99.93
 357.00	 354.14	 7.9100	34.2086	26.6709	 0.68	 29.46	0.042	  162.21	 99.93
 358.00	 355.13	 7.8893	34.2075	26.6731	 0.67	 29.09	0.040	  162.21	 99.94
 359.00	 356.12	 7.8710	34.2085	26.6765	 0.66	 28.79	0.040	  162.24	 99.94
 360.00	 357.11	 7.8652	34.2090	26.6778	 0.66	 28.70	0.040	  162.23	 99.94
 361.00	 358.10	 7.8639	34.2095	26.6784	 0.66	 28.63	0.040	  162.19	 99.94
 362.00	 359.09	 7.8636	34.2095	26.6785	 0.66	 28.51	0.040	  162.25	 99.94
 363.00	 360.09	 7.8623	34.2094	26.6786	 0.65	 28.41	0.040	  162.17	 99.94
 364.00	 361.08	 7.8605	34.2093	26.6788	 0.65	 28.35	0.040	  162.21	 99.94
 365.00	 362.07	 7.8572	34.2095	26.6795	 0.65	 28.17	0.040	  162.20	 99.94
 366.00	 363.06	 7.8539	34.2093	26.6798	 0.64	 27.98	0.040	  162.18	 99.94
 367.00	 364.05	 7.8457	34.2081	26.6800	 0.64	 27.70	0.040	  162.18	 99.95
 368.00	 365.04	 7.8208	34.2067	26.6826	 0.63	 27.34	0.040	  162.25	 99.94
 369.00	 366.03	 7.7949	34.2079	26.6873	 0.62	 27.03	0.042	  162.25	 99.95
 370.00	 367.02	 7.7788	34.2088	26.6904	 0.62	 26.79	0.040	  162.19	 99.95
 371.00	 368.01	 7.7663	34.2096	26.6929	 0.61	 26.70	0.041	  162.22	 99.95
 372.00	 369.01	 7.7565	34.2091	26.6939	 0.61	 26.64	0.041	  162.22	 99.95
 373.00	 370.00	 7.7465	34.2100	26.6961	 0.61	 26.56	0.041	  162.20	 99.95
 374.00	 370.99	 7.7436	34.2103	26.6967	 0.61	 26.54	0.041	  162.16	 99.95
 375.00	 371.98	 7.7402	34.2103	26.6973	 0.61	 26.48	0.040	  162.12	 99.95
 376.00	 372.97	 7.7376	34.2107	26.6979	 0.61	 26.41	0.040	  162.16	 99.95
 377.00	 373.96	 7.7363	34.2107	26.6981	 0.61	 26.43	0.040	  162.18	 99.95
 378.00	 374.95	 7.7343	34.2102	26.6981	 0.61	 26.34	0.040	  162.15	 99.95
 379.00	 375.94	 7.7218	34.2098	26.6996	 0.60	 26.07	0.040	  162.19	 99.95
 380.00	 376.93	 7.7108	34.2105	26.7017	 0.60	 25.89	0.041	  162.17	 99.95
 381.00	 377.92	 7.7022	34.2103	26.7029	 0.59	 25.69	0.040	  162.14	 99.95
 382.00	 378.92	 7.6822	34.2102	26.7056	 0.59	 25.59	0.041	  162.11	 99.95
 383.00	 379.91	 7.6703	34.2117	26.7085	 0.59	 25.48	0.042	  162.14	 99.95
 384.00	 380.90	 7.6654	34.2115	26.7092	 0.58	 25.32	0.041	  162.14	 99.95
 385.00	 381.89	 7.6557	34.2113	26.7104	 0.58	 25.26	0.040	  162.11	 99.95
 386.00	 382.88	 7.6445	34.2120	26.7125	 0.58	 25.16	0.040	  162.12	 99.95
 387.00	 383.87	 7.6373	34.2125	26.7140	 0.58	 25.10	0.040	  162.10	 99.95
 388.00	 384.86	 7.6358	34.2129	26.7145	 0.57	 25.00	0.041	  162.10	 99.95
 389.00	 385.85	 7.6360	34.2130	26.7146	 0.57	 24.86	0.041	  162.13	 99.95
 390.00	 386.84	 7.6348	34.2120	26.7140	 0.57	 24.61	0.040	  162.14	 99.95
 391.00	 387.83	 7.6128	34.2112	26.7166	 0.56	 24.25	0.040	  162.08	 99.95
 392.00	 388.83	 7.5976	34.2129	26.7201	 0.55	 23.98	0.042	  162.05	 99.95
 393.00	 389.82	 7.5859	34.2135	26.7223	 0.55	 23.82	0.041	  162.14	 99.95
 394.00	 390.81	 7.5769	34.2143	26.7241	 0.54	 23.63	0.040	  162.09	 99.95
 395.00	 391.80	 7.5727	34.2140	26.7245	 0.54	 23.48	0.041	  162.10	 99.95
 396.00	 392.79	 7.5626	34.2146	26.7265	 0.54	 23.33	0.040	  162.05	 99.95
 397.00	 393.78	 7.5613	34.2150	26.7270	 0.54	 23.28	0.040	  162.08	 99.95
 398.00	 394.77	 7.5590	34.2146	26.7271	 0.53	 23.11	0.041	  162.10	 99.95
 399.00	 395.76	 7.5516	34.2150	26.7284	 0.53	 22.96	0.042	  162.13	 99.95
 400.00	 396.75	 7.5413	34.2139	26.7291	 0.52	 22.76	0.042	  162.10	 99.95
 401.00	 397.74	 7.5292	34.2157	26.7322	 0.52	 22.52	0.042	  162.09	 99.96
 402.00	 398.73	 7.5207	34.2156	26.7334	 0.51	 22.07	0.041	  162.07	 99.96
 403.00	 399.73	 7.5044	34.2135	26.7341	 0.49	 21.46	0.040	  162.10	 99.96
 404.00	 400.72	 7.4678	34.2149	26.7403	 0.48	 21.06	0.040	  162.06	 99.96
 405.00	 401.71	 7.4421	34.2165	26.7453	 0.47	 20.61	0.040	  162.09	 99.96
 406.00	 402.70	 7.4228	34.2182	26.7494	 0.46	 20.18	0.041	  162.08	 99.96
 407.00	 403.69	 7.4120	34.2183	26.7510	 0.45	 19.76	0.042	  162.02	 99.97
 408.00	 404.68	 7.3912	34.2177	26.7534	 0.45	 19.49	0.041	  162.05	 99.97
 409.00	 405.67	 7.3730	34.2206	26.7583	 0.44	 19.26	0.042	  162.05	 99.97
 410.00	 406.66	 7.3674	34.2207	26.7592	 0.44	 18.99	0.041	  162.06	 87.92
 411.00	 407.65	 7.3603	34.2208	26.7603	 0.43	 18.49	0.040	  162.05	 93.81
 412.00	 408.64	 7.3416	34.2176	26.7604	 0.41	 17.90	0.041	  162.02	 99.97
 413.00	 409.63	 7.2889	34.2205	26.7701	 0.40	 17.46	0.042	  162.04	 99.98
 414.00	 410.63	 7.2692	34.2226	26.7745	 0.40	 17.21	0.041	  162.06	 99.97
 415.00	 411.62	 7.2482	34.2234	26.7780	 0.39	 16.97	0.041	  161.98	 99.98
 416.00	 412.61	 7.2353	34.2247	26.7809	 0.38	 16.74	0.042	  161.99	 99.98
 417.00	 413.60	 7.2273	34.2255	26.7827	 0.38	 16.53	0.042	  162.03	 99.98
 418.00	 414.59	 7.2169	34.2251	26.7838	 0.38	 16.33	0.041	  162.11	 99.98
 419.00	 415.58	 7.2012	34.2258	26.7866	 0.37	 16.16	0.041	  162.09	 99.98
 420.00	 416.57	 7.1900	34.2266	26.7887	 0.37	 16.01	0.042	  161.99	 99.98
 421.00	 417.56	 7.1792	34.2263	26.7900	 0.36	 15.82	0.042	  162.02	 99.98
 422.00	 418.55	 7.1669	34.2282	26.7932	 0.36	 15.69	0.042	  162.02	 99.98
 423.00	 419.54	 7.1651	34.2282	26.7935	 0.36	 15.50	0.042	  162.01	 99.98
 424.00	 420.53	 7.1602	34.2280	26.7941	 0.35	 15.42	0.042	  161.99	 99.98
 425.00	 421.52	 7.1558	34.2286	26.7951	 0.35	 15.44	0.041	  162.03	 99.98
 426.00	 422.52	 7.1537	34.2287	26.7955	 0.35	 15.27	0.041	  162.02	 99.98
 427.00	 423.51	 7.1492	34.2285	26.7960	 0.35	 15.07	0.042	  161.95	 99.98
 428.00	 424.50	 7.1216	34.2275	26.7991	 0.34	 14.95	0.042	  162.03	 99.98
