wcoa21_data_management/01_CRUISE_METADATA/00_OCADS_data/CTD_downcasts/WCOA_2021_CTD_downcasts/dRB2102_CTD_110_01_F.txt
* Sea-Bird SBE 9 Data:
* Software Version Seasave V 7.26.7.107
* Vessel: NOAA Ship Ronald H. Brown
* Cruise: RB2102, West Coast Ocean Acidification (WCOA) 2021
* Dates: 20210622 to 20210723
* Region: NE Pacific, USA West Coast
* Ports: San Diego, CA to Port Angeles, WA to San Diego, CA
* Chief Scientists: R. Feely, NOAA PMEL; D. Greeley, NOAA PMEL; B. Carter, NOAA PMEL / UW CICOES
*END*
[from data line 2561]
2563.00	2529.32	 1.7859	34.6486	27.7205	 2.37	102.94	0.040	  140.63	 99.93
2564.00	2530.30	 1.7857	34.6486	27.7205	 2.37	102.82	0.040	  140.66	 99.92
2565.00	2531.28	 1.7853	34.6487	27.7207	 2.37	102.79	0.040	  140.61	 99.92
2566.00	2532.26	 1.7852	34.6487	27.7207	 2.37	102.81	0.040	  140.65	 99.93
2567.00	2533.24	 1.7853	34.6486	27.7206	 2.37	102.82	0.040	  140.64	 99.92
2568.00	2534.22	 1.7852	34.6488	27.7207	 2.37	102.84	0.040	  140.61	 99.92
2569.00	2535.20	 1.7852	34.6487	27.7207	 2.37	102.86	0.040	  140.60	 99.92
2570.00	2536.19	 1.7853	34.6486	27.7206	 2.37	102.87	0.040	  140.61	 99.92
2571.00	2537.17	 1.7852	34.6487	27.7207	 2.37	102.89	0.040	  140.64	 99.92
2572.00	2538.15	 1.7850	34.6488	27.7208	 2.37	102.91	0.040	  140.60	 99.93
2573.00	2539.13	 1.7844	34.6488	27.7209	 2.37	102.92	0.040	  140.62	 99.92
2574.00	2540.11	 1.7840	34.6487	27.7209	 2.37	102.94	0.040	  140.66	 99.92
2575.00	2541.09	 1.7833	34.6489	27.7210	 2.37	102.96	0.039	  140.64	 99.92
2576.00	2542.07	 1.7812	34.6490	27.7213	 2.37	102.98	0.040	  140.60	 99.92
2577.00	2543.05	 1.7807	34.6492	27.7215	 2.37	103.11	0.040	  140.67	 99.92
2578.00	2544.03	 1.7807	34.6491	27.7214	 2.37	103.12	0.040	  140.58	 99.92
2579.00	2545.01	 1.7806	34.6492	27.7215	 2.37	103.01	0.040	  140.69	 99.92
2580.00	2546.00	 1.7806	34.6492	27.7215	 2.38	103.26	0.040	  140.63	 99.92
2581.00	2546.98	 1.7805	34.6491	27.7214	 2.38	103.43	0.040	  140.63	 99.92
2582.00	2547.96	 1.7804	34.6493	27.7216	 2.38	103.40	0.040	  140.64	 99.92
2583.00	2548.94	 1.7804	34.6493	27.7216	 2.38	103.36	0.040	  140.68	 99.92
2584.00	2549.92	 1.7794	34.6491	27.7216	 2.38	103.54	0.040	  140.62	 99.92
2585.00	2550.90	 1.7782	34.6494	27.7219	 2.38	103.45	0.040	  140.60	 99.92
2586.00	2551.88	 1.7779	34.6495	27.7220	 2.38	103.39	0.040	  140.61	 99.92
2587.00	2552.86	 1.7777	34.6495	27.7220	 2.38	103.50	0.040	  140.62	 99.93
2588.00	2553.84	 1.7777	34.6495	27.7220	 2.38	103.53	0.040	  140.60	 99.92
2589.00	2554.82	 1.7778	34.6495	27.7220	 2.38	103.49	0.040	  140.62	 99.93
2590.00	2555.80	 1.7776	34.6494	27.7219	 2.38	103.47	0.040	  140.61	 99.92
2591.00	2556.78	 1.7770	34.6495	27.7221	 2.38	103.57	0.040	  140.59	 99.92
2592.00	2557.77	 1.7760	34.6495	27.7221	 2.38	103.62	0.040	  140.62	 99.92
2593.00	2558.75	 1.7752	34.6494	27.7222	 2.38	103.58	0.040	  140.58	 99.92
2594.00	2559.73	 1.7743	34.6498	27.7225	 2.39	103.64	0.040	  140.60	 99.92
2595.00	2560.71	 1.7740	34.6497	27.7225	 2.39	103.72	0.040	  140.60	 99.93
2596.00	2561.69	 1.7737	34.6497	27.7225	 2.39	103.78	0.040	  140.58	 99.92
2597.00	2562.67	 1.7733	34.6498	27.7227	 2.39	103.82	0.040	  140.56	 99.93
2598.00	2563.65	 1.7731	34.6498	27.7227	 2.39	103.97	0.040	  140.60	 99.92
2599.00	2564.63	 1.7731	34.6499	27.7228	 2.40	104.17	0.040	  140.62	 99.92
2600.00	2565.61	 1.7724	34.6499	27.7228	 2.40	104.08	0.040	  140.63	 99.92
2601.00	2566.59	 1.7718	34.6500	27.7230	 2.39	103.98	0.040	  140.58	 99.92
2602.00	2567.57	 1.7715	34.6501	27.7230	 2.39	104.06	0.040	  140.59	 99.92
2603.00	2568.55	 1.7713	34.6500	27.7230	 2.40	104.08	0.040	  140.58	 99.92
2604.00	2569.54	 1.7709	34.6500	27.7231	 2.40	104.09	0.040	  140.58	 99.92
2605.00	2570.52	 1.7712	34.6501	27.7231	 2.40	104.08	0.040	  140.63	 99.92
2606.00	2571.50	 1.7710	34.6501	27.7231	 2.40	104.16	0.040	  140.64	 99.92
2607.00	2572.48	 1.7709	34.6501	27.7231	 2.40	104.14	0.040	  140.65	 99.92
2608.00	2573.46	 1.7711	34.6500	27.7231	 2.40	104.15	0.040	  140.60	 99.92
2609.00	2574.44	 1.7709	34.6501	27.7231	 2.40	104.17	0.040	  140.60	 99.92
2610.00	2575.42	 1.7709	34.6501	27.7231	 2.40	104.19	0.040	  140.56	 99.92
2611.00	2576.40	 1.7706	34.6501	27.7232	 2.40	104.17	0.040	  140.61	 99.92
2612.00	2577.38	 1.7697	34.6502	27.7233	 2.40	104.20	0.040	  140.57	 99.92
2613.00	2578.36	 1.7692	34.6502	27.7234	 2.40	104.29	0.040	  140.65	 99.92
2614.00	2579.34	 1.7690	34.6503	27.7234	 2.40	104.26	0.040	  140.59	 99.93
2615.00	2580.32	 1.7688	34.6502	27.7234	 2.40	104.32	0.040	  140.61	 99.92
2616.00	2581.31	 1.7682	34.6503	27.7235	 2.40	104.32	0.040	  140.56	 99.92
2617.00	2582.29	 1.7671	34.6503	27.7236	 2.40	104.31	0.040	  140.56	 99.92
2618.00	2583.27	 1.7659	34.6505	27.7239	 2.40	104.46	0.039	  140.58	 99.92
2619.00	2584.25	 1.7658	34.6505	27.7239	 2.40	104.49	0.040	  140.58	 99.92
2620.00	2585.23	 1.7658	34.6505	27.7239	 2.40	104.44	0.040	  140.56	 99.92
2621.00	2586.21	 1.7658	34.6505	27.7239	 2.41	104.60	0.040	  140.60	 99.93
2622.00	2587.19	 1.7658	34.6504	27.7239	 2.41	104.73	0.040	  140.60	 99.92
2623.00	2588.17	 1.7656	34.6506	27.7240	 2.41	104.63	0.040	  140.60	 99.93
2624.00	2589.15	 1.7657	34.6505	27.7239	 2.41	104.67	0.040	  140.58	 99.92
2625.00	2590.13	 1.7656	34.6506	27.7240	 2.41	104.61	0.040	  140.55	 99.92
2626.00	2591.11	 1.7653	34.6506	27.7240	 2.41	104.68	0.040	  140.60	 99.92
2627.00	2592.09	 1.7649	34.6506	27.7241	 2.41	104.92	0.040	  140.60	 99.91
2628.00	2593.07	 1.7642	34.6508	27.7243	 2.41	104.81	0.040	  140.62	 99.92
2629.00	2594.05	 1.7640	34.6509	27.7244	 2.41	104.80	0.039	  140.60	 99.93
2630.00	2595.04	 1.7641	34.6507	27.7243	 2.41	104.80	0.039	  140.60	 99.93
2631.00	2596.02	 1.7639	34.6507	27.7243	 2.41	104.84	0.040	  140.57	 99.92
2632.00	2597.00	 1.7638	34.6508	27.7243	 2.41	104.83	0.040	  140.58	 99.92
2633.00	2597.98	 1.7633	34.6509	27.7245	 2.41	104.93	0.040	  140.58	 99.92
2634.00	2598.96	 1.7630	34.6509	27.7245	 2.41	104.92	0.040	  140.54	 99.93
2635.00	2599.94	 1.7625	34.6507	27.7244	 2.42	104.95	0.040	  140.56	 99.93
2636.00	2600.92	 1.7623	34.6510	27.7246	 2.42	105.07	0.040	  140.54	 99.92
2637.00	2601.90	 1.7613	34.6509	27.7246	 2.42	105.00	0.040	  140.51	 99.92
2638.00	2602.88	 1.7610	34.6511	27.7248	 2.42	105.01	0.040	  140.62	 99.92
2639.00	2603.86	 1.7608	34.6510	27.7248	 2.42	105.03	0.040	  140.56	 99.92
2640.00	2604.84	 1.7608	34.6510	27.7248	 2.42	105.05	0.040	  140.54	 99.92
2641.00	2605.82	 1.7608	34.6511	27.7249	 2.42	105.06	0.040	  140.62	 99.92
2642.00	2606.80	 1.7609	34.6510	27.7248	 2.42	105.13	0.040	  140.58	 99.92
2643.00	2607.78	 1.7607	34.6510	27.7248	 2.42	105.12	0.039	  140.48	 99.92
2644.00	2608.76	 1.7597	34.6511	27.7250	 2.42	105.12	0.039	  140.58	 99.92
2645.00	2609.74	 1.7585	34.6512	27.7251	 2.43	105.40	0.040	  140.55	 99.92
2646.00	2610.73	 1.7571	34.6513	27.7254	 2.43	105.53	0.040	  140.51	 99.92
2647.00	2611.71	 1.7563	34.6514	27.7255	 2.43	105.52	0.040	  140.56	 99.92
2648.00	2612.69	 1.7562	34.6514	27.7255	 2.43	105.48	0.040	  140.55	 99.92
2649.00	2613.67	 1.7559	34.6513	27.7255	 2.43	105.52	0.040	  140.50	 99.92
2650.00	2614.65	 1.7552	34.6516	27.7257	 2.43	105.57	0.040	  140.51	 99.92
2651.00	2615.63	 1.7548	34.6516	27.7258	 2.43	105.53	0.040	  140.54	 99.92
2652.00	2616.61	 1.7546	34.6517	27.7259	 2.43	105.60	0.040	  140.54	 99.92
2653.00	2617.59	 1.7544	34.6517	27.7259	 2.43	105.60	0.040	  140.59	 99.92
2654.00	2618.57	 1.7546	34.6516	27.7258	 2.43	105.57	0.040	  140.57	 99.92
2655.00	2619.55	 1.7541	34.6518	27.7260	 2.43	105.60	0.040	  140.56	 99.92
2656.00	2620.53	 1.7539	34.6518	27.7260	 2.43	105.62	0.039	  140.58	 99.91
2657.00	2621.51	 1.7528	34.6517	27.7260	 2.43	105.70	0.040	  140.60	 99.92
2658.00	2622.49	 1.7516	34.6520	27.7264	 2.44	105.88	0.040	  140.59	 99.91
2659.00	2623.47	 1.7515	34.6520	27.7264	 2.44	106.11	0.040	  140.55	 99.92
2660.00	2624.45	 1.7513	34.6519	27.7264	 2.44	106.03	0.040	  140.51	 99.92
2661.00	2625.43	 1.7514	34.6520	27.7264	 2.44	105.97	0.040	  140.49	 99.92
2662.00	2626.41	 1.7517	34.6521	27.7265	 2.44	106.04	0.040	  140.47	 99.92
2663.00	2627.40	 1.7511	34.6521	27.7265	 2.44	106.15	0.040	  140.52	 99.90
2664.00	2628.38	 1.7511	34.6522	27.7266	 2.44	106.22	0.040	  140.57	 99.92
2665.00	2629.36	 1.7511	34.6521	27.7265	 2.44	106.09	0.040	  140.50	 99.92
2666.00	2630.34	 1.7511	34.6520	27.7265	 2.44	106.11	0.040	  140.50	 99.92
2667.00	2631.32	 1.7511	34.6521	27.7266	 2.44	106.13	0.040	  140.48	 99.92
2668.00	2632.30	 1.7507	34.6520	27.7265	 2.44	106.17	0.040	  140.49	 99.92
2669.00	2633.28	 1.7504	34.6521	27.7266	 2.44	106.19	0.040	  140.47	 99.92
2670.00	2634.26	 1.7499	34.6521	27.7267	 2.44	106.15	0.040	  140.50	 99.92
2671.00	2635.24	 1.7496	34.6522	27.7268	 2.44	106.20	0.040	  140.57	 99.92
2672.00	2636.22	 1.7495	34.6521	27.7267	 2.45	106.31	0.040	  140.46	 99.92
2673.00	2637.20	 1.7492	34.6523	27.7269	 2.45	106.29	0.040	  140.48	 99.92
2674.00	2638.18	 1.7493	34.6521	27.7268	 2.44	106.21	0.040	  140.51	 99.92
2675.00	2639.16	 1.7493	34.6522	27.7268	 2.45	106.33	0.040	  140.50	 99.91
2676.00	2640.14	 1.7490	34.6523	27.7269	 2.45	106.31	0.040	  140.47	 99.92
2677.00	2641.12	 1.7487	34.6523	27.7269	 2.45	106.33	0.040	  140.50	 99.91
2678.00	2642.10	 1.7476	34.6524	27.7271	 2.45	106.38	0.040	  140.52	 99.91
2679.00	2643.08	 1.7472	34.6525	27.7272	 2.45	106.47	0.040	  140.49	 99.92
2680.00	2644.06	 1.7470	34.6525	27.7272	 2.45	106.44	0.040	  140.50	 99.92
2681.00	2645.04	 1.7470	34.6524	27.7272	 2.45	106.39	0.040	  140.53	 99.91
2682.00	2646.02	 1.7466	34.6525	27.7273	 2.45	106.52	0.040	  140.54	 99.92
2683.00	2647.01	 1.7465	34.6525	27.7273	 2.45	106.55	0.040	  140.43	 99.92
2684.00	2647.99	 1.7464	34.6525	27.7273	 2.45	106.48	0.040	  140.51	 99.92
2685.00	2648.97	 1.7464	34.6525	27.7274	 2.45	106.49	0.039	  140.52	 99.92
2686.00	2649.95	 1.7465	34.6525	27.7274	 2.45	106.47	0.040	  140.50	 99.92
2687.00	2650.93	 1.7466	34.6525	27.7273	 2.45	106.64	0.040	  140.52	 99.91
2688.00	2651.91	 1.7467	34.6523	27.7272	 2.45	106.65	0.040	  140.51	 99.92
2689.00	2652.89	 1.7464	34.6524	27.7273	 2.45	106.55	0.040	  140.48	 99.92
2690.00	2653.87	 1.7452	34.6525	27.7274	 2.45	106.59	0.040	  140.50	 99.92
2691.00	2654.85	 1.7448	34.6525	27.7275	 2.45	106.58	0.040	  140.52	 99.92
2692.00	2655.83	 1.7441	34.6527	27.7277	 2.45	106.57	0.040	  140.47	 99.92
2693.00	2656.81	 1.7442	34.6526	27.7276	 2.45	106.56	0.040	  140.52	 99.92
2694.00	2657.79	 1.7441	34.6526	27.7276	 2.45	106.63	0.040	  140.49	 99.92
2695.00	2658.77	 1.7441	34.6527	27.7277	 2.45	106.64	0.040	  140.45	 99.92
2696.00	2659.75	 1.7441	34.6527	27.7277	 2.45	106.66	0.040	  140.42	 99.93
2697.00	2660.73	 1.7432	34.6525	27.7276	 2.46	106.71	0.040	  140.42	 99.93
2698.00	2661.71	 1.7424	34.6527	27.7279	 2.46	106.75	0.040	  140.51	 99.92
2699.00	2662.69	 1.7418	34.6527	27.7279	 2.46	106.79	0.040	  140.44	 99.92
2700.00	2663.67	 1.7415	34.6528	27.7281	 2.46	106.95	0.040	  140.47	 99.92
2701.00	2664.65	 1.7409	34.6529	27.7282	 2.46	107.10	0.040	  140.49	 99.92
2702.00	2665.63	 1.7407	34.6529	27.7282	 2.47	107.15	0.040	  140.45	 99.92
2703.00	2666.61	 1.7406	34.6528	27.7281	 2.46	106.87	0.040	  140.46	 99.92
2704.00	2667.59	 1.7407	34.6527	27.7281	 2.46	106.91	0.040	  140.48	 99.92
2705.00	2668.57	 1.7400	34.6530	27.7283	 2.47	107.17	0.040	  140.45	 99.91
2706.00	2669.55	 1.7394	34.6529	27.7283	 2.46	107.09	0.040	  140.48	 99.92
2707.00	2670.53	 1.7388	34.6531	27.7285	 2.47	107.21	0.040	  140.48	 99.91
2708.00	2671.51	 1.7385	34.6531	27.7285	 2.47	107.17	0.040	  140.48	 99.91
2709.00	2672.50	 1.7383	34.6530	27.7285	 2.46	107.10	0.040	  140.48	 99.92
2710.00	2673.48	 1.7382	34.6531	27.7286	 2.47	107.25	0.040	  140.43	 99.92
2711.00	2674.46	 1.7382	34.6531	27.7285	 2.47	107.30	0.040	  140.41	 99.92
2712.00	2675.44	 1.7381	34.6532	27.7287	 2.47	107.31	0.040	  140.42	 99.92
2713.00	2676.42	 1.7379	34.6532	27.7287	 2.47	107.28	0.040	  140.43	 99.92
2714.00	2677.40	 1.7371	34.6531	27.7287	 2.47	107.30	0.039	  140.46	 99.91
2715.00	2678.38	 1.7363	34.6533	27.7289	 2.47	107.32	0.039	  140.47	 99.91
2716.00	2679.36	 1.7367	34.6533	27.7289	 2.47	107.32	0.039	  140.42	 99.92
2717.00	2680.34	 1.7360	34.6532	27.7288	 2.47	107.30	0.040	  140.37	 99.92
2718.00	2681.32	 1.7350	34.6535	27.7292	 2.47	107.41	0.040	  140.52	 99.92
2719.00	2682.30	 1.7349	34.6533	27.7291	 2.47	107.46	0.040	  140.45	 99.91
2720.00	2683.28	 1.7344	34.6535	27.7292	 2.47	107.41	0.040	  140.45	 99.92
2721.00	2684.26	 1.7340	34.6535	27.7293	 2.47	107.43	0.040	  140.39	 99.92
2722.00	2685.24	 1.7339	34.6534	27.7292	 2.47	107.45	0.040	  140.46	 99.92
2723.00	2686.22	 1.7337	34.6536	27.7294	 2.47	107.50	0.040	  140.43	 99.91
2724.00	2687.20	 1.7335	34.6535	27.7293	 2.48	107.58	0.040	  140.45	 99.92
2725.00	2688.18	 1.7329	34.6535	27.7294	 2.48	107.58	0.039	  140.44	 99.91
2726.00	2689.16	 1.7325	34.6535	27.7294	 2.47	107.51	0.040	  140.49	 99.91
2727.00	2690.14	 1.7319	34.6536	27.7296	 2.48	107.73	0.040	  140.46	 99.92
2728.00	2691.12	 1.7319	34.6537	27.7296	 2.48	107.96	0.040	  140.47	 99.91
2729.00	2692.10	 1.7319	34.6537	27.7296	 2.48	107.94	0.040	  140.45	 99.92
2730.00	2693.08	 1.7319	34.6538	27.7297	 2.48	107.80	0.040	  140.48	 99.92
2731.00	2694.06	 1.7317	34.6536	27.7296	 2.48	107.84	0.040	  140.44	 99.92
2732.00	2695.04	 1.7314	34.6537	27.7297	 2.48	107.86	0.040	  140.44	 99.91
2733.00	2696.02	 1.7313	34.6537	27.7297	 2.48	107.97	0.040	  140.44	 99.92
2734.00	2697.00	 1.7306	34.6537	27.7298	 2.48	107.88	0.040	  140.42	 99.92
2735.00	2697.98	 1.7303	34.6538	27.7299	 2.48	107.81	0.040	  140.46	 99.91
2736.00	2698.96	 1.7303	34.6538	27.7299	 2.48	107.69	0.039	  140.46	 99.91
2737.00	2699.94	 1.7302	34.6538	27.7299	 2.48	107.89	0.039	  140.42	 99.92
2738.00	2700.92	 1.7299	34.6538	27.7299	 2.48	107.97	0.039	  140.40	 99.92
2739.00	2701.90	 1.7296	34.6538	27.7300	 2.48	107.73	0.040	  140.40	 99.92
2740.00	2702.88	 1.7295	34.6539	27.7300	 2.48	107.82	0.040	  140.47	 99.91
2741.00	2703.86	 1.7296	34.6539	27.7300	 2.48	107.89	0.040	  140.38	 99.92
2742.00	2704.84	 1.7295	34.6539	27.7301	 2.48	107.96	0.040	  140.44	 99.92
2743.00	2705.82	 1.7292	34.6540	27.7301	 2.49	108.06	0.040	  140.45	 99.91
2744.00	2706.80	 1.7287	34.6539	27.7302	 2.48	107.97	0.039	  140.44	 99.91
2745.00	2707.78	 1.7283	34.6540	27.7302	 2.49	108.08	0.040	  140.41	 99.92
2746.00	2708.76	 1.7278	34.6540	27.7303	 2.49	108.06	0.040	  140.39	 99.92
2747.00	2709.74	 1.7277	34.6539	27.7303	 2.49	108.08	0.040	  140.39	 99.92
2748.00	2710.72	 1.7277	34.6539	27.7303	 2.49	108.18	0.040	  140.42	 99.91
2749.00	2711.71	 1.7277	34.6539	27.7303	 2.49	108.08	0.040	  140.42	 99.91
2750.00	2712.69	 1.7278	34.6541	27.7304	 2.49	108.04	0.040	  140.45	 99.91
2751.00	2713.67	 1.7280	34.6541	27.7304	 2.48	107.98	0.040	  140.40	 99.91
2752.00	2714.65	 1.7281	34.6541	27.7304	 2.48	107.95	0.040	  140.43	 99.91
2753.00	2715.63	 1.7283	34.6540	27.7303	 2.49	108.26	0.040	  140.42	 99.92
2754.00	2716.61	 1.7282	34.6540	27.7303	 2.49	108.21	0.040	  140.43	 99.92
2755.00	2717.59	 1.7280	34.6541	27.7304	 2.49	108.16	0.040	  140.42	 99.92
2756.00	2718.57	 1.7281	34.6540	27.7304	 2.49	108.15	0.040	  140.42	 99.92
2757.00	2719.55	 1.7282	34.6540	27.7304	 2.49	108.04	0.040	  140.42	 99.92
2758.00	2720.53	 1.7281	34.6540	27.7304	 2.49	108.03	0.040	  140.40	 99.92
2759.00	2721.51	 1.7282	34.6540	27.7304	 2.49	108.01	0.040	  140.39	 99.91
2760.00	2722.49	 1.7282	34.6542	27.7305	 2.49	108.20	0.040	  140.46	 99.91
2761.00	2723.47	 1.7280	34.6540	27.7304	 2.49	108.23	0.040	  140.37	 99.92
2762.00	2724.45	 1.7275	34.6541	27.7305	 2.49	108.13	0.040	  140.38	 99.91
2763.00	2725.43	 1.7271	34.6542	27.7306	 2.49	108.19	0.040	  140.38	 99.91
2764.00	2726.41	 1.7273	34.6542	27.7306	 2.49	108.21	0.040	  140.40	 99.92
2765.00	2727.39	 1.7274	34.6540	27.7305	 2.49	108.20	0.040	  140.40	 99.91
2766.00	2728.37	 1.7272	34.6541	27.7305	 2.49	108.18	0.040	  140.42	 99.91
2767.00	2729.35	 1.7270	34.6542	27.7306	 2.49	108.28	0.040	  140.38	 99.92
2768.00	2730.33	 1.7267	34.6542	27.7307	 2.49	108.28	0.040	  140.35	 99.92
2769.00	2731.31	 1.7266	34.6542	27.7307	 2.49	108.32	0.040	  140.39	 99.91
2770.00	2732.29	 1.7265	34.6543	27.7308	 2.49	108.34	0.040	  140.40	 99.92
2771.00	2733.27	 1.7264	34.6542	27.7308	 2.49	108.25	0.040	  140.43	 99.92
2772.00	2734.25	 1.7264	34.6543	27.7308	 2.49	108.39	0.040	  140.40	 99.92
2773.00	2735.23	 1.7264	34.6543	27.7308	 2.49	108.36	0.040	  140.35	 99.92
2774.00	2736.21	 1.7265	34.6543	27.7308	 2.49	108.38	0.040	  140.37	 99.92
