wcoa21_data_management/01_CRUISE_METADATA/00_OCADS_data/CTD_downcasts/WCOA_2021_CTD_downcasts/dRB2102_CTD_085_01_F.txt
* Sea-Bird SBE 9 Data:
* Software Version Seasave V 7.26.7.107
* Vessel: NOAA Ship Ronald H. Brown
* Cruise: RB2102, West Coast Ocean Acidification (WCOA) 2021
* Dates: 20210622 to 20210723
* Region: NE Pacific, USA West Coast
* Ports: San Diego, CA to Port Angeles, WA to San Diego, CA
* Chief Scientists: R. Feely, NOAA PMEL; D. Greeley, NOAA PMEL; B. Carter, NOAA PMEL / UW CICOES
*END*
[from data line 2561]
2566.00	2531.41	 1.7121	34.6503	27.7272	 2.37	103.20	0.040	  157.59	 99.93
2567.00	2532.39	 1.7101	34.6501	27.7273	 2.38	103.27	0.040	  157.58	 99.93
2568.00	2533.37	 1.7099	34.6503	27.7275	 2.37	103.20	0.040	  157.60	 99.93
2569.00	2534.35	 1.7121	34.6501	27.7271	 2.38	103.38	0.040	  157.66	 99.93
2570.00	2535.33	 1.7069	34.6505	27.7278	 2.39	103.87	0.040	  157.55	 99.93
2571.00	2536.31	 1.7028	34.6511	27.7286	 2.39	103.85	0.040	  157.54	 99.93
2572.00	2537.29	 1.7024	34.6512	27.7287	 2.39	103.84	0.040	  157.52	 99.93
2573.00	2538.27	 1.7026	34.6513	27.7288	 2.40	104.31	0.040	  157.54	 99.93
2574.00	2539.26	 1.7015	34.6514	27.7289	 2.39	103.78	0.040	  157.58	 99.93
2575.00	2540.24	 1.7027	34.6514	27.7289	 2.38	103.54	0.040	  157.57	 99.93
2576.00	2541.22	 1.7029	34.6512	27.7287	 2.39	103.83	0.040	  157.49	 99.93
2577.00	2542.20	 1.7056	34.6510	27.7283	 2.39	103.87	0.040	  157.54	 99.93
2578.00	2543.18	 1.7040	34.6512	27.7286	 2.39	103.84	0.040	  157.60	 99.93
2579.00	2544.16	 1.7018	34.6514	27.7289	 2.39	104.01	0.040	  157.56	 99.93
2580.00	2545.14	 1.7014	34.6515	27.7291	 2.40	104.27	0.040	  157.54	 99.93
2581.00	2546.12	 1.7014	34.6514	27.7290	 2.40	104.11	0.040	  157.52	 99.92
2582.00	2547.10	 1.7015	34.6516	27.7291	 2.38	103.59	0.040	  157.55	 99.93
2583.00	2548.08	 1.7023	34.6513	27.7289	 2.39	103.93	0.040	  157.55	 99.92
2584.00	2549.06	 1.7024	34.6513	27.7289	 2.39	104.07	0.040	  157.53	 99.93
2585.00	2550.04	 1.7027	34.6514	27.7290	 2.39	103.91	0.040	  157.56	 99.93
2586.00	2551.02	 1.7032	34.6514	27.7289	 2.39	103.84	0.040	  157.54	 99.93
2587.00	2552.00	 1.7034	34.6514	27.7289	 2.39	103.77	0.040	  157.50	 99.92
2588.00	2552.98	 1.7033	34.6515	27.7290	 2.39	103.65	0.040	  157.57	 99.93
2589.00	2553.96	 1.7041	34.6513	27.7288	 2.39	103.87	0.040	  157.48	 99.93
2590.00	2554.94	 1.7042	34.6512	27.7287	 2.39	103.88	0.040	  157.49	 99.93
2591.00	2555.93	 1.7039	34.6513	27.7288	 2.39	103.93	0.040	  157.53	 99.92
2592.00	2556.91	 1.7039	34.6513	27.7288	 2.39	103.87	0.040	  157.55	 99.93
2593.00	2557.89	 1.7040	34.6514	27.7289	 2.39	103.85	0.040	  157.50	 99.93
2594.00	2558.87	 1.7040	34.6515	27.7290	 2.39	103.87	0.040	  157.48	 99.93
2595.00	2559.85	 1.7042	34.6513	27.7288	 2.39	103.95	0.040	  157.52	 99.93
2596.00	2560.83	 1.7041	34.6514	27.7289	 2.40	104.08	0.040	  157.51	 99.93
2597.00	2561.81	 1.7041	34.6514	27.7289	 2.39	104.03	0.040	  157.54	 99.93
2598.00	2562.79	 1.7038	34.6514	27.7289	 2.39	103.94	0.040	  157.42	 99.93
2599.00	2563.77	 1.7042	34.6514	27.7289	 2.39	103.94	0.040	  157.47	 99.93
2600.00	2564.75	 1.7070	34.6512	27.7286	 2.39	103.73	0.040	  157.50	 99.92
2601.00	2565.73	 1.7074	34.6511	27.7285	 2.39	103.80	0.040	  157.49	 99.93
2602.00	2566.71	 1.7069	34.6512	27.7286	 2.39	103.73	0.040	  157.50	 99.93
2603.00	2567.69	 1.7069	34.6511	27.7285	 2.39	103.67	0.040	  157.49	 99.93
2604.00	2568.67	 1.7066	34.6513	27.7287	 2.39	104.00	0.040	  157.47	 99.93
2605.00	2569.65	 1.7064	34.6513	27.7287	 2.39	104.05	0.040	  157.46	 99.93
2606.00	2570.63	 1.7067	34.6512	27.7286	 2.39	103.85	0.040	  157.48	 99.93
2607.00	2571.61	 1.7064	34.6514	27.7288	 2.39	103.87	0.040	  157.50	 99.93
2608.00	2572.59	 1.7070	34.6512	27.7286	 2.39	103.64	0.040	  157.50	 99.93
2609.00	2573.57	 1.7074	34.6512	27.7286	 2.39	103.76	0.040	  157.54	 99.93
2610.00	2574.55	 1.7066	34.6511	27.7286	 2.39	104.05	0.040	  157.49	 99.93
2611.00	2575.53	 1.7059	34.6513	27.7288	 2.40	104.10	0.040	  157.51	 99.93
2612.00	2576.52	 1.7054	34.6514	27.7289	 2.40	104.28	0.040	  157.49	 99.93
2613.00	2577.50	 1.7058	34.6513	27.7288	 2.40	104.23	0.040	  157.51	 99.93
2614.00	2578.48	 1.7011	34.6517	27.7295	 2.40	104.40	0.040	  157.49	 99.93
2615.00	2579.46	 1.6992	34.6519	27.7298	 2.41	104.63	0.040	  157.52	 99.93
2616.00	2580.44	 1.6999	34.6518	27.7297	 2.41	104.51	0.040	  157.46	 99.93
2617.00	2581.42	 1.6989	34.6519	27.7298	 2.41	104.78	0.040	  157.42	 99.93
2618.00	2582.40	 1.6988	34.6521	27.7300	 2.41	104.64	0.040	  157.46	 99.93
2619.00	2583.38	 1.6990	34.6521	27.7300	 2.41	104.56	0.040	  157.44	 99.93
2620.00	2584.36	 1.6986	34.6521	27.7300	 2.41	104.54	0.040	  157.50	 99.93
2621.00	2585.34	 1.6985	34.6522	27.7301	 2.41	104.51	0.040	  157.49	 99.93
2622.00	2586.32	 1.6980	34.6522	27.7301	 2.41	104.77	0.040	  157.44	 99.93
2623.00	2587.30	 1.6979	34.6522	27.7302	 2.41	104.68	0.040	  157.46	 99.93
2624.00	2588.28	 1.6982	34.6521	27.7301	 2.41	104.63	0.040	  157.47	 99.93
2625.00	2589.26	 1.6985	34.6521	27.7301	 2.41	104.59	0.040	  157.43	 99.93
2626.00	2590.24	 1.6998	34.6521	27.7299	 2.41	104.51	0.040	  157.43	 99.93
2627.00	2591.22	 1.6993	34.6522	27.7301	 2.41	104.62	0.040	  157.44	 99.93
2628.00	2592.20	 1.6996	34.6522	27.7301	 2.41	104.91	0.040	  157.46	 99.93
2629.00	2593.18	 1.6984	34.6523	27.7302	 2.42	104.97	0.040	  157.45	 99.93
2630.00	2594.16	 1.6983	34.6524	27.7303	 2.41	104.73	0.040	  157.42	 99.93
2631.00	2595.14	 1.6984	34.6523	27.7303	 2.41	104.84	0.040	  157.45	 99.93
2632.00	2596.12	 1.6970	34.6524	27.7305	 2.42	105.01	0.040	  157.46	 99.92
2633.00	2597.10	 1.6962	34.6525	27.7306	 2.41	104.92	0.040	  157.42	 99.92
2634.00	2598.08	 1.6965	34.6524	27.7305	 2.42	105.03	0.040	  157.46	 99.93
2635.00	2599.06	 1.6962	34.6526	27.7307	 2.42	105.03	0.040	  157.43	 99.93
2636.00	2600.04	 1.6968	34.6524	27.7305	 2.42	105.25	0.040	  157.47	 99.93
2637.00	2601.02	 1.6958	34.6526	27.7307	 2.41	104.88	0.040	  157.47	 99.92
2638.00	2602.00	 1.6939	34.6529	27.7311	 2.41	104.83	0.040	  157.49	 99.92
2639.00	2602.99	 1.6936	34.6528	27.7311	 2.42	105.33	0.040	  157.42	 99.93
2640.00	2603.97	 1.6933	34.6527	27.7310	 2.43	105.49	0.040	  157.41	 99.93
2641.00	2604.95	 1.6933	34.6528	27.7311	 2.43	105.44	0.040	  157.36	 99.93
2642.00	2605.93	 1.6925	34.6530	27.7313	 2.42	105.26	0.040	  157.42	 99.93
2643.00	2606.91	 1.6928	34.6529	27.7312	 2.42	105.35	0.040	  157.36	 99.93
2644.00	2607.89	 1.6929	34.6530	27.7313	 2.43	105.38	0.040	  157.34	 99.93
2645.00	2608.87	 1.6931	34.6530	27.7313	 2.42	105.33	0.040	  157.40	 99.93
2646.00	2609.85	 1.6933	34.6530	27.7313	 2.42	105.28	0.040	  157.38	 99.93
2647.00	2610.83	 1.6934	34.6530	27.7313	 2.42	105.34	0.040	  157.42	 99.93
2648.00	2611.81	 1.6937	34.6529	27.7312	 2.43	105.49	0.040	  157.37	 99.93
2649.00	2612.79	 1.6937	34.6529	27.7312	 2.42	105.34	0.040	  157.37	 99.93
2650.00	2613.77	 1.6936	34.6528	27.7312	 2.42	105.09	0.040	  157.36	 99.93
2651.00	2614.75	 1.6938	34.6529	27.7312	 2.42	105.37	0.040	  157.33	 99.93
2652.00	2615.73	 1.6939	34.6530	27.7313	 2.42	105.35	0.040	  157.43	 99.92
2653.00	2616.71	 1.6942	34.6528	27.7311	 2.42	105.35	0.040	  157.40	 99.93
2654.00	2617.69	 1.6942	34.6529	27.7312	 2.43	105.46	0.040	  157.35	 99.93
2655.00	2618.67	 1.6943	34.6530	27.7313	 2.43	105.55	0.040	  157.36	 99.93
2656.00	2619.65	 1.6944	34.6529	27.7312	 2.43	105.47	0.040	  157.31	 99.93
2657.00	2620.63	 1.6943	34.6529	27.7312	 2.42	105.13	0.040	  157.28	 99.93
2658.00	2621.61	 1.6944	34.6529	27.7313	 2.42	105.22	0.040	  157.34	 99.93
2659.00	2622.59	 1.6944	34.6530	27.7313	 2.43	105.55	0.040	  157.37	 99.93
2660.00	2623.57	 1.6878	34.6534	27.7321	 2.44	105.82	0.040	  157.31	 99.92
2661.00	2624.55	 1.6845	34.6538	27.7327	 2.44	105.91	0.040	  157.36	 99.93
2662.00	2625.53	 1.6855	34.6537	27.7325	 2.44	106.09	0.040	  157.38	 99.93
2663.00	2626.51	 1.6823	34.6541	27.7331	 2.45	106.44	0.040	  157.34	 99.93
2664.00	2627.49	 1.6814	34.6541	27.7332	 2.46	106.71	0.040	  157.30	 99.93
2665.00	2628.47	 1.6805	34.6541	27.7332	 2.45	106.62	0.040	  157.34	 99.93
2666.00	2629.45	 1.6792	34.6548	27.7339	 2.45	106.39	0.040	  157.31	 99.93
2667.00	2630.43	 1.6831	34.6543	27.7332	 2.46	106.75	0.040	  157.33	 99.93
2668.00	2631.41	 1.6784	34.6543	27.7335	 2.46	106.97	0.040	  157.39	 99.92
2669.00	2632.39	 1.6744	34.6548	27.7342	 2.47	107.36	0.040	  157.30	 99.93
2670.00	2633.37	 1.6734	34.6551	27.7346	 2.47	107.50	0.040	  157.29	 99.93
2671.00	2634.35	 1.6720	34.6551	27.7347	 2.47	107.32	0.040	  157.29	 99.92
2672.00	2635.33	 1.6718	34.6553	27.7349	 2.46	107.09	0.040	  157.30	 99.92
2673.00	2636.31	 1.6732	34.6552	27.7347	 2.46	107.07	0.040	  157.30	 99.92
2674.00	2637.29	 1.6718	34.6549	27.7345	 2.48	107.64	0.040	  157.28	 99.93
2675.00	2638.27	 1.6676	34.6557	27.7355	 2.48	107.75	0.040	  157.21	 99.93
2676.00	2639.25	 1.6675	34.6558	27.7355	 2.48	107.58	0.040	  157.25	 99.92
2677.00	2640.23	 1.6687	34.6555	27.7352	 2.48	107.62	0.040	  157.28	 99.93
2678.00	2641.21	 1.6685	34.6556	27.7353	 2.48	107.80	0.040	  157.26	 99.92
2679.00	2642.19	 1.6685	34.6555	27.7353	 2.49	108.02	0.040	  157.28	 99.92
2680.00	2643.17	 1.6687	34.6556	27.7354	 2.48	107.72	0.040	  157.24	 99.92
2681.00	2644.15	 1.6700	34.6558	27.7354	 2.48	107.55	0.040	  157.30	 99.92
2682.00	2645.13	 1.6711	34.6555	27.7351	 2.47	107.38	0.040	  157.28	 99.92
2683.00	2646.11	 1.6719	34.6553	27.7349	 2.48	107.56	0.040	  157.22	 99.92
2684.00	2647.09	 1.6719	34.6554	27.7350	 2.48	107.80	0.040	  157.32	 99.92
2685.00	2648.08	 1.6723	34.6554	27.7349	 2.46	107.00	0.040	  157.26	 99.92
2686.00	2649.06	 1.6726	34.6554	27.7350	 2.46	107.08	0.040	  157.31	 99.92
2687.00	2650.04	 1.6728	34.6554	27.7350	 2.47	107.46	0.040	  157.27	 99.92
2688.00	2651.02	 1.6723	34.6554	27.7350	 2.47	107.32	0.040	  157.30	 99.92
2689.00	2652.00	 1.6716	34.6553	27.7350	 2.47	107.46	0.040	  157.29	 99.92
2690.00	2652.98	 1.6723	34.6553	27.7349	 2.47	107.48	0.040	  157.27	 99.92
2691.00	2653.96	 1.6726	34.6556	27.7351	 2.47	107.36	0.040	  157.27	 99.92
2692.00	2654.94	 1.6725	34.6554	27.7350	 2.46	107.11	0.040	  157.21	 99.92
2693.00	2655.92	 1.6712	34.6558	27.7354	 2.47	107.25	0.040	  157.20	 99.92
2694.00	2656.90	 1.6738	34.6554	27.7349	 2.47	107.33	0.040	  157.27	 99.92
2695.00	2657.88	 1.6731	34.6554	27.7350	 2.47	107.22	0.040	  157.26	 99.92
2696.00	2658.86	 1.6729	34.6553	27.7349	 2.47	107.44	0.040	  157.25	 99.92
2697.00	2659.84	 1.6713	34.6557	27.7353	 2.48	107.87	0.040	  157.21	 99.92
2698.00	2660.82	 1.6715	34.6556	27.7353	 2.48	107.65	0.040	  157.22	 99.92
2699.00	2661.80	 1.6717	34.6556	27.7353	 2.47	107.35	0.040	  157.25	 99.92
2700.00	2662.78	 1.6721	34.6556	27.7353	 2.47	107.45	0.040	  157.31	 99.92
2701.00	2663.76	 1.6726	34.6555	27.7351	 2.47	107.36	0.040	  157.26	 99.92
2702.00	2664.74	 1.6720	34.6555	27.7352	 2.47	107.33	0.040	  157.25	 99.92
2703.00	2665.72	 1.6744	34.6554	27.7349	 2.47	107.38	0.040	  157.21	 99.92
2704.00	2666.70	 1.6764	34.6551	27.7346	 2.47	107.34	0.040	  157.23	 99.92
2705.00	2667.68	 1.6755	34.6553	27.7348	 2.47	107.49	0.040	  157.21	 99.92
2706.00	2668.66	 1.6729	34.6553	27.7350	 2.47	107.51	0.040	  157.24	 99.92
2707.00	2669.64	 1.6731	34.6553	27.7350	 2.48	107.60	0.040	  157.20	 99.93
2708.00	2670.62	 1.6721	34.6558	27.7354	 2.48	107.57	0.040	  157.21	 99.92
2709.00	2671.60	 1.6744	34.6555	27.7351	 2.47	107.48	0.040	  157.24	 99.92
2710.00	2672.58	 1.6718	34.6554	27.7352	 2.48	107.71	0.040	  157.20	 99.92
2711.00	2673.56	 1.6715	34.6557	27.7354	 2.48	107.72	0.040	  157.22	 99.92
2712.00	2674.54	 1.6715	34.6557	27.7354	 2.48	107.63	0.040	  157.22	 99.92
2713.00	2675.52	 1.6719	34.6555	27.7353	 2.48	107.60	0.040	  157.19	 99.93
2714.00	2676.50	 1.6734	34.6556	27.7352	 2.47	107.54	0.040	  157.24	 99.92
2715.00	2677.48	 1.6733	34.6554	27.7351	 2.48	107.69	0.040	  157.21	 99.92
2716.00	2678.46	 1.6730	34.6557	27.7353	 2.48	107.75	0.040	  157.22	 99.93
2717.00	2679.44	 1.6736	34.6556	27.7353	 2.48	107.71	0.040	  157.21	 99.92
2718.00	2680.42	 1.6736	34.6556	27.7353	 2.48	107.72	0.040	  157.19	 99.93
2719.00	2681.40	 1.6744	34.6554	27.7351	 2.48	107.74	0.040	  157.22	 99.93
2720.00	2682.38	 1.6726	34.6558	27.7355	 2.48	107.86	0.040	  157.17	 99.92
2721.00	2683.36	 1.6725	34.6556	27.7354	 2.48	107.80	0.040	  157.24	 99.93
2722.00	2684.34	 1.6714	34.6557	27.7355	 2.48	107.74	0.040	  157.19	 99.92
2723.00	2685.32	 1.6693	34.6558	27.7358	 2.49	108.04	0.040	  157.22	 99.92
2724.00	2686.30	 1.6647	34.6562	27.7364	 2.50	108.43	0.040	  157.15	 99.92
2725.00	2687.28	 1.6650	34.6564	27.7366	 2.50	108.44	0.040	  157.16	 99.92
2726.00	2688.26	 1.6678	34.6562	27.7362	 2.49	108.41	0.040	  157.12	 99.93
2727.00	2689.24	 1.6669	34.6561	27.7362	 2.49	108.20	0.040	  157.06	 99.93
2728.00	2690.22	 1.6645	34.6564	27.7366	 2.50	108.50	0.040	  157.08	 99.93
2729.00	2691.20	 1.6642	34.6565	27.7368	 2.50	108.51	0.040	  157.18	 99.92
2730.00	2692.18	 1.6633	34.6565	27.7368	 2.49	108.40	0.040	  157.17	 99.92
2731.00	2693.16	 1.6623	34.6566	27.7369	 2.50	108.83	0.040	  157.16	 99.92
2732.00	2694.14	 1.6623	34.6567	27.7370	 2.50	108.84	0.040	  157.14	 99.92
2733.00	2695.12	 1.6618	34.6568	27.7372	 2.50	108.58	0.040	  157.12	 99.92
2734.00	2696.10	 1.6619	34.6567	27.7371	 2.50	108.84	0.040	  157.20	 99.92
2735.00	2697.08	 1.6604	34.6571	27.7375	 2.51	109.01	0.039	  157.14	 99.92
2736.00	2698.05	 1.6601	34.6571	27.7375	 2.50	108.73	0.040	  157.08	 99.93
2737.00	2699.03	 1.6608	34.6570	27.7375	 2.50	108.59	0.040	  157.09	 99.93
2738.00	2700.01	 1.6595	34.6569	27.7374	 2.51	108.89	0.040	  157.14	 99.93
2739.00	2700.99	 1.6585	34.6570	27.7376	 2.51	109.06	0.040	  157.09	 99.92
2740.00	2701.97	 1.6589	34.6573	27.7378	 2.51	109.21	0.040	  157.13	 99.92
2741.00	2702.95	 1.6594	34.6572	27.7377	 2.51	108.96	0.040	  157.19	 99.92
2742.00	2703.93	 1.6611	34.6571	27.7375	 2.51	108.88	0.040	  157.06	 99.92
2743.00	2704.91	 1.6606	34.6570	27.7375	 2.51	108.85	0.040	  157.13	 99.92
2744.00	2705.89	 1.6598	34.6572	27.7377	 2.50	108.50	0.040	  157.16	 99.92
2745.00	2706.87	 1.6607	34.6570	27.7375	 2.50	108.61	0.040	  157.09	 99.92
2746.00	2707.85	 1.6588	34.6571	27.7377	 2.51	109.13	0.040	  157.07	 99.92
2747.00	2708.83	 1.6588	34.6572	27.7378	 2.51	109.20	0.040	  157.05	 99.92
2748.00	2709.81	 1.6619	34.6571	27.7375	 2.51	109.18	0.040	  157.07	 99.92
2749.00	2710.79	 1.6625	34.6568	27.7372	 2.51	109.11	0.040	  157.09	 99.91
2750.00	2711.77	 1.6598	34.6570	27.7376	 2.50	108.71	0.040	  157.13	 99.92
2751.00	2712.75	 1.6578	34.6575	27.7382	 2.51	108.95	0.040	  157.02	 99.92
2752.00	2713.73	 1.6584	34.6574	27.7380	 2.51	109.12	0.040	  157.11	 99.92
2753.00	2714.71	 1.6573	34.6574	27.7381	 2.51	109.17	0.040	  157.05	 99.92
2754.00	2715.69	 1.6578	34.6573	27.7380	 2.52	109.31	0.040	  157.11	 99.92
2755.00	2716.67	 1.6572	34.6575	27.7382	 2.52	109.39	0.040	  157.00	 99.92
2756.00	2717.65	 1.6568	34.6576	27.7383	 2.52	109.49	0.040	  157.03	 99.93
2757.00	2718.63	 1.6567	34.6576	27.7383	 2.51	109.22	0.040	  157.00	 99.91
2758.00	2719.61	 1.6567	34.6576	27.7383	 2.51	109.10	0.040	  157.03	 99.92
2759.00	2720.59	 1.6566	34.6575	27.7383	 2.52	109.38	0.040	  157.01	 99.92
2760.00	2721.57	 1.6567	34.6575	27.7382	 2.52	109.39	0.040	  157.04	 99.92
2761.00	2722.55	 1.6568	34.6575	27.7383	 2.52	109.45	0.040	  157.02	 99.92
2762.00	2723.53	 1.6568	34.6574	27.7382	 2.52	109.54	0.040	  157.03	 99.92
2763.00	2724.51	 1.6569	34.6576	27.7384	 2.52	109.45	0.040	  157.02	 99.92
2764.00	2725.49	 1.6569	34.6575	27.7383	 2.52	109.36	0.040	  156.98	 99.93
2765.00	2726.47	 1.6570	34.6577	27.7384	 2.52	109.46	0.040	  156.96	 99.93
2766.00	2727.45	 1.6571	34.6575	27.7383	 2.51	109.11	0.040	  157.06	 99.92
2767.00	2728.43	 1.6571	34.6576	27.7384	 2.51	109.17	0.040	  157.04	 99.92
2768.00	2729.41	 1.6571	34.6576	27.7384	 2.52	109.31	0.040	  157.02	 99.92
2769.00	2730.39	 1.6573	34.6575	27.7383	 2.51	109.28	0.040	  156.98	 99.93
2770.00	2731.37	 1.6572	34.6576	27.7384	 2.52	109.52	0.040	  156.97	 99.92
2771.00	2732.35	 1.6570	34.6578	27.7386	 2.52	109.56	0.040	  156.98	 99.92
2772.00	2733.33	 1.6573	34.6577	27.7385	 2.52	109.72	0.040	  157.00	 99.92
2773.00	2734.31	 1.6575	34.6576	27.7384	 2.53	109.75	0.040	  157.06	 99.92
2774.00	2735.29	 1.6575	34.6576	27.7384	 2.52	109.29	0.040	  156.93	 99.93
2775.00	2736.27	 1.6576	34.6576	27.7384	 2.51	109.23	0.040	  157.00	 99.92
2776.00	2737.25	 1.6579	34.6575	27.7383	 2.52	109.55	0.040	  157.00	 99.92
2777.00	2738.23	 1.6580	34.6575	27.7383	 2.52	109.65	0.040	  156.97	 99.92
