wcoa21_data_management/01_CRUISE_METADATA/00_OCADS_data/CTD_downcasts/WCOA_2021_CTD_downcasts/dRB2102_CTD_111_01_F.txt
* Sea-Bird SBE 9 Data:
* Software Version Seasave V 7.26.7.107
* Vessel: NOAA Ship Ronald H. Brown
* Cruise: RB2102, West Coast Ocean Acidification (WCOA) 2021
* Dates: 20210622 to 20210723
* Region: NE Pacific, USA West Coast
* Ports: San Diego, CA to Port Angeles, WA to San Diego, CA
* Chief Scientists: R. Feely, NOAA PMEL; D. Greeley, NOAA PMEL; B. Carter, NOAA PMEL / UW CICOES
*END*
[from data line 1494]
1497.00	1480.98	 2.8966	34.5467	27.5422	 1.04	 45.37	0.040	  142.13	 99.98
1498.00	1481.97	 2.8965	34.5467	27.5422	 1.05	 45.44	0.040	  142.16	 99.98
1499.00	1482.95	 2.8948	34.5468	27.5424	 1.05	 45.52	0.040	  142.19	 99.98
1500.00	1483.94	 2.8937	34.5471	27.5428	 1.05	 45.85	0.040	  142.14	 99.99
1501.00	1484.92	 2.8933	34.5471	27.5428	 1.06	 45.91	0.040	  142.16	 99.98
1502.00	1485.91	 2.8931	34.5473	27.5429	 1.04	 45.11	0.040	  142.17	 99.98
1503.00	1486.90	 2.8932	34.5471	27.5428	 1.05	 45.48	0.040	  142.09	 99.98
1504.00	1487.88	 2.8929	34.5471	27.5429	 1.05	 45.73	0.040	  142.11	 99.99
1505.00	1488.87	 2.8931	34.5471	27.5428	 1.05	 45.66	0.041	  142.14	 99.98
1506.00	1489.85	 2.8928	34.5471	27.5429	 1.05	 45.70	0.040	  142.11	 99.98
1507.00	1490.84	 2.8922	34.5473	27.5431	 1.05	 45.72	0.040	  142.12	 99.98
1508.00	1491.82	 2.8923	34.5472	27.5430	 1.05	 45.65	0.040	  142.14	 99.99
1509.00	1492.81	 2.8920	34.5473	27.5431	 1.05	 45.61	0.040	  142.11	 99.98
1510.00	1493.80	 2.8918	34.5473	27.5432	 1.05	 45.59	0.040	  142.14	 99.98
1511.00	1494.78	 2.8916	34.5474	27.5432	 1.05	 45.70	0.040	  142.13	 99.99
1512.00	1495.77	 2.8914	34.5473	27.5432	 1.05	 45.73	0.041	  142.10	 99.99
1513.00	1496.75	 2.8914	34.5474	27.5433	 1.05	 45.72	0.041	  142.12	 99.99
1514.00	1497.74	 2.8916	34.5473	27.5432	 1.05	 45.59	0.040	  142.14	 99.98
1515.00	1498.72	 2.8908	34.5474	27.5434	 1.05	 45.76	0.040	  142.08	 99.98
1516.00	1499.71	 2.8903	34.5475	27.5435	 1.05	 45.73	0.040	  142.12	 99.98
1517.00	1500.70	 2.8902	34.5474	27.5434	 1.05	 45.66	0.040	  142.13	 99.99
1518.00	1501.68	 2.8899	34.5475	27.5436	 1.05	 45.76	0.040	  142.12	 99.98
1519.00	1502.67	 2.8895	34.5476	27.5437	 1.05	 45.75	0.040	  142.10	 99.99
1520.00	1503.65	 2.8893	34.5476	27.5437	 1.05	 45.70	0.040	  142.08	 99.98
1521.00	1504.64	 2.8891	34.5474	27.5436	 1.05	 45.78	0.040	  142.08	 99.98
1522.00	1505.62	 2.8884	34.5476	27.5438	 1.05	 45.77	0.040	  142.09	 99.99
1523.00	1506.61	 2.8883	34.5475	27.5437	 1.05	 45.76	0.040	  142.08	 99.99
1524.00	1507.60	 2.8885	34.5476	27.5438	 1.05	 45.82	0.040	  142.09	 99.98
1525.00	1508.58	 2.8883	34.5476	27.5438	 1.06	 45.86	0.040	  142.09	 99.98
1526.00	1509.57	 2.8874	34.5476	27.5439	 1.06	 45.87	0.040	  142.13	 99.98
1527.00	1510.55	 2.8866	34.5477	27.5440	 1.06	 46.01	0.040	  142.08	 99.98
1528.00	1511.54	 2.8860	34.5478	27.5442	 1.06	 45.88	0.040	  142.15	 99.98
1529.00	1512.52	 2.8845	34.5481	27.5446	 1.06	 45.87	0.040	  142.08	 99.98
1530.00	1513.51	 2.8835	34.5481	27.5446	 1.07	 46.31	0.040	  142.10	 99.99
1531.00	1514.49	 2.8816	34.5482	27.5449	 1.06	 46.19	0.040	  142.09	 99.99
1532.00	1515.48	 2.8799	34.5484	27.5453	 1.06	 46.25	0.040	  142.06	 99.98
1533.00	1516.47	 2.8781	34.5487	27.5456	 1.07	 46.31	0.040	  142.03	 99.99
1534.00	1517.45	 2.8763	34.5489	27.5460	 1.07	 46.61	0.040	  142.04	 99.99
1535.00	1518.44	 2.8745	34.5490	27.5462	 1.07	 46.58	0.040	  142.07	 99.98
1536.00	1519.42	 2.8728	34.5491	27.5465	 1.07	 46.66	0.040	  142.06	 99.99
1537.00	1520.41	 2.8707	34.5493	27.5468	 1.08	 46.86	0.040	  142.05	 99.98
1538.00	1521.39	 2.8685	34.5492	27.5470	 1.08	 46.80	0.040	  142.06	 99.98
1539.00	1522.38	 2.8652	34.5494	27.5473	 1.07	 46.57	0.041	  142.04	 99.98
1540.00	1523.37	 2.8601	34.5496	27.5480	 1.07	 46.56	0.041	  142.07	 99.98
1541.00	1524.35	 2.8588	34.5498	27.5483	 1.07	 46.62	0.040	  142.08	 99.98
1542.00	1525.34	 2.8572	34.5500	27.5486	 1.08	 46.73	0.040	  142.09	 99.98
1543.00	1526.32	 2.8566	34.5500	27.5486	 1.08	 46.75	0.040	  142.06	 99.98
1544.00	1527.31	 2.8556	34.5501	27.5488	 1.07	 46.69	0.040	  142.03	 99.98
1545.00	1528.29	 2.8552	34.5501	27.5489	 1.07	 46.61	0.040	  142.05	 99.98
1546.00	1529.28	 2.8546	34.5502	27.5490	 1.07	 46.66	0.040	  142.01	 99.98
1547.00	1530.26	 2.8538	34.5503	27.5491	 1.08	 46.85	0.040	  142.07	 99.98
1548.00	1531.25	 2.8531	34.5503	27.5492	 1.08	 46.95	0.040	  142.01	 99.98
1549.00	1532.24	 2.8530	34.5503	27.5493	 1.08	 47.00	0.040	  142.03	 99.98
1550.00	1533.22	 2.8531	34.5504	27.5493	 1.07	 46.50	0.040	  142.00	 99.99
1551.00	1534.21	 2.8531	34.5505	27.5494	 1.08	 46.80	0.040	  142.03	 99.98
1552.00	1535.19	 2.8529	34.5504	27.5494	 1.10	 47.59	0.040	  141.98	 99.98
1553.00	1536.18	 2.8508	34.5505	27.5496	 1.09	 47.53	0.040	  142.00	 99.98
1554.00	1537.16	 2.8462	34.5511	27.5505	 1.09	 47.34	0.040	  142.04	 99.98
1555.00	1538.15	 2.8431	34.5513	27.5510	 1.09	 47.34	0.040	  142.02	 99.98
1556.00	1539.13	 2.8398	34.5514	27.5513	 1.09	 47.46	0.040	  141.97	 99.98
1557.00	1540.12	 2.8369	34.5513	27.5515	 1.08	 47.14	0.040	  142.01	 99.98
1558.00	1541.11	 2.8323	34.5514	27.5520	 1.08	 47.12	0.040	  141.97	 99.98
1559.00	1542.09	 2.8270	34.5514	27.5525	 1.09	 47.33	0.040	  141.97	 99.98
1560.00	1543.08	 2.8224	34.5516	27.5530	 1.09	 47.17	0.040	  141.92	 99.98
1561.00	1544.06	 2.8169	34.5518	27.5536	 1.08	 46.90	0.040	  141.94	 99.99
1562.00	1545.05	 2.8134	34.5518	27.5540	 1.08	 46.85	0.041	  142.00	 99.98
1563.00	1546.03	 2.8113	34.5518	27.5542	 1.08	 46.95	0.041	  141.94	 99.98
1564.00	1547.02	 2.8107	34.5518	27.5543	 1.07	 46.71	0.040	  141.96	 99.99
1565.00	1548.00	 2.8095	34.5520	27.5545	 1.08	 46.76	0.040	  142.02	 99.98
1566.00	1548.99	 2.8082	34.5520	27.5546	 1.08	 46.92	0.040	  141.96	 99.98
1567.00	1549.97	 2.8072	34.5520	27.5547	 1.07	 46.55	0.040	  141.97	 99.98
1568.00	1550.96	 2.8060	34.5522	27.5549	 1.08	 46.73	0.040	  141.95	 99.98
1569.00	1551.95	 2.8062	34.5522	27.5549	 1.08	 46.88	0.040	  141.96	 99.98
1570.00	1552.93	 2.8054	34.5522	27.5550	 1.08	 46.89	0.040	  141.95	 99.99
1571.00	1553.92	 2.8038	34.5522	27.5552	 1.08	 46.81	0.040	  141.98	 99.98
1572.00	1554.90	 2.8030	34.5523	27.5554	 1.08	 46.86	0.040	  141.94	 99.98
1573.00	1555.89	 2.8015	34.5525	27.5556	 1.08	 46.97	0.040	  141.95	 99.98
1574.00	1556.87	 2.8002	34.5524	27.5557	 1.08	 46.89	0.040	  141.90	 99.99
1575.00	1557.86	 2.7982	34.5525	27.5560	 1.08	 47.01	0.040	  141.91	 99.99
1576.00	1558.84	 2.7970	34.5526	27.5562	 1.08	 47.03	0.040	  141.96	 99.99
1577.00	1559.83	 2.7947	34.5526	27.5564	 1.08	 47.00	0.040	  141.94	 99.98
1578.00	1560.81	 2.7885	34.5529	27.5571	 1.09	 47.28	0.040	  141.92	 99.98
1579.00	1561.80	 2.7807	34.5533	27.5581	 1.09	 47.50	0.040	  141.89	 99.98
1580.00	1562.79	 2.7730	34.5542	27.5595	 1.10	 47.90	0.040	  141.92	 99.99
1581.00	1563.77	 2.7677	34.5547	27.5604	 1.10	 47.90	0.040	  141.94	 99.98
1582.00	1564.76	 2.7657	34.5548	27.5606	 1.10	 47.77	0.040	  141.97	 99.98
1583.00	1565.74	 2.7655	34.5549	27.5608	 1.11	 48.05	0.040	  141.91	 99.99
1584.00	1566.73	 2.7648	34.5551	27.5610	 1.10	 47.98	0.040	  141.90	 99.98
1585.00	1567.71	 2.7629	34.5551	27.5612	 1.10	 47.87	0.040	  141.88	 99.98
1586.00	1568.70	 2.7611	34.5551	27.5613	 1.10	 47.88	0.040	  141.90	 99.98
1587.00	1569.68	 2.7602	34.5552	27.5615	 1.10	 47.95	0.040	  141.86	 99.98
1588.00	1570.67	 2.7597	34.5554	27.5617	 1.10	 47.96	0.040	  141.96	 99.98
1589.00	1571.65	 2.7597	34.5553	27.5616	 1.10	 47.84	0.040	  141.91	 99.98
1590.00	1572.64	 2.7600	34.5556	27.5618	 1.10	 48.02	0.040	  141.87	 99.98
1591.00	1573.62	 2.7602	34.5557	27.5619	 1.11	 48.27	0.040	  141.82	 99.99
1592.00	1574.61	 2.7597	34.5556	27.5619	 1.10	 47.90	0.040	  141.86	 99.98
1593.00	1575.60	 2.7578	34.5555	27.5620	 1.10	 47.94	0.040	  141.88	 99.98
1594.00	1576.58	 2.7564	34.5556	27.5622	 1.11	 48.18	0.041	  141.85	 99.98
1595.00	1577.57	 2.7562	34.5556	27.5622	 1.11	 48.09	0.040	  141.89	 99.98
1596.00	1578.55	 2.7556	34.5557	27.5623	 1.11	 48.05	0.040	  141.90	 99.98
1597.00	1579.54	 2.7537	34.5558	27.5625	 1.11	 48.21	0.040	  141.87	 99.98
1598.00	1580.52	 2.7538	34.5558	27.5626	 1.11	 48.21	0.040	  141.84	 99.99
1599.00	1581.51	 2.7529	34.5559	27.5628	 1.11	 48.17	0.040	  141.85	 99.98
1600.00	1582.49	 2.7513	34.5561	27.5630	 1.11	 48.20	0.041	  141.89	 99.98
1601.00	1583.48	 2.7502	34.5563	27.5633	 1.11	 48.27	0.041	  141.89	 99.98
1602.00	1584.46	 2.7483	34.5563	27.5635	 1.12	 48.46	0.040	  141.90	 99.98
1603.00	1585.45	 2.7456	34.5564	27.5638	 1.12	 48.56	0.040	  141.86	 99.98
1604.00	1586.43	 2.7426	34.5564	27.5641	 1.12	 48.54	0.040	  141.87	 99.98
1605.00	1587.42	 2.7392	34.5566	27.5646	 1.12	 48.52	0.040	  141.86	 99.98
1606.00	1588.40	 2.7341	34.5571	27.5653	 1.12	 48.60	0.040	  141.87	 99.99
1607.00	1589.39	 2.7322	34.5571	27.5656	 1.12	 48.75	0.041	  141.85	 99.98
1608.00	1590.38	 2.7316	34.5572	27.5657	 1.12	 48.88	0.040	  141.89	 99.98
1609.00	1591.36	 2.7308	34.5573	27.5659	 1.12	 48.81	0.040	  141.84	 99.98
1610.00	1592.35	 2.7294	34.5573	27.5660	 1.12	 48.78	0.040	  141.84	 99.98
1611.00	1593.33	 2.7238	34.5574	27.5665	 1.12	 48.79	0.040	  141.93	 99.98
1612.00	1594.32	 2.7187	34.5580	27.5674	 1.13	 48.98	0.040	  141.86	 99.98
1613.00	1595.30	 2.7178	34.5581	27.5676	 1.13	 49.05	0.040	  141.81	 99.98
1614.00	1596.29	 2.7176	34.5580	27.5675	 1.13	 48.94	0.040	  141.83	 99.98
1615.00	1597.27	 2.7170	34.5580	27.5676	 1.13	 49.09	0.040	  141.81	 99.99
1616.00	1598.26	 2.7169	34.5581	27.5677	 1.13	 48.99	0.040	  141.81	 99.98
1617.00	1599.24	 2.7168	34.5582	27.5678	 1.12	 48.82	0.040	  141.86	 99.98
1618.00	1600.23	 2.7163	34.5582	27.5679	 1.13	 48.91	0.040	  141.86	 99.99
1619.00	1601.21	 2.7159	34.5581	27.5678	 1.13	 48.98	0.040	  141.83	 99.98
1620.00	1602.20	 2.7146	34.5582	27.5680	 1.13	 49.09	0.040	  141.82	 99.98
1621.00	1603.18	 2.7124	34.5583	27.5683	 1.13	 49.29	0.040	  141.76	 99.98
1622.00	1604.17	 2.7057	34.5586	27.5691	 1.13	 49.31	0.040	  141.82	 99.98
1623.00	1605.15	 2.6996	34.5592	27.5702	 1.14	 49.58	0.041	  141.76	 99.98
1624.00	1606.14	 2.6975	34.5594	27.5704	 1.14	 49.72	0.041	  141.90	 99.98
1625.00	1607.12	 2.6969	34.5595	27.5706	 1.14	 49.47	0.040	  141.77	 99.98
1626.00	1608.11	 2.6969	34.5595	27.5706	 1.14	 49.47	0.040	  141.79	 99.98
1627.00	1609.10	 2.6963	34.5596	27.5707	 1.14	 49.42	0.040	  141.79	 99.98
1628.00	1610.08	 2.6958	34.5598	27.5709	 1.14	 49.39	0.040	  141.73	 99.98
1629.00	1611.07	 2.6960	34.5597	27.5709	 1.14	 49.45	0.040	  141.71	 99.98
1630.00	1612.05	 2.6956	34.5597	27.5709	 1.14	 49.52	0.040	  141.74	 99.98
1631.00	1613.04	 2.6950	34.5597	27.5710	 1.14	 49.55	0.040	  141.74	 99.98
1632.00	1614.02	 2.6947	34.5599	27.5712	 1.14	 49.56	0.040	  141.77	 99.98
1633.00	1615.01	 2.6939	34.5600	27.5713	 1.14	 49.73	0.040	  141.75	 99.98
1634.00	1615.99	 2.6932	34.5600	27.5714	 1.15	 49.89	0.040	  141.74	 99.98
1635.00	1616.98	 2.6909	34.5603	27.5718	 1.14	 49.72	0.040	  141.77	 99.98
1636.00	1617.96	 2.6906	34.5604	27.5720	 1.15	 49.85	0.040	  141.78	 99.98
1637.00	1618.95	 2.6900	34.5603	27.5719	 1.15	 49.92	0.040	  141.76	 99.98
1638.00	1619.93	 2.6890	34.5604	27.5721	 1.14	 49.76	0.040	  141.75	 99.98
1639.00	1620.92	 2.6885	34.5605	27.5722	 1.15	 49.86	0.040	  141.75	 99.98
1640.00	1621.90	 2.6884	34.5605	27.5722	 1.15	 49.89	0.040	  141.73	 99.98
1641.00	1622.89	 2.6889	34.5604	27.5722	 1.15	 49.92	0.040	  141.75	 99.98
1642.00	1623.87	 2.6858	34.5604	27.5724	 1.15	 49.97	0.040	  141.67	 99.98
1643.00	1624.86	 2.6809	34.5607	27.5731	 1.15	 50.15	0.040	  141.70	 99.98
1644.00	1625.84	 2.6761	34.5611	27.5738	 1.16	 50.33	0.040	  141.70	 99.98
1645.00	1626.83	 2.6719	34.5609	27.5740	 1.15	 50.03	0.040	  141.75	 99.98
1646.00	1627.81	 2.6650	34.5613	27.5749	 1.15	 50.05	0.040	  141.76	 99.98
1647.00	1628.80	 2.6632	34.5614	27.5752	 1.15	 50.06	0.040	  141.72	 99.98
1648.00	1629.78	 2.6630	34.5615	27.5753	 1.15	 50.18	0.040	  141.73	 99.98
1649.00	1630.77	 2.6627	34.5615	27.5753	 1.15	 50.18	0.040	  141.73	 99.98
1650.00	1631.75	 2.6616	34.5616	27.5754	 1.15	 49.97	0.040	  141.73	 99.98
1651.00	1632.74	 2.6609	34.5616	27.5755	 1.15	 50.09	0.040	  141.68	 99.98
1652.00	1633.72	 2.6609	34.5616	27.5756	 1.15	 50.17	0.040	  141.71	 99.98
1653.00	1634.71	 2.6614	34.5616	27.5755	 1.15	 50.09	0.040	  141.69	 99.98
1654.00	1635.69	 2.6612	34.5616	27.5756	 1.15	 50.11	0.040	  141.69	 99.98
1655.00	1636.68	 2.6597	34.5617	27.5757	 1.15	 50.14	0.040	  141.69	 99.98
1656.00	1637.66	 2.6594	34.5615	27.5756	 1.15	 50.09	0.040	  141.67	 99.98
1657.00	1638.65	 2.6559	34.5616	27.5760	 1.16	 50.51	0.040	  141.68	 99.98
1658.00	1639.63	 2.6492	34.5615	27.5765	 1.16	 50.59	0.040	  141.70	 99.98
1659.00	1640.62	 2.6417	34.5622	27.5777	 1.16	 50.22	0.040	  141.72	 99.98
1660.00	1641.60	 2.6393	34.5624	27.5781	 1.17	 50.64	0.040	  141.65	 99.98
1661.00	1642.59	 2.6368	34.5624	27.5783	 1.17	 50.79	0.040	  141.69	 99.98
1662.00	1643.57	 2.6351	34.5627	27.5787	 1.16	 50.55	0.040	  141.69	 99.98
1663.00	1644.56	 2.6349	34.5626	27.5786	 1.16	 50.61	0.040	  141.68	 99.98
1664.00	1645.54	 2.6310	34.5628	27.5791	 1.17	 50.81	0.040	  141.65	 99.98
1665.00	1646.53	 2.6278	34.5631	27.5796	 1.17	 50.80	0.040	  141.65	 99.98
1666.00	1647.51	 2.6264	34.5631	27.5798	 1.17	 50.74	0.040	  141.65	 99.98
1667.00	1648.50	 2.6252	34.5631	27.5799	 1.17	 50.94	0.041	  141.65	 99.98
1668.00	1649.48	 2.6234	34.5633	27.5802	 1.17	 50.89	0.041	  141.69	 99.98
1669.00	1650.47	 2.6224	34.5633	27.5803	 1.17	 50.90	0.040	  141.68	 99.98
1670.00	1651.45	 2.6209	34.5634	27.5805	 1.17	 51.01	0.040	  141.65	 99.98
1671.00	1652.44	 2.6200	34.5637	27.5808	 1.17	 51.07	0.040	  141.65	 99.98
1672.00	1653.42	 2.6195	34.5636	27.5808	 1.18	 51.26	0.040	  141.67	 99.98
1673.00	1654.41	 2.6186	34.5636	27.5809	 1.18	 51.27	0.040	  141.67	 99.98
1674.00	1655.39	 2.6164	34.5640	27.5814	 1.17	 51.05	0.040	  141.66	 99.98
1675.00	1656.38	 2.6157	34.5641	27.5816	 1.18	 51.21	0.040	  141.59	 99.98
1676.00	1657.36	 2.6093	34.5641	27.5821	 1.18	 51.22	0.040	  141.68	 99.98
1677.00	1658.35	 2.6074	34.5645	27.5825	 1.18	 51.38	0.040	  141.60	 99.98
1678.00	1659.33	 2.6047	34.5647	27.5829	 1.19	 51.53	0.040	  141.64	 99.98
1679.00	1660.32	 2.6012	34.5650	27.5835	 1.19	 51.54	0.040	  141.67	 99.98
1680.00	1661.30	 2.6002	34.5650	27.5836	 1.19	 51.52	0.040	  141.63	 99.98
1681.00	1662.29	 2.5976	34.5652	27.5840	 1.19	 51.76	0.040	  141.70	 99.98
1682.00	1663.27	 2.5968	34.5652	27.5841	 1.20	 51.94	0.040	  141.64	 99.98
1683.00	1664.26	 2.5957	34.5653	27.5842	 1.19	 51.74	0.040	  141.66	 99.98
1684.00	1665.24	 2.5948	34.5655	27.5845	 1.19	 51.72	0.040	  141.64	 99.98
1685.00	1666.23	 2.5936	34.5655	27.5846	 1.19	 51.90	0.040	  141.62	 99.98
1686.00	1667.21	 2.5860	34.5656	27.5853	 1.20	 51.94	0.041	  141.68	 99.98
1687.00	1668.20	 2.5794	34.5665	27.5866	 1.20	 52.31	0.041	  141.66	 99.98
1688.00	1669.18	 2.5792	34.5665	27.5866	 1.21	 52.62	0.040	  141.63	 99.98
1689.00	1670.17	 2.5782	34.5666	27.5867	 1.20	 52.05	0.040	  141.62	 99.98
1690.00	1671.15	 2.5786	34.5665	27.5867	 1.20	 52.01	0.040	  141.65	 99.98
1691.00	1672.14	 2.5788	34.5664	27.5866	 1.20	 52.13	0.040	  141.64	 99.98
1692.00	1673.12	 2.5781	34.5666	27.5868	 1.21	 52.43	0.040	  141.61	 99.98
1693.00	1674.11	 2.5747	34.5667	27.5872	 1.21	 52.59	0.040	  141.60	 99.98
1694.00	1675.09	 2.5694	34.5667	27.5877	 1.21	 52.46	0.040	  141.61	 99.98
1695.00	1676.08	 2.5608	34.5678	27.5892	 1.22	 52.81	0.040	  141.61	 99.98
1696.00	1677.06	 2.5600	34.5678	27.5893	 1.22	 53.01	0.040	  141.66	 99.98
1697.00	1678.05	 2.5583	34.5679	27.5895	 1.21	 52.66	0.040	  141.63	 99.98
1698.00	1679.03	 2.5575	34.5679	27.5896	 1.21	 52.78	0.040	  141.62	 99.98
1699.00	1680.02	 2.5573	34.5679	27.5897	 1.22	 52.97	0.040	  141.61	 99.98
1700.00	1681.00	 2.5545	34.5682	27.5901	 1.22	 52.83	0.040	  141.62	 99.98
1701.00	1681.99	 2.5540	34.5683	27.5902	 1.21	 52.77	0.040	  141.62	 99.98
1702.00	1682.97	 2.5530	34.5683	27.5903	 1.22	 52.83	0.040	  141.59	 99.98
1703.00	1683.96	 2.5515	34.5685	27.5906	 1.22	 52.84	0.040	  141.58	 99.98
1704.00	1684.94	 2.5512	34.5686	27.5907	 1.22	 52.86	0.040	  141.57	 99.98
1705.00	1685.93	 2.5507	34.5686	27.5908	 1.22	 52.95	0.040	  141.59	 99.98
1706.00	1686.91	 2.5499	34.5688	27.5910	 1.22	 53.06	0.040	  141.57	 99.98
1707.00	1687.90	 2.5493	34.5688	27.5911	 1.22	 52.99	0.040	  141.58	 99.98
1708.00	1688.88	 2.5487	34.5690	27.5913	 1.22	 53.00	0.040	  141.52	 99.98
