wcoa21_data_management/01_CRUISE_METADATA/00_OCADS_data/CTD_downcasts/WCOA_2021_CTD_downcasts/dRB2102_CTD_126_01_F.txt
* Sea-Bird SBE 9 Data:
* Software Version Seasave V 7.26.7.107
* Vessel: NOAA Ship Ronald H. Brown
* Cruise: RB2102, West Coast Ocean Acidification (WCOA) 2021
* Dates: 20210622 to 20210723
* Region: NE Pacific, USA West Coast
* Ports: San Diego, CA to Port Angeles, WA to San Diego, CA
* Chief Scientists: R. Feely, NOAA PMEL; D. Greeley, NOAA PMEL; B. Carter, NOAA PMEL / UW CICOES
*END*
[from data line 427]
 430.00	 426.51	 7.9718	34.2561	26.7002	 0.83	 36.31	0.040	  143.66	 99.90
 431.00	 427.50	 7.9622	34.2567	26.7021	 0.83	 36.08	0.042	  143.73	 99.90
 432.00	 428.49	 7.9541	34.2568	26.7034	 0.82	 35.75	0.041	  143.74	 99.90
 433.00	 429.48	 7.9456	34.2573	26.7051	 0.82	 35.59	0.040	  143.79	 99.90
 434.00	 430.47	 7.9399	34.2586	26.7070	 0.81	 35.43	0.040	  143.75	 99.90
 435.00	 431.46	 7.9419	34.2595	26.7074	 0.81	 35.33	0.041	  143.71	 99.90
 436.00	 432.45	 7.9428	34.2595	26.7073	 0.81	 35.24	0.041	  143.67	 99.90
 437.00	 433.45	 7.9447	34.2601	26.7075	 0.81	 35.15	0.040	  143.65	 99.90
 438.00	 434.44	 7.9450	34.2609	26.7081	 0.80	 34.95	0.041	  143.65	 99.90
 439.00	 435.43	 7.9454	34.2618	26.7087	 0.80	 34.96	0.041	  143.67	 99.90
 440.00	 436.42	 7.9445	34.2620	26.7090	 0.80	 34.93	0.040	  143.65	 99.90
 441.00	 437.41	 7.9433	34.2618	26.7091	 0.80	 34.93	0.040	  143.70	 99.90
 442.00	 438.40	 7.9364	34.2610	26.7095	 0.81	 35.07	0.040	  143.70	 99.91
 443.00	 439.39	 7.9334	34.2610	26.7100	 0.81	 35.10	0.041	  143.67	 99.90
 444.00	 440.38	 7.9329	34.2609	26.7099	 0.81	 35.20	0.041	  143.64	 99.91
 445.00	 441.37	 7.9260	34.2598	26.7101	 0.81	 35.22	0.040	  143.67	 99.91
 446.00	 442.36	 7.9221	34.2599	26.7107	 0.81	 35.18	0.041	  143.71	 99.90
 447.00	 443.35	 7.9145	34.2588	26.7110	 0.81	 35.22	0.041	  143.69	 99.90
 448.00	 444.34	 7.9019	34.2578	26.7121	 0.81	 35.17	0.041	  143.73	 99.90
 449.00	 445.34	 7.8937	34.2577	26.7133	 0.80	 34.88	0.042	  143.70	 99.90
 450.00	 446.33	 7.8864	34.2575	26.7142	 0.80	 34.77	0.041	  143.64	 99.90
 451.00	 447.32	 7.8757	34.2582	26.7163	 0.80	 34.70	0.041	  143.68	 99.90
 452.00	 448.31	 7.8704	34.2588	26.7176	 0.80	 34.63	0.040	  143.67	 99.91
 453.00	 449.30	 7.8709	34.2588	26.7175	 0.80	 34.63	0.040	  143.61	 99.90
 454.00	 450.29	 7.8707	34.2589	26.7176	 0.80	 34.63	0.040	  143.69	 99.91
 455.00	 451.28	 7.8713	34.2590	26.7177	 0.79	 34.58	0.041	  143.68	 99.90
 456.00	 452.27	 7.8712	34.2591	26.7177	 0.79	 34.56	0.040	  143.67	 99.91
 457.00	 453.26	 7.8715	34.2590	26.7177	 0.79	 34.57	0.042	  143.61	 99.91
 458.00	 454.25	 7.8725	34.2590	26.7175	 0.78	 34.13	0.041	  143.67	 99.91
 459.00	 455.24	 7.8721	34.2590	26.7176	 0.76	 33.04	0.040	  143.63	 99.91
 460.00	 456.23	 7.8231	34.2579	26.7239	 0.74	 32.13	0.041	  143.62	 99.91
 461.00	 457.22	 7.7773	34.2609	26.7329	 0.73	 31.71	0.042	  143.66	 99.91
 462.00	 458.21	 7.7504	34.2649	26.7400	 0.73	 31.75	0.041	  143.71	 99.91
 463.00	 459.21	 7.7487	34.2647	26.7401	 0.73	 31.83	0.041	  143.69	 99.91
 464.00	 460.20	 7.7479	34.2648	26.7403	 0.73	 31.89	0.041	  143.69	 99.92
 465.00	 461.19	 7.7489	34.2650	26.7403	 0.74	 31.97	0.040	  143.64	 99.93
 466.00	 462.18	 7.7446	34.2643	26.7404	 0.73	 31.88	0.040	  143.65	 99.92
 467.00	 463.17	 7.7451	34.2647	26.7407	 0.73	 31.71	0.041	  143.65	 99.92
 468.00	 464.16	 7.7476	34.2651	26.7406	 0.73	 31.82	0.041	  143.66	 99.93
 469.00	 465.15	 7.7467	34.2649	26.7406	 0.73	 31.89	0.040	  143.62	 99.93
 470.00	 466.14	 7.7377	34.2633	26.7407	 0.74	 32.01	0.040	  143.65	 99.93
 471.00	 467.13	 7.7319	34.2636	26.7418	 0.74	 32.18	0.040	  143.63	 99.93
 472.00	 468.12	 7.7246	34.2622	26.7417	 0.74	 32.05	0.040	  143.60	 99.93
 473.00	 469.11	 7.7161	34.2621	26.7429	 0.73	 31.82	0.041	  143.62	 99.93
 474.00	 470.10	 7.7172	34.2632	26.7436	 0.73	 31.74	0.040	  143.62	 99.93
 475.00	 471.09	 7.7195	34.2640	26.7439	 0.73	 31.70	0.040	  143.63	 99.93
 476.00	 472.08	 7.7191	34.2637	26.7438	 0.72	 31.46	0.040	  143.55	 99.93
 477.00	 473.07	 7.7137	34.2643	26.7450	 0.72	 31.24	0.040	  143.64	 99.93
 478.00	 474.07	 7.7118	34.2651	26.7459	 0.71	 30.99	0.040	  143.56	 99.93
 479.00	 475.06	 7.7105	34.2655	26.7465	 0.70	 30.64	0.042	  143.60	 99.93
 480.00	 476.05	 7.7062	34.2670	26.7483	 0.70	 30.35	0.041	  143.61	 99.93
 481.00	 477.04	 7.7073	34.2683	26.7492	 0.70	 30.26	0.040	  143.62	 99.92
 482.00	 478.03	 7.7045	34.2690	26.7502	 0.70	 30.40	0.041	  143.58	 99.93
 483.00	 479.02	 7.6808	34.2679	26.7527	 0.70	 30.50	0.041	  143.59	 99.93
 484.00	 480.01	 7.6629	34.2653	26.7533	 0.70	 30.41	0.041	  143.59	 99.93
 485.00	 481.00	 7.6178	34.2633	26.7582	 0.70	 30.25	0.042	  143.55	 99.93
 486.00	 481.99	 7.5920	34.2636	26.7621	 0.69	 30.16	0.041	  143.51	 99.93
 487.00	 482.98	 7.5805	34.2628	26.7632	 0.69	 29.93	0.041	  143.62	 99.93
 488.00	 483.97	 7.5677	34.2628	26.7650	 0.68	 29.70	0.042	  143.56	 99.93
 489.00	 484.96	 7.5488	34.2633	26.7681	 0.68	 29.52	0.042	  143.58	 99.93
 490.00	 485.95	 7.5387	34.2639	26.7700	 0.68	 29.44	0.042	  143.58	 99.93
 491.00	 486.94	 7.5365	34.2641	26.7705	 0.67	 29.35	0.042	  143.63	 99.93
 492.00	 487.93	 7.5331	34.2645	26.7713	 0.67	 29.31	0.041	  143.60	 99.93
 493.00	 488.92	 7.5316	34.2652	26.7721	 0.67	 29.24	0.041	  143.54	 99.93
 494.00	 489.91	 7.5309	34.2652	26.7722	 0.67	 29.20	0.041	  143.52	 99.93
 495.00	 490.91	 7.5305	34.2655	26.7725	 0.67	 29.11	0.040	  143.57	 99.93
 496.00	 491.90	 7.5300	34.2652	26.7724	 0.67	 29.02	0.042	  143.55	 99.93
 497.00	 492.89	 7.5216	34.2653	26.7737	 0.66	 28.80	0.042	  143.47	 99.93
 498.00	 493.88	 7.5140	34.2656	26.7750	 0.66	 28.60	0.040	  143.56	 99.93
 499.00	 494.87	 7.5052	34.2661	26.7767	 0.66	 28.56	0.040	  143.46	 99.93
 500.00	 495.86	 7.4932	34.2666	26.7788	 0.66	 28.53	0.041	  143.46	 99.93
 501.00	 496.85	 7.4919	34.2668	26.7791	 0.65	 28.28	0.042	  143.49	 99.93
 502.00	 497.84	 7.4837	34.2664	26.7800	 0.65	 28.21	0.042	  143.56	 99.93
 503.00	 498.83	 7.4760	34.2666	26.7813	 0.65	 28.36	0.041	  143.53	 99.93
 504.00	 499.82	 7.4676	34.2661	26.7821	 0.65	 28.40	0.041	  143.54	 99.93
 505.00	 500.81	 7.4594	34.2661	26.7833	 0.65	 28.29	0.041	  143.50	 99.93
 506.00	 501.80	 7.4590	34.2663	26.7835	 0.65	 28.20	0.040	  143.53	 99.93
 507.00	 502.79	 7.4614	34.2665	26.7833	 0.65	 28.22	0.040	  143.55	 99.93
 508.00	 503.78	 7.4563	34.2660	26.7837	 0.65	 28.29	0.040	  143.52	 99.93
 509.00	 504.77	 7.4578	34.2662	26.7836	 0.65	 28.26	0.040	  143.50	 99.93
 510.00	 505.76	 7.4445	34.2650	26.7846	 0.65	 28.13	0.040	  143.55	 99.93
 511.00	 506.75	 7.4392	34.2658	26.7860	 0.65	 28.06	0.040	  143.50	 99.93
 512.00	 507.74	 7.4414	34.2654	26.7854	 0.65	 28.22	0.041	  143.53	 99.93
 513.00	 508.73	 7.4385	34.2656	26.7860	 0.65	 28.26	0.042	  143.55	 99.93
 514.00	 509.72	 7.4399	34.2656	26.7858	 0.65	 28.20	0.041	  143.55	 99.93
 515.00	 510.72	 7.4402	34.2657	26.7858	 0.65	 28.16	0.040	  143.51	 99.93
 516.00	 511.71	 7.4407	34.2657	26.7857	 0.65	 28.09	0.041	  143.49	 99.93
 517.00	 512.70	 7.4353	34.2652	26.7861	 0.65	 28.16	0.042	  143.48	 99.93
 518.00	 513.69	 7.4326	34.2654	26.7867	 0.65	 28.14	0.041	  143.50	 99.93
 519.00	 514.68	 7.4308	34.2653	26.7869	 0.64	 27.97	0.041	  143.49	 99.51
 520.00	 515.67	 7.4268	34.2652	26.7874	 0.64	 27.88	0.040	  143.47	 99.13
 521.00	 516.66	 7.4206	34.2652	26.7883	 0.64	 27.89	0.040	  143.51	 98.67
 522.00	 517.65	 7.4133	34.2656	26.7897	 0.64	 27.78	0.040	  143.48	 97.99
 523.00	 518.64	 7.4088	34.2655	26.7902	 0.64	 27.78	0.041	  143.43	 96.38
 524.00	 519.63	 7.4086	34.2657	26.7904	 0.64	 27.74	0.040	  143.50	 94.38
 525.00	 520.62	 7.4080	34.2656	26.7904	 0.64	 27.68	0.040	  143.47	 93.28
 526.00	 521.61	 7.4001	34.2652	26.7912	 0.63	 27.32	0.040	  143.37	 92.29
 527.00	 522.60	 7.3733	34.2642	26.7943	 0.62	 26.89	0.040	  143.40	 91.30
 528.00	 523.59	 7.3448	34.2664	26.8000	 0.61	 26.46	0.041	  143.39	 90.28
 529.00	 524.58	 7.3300	34.2663	26.8020	 0.60	 26.27	0.042	  143.33	 89.36
 530.00	 525.57	 7.3151	34.2675	26.8050	 0.60	 25.99	0.041	  143.33	 88.35
 531.00	 526.56	 7.3052	34.2695	26.8080	 0.59	 25.75	0.041	  143.33	 87.37
 532.00	 527.55	 7.3028	34.2702	26.8090	 0.59	 25.83	0.042	  143.28	 86.30
 533.00	 528.54	 7.3027	34.2704	26.8091	 0.60	 25.89	0.042	  143.35	 85.35
 534.00	 529.53	 7.3028	34.2704	26.8091	 0.59	 25.87	0.042	  143.32	 84.33
 535.00	 530.52	 7.3030	34.2706	26.8093	 0.59	 25.78	0.042	  143.32	 83.34
 536.00	 531.51	 7.3035	34.2707	26.8093	 0.59	 25.71	0.041	  143.37	 82.35
 537.00	 532.50	 7.3029	34.2709	26.8096	 0.59	 25.76	0.040	  143.33	 81.33
 538.00	 533.49	 7.3020	34.2712	26.8099	 0.59	 25.68	0.040	  143.36	 80.39
 539.00	 534.48	 7.3021	34.2713	26.8100	 0.59	 25.56	0.041	  143.35	 79.33
 540.00	 535.48	 7.2989	34.2715	26.8106	 0.59	 25.64	0.042	  143.31	 78.36
 541.00	 536.47	 7.2972	34.2719	26.8112	 0.59	 25.55	0.041	  143.31	 77.31
 542.00	 537.46	 7.2925	34.2723	26.8121	 0.58	 25.37	0.041	  143.36	 76.30
 543.00	 538.45	 7.2913	34.2726	26.8125	 0.58	 25.36	0.042	  143.34	 75.25
 544.00	 539.44	 7.2894	34.2728	26.8130	 0.58	 25.21	0.042	  143.28	 74.37
 545.00	 540.43	 7.2880	34.2730	26.8134	 0.58	 25.28	0.042	  143.28	 73.41
 546.00	 541.42	 7.2837	34.2728	26.8139	 0.58	 25.12	0.042	  143.29	 72.47
 547.00	 542.41	 7.2770	34.2733	26.8152	 0.57	 24.77	0.042	  143.30	 71.35
 548.00	 543.40	 7.2664	34.2738	26.8171	 0.56	 24.42	0.041	  143.30	 70.32
 549.00	 544.39	 7.2518	34.2746	26.8197	 0.55	 24.07	0.040	  143.31	 69.37
 550.00	 545.38	 7.2330	34.2757	26.8233	 0.55	 24.09	0.040	  143.29	 68.34
 551.00	 546.37	 7.2236	34.2767	26.8254	 0.55	 24.02	0.041	  143.31	 67.34
 552.00	 547.36	 7.2215	34.2768	26.8258	 0.55	 23.88	0.042	  143.31	 66.37
 553.00	 548.35	 7.2167	34.2772	26.8268	 0.54	 23.32	0.042	  143.27	 65.38
 554.00	 549.34	 7.2102	34.2777	26.8280	 0.52	 22.50	0.042	  143.22	 64.37
 555.00	 550.33	 7.1797	34.2820	26.8357	 0.51	 22.08	0.042	  143.25	 63.36
 556.00	 551.32	 7.1658	34.2850	26.8400	 0.50	 21.66	0.042	  143.27	 62.32
 557.00	 552.31	 7.1569	34.2861	26.8421	 0.47	 20.61	0.041	  143.21	 61.36
 558.00	 553.30	 7.1434	34.2877	26.8453	 0.43	 18.63	0.041	  143.17	 60.44
 559.00	 554.29	 7.0827	34.2894	26.8550	 0.37	 16.26	0.041	  143.22	 59.40
 560.00	 555.28	 6.9420	34.3028	26.8847	 0.33	 14.45	0.040	  143.29	 58.37
 561.00	 556.27	 6.8267	34.3107	26.9066	 0.31	 13.32	0.041	  143.26	 57.31
 562.00	 557.26	 6.7145	34.3177	26.9272	 0.30	 12.94	0.042	  143.28	 56.31
 563.00	 558.25	 6.6639	34.3228	26.9379	 0.29	 12.78	0.042	  143.30	 55.24
 564.00	 559.24	 6.6467	34.3236	26.9409	 0.29	 12.62	0.042	  143.27	 54.29
 565.00	 560.23	 6.6258	34.3252	26.9450	 0.29	 12.41	0.042	  143.27	 53.22
 566.00	 561.22	 6.6121	34.3266	26.9479	 0.28	 12.36	0.042	  143.30	 52.22
 567.00	 562.21	 6.5985	34.3274	26.9503	 0.28	 12.09	0.042	  143.25	 51.24
 568.00	 563.20	 6.5603	34.3283	26.9560	 0.27	 11.81	0.041	  143.22	 50.30
 569.00	 564.19	 6.5200	34.3297	26.9625	 0.27	 11.75	0.042	  143.25	 49.27
 570.00	 565.18	 6.4827	34.3306	26.9681	 0.27	 11.79	0.041	  143.27	 48.24
 571.00	 566.17	 6.4476	34.3315	26.9734	 0.27	 11.66	0.042	  143.27	 47.22
 572.00	 567.16	 6.4330	34.3324	26.9760	 0.26	 11.43	0.042	  143.26	 46.20
 573.00	 568.15	 6.4239	34.3330	26.9777	 0.26	 11.29	0.040	  143.26	 45.18
 574.00	 569.14	 6.4093	34.3336	26.9801	 0.26	 11.31	0.041	  143.25	 44.25
 575.00	 570.13	 6.3821	34.3348	26.9846	 0.26	 11.36	0.042	  143.25	 43.22
 576.00	 571.12	 6.3665	34.3357	26.9873	 0.26	 11.36	0.041	  143.24	 42.18
 577.00	 572.11	 6.3573	34.3359	26.9887	 0.26	 11.34	0.042	  143.20	 41.19
 578.00	 573.10	 6.3384	34.3366	26.9917	 0.26	 11.36	0.041	  143.20	 40.14
 579.00	 574.09	 6.3248	34.3369	26.9937	 0.26	 11.36	0.041	  143.21	 39.23
 580.00	 575.08	 6.3132	34.3375	26.9957	 0.26	 11.33	0.042	  143.24	 38.22
 581.00	 576.07	 6.3053	34.3374	26.9967	 0.26	 11.27	0.042	  143.22	 37.20
 582.00	 577.07	 6.2806	34.3380	27.0003	 0.25	 11.06	0.042	  143.21	 36.21
 583.00	 578.06	 6.2208	34.3393	27.0090	 0.25	 10.87	0.042	  143.23	 35.18
 584.00	 579.05	 6.1836	34.3418	27.0158	 0.25	 10.80	0.042	  143.22	 34.11
 585.00	 580.04	 6.1687	34.3424	27.0182	 0.25	 10.71	0.042	  143.18	 33.18
 586.00	 581.03	 6.1640	34.3429	27.0191	 0.24	 10.61	0.041	  143.23	 32.17
 587.00	 582.02	 6.1611	34.3431	27.0197	 0.24	 10.60	0.041	  143.21	 31.12
 588.00	 583.01	 6.1598	34.3433	27.0201	 0.24	 10.64	0.041	  143.14	 30.16
 589.00	 584.00	 6.1560	34.3434	27.0206	 0.24	 10.58	0.042	  143.12	 29.19
 590.00	 584.99	 6.1522	34.3437	27.0214	 0.24	 10.59	0.042	  143.19	 28.22
 591.00	 585.98	 6.1508	34.3438	27.0217	 0.24	 10.59	0.042	  143.16	 27.16
 592.00	 586.97	 6.1460	34.3440	27.0224	 0.24	 10.50	0.042	  143.15	 26.09
 593.00	 587.96	 6.1442	34.3442	27.0228	 0.24	 10.42	0.042	  143.15	 25.12
 594.00	 588.95	 6.1420	34.3443	27.0232	 0.24	 10.43	0.042	  143.11	 24.16
 595.00	 589.94	 6.1369	34.3443	27.0239	 0.24	 10.48	0.041	  143.13	 23.08
 596.00	 590.93	 6.1268	34.3445	27.0253	 0.24	 10.45	0.042	  143.14	 22.11
 597.00	 591.92	 6.1198	34.3452	27.0268	 0.24	 10.40	0.042	  143.11	 21.11
 598.00	 592.91	 6.1169	34.3452	27.0271	 0.24	 10.36	0.042	  143.12	 19.96
 599.00	 593.90	 6.0782	34.3470	27.0334	 0.24	 10.28	0.042	  143.05	 18.98
 600.00	 594.89	 6.0475	34.3478	27.0380	 0.23	 10.21	0.041	  143.02	 17.98
 601.00	 595.88	 6.0175	34.3497	27.0432	 0.23	 10.03	0.041	  142.96	 16.95
 602.00	 596.87	 6.0165	34.3497	27.0434	 0.23	  9.97	0.041	  142.88	 15.93
 603.00	 597.86	 6.0070	34.3500	27.0448	 0.23	  9.94	0.041	  142.83	 14.92
 604.00	 598.85	 5.9989	34.3502	27.0460	 0.23	  9.93	0.041	  142.81	 13.88
 605.00	 599.84	 5.9868	34.3507	27.0480	 0.23	  9.89	0.042	  142.78	 12.90
 606.00	 600.83	 5.9747	34.3515	27.0501	 0.23	  9.87	0.041	  142.78	 11.86
 607.00	 601.82	 5.9757	34.3514	27.0499	 0.23	  9.86	0.041	  142.60	 10.89
 608.00	 602.81	 5.9833	34.3516	27.0491	 0.22	  9.76	0.041	  142.37	  9.67
