wcoa21_data_management/01_CRUISE_METADATA/00_OCADS_data/CTD_downcasts/WCOA_2021_CTD_downcasts/dRB2102_CTD_070_01_F.txt
* Sea-Bird SBE 9 Data:
* Software Version Seasave V 7.26.7.107
* Vessel: NOAA Ship Ronald H. Brown
* Cruise: RB2102, West Coast Ocean Acidification (WCOA) 2021
* Dates: 20210622 to 20210723
* Region: NE Pacific, USA West Coast
* Ports: San Diego, CA to Port Angeles, WA to San Diego, CA
* Chief Scientists: R. Feely, NOAA PMEL; D. Greeley, NOAA PMEL; B. Carter, NOAA PMEL / UW CICOES
*END*
[from data line 641]
 645.00	 639.06	 4.7498	34.2144	27.0864	 0.44	 19.07	0.041	  154.52	100.00
 646.00	 640.05	 4.7523	34.2139	27.0857	 0.44	 19.11	0.040	  154.54	100.00
 647.00	 641.04	 4.7410	34.2141	27.0871	 0.44	 19.17	0.040	  154.58	100.00
 648.00	 642.03	 4.7301	34.2119	27.0866	 0.44	 19.08	0.041	  154.56	100.00
 649.00	 643.02	 4.6974	34.2094	27.0882	 0.43	 18.83	0.041	  154.60	100.00
 650.00	 644.01	 4.7271	34.2177	27.0915	 0.42	 18.47	0.041	  154.50	100.00
 651.00	 645.00	 4.7569	34.2259	27.0948	 0.42	 18.32	0.041	  154.48	100.00
 652.00	 645.99	 4.7524	34.2254	27.0949	 0.42	 18.13	0.040	  154.50	100.00
 653.00	 646.98	 4.7467	34.2251	27.0953	 0.41	 18.04	0.041	  154.51	100.00
 654.00	 647.97	 4.7498	34.2266	27.0962	 0.41	 17.98	0.041	  154.53	100.00
 655.00	 648.96	 4.7587	34.2297	27.0976	 0.41	 17.95	0.040	  154.55	100.00
 656.00	 649.94	 4.7639	34.2299	27.0972	 0.41	 17.95	0.041	  154.52	100.00
 657.00	 650.93	 4.7382	34.2267	27.0975	 0.41	 17.97	0.040	  154.54	100.00
 658.00	 651.92	 4.7126	34.2234	27.0978	 0.41	 17.99	0.040	  154.50	100.00
 659.00	 652.91	 4.7118	34.2277	27.1012	 0.41	 17.96	0.040	  154.46	100.00
 660.00	 653.90	 4.7102	34.2277	27.1015	 0.41	 17.94	0.040	  154.47	100.00
 661.00	 654.89	 4.6991	34.2263	27.1016	 0.41	 18.02	0.040	  154.52	100.00
 662.00	 655.88	 4.6737	34.2232	27.1019	 0.41	 18.03	0.040	  154.51	100.00
 663.00	 656.87	 4.6564	34.2235	27.1040	 0.41	 18.00	0.041	  154.55	100.00
 664.00	 657.86	 4.6669	34.2284	27.1068	 0.41	 17.83	0.041	  154.53	100.00
 665.00	 658.85	 4.6707	34.2302	27.1078	 0.41	 17.70	0.040	  154.52	100.00
 666.00	 659.84	 4.6665	34.2301	27.1082	 0.40	 17.56	0.041	  154.47	100.00
 667.00	 660.83	 4.6594	34.2307	27.1095	 0.40	 17.45	0.041	  154.47	100.00
 668.00	 661.81	 4.6597	34.2325	27.1109	 0.40	 17.28	0.040	  154.50	100.00
 669.00	 662.80	 4.6589	34.2355	27.1134	 0.39	 17.09	0.041	  154.54	100.00
 670.00	 663.79	 4.6915	34.2454	27.1177	 0.39	 16.79	0.041	  154.53	100.00
 671.00	 664.78	 4.7026	34.2495	27.1197	 0.38	 16.50	0.041	  154.51	100.00
 672.00	 665.77	 4.7081	34.2505	27.1199	 0.38	 16.40	0.040	  154.45	100.00
 673.00	 666.76	 4.7094	34.2511	27.1203	 0.37	 16.28	0.040	  154.51	100.00
 674.00	 667.75	 4.7126	34.2528	27.1212	 0.37	 16.20	0.041	  154.46	100.00
 675.00	 668.74	 4.7216	34.2552	27.1222	 0.37	 16.12	0.042	  154.46	100.00
 676.00	 669.73	 4.7204	34.2553	27.1224	 0.37	 16.05	0.042	  154.45	100.00
 677.00	 670.72	 4.7153	34.2568	27.1242	 0.37	 15.94	0.041	  154.44	100.00
 678.00	 671.71	 4.7163	34.2593	27.1260	 0.37	 15.87	0.040	  154.45	100.00
 679.00	 672.69	 4.7181	34.2619	27.1279	 0.36	 15.71	0.040	  154.47	100.00
 680.00	 673.68	 4.7163	34.2634	27.1293	 0.36	 15.54	0.041	  154.46	100.00
 681.00	 674.67	 4.7098	34.2658	27.1319	 0.36	 15.49	0.041	  154.44	100.00
 682.00	 675.66	 4.7073	34.2671	27.1332	 0.35	 15.42	0.041	  154.44	100.00
 683.00	 676.65	 4.7065	34.2675	27.1337	 0.36	 15.45	0.041	  154.45	100.00
 684.00	 677.64	 4.7060	34.2684	27.1345	 0.36	 15.46	0.041	  154.38	100.00
 685.00	 678.63	 4.7032	34.2689	27.1352	 0.36	 15.46	0.040	  154.42	100.00
 686.00	 679.62	 4.7022	34.2690	27.1354	 0.35	 15.41	0.041	  154.38	100.00
 687.00	 680.61	 4.7004	34.2695	27.1359	 0.35	 15.32	0.040	  154.37	100.00
 688.00	 681.60	 4.6997	34.2700	27.1365	 0.35	 15.21	0.041	  154.44	100.00
 689.00	 682.59	 4.6994	34.2705	27.1369	 0.35	 15.23	0.041	  154.42	100.00
 690.00	 683.57	 4.6984	34.2712	27.1376	 0.35	 15.24	0.041	  154.36	100.00
 691.00	 684.56	 4.6973	34.2714	27.1379	 0.35	 15.27	0.040	  154.28	100.00
 692.00	 685.55	 4.6952	34.2720	27.1385	 0.35	 15.16	0.040	  154.38	100.00
 693.00	 686.54	 4.6967	34.2741	27.1401	 0.35	 15.06	0.040	  154.36	100.00
 694.00	 687.53	 4.6957	34.2756	27.1413	 0.35	 15.09	0.040	  154.38	100.00
 695.00	 688.52	 4.6896	34.2773	27.1434	 0.35	 15.07	0.041	  154.36	100.00
 696.00	 689.51	 4.6904	34.2781	27.1440	 0.35	 15.05	0.041	  154.36	100.00
 697.00	 690.50	 4.6898	34.2784	27.1443	 0.35	 15.11	0.040	  154.38	100.00
 698.00	 691.49	 4.6839	34.2793	27.1456	 0.35	 15.12	0.040	  154.31	100.00
 699.00	 692.48	 4.6813	34.2798	27.1464	 0.35	 15.11	0.040	  154.35	100.00
 700.00	 693.46	 4.6814	34.2799	27.1464	 0.35	 15.11	0.040	  154.35	100.00
 701.00	 694.45	 4.6794	34.2805	27.1471	 0.35	 15.12	0.041	  154.34	100.00
 702.00	 695.44	 4.6764	34.2805	27.1475	 0.35	 15.12	0.041	  154.34	100.00
 703.00	 696.43	 4.6666	34.2813	27.1492	 0.35	 15.12	0.040	  154.31	100.00
 704.00	 697.42	 4.6625	34.2816	27.1499	 0.35	 15.12	0.041	  154.33	100.00
 705.00	 698.41	 4.6598	34.2822	27.1506	 0.35	 15.09	0.041	  154.30	100.00
 706.00	 699.40	 4.6591	34.2826	27.1511	 0.34	 14.98	0.040	  154.32	100.00
 707.00	 700.39	 4.6586	34.2827	27.1512	 0.34	 14.84	0.040	  154.33	100.00
 708.00	 701.38	 4.6572	34.2829	27.1515	 0.34	 14.83	0.040	  154.30	100.00
 709.00	 702.37	 4.6536	34.2832	27.1522	 0.34	 14.73	0.041	  154.33	100.00
 710.00	 703.35	 4.6514	34.2842	27.1532	 0.34	 14.87	0.041	  154.35	100.00
 711.00	 704.34	 4.6522	34.2855	27.1542	 0.34	 14.77	0.040	  154.33	100.00
 712.00	 705.33	 4.6532	34.2863	27.1547	 0.34	 14.69	0.040	  154.30	100.00
 713.00	 706.32	 4.6544	34.2870	27.1551	 0.34	 14.73	0.040	  154.31	100.00
 714.00	 707.31	 4.6474	34.2875	27.1563	 0.34	 14.77	0.040	  154.28	100.00
 715.00	 708.30	 4.6378	34.2875	27.1574	 0.34	 14.91	0.041	  154.28	100.00
 716.00	 709.29	 4.6323	34.2864	27.1571	 0.35	 15.18	0.041	  154.27	100.00
 717.00	 710.28	 4.6120	34.2846	27.1579	 0.35	 15.24	0.040	  154.37	100.00
 718.00	 711.27	 4.5998	34.2837	27.1585	 0.35	 15.20	0.040	  154.31	100.00
 719.00	 712.26	 4.5819	34.2827	27.1597	 0.35	 15.19	0.040	  154.29	100.00
 720.00	 713.24	 4.5780	34.2832	27.1605	 0.35	 15.19	0.040	  154.25	100.00
 721.00	 714.23	 4.5777	34.2837	27.1610	 0.35	 15.21	0.040	  154.25	100.00
 722.00	 715.22	 4.5742	34.2839	27.1615	 0.35	 15.23	0.040	  154.27	100.00
 723.00	 716.21	 4.5694	34.2844	27.1624	 0.35	 15.18	0.040	  154.27	100.00
 724.00	 717.20	 4.5638	34.2851	27.1636	 0.35	 15.18	0.040	  154.28	100.00
 725.00	 718.19	 4.5629	34.2850	27.1636	 0.35	 15.11	0.040	  154.23	100.00
 726.00	 719.18	 4.5617	34.2850	27.1638	 0.35	 15.01	0.040	  154.23	100.00
 727.00	 720.17	 4.5601	34.2851	27.1640	 0.35	 15.02	0.041	  154.23	100.00
 728.00	 721.16	 4.5602	34.2851	27.1641	 0.35	 15.19	0.041	  154.23	100.00
 729.00	 722.14	 4.5562	34.2854	27.1647	 0.35	 15.06	0.041	  154.30	100.00
 730.00	 723.13	 4.5512	34.2861	27.1659	 0.34	 14.91	0.041	  154.31	100.00
 731.00	 724.12	 4.5482	34.2866	27.1665	 0.34	 14.89	0.040	  154.27	100.00
 732.00	 725.11	 4.5445	34.2869	27.1672	 0.34	 14.78	0.041	  154.21	100.00
 733.00	 726.10	 4.5432	34.2874	27.1677	 0.34	 14.82	0.040	  154.24	100.00
 734.00	 727.09	 4.5431	34.2876	27.1679	 0.34	 14.81	0.040	  154.22	100.00
 735.00	 728.08	 4.5433	34.2878	27.1681	 0.34	 14.81	0.041	  154.21	100.00
 736.00	 729.07	 4.5428	34.2882	27.1684	 0.34	 14.74	0.042	  154.18	100.00
 737.00	 730.05	 4.5430	34.2889	27.1690	 0.34	 14.63	0.041	  154.21	100.00
 738.00	 731.04	 4.5404	34.2900	27.1702	 0.34	 14.62	0.040	  154.21	100.00
 739.00	 732.03	 4.5372	34.2908	27.1711	 0.34	 14.68	0.040	  154.20	100.00
 740.00	 733.02	 4.5367	34.2908	27.1712	 0.34	 14.61	0.040	  154.19	100.00
 741.00	 734.01	 4.5345	34.2908	27.1714	 0.34	 14.59	0.040	  154.13	100.00
 742.00	 735.00	 4.5323	34.2908	27.1717	 0.33	 14.56	0.040	  154.15	100.00
 743.00	 735.99	 4.5300	34.2906	27.1718	 0.33	 14.52	0.041	  154.21	100.00
 744.00	 736.98	 4.5256	34.2906	27.1723	 0.34	 14.70	0.042	  154.20	100.00
 745.00	 737.97	 4.5229	34.2908	27.1727	 0.34	 14.65	0.040	  154.13	100.00
 746.00	 738.95	 4.5174	34.2906	27.1732	 0.34	 14.64	0.040	  154.15	100.00
 747.00	 739.94	 4.5107	34.2911	27.1743	 0.33	 14.53	0.041	  154.16	100.00
 748.00	 740.93	 4.5022	34.2917	27.1757	 0.33	 14.45	0.041	  154.21	100.00
 749.00	 741.92	 4.4934	34.2927	27.1774	 0.33	 14.48	0.041	  154.17	100.00
 750.00	 742.91	 4.4894	34.2929	27.1781	 0.33	 14.49	0.040	  154.11	100.00
 751.00	 743.90	 4.4817	34.2934	27.1793	 0.33	 14.41	0.040	  154.19	100.00
 752.00	 744.89	 4.4621	34.2958	27.1834	 0.33	 14.35	0.041	  154.20	100.00
 753.00	 745.88	 4.4492	34.2969	27.1856	 0.33	 14.29	0.041	  154.20	100.00
 754.00	 746.86	 4.4392	34.2986	27.1881	 0.33	 14.39	0.041	  154.12	100.00
 755.00	 747.85	 4.4376	34.2988	27.1883	 0.33	 14.34	0.041	  154.07	100.00
 756.00	 748.84	 4.4366	34.2988	27.1885	 0.33	 14.27	0.040	  154.12	100.00
 757.00	 749.83	 4.4350	34.2990	27.1888	 0.33	 14.22	0.040	  154.07	100.00
 758.00	 750.82	 4.4346	34.2992	27.1890	 0.33	 14.15	0.040	  154.09	100.00
 759.00	 751.81	 4.4342	34.2992	27.1891	 0.32	 14.10	0.041	  154.20	100.00
 760.00	 752.80	 4.4320	34.2991	27.1893	 0.33	 14.23	0.040	  154.13	100.00
 761.00	 753.79	 4.4226	34.3004	27.1913	 0.32	 14.07	0.040	  154.13	100.00
 762.00	 754.77	 4.4118	34.3036	27.1950	 0.32	 14.07	0.040	  154.17	100.00
 763.00	 755.76	 4.4099	34.3039	27.1955	 0.32	 14.10	0.040	  154.20	100.00
 764.00	 756.75	 4.4068	34.3040	27.1958	 0.32	 14.08	0.040	  154.14	100.00
 765.00	 757.74	 4.3995	34.3038	27.1965	 0.32	 14.11	0.040	  154.15	100.00
 766.00	 758.73	 4.3922	34.3045	27.1979	 0.32	 14.11	0.040	  154.07	100.00
 767.00	 759.72	 4.3866	34.3063	27.1999	 0.32	 14.05	0.041	  154.07	100.00
 768.00	 760.71	 4.3826	34.3069	27.2008	 0.32	 14.02	0.041	  154.11	100.00
 769.00	 761.69	 4.3816	34.3070	27.2010	 0.33	 14.14	0.042	  154.06	100.00
 770.00	 762.68	 4.3789	34.3073	27.2015	 0.33	 14.17	0.042	  154.06	 97.90
 771.00	 763.67	 4.3756	34.3083	27.2027	 0.32	 14.11	0.042	  154.17	 68.71
 772.00	 764.66	 4.3719	34.3095	27.2040	 0.32	 14.00	0.042	  154.12	 99.52
 773.00	 765.65	 4.3711	34.3099	27.2044	 0.32	 13.90	0.041	  154.08	100.00
 774.00	 766.64	 4.3693	34.3104	27.2050	 0.32	 13.92	0.040	  154.07	100.00
 775.00	 767.63	 4.3677	34.3110	27.2057	 0.32	 13.94	0.041	  154.04	100.00
 776.00	 768.62	 4.3666	34.3115	27.2062	 0.32	 13.92	0.041	  154.10	100.00
 777.00	 769.60	 4.3667	34.3115	27.2062	 0.32	 13.88	0.040	  154.14	100.00
 778.00	 770.59	 4.3651	34.3120	27.2067	 0.32	 13.92	0.041	  154.03	100.00
 779.00	 771.58	 4.3638	34.3124	27.2072	 0.32	 13.92	0.042	  154.11	 72.53
 780.00	 772.57	 4.3629	34.3128	27.2076	 0.32	 13.97	0.042	  154.10	 99.15
 781.00	 773.56	 4.3613	34.3133	27.2083	 0.32	 13.88	0.041	  154.11	100.00
 782.00	 774.55	 4.3587	34.3142	27.2093	 0.32	 13.77	0.040	  154.11	100.00
 783.00	 775.54	 4.3576	34.3143	27.2095	 0.32	 13.86	0.040	  154.06	100.00
 784.00	 776.52	 4.3550	34.3151	27.2104	 0.32	 13.98	0.041	  154.06	100.00
 785.00	 777.51	 4.3547	34.3148	27.2102	 0.32	 13.86	0.041	  154.06	100.00
 786.00	 778.50	 4.3532	34.3152	27.2107	 0.32	 13.82	0.040	  154.08	100.00
 787.00	 779.49	 4.3521	34.3156	27.2111	 0.32	 13.76	0.040	  154.02	100.00
 788.00	 780.48	 4.3444	34.3166	27.2127	 0.32	 13.86	0.041	  154.00	100.00
 789.00	 781.47	 4.3433	34.3169	27.2131	 0.32	 13.82	0.041	  154.07	100.00
 790.00	 782.46	 4.3425	34.3169	27.2132	 0.32	 13.77	0.040	  154.07	100.00
 791.00	 783.44	 4.3416	34.3170	27.2134	 0.32	 13.81	0.041	  154.05	100.00
 792.00	 784.43	 4.3392	34.3173	27.2138	 0.32	 13.91	0.041	  154.01	100.00
 793.00	 785.42	 4.3365	34.3177	27.2144	 0.32	 13.80	0.042	  154.05	100.00
 794.00	 786.41	 4.3347	34.3180	27.2149	 0.32	 13.76	0.040	  154.08	100.00
 795.00	 787.40	 4.3318	34.3182	27.2154	 0.32	 13.78	0.041	  154.10	100.00
 796.00	 788.39	 4.3284	34.3187	27.2162	 0.32	 13.82	0.041	  154.01	100.00
 797.00	 789.38	 4.3267	34.3191	27.2166	 0.32	 13.86	0.040	  153.98	100.00
 798.00	 790.36	 4.3244	34.3192	27.2170	 0.32	 13.80	0.042	  154.02	100.00
 799.00	 791.35	 4.3193	34.3202	27.2184	 0.32	 13.82	0.041	  154.02	100.00
 800.00	 792.34	 4.3184	34.3204	27.2186	 0.32	 13.79	0.040	  154.04	100.00
 801.00	 793.33	 4.3169	34.3207	27.2190	 0.32	 13.81	0.040	  153.98	100.00
 802.00	 794.32	 4.3159	34.3210	27.2193	 0.32	 13.80	0.040	  153.99	100.00
 803.00	 795.31	 4.3152	34.3211	27.2195	 0.32	 13.78	0.040	  154.04	100.00
 804.00	 796.30	 4.3125	34.3215	27.2201	 0.32	 13.78	0.040	  153.96	100.00
 805.00	 797.28	 4.3098	34.3222	27.2210	 0.32	 13.83	0.042	  153.97	100.00
 806.00	 798.27	 4.3082	34.3225	27.2214	 0.32	 13.83	0.041	  153.97	100.00
 807.00	 799.26	 4.3075	34.3224	27.2214	 0.32	 13.82	0.040	  153.98	100.00
 808.00	 800.25	 4.3069	34.3226	27.2216	 0.32	 13.82	0.040	  154.00	100.00
 809.00	 801.24	 4.3070	34.3226	27.2217	 0.32	 13.81	0.040	  153.96	100.00
 810.00	 802.23	 4.3072	34.3226	27.2216	 0.32	 13.83	0.040	  153.98	100.00
 811.00	 803.22	 4.3065	34.3227	27.2218	 0.32	 13.79	0.040	  153.89	100.00
 812.00	 804.20	 4.3028	34.3233	27.2227	 0.32	 13.76	0.040	  153.84	100.00
 813.00	 805.19	 4.2946	34.3251	27.2250	 0.32	 13.79	0.040	  153.95	100.00
 814.00	 806.18	 4.2912	34.3261	27.2261	 0.32	 13.87	0.040	  153.93	100.00
 815.00	 807.17	 4.2869	34.3285	27.2285	 0.32	 13.83	0.040	  153.93	100.00
 816.00	 808.16	 4.2864	34.3300	27.2297	 0.32	 13.78	0.040	  153.84	100.00
 817.00	 809.15	 4.2834	34.3309	27.2308	 0.32	 13.78	0.040	  153.95	100.00
 818.00	 810.13	 4.2718	34.3323	27.2331	 0.32	 13.87	0.040	  153.95	100.00
 819.00	 811.12	 4.2683	34.3333	27.2343	 0.32	 13.85	0.040	  153.91	100.00
 820.00	 812.11	 4.2654	34.3338	27.2350	 0.32	 13.77	0.040	  153.82	100.00
 821.00	 813.10	 4.2574	34.3359	27.2375	 0.32	 13.76	0.040	  153.91	100.00
 822.00	 814.09	 4.2512	34.3379	27.2398	 0.32	 13.91	0.041	  153.90	100.00
 823.00	 815.08	 4.2496	34.3387	27.2406	 0.32	 13.81	0.041	  153.89	100.00
 824.00	 816.07	 4.2483	34.3396	27.2414	 0.32	 13.77	0.041	  153.92	100.00
 825.00	 817.05	 4.2475	34.3401	27.2420	 0.32	 13.86	0.041	  153.93	100.00
 826.00	 818.04	 4.2464	34.3405	27.2424	 0.32	 13.85	0.040	  153.91	100.00
 827.00	 819.03	 4.2433	34.3415	27.2435	 0.32	 13.79	0.040	  153.88	100.00
 828.00	 820.02	 4.2364	34.3430	27.2454	 0.31	 13.68	0.040	  153.88	100.00
 829.00	 821.01	 4.2334	34.3437	27.2463	 0.32	 13.76	0.040	  153.88	100.00
 830.00	 822.00	 4.2325	34.3438	27.2465	 0.32	 13.89	0.040	  153.88	100.00
 831.00	 822.98	 4.2320	34.3441	27.2467	 0.32	 13.82	0.041	  153.89	100.00
 832.00	 823.97	 4.2291	34.3439	27.2469	 0.32	 13.87	0.041	  153.85	100.00
 833.00	 824.96	 4.2190	34.3454	27.2492	 0.32	 13.87	0.040	  153.84	100.00
 834.00	 825.95	 4.2139	34.3464	27.2506	 0.32	 13.93	0.040	  153.90	100.00
 835.00	 826.94	 4.2102	34.3472	27.2516	 0.32	 13.89	0.040	  153.86	100.00
 836.00	 827.93	 4.2066	34.3482	27.2527	 0.32	 13.87	0.040	  153.84	100.00
 837.00	 828.91	 4.2067	34.3482	27.2528	 0.32	 13.92	0.041	  153.83	100.00
 838.00	 829.90	 4.2063	34.3485	27.2530	 0.32	 13.89	0.040	  153.86	100.00
 839.00	 830.89	 4.2042	34.3489	27.2535	 0.32	 13.86	0.040	  153.84	100.00
 840.00	 831.88	 4.2026	34.3492	27.2540	 0.32	 13.92	0.041	  153.84	100.00
 841.00	 832.87	 4.2018	34.3494	27.2543	 0.32	 13.96	0.042	  153.87	100.00
 842.00	 833.86	 4.2012	34.3496	27.2544	 0.32	 13.90	0.040	  153.79	100.00
 843.00	 834.84	 4.2003	34.3497	27.2546	 0.32	 13.90	0.041	  153.87	100.00
 844.00	 835.83	 4.1994	34.3499	27.2549	 0.32	 13.93	0.040	  153.82	100.00
 845.00	 836.82	 4.1983	34.3502	27.2553	 0.32	 13.93	0.040	  153.81	100.00
 846.00	 837.81	 4.1979	34.3502	27.2553	 0.32	 13.93	0.042	  153.84	100.00
 847.00	 838.80	 4.1967	34.3505	27.2557	 0.32	 13.92	0.042	  153.84	100.00
 848.00	 839.79	 4.1968	34.3505	27.2557	 0.32	 13.91	0.041	  153.79	100.00
 849.00	 840.77	 4.1972	34.3504	27.2556	 0.32	 13.92	0.041	  153.83	100.00
 850.00	 841.76	 4.1941	34.3508	27.2563	 0.32	 13.89	0.041	  153.86	100.00
 851.00	 842.75	 4.1894	34.3518	27.2575	 0.32	 13.94	0.040	  153.82	100.00
 852.00	 843.74	 4.1878	34.3520	27.2579	 0.32	 13.95	0.041	  153.76	100.00
 853.00	 844.73	 4.1842	34.3527	27.2588	 0.32	 13.94	0.041	  153.81	100.00
 854.00	 845.72	 4.1816	34.3533	27.2596	 0.32	 13.95	0.040	  153.78	100.00
 855.00	 846.70	 4.1812	34.3533	27.2596	 0.32	 13.95	0.040	  153.79	 73.43
 856.00	 847.69	 4.1803	34.3536	27.2599	 0.32	 13.95	0.041	  153.79	 99.68
