wcoa21_data_management/01_CRUISE_METADATA/00_OCADS_data/CTD_downcasts/WCOA_2021_CTD_downcasts/dRB2102_CTD_097_01_F.txt
* Sea-Bird SBE 9 Data:
* Software Version Seasave V 7.26.7.107
* Vessel: NOAA Ship Ronald H. Brown
* Cruise: RB2102, West Coast Ocean Acidification (WCOA) 2021
* Dates: 20210622 to 20210723
* Region: NE Pacific, USA West Coast
* Ports: San Diego, CA to Port Angeles, WA to San Diego, CA
* Chief Scientists: R. Feely, NOAA PMEL; D. Greeley, NOAA PMEL; B. Carter, NOAA PMEL / UW CICOES
*END*
[from data line 2347]
2350.00	2319.74	 1.8597	34.6351	27.7028	 2.10	 91.17	0.040	  145.75	 99.93
2351.00	2320.72	 1.8593	34.6351	27.7029	 2.10	 91.11	0.040	  145.79	 99.93
2352.00	2321.70	 1.8588	34.6350	27.7029	 2.10	 91.20	0.040	  145.78	 99.93
2353.00	2322.68	 1.8586	34.6351	27.7029	 2.10	 91.38	0.040	  145.79	 99.93
2354.00	2323.66	 1.8582	34.6350	27.7030	 2.10	 91.42	0.040	  145.76	 99.93
2355.00	2324.64	 1.8574	34.6352	27.7032	 2.10	 91.32	0.040	  145.77	 99.93
2356.00	2325.63	 1.8573	34.6352	27.7031	 2.10	 91.19	0.040	  145.75	 99.93
2357.00	2326.61	 1.8569	34.6352	27.7032	 2.10	 91.25	0.040	  145.76	 99.93
2358.00	2327.59	 1.8568	34.6353	27.7033	 2.10	 91.36	0.040	  145.78	 99.93
2359.00	2328.57	 1.8566	34.6353	27.7033	 2.11	 91.53	0.040	  145.78	 99.93
2360.00	2329.55	 1.8561	34.6354	27.7034	 2.11	 91.57	0.040	  145.80	 99.93
2361.00	2330.53	 1.8560	34.6353	27.7033	 2.11	 91.57	0.040	  145.77	 99.93
2362.00	2331.52	 1.8556	34.6353	27.7034	 2.11	 91.78	0.040	  145.77	 99.93
2363.00	2332.50	 1.8537	34.6356	27.7038	 2.11	 91.70	0.040	  145.74	 99.93
2364.00	2333.48	 1.8524	34.6358	27.7040	 2.11	 91.75	0.039	  145.81	 99.93
2365.00	2334.46	 1.8518	34.6356	27.7040	 2.12	 92.03	0.040	  145.82	 99.93
2366.00	2335.44	 1.8517	34.6358	27.7041	 2.11	 91.91	0.040	  145.85	 99.93
2367.00	2336.42	 1.8517	34.6358	27.7041	 2.11	 91.65	0.040	  145.79	 99.93
2368.00	2337.41	 1.8517	34.6358	27.7041	 2.11	 91.82	0.040	  145.76	 99.93
2369.00	2338.39	 1.8516	34.6358	27.7042	 2.12	 91.92	0.040	  145.76	 99.93
2370.00	2339.37	 1.8511	34.6359	27.7043	 2.12	 91.99	0.040	  145.76	 99.93
2371.00	2340.35	 1.8508	34.6359	27.7043	 2.12	 92.12	0.040	  145.77	 99.93
2372.00	2341.33	 1.8492	34.6362	27.7046	 2.13	 92.35	0.040	  145.77	 99.93
2373.00	2342.31	 1.8483	34.6363	27.7048	 2.12	 92.17	0.040	  145.70	 99.93
2374.00	2343.30	 1.8478	34.6365	27.7050	 2.12	 92.21	0.040	  145.69	 99.93
2375.00	2344.28	 1.8476	34.6364	27.7050	 2.13	 92.40	0.040	  145.72	 99.93
2376.00	2345.26	 1.8475	34.6364	27.7050	 2.13	 92.59	0.040	  145.75	 99.93
2377.00	2346.24	 1.8473	34.6365	27.7051	 2.13	 92.58	0.040	  145.75	 99.93
2378.00	2347.22	 1.8469	34.6364	27.7050	 2.13	 92.55	0.040	  145.71	 99.93
2379.00	2348.20	 1.8458	34.6367	27.7053	 2.13	 92.47	0.040	  145.74	 99.93
2380.00	2349.18	 1.8452	34.6369	27.7056	 2.13	 92.69	0.040	  145.66	 99.93
2381.00	2350.17	 1.8450	34.6369	27.7056	 2.13	 92.67	0.040	  145.76	 99.93
2382.00	2351.15	 1.8443	34.6370	27.7057	 2.13	 92.72	0.040	  145.73	 99.93
2383.00	2352.13	 1.8435	34.6370	27.7058	 2.14	 93.19	0.040	  145.77	 99.93
2384.00	2353.11	 1.8424	34.6371	27.7060	 2.14	 93.05	0.040	  145.70	 99.93
2385.00	2354.09	 1.8406	34.6373	27.7062	 2.14	 93.08	0.040	  145.74	 99.93
2386.00	2355.07	 1.8403	34.6376	27.7065	 2.14	 93.21	0.040	  145.71	 99.93
2387.00	2356.06	 1.8403	34.6374	27.7063	 2.15	 93.23	0.040	  145.70	 99.93
2388.00	2357.04	 1.8392	34.6375	27.7065	 2.15	 93.32	0.040	  145.70	 99.93
2389.00	2358.02	 1.8380	34.6377	27.7068	 2.15	 93.37	0.040	  145.73	 99.93
2390.00	2359.00	 1.8374	34.6378	27.7069	 2.15	 93.36	0.040	  145.70	 99.93
2391.00	2359.98	 1.8368	34.6379	27.7070	 2.15	 93.43	0.040	  145.70	 99.93
2392.00	2360.96	 1.8361	34.6378	27.7071	 2.15	 93.59	0.040	  145.68	 99.93
2393.00	2361.95	 1.8354	34.6380	27.7072	 2.15	 93.54	0.040	  145.70	 99.93
2394.00	2362.93	 1.8349	34.6379	27.7073	 2.15	 93.26	0.040	  145.78	 99.93
2395.00	2363.91	 1.8341	34.6380	27.7073	 2.15	 93.46	0.040	  145.72	 99.93
2396.00	2364.89	 1.8332	34.6381	27.7075	 2.16	 93.69	0.040	  145.72	 99.93
2397.00	2365.87	 1.8331	34.6382	27.7076	 2.17	 94.09	0.040	  145.67	 99.93
2398.00	2366.85	 1.8318	34.6384	27.7079	 2.17	 94.48	0.040	  145.68	 99.93
2399.00	2367.83	 1.8308	34.6384	27.7079	 2.16	 93.78	0.040	  145.68	 99.93
2400.00	2368.82	 1.8297	34.6387	27.7083	 2.17	 94.33	0.040	  145.75	 99.93
2401.00	2369.80	 1.8289	34.6386	27.7083	 2.17	 94.27	0.040	  145.70	 99.93
2402.00	2370.78	 1.8268	34.6390	27.7088	 2.17	 94.17	0.039	  145.67	 99.93
2403.00	2371.76	 1.8267	34.6390	27.7088	 2.17	 94.13	0.040	  145.71	 99.93
2404.00	2372.74	 1.8267	34.6391	27.7088	 2.17	 94.24	0.040	  145.67	 99.93
2405.00	2373.72	 1.8296	34.6385	27.7081	 2.18	 94.57	0.040	  145.73	 99.93
2406.00	2374.70	 1.8260	34.6392	27.7090	 2.18	 94.85	0.040	  145.62	 99.93
2407.00	2375.69	 1.8251	34.6394	27.7092	 2.17	 94.46	0.040	  145.69	 99.93
2408.00	2376.67	 1.8248	34.6394	27.7093	 2.18	 94.59	0.040	  145.58	 99.93
2409.00	2377.65	 1.8247	34.6393	27.7092	 2.18	 94.80	0.040	  145.67	 99.93
2410.00	2378.63	 1.8243	34.6394	27.7093	 2.18	 94.94	0.040	  145.64	 99.93
2411.00	2379.61	 1.8239	34.6394	27.7094	 2.18	 94.82	0.040	  145.65	 99.93
2412.00	2380.59	 1.8233	34.6395	27.7095	 2.18	 94.69	0.040	  145.70	 99.93
2413.00	2381.57	 1.8224	34.6397	27.7097	 2.18	 94.82	0.040	  145.69	 99.93
2414.00	2382.56	 1.8217	34.6397	27.7097	 2.19	 95.07	0.040	  145.65	 99.93
2415.00	2383.54	 1.8216	34.6398	27.7098	 2.19	 95.27	0.040	  145.64	 99.93
2416.00	2384.52	 1.8212	34.6399	27.7100	 2.19	 95.27	0.040	  145.62	 99.93
2417.00	2385.50	 1.8212	34.6398	27.7099	 2.19	 95.36	0.040	  145.72	 99.93
2418.00	2386.48	 1.8211	34.6401	27.7101	 2.19	 95.11	0.040	  145.69	 99.93
2419.00	2387.46	 1.8212	34.6400	27.7101	 2.19	 94.95	0.040	  145.67	 99.93
2420.00	2388.44	 1.8211	34.6400	27.7101	 2.19	 95.21	0.040	  145.65	 99.93
2421.00	2389.43	 1.8210	34.6401	27.7102	 2.19	 95.10	0.039	  145.74	 99.93
2422.00	2390.41	 1.8210	34.6400	27.7101	 2.19	 95.14	0.040	  145.64	 99.93
2423.00	2391.39	 1.8205	34.6400	27.7102	 2.19	 95.13	0.040	  145.64	 99.93
2424.00	2392.37	 1.8200	34.6402	27.7103	 2.19	 95.30	0.040	  145.66	 99.93
2425.00	2393.35	 1.8198	34.6401	27.7103	 2.20	 95.54	0.040	  145.63	 99.93
2426.00	2394.33	 1.8191	34.6402	27.7105	 2.20	 95.54	0.040	  145.68	 99.93
2427.00	2395.31	 1.8185	34.6403	27.7105	 2.20	 95.51	0.040	  145.58	 99.93
2428.00	2396.30	 1.8180	34.6403	27.7107	 2.20	 95.75	0.040	  145.65	 99.93
2429.00	2397.28	 1.8172	34.6404	27.7108	 2.20	 95.74	0.040	  145.57	 99.93
2430.00	2398.26	 1.8149	34.6406	27.7111	 2.21	 95.82	0.040	  145.56	 99.93
2431.00	2399.24	 1.8139	34.6409	27.7114	 2.21	 96.03	0.040	  145.62	 99.93
2432.00	2400.22	 1.8136	34.6408	27.7113	 2.21	 96.02	0.040	  145.65	 99.93
2433.00	2401.20	 1.8134	34.6408	27.7114	 2.21	 96.16	0.040	  145.66	 99.93
2434.00	2402.18	 1.8133	34.6410	27.7115	 2.21	 96.09	0.040	  145.67	 99.93
2435.00	2403.16	 1.8130	34.6410	27.7116	 2.21	 96.05	0.040	  145.59	 99.93
2436.00	2404.15	 1.8125	34.6410	27.7116	 2.21	 96.17	0.040	  145.54	 99.93
2437.00	2405.13	 1.8123	34.6410	27.7117	 2.21	 96.12	0.040	  145.65	 99.93
2438.00	2406.11	 1.8122	34.6410	27.7117	 2.21	 96.09	0.040	  145.62	 99.93
2439.00	2407.09	 1.8121	34.6410	27.7117	 2.21	 96.20	0.040	  145.60	 99.93
2440.00	2408.07	 1.8119	34.6411	27.7118	 2.21	 96.19	0.040	  145.65	 99.93
2441.00	2409.05	 1.8117	34.6411	27.7118	 2.21	 96.21	0.040	  145.63	 99.93
2442.00	2410.03	 1.8117	34.6411	27.7118	 2.21	 96.23	0.040	  145.61	 99.93
2443.00	2411.02	 1.8115	34.6412	27.7119	 2.22	 96.35	0.040	  145.57	 99.93
2444.00	2412.00	 1.8112	34.6413	27.7120	 2.21	 96.24	0.040	  145.64	 99.93
2445.00	2412.98	 1.8110	34.6412	27.7120	 2.21	 96.15	0.039	  145.58	 99.93
2446.00	2413.96	 1.8108	34.6414	27.7121	 2.21	 96.16	0.040	  145.63	 99.93
2447.00	2414.94	 1.8106	34.6414	27.7121	 2.21	 96.16	0.040	  145.63	 99.93
2448.00	2415.92	 1.8103	34.6413	27.7121	 2.22	 96.26	0.040	  145.59	 99.93
2449.00	2416.90	 1.8096	34.6414	27.7123	 2.22	 96.27	0.040	  145.59	 99.93
2450.00	2417.88	 1.8093	34.6414	27.7123	 2.22	 96.32	0.040	  145.62	 99.93
2451.00	2418.87	 1.8091	34.6415	27.7124	 2.22	 96.50	0.040	  145.56	 99.93
2452.00	2419.85	 1.8087	34.6416	27.7125	 2.23	 96.88	0.040	  145.54	 99.93
2453.00	2420.83	 1.8084	34.6417	27.7126	 2.23	 96.95	0.040	  145.62	 99.93
2454.00	2421.81	 1.8068	34.6418	27.7128	 2.23	 96.77	0.040	  145.61	 99.93
2455.00	2422.79	 1.8065	34.6419	27.7129	 2.23	 96.72	0.040	  145.57	 99.93
2456.00	2423.77	 1.8065	34.6419	27.7129	 2.22	 96.64	0.040	  145.55	 99.93
2457.00	2424.75	 1.8066	34.6418	27.7128	 2.22	 96.56	0.040	  145.61	 99.93
2458.00	2425.73	 1.8066	34.6421	27.7131	 2.22	 96.43	0.040	  145.64	 99.93
2459.00	2426.72	 1.8067	34.6419	27.7129	 2.22	 96.61	0.040	  145.60	 99.93
2460.00	2427.70	 1.8068	34.6418	27.7129	 2.23	 96.81	0.040	  145.56	 99.93
2461.00	2428.68	 1.8068	34.6419	27.7129	 2.23	 96.84	0.040	  145.59	 99.93
2462.00	2429.66	 1.8068	34.6420	27.7130	 2.23	 96.83	0.040	  145.58	 99.93
2463.00	2430.64	 1.8069	34.6420	27.7130	 2.23	 96.88	0.040	  145.55	 99.93
2464.00	2431.62	 1.8070	34.6419	27.7130	 2.22	 96.53	0.040	  145.60	 99.93
2465.00	2432.60	 1.8070	34.6419	27.7129	 2.22	 96.53	0.040	  145.59	 99.93
2466.00	2433.58	 1.8068	34.6419	27.7129	 2.22	 96.62	0.040	  145.58	 99.93
2467.00	2434.57	 1.8072	34.6419	27.7129	 2.22	 96.61	0.040	  145.57	 99.93
2468.00	2435.55	 1.8059	34.6422	27.7133	 2.23	 96.85	0.040	  145.60	 99.93
2469.00	2436.53	 1.8057	34.6421	27.7132	 2.23	 96.96	0.040	  145.60	 99.93
2470.00	2437.51	 1.8049	34.6422	27.7134	 2.23	 97.00	0.040	  145.61	 99.93
2471.00	2438.49	 1.8043	34.6422	27.7134	 2.23	 97.00	0.040	  145.58	 99.93
2472.00	2439.47	 1.8042	34.6423	27.7135	 2.23	 97.07	0.040	  145.54	 99.93
2473.00	2440.45	 1.8043	34.6423	27.7136	 2.24	 97.13	0.040	  145.59	 99.93
2474.00	2441.43	 1.8042	34.6422	27.7135	 2.24	 97.17	0.040	  145.58	 99.93
2475.00	2442.41	 1.8042	34.6423	27.7135	 2.23	 97.03	0.040	  145.57	 99.93
2476.00	2443.40	 1.8041	34.6423	27.7136	 2.23	 96.89	0.040	  145.53	 99.93
2477.00	2444.38	 1.8037	34.6424	27.7137	 2.23	 97.01	0.040	  145.55	 99.93
2478.00	2445.36	 1.8031	34.6423	27.7136	 2.24	 97.20	0.040	  145.61	 99.93
2479.00	2446.34	 1.8024	34.6425	27.7139	 2.24	 97.33	0.040	  145.57	 99.93
2480.00	2447.32	 1.8016	34.6425	27.7139	 2.24	 97.36	0.040	  145.53	 99.93
2481.00	2448.30	 1.8013	34.6425	27.7140	 2.24	 97.35	0.040	  145.51	 99.93
2482.00	2449.28	 1.8007	34.6426	27.7141	 2.24	 97.33	0.040	  145.56	 99.93
2483.00	2450.26	 1.7998	34.6427	27.7142	 2.24	 97.43	0.040	  145.56	 99.93
2484.00	2451.24	 1.7997	34.6427	27.7142	 2.25	 97.57	0.040	  145.51	 99.93
2485.00	2452.23	 1.7995	34.6428	27.7143	 2.25	 97.59	0.040	  145.54	 99.93
2486.00	2453.21	 1.7977	34.6429	27.7146	 2.25	 97.64	0.040	  145.56	 99.93
2487.00	2454.19	 1.7971	34.6430	27.7147	 2.24	 97.40	0.040	  145.56	 99.93
2488.00	2455.17	 1.7967	34.6431	27.7149	 2.24	 97.25	0.040	  145.56	 99.93
2489.00	2456.15	 1.7951	34.6430	27.7149	 2.26	 98.21	0.040	  145.56	 99.93
2490.00	2457.13	 1.7937	34.6433	27.7152	 2.26	 98.39	0.040	  145.56	 99.93
2491.00	2458.11	 1.7935	34.6432	27.7152	 2.25	 97.98	0.040	  145.52	 99.93
2492.00	2459.09	 1.7935	34.6434	27.7153	 2.26	 98.04	0.040	  145.53	 99.93
2493.00	2460.07	 1.7929	34.6435	27.7155	 2.26	 98.08	0.040	  145.54	 99.93
2494.00	2461.06	 1.7927	34.6436	27.7156	 2.26	 98.39	0.040	  145.49	 99.93
2495.00	2462.04	 1.7923	34.6436	27.7156	 2.27	 98.57	0.040	  145.48	 99.93
2496.00	2463.02	 1.7917	34.6435	27.7156	 2.26	 98.20	0.040	  145.50	 99.93
2497.00	2464.00	 1.7910	34.6436	27.7157	 2.26	 98.18	0.040	  145.48	 99.93
2498.00	2464.98	 1.7900	34.6437	27.7159	 2.26	 98.28	0.039	  145.50	 99.93
2499.00	2465.96	 1.7895	34.6437	27.7159	 2.27	 98.49	0.040	  145.54	 99.93
2500.00	2466.94	 1.7886	34.6438	27.7160	 2.27	 98.79	0.040	  145.52	 99.93
2501.00	2467.92	 1.7880	34.6439	27.7162	 2.26	 98.33	0.040	  145.56	 99.93
2502.00	2468.90	 1.7878	34.6437	27.7160	 2.27	 98.56	0.040	  145.58	 99.93
2503.00	2469.89	 1.7872	34.6439	27.7163	 2.27	 98.49	0.040	  145.47	 99.93
2504.00	2470.87	 1.7866	34.6440	27.7164	 2.26	 98.05	0.040	  145.51	 99.93
2505.00	2471.85	 1.7864	34.6438	27.7163	 2.26	 98.31	0.040	  145.53	 99.93
2506.00	2472.83	 1.7861	34.6438	27.7163	 2.27	 98.53	0.040	  145.52	 99.93
2507.00	2473.81	 1.7858	34.6439	27.7164	 2.27	 98.69	0.040	  145.51	 99.93
2508.00	2474.79	 1.7851	34.6442	27.7166	 2.26	 98.19	0.040	  145.52	 99.93
2509.00	2475.77	 1.7849	34.6440	27.7165	 2.26	 98.36	0.040	  145.48	 99.93
2510.00	2476.75	 1.7847	34.6439	27.7165	 2.27	 98.74	0.040	  145.53	 99.93
2511.00	2477.73	 1.7826	34.6440	27.7167	 2.26	 98.40	0.040	  145.53	 99.93
2512.00	2478.71	 1.7816	34.6442	27.7169	 2.27	 98.54	0.040	  145.50	 99.93
2513.00	2479.70	 1.7815	34.6442	27.7170	 2.27	 98.82	0.040	  145.53	 99.93
2514.00	2480.68	 1.7812	34.6443	27.7171	 2.27	 98.85	0.040	  145.48	 99.93
2515.00	2481.66	 1.7809	34.6443	27.7171	 2.28	 98.94	0.040	  145.54	 99.93
2516.00	2482.64	 1.7804	34.6445	27.7173	 2.27	 98.84	0.040	  145.50	 99.93
2517.00	2483.62	 1.7805	34.6443	27.7172	 2.27	 98.86	0.040	  145.43	 99.93
2518.00	2484.60	 1.7804	34.6444	27.7172	 2.27	 98.82	0.040	  145.56	 99.93
2519.00	2485.58	 1.7799	34.6444	27.7173	 2.27	 98.72	0.040	  145.53	 99.93
2520.00	2486.56	 1.7794	34.6445	27.7175	 2.28	 99.01	0.040	  145.50	 99.93
2521.00	2487.54	 1.7793	34.6446	27.7175	 2.28	 99.05	0.040	  145.52	 99.93
2522.00	2488.52	 1.7793	34.6446	27.7175	 2.27	 98.78	0.040	  145.50	 99.93
2523.00	2489.50	 1.7794	34.6445	27.7175	 2.27	 98.81	0.040	  145.50	 99.93
2524.00	2490.49	 1.7793	34.6446	27.7176	 2.28	 98.91	0.040	  145.52	 99.93
2525.00	2491.47	 1.7793	34.6445	27.7175	 2.28	 98.90	0.040	  145.52	 99.93
2526.00	2492.45	 1.7789	34.6446	27.7176	 2.28	 99.05	0.040	  145.55	 99.93
2527.00	2493.43	 1.7788	34.6448	27.7177	 2.29	 99.40	0.040	  145.50	 99.93
2528.00	2494.41	 1.7789	34.6448	27.7177	 2.29	 99.38	0.040	  145.54	 99.93
2529.00	2495.39	 1.7790	34.6448	27.7177	 2.28	 98.99	0.040	  145.53	 99.93
2530.00	2496.37	 1.7791	34.6446	27.7176	 2.28	 99.07	0.040	  145.49	 99.93
2531.00	2497.35	 1.7791	34.6448	27.7177	 2.29	 99.35	0.040	  145.53	 99.93
2532.00	2498.33	 1.7779	34.6448	27.7179	 2.28	 99.15	0.040	  145.45	 99.93
2533.00	2499.31	 1.7768	34.6451	27.7182	 2.28	 99.17	0.040	  145.55	 99.93
2534.00	2500.30	 1.7764	34.6450	27.7181	 2.28	 99.18	0.040	  145.49	 99.93
2535.00	2501.28	 1.7767	34.6449	27.7180	 2.29	 99.31	0.040	  145.48	 99.93
2536.00	2502.26	 1.7760	34.6451	27.7183	 2.29	 99.47	0.040	  145.47	 99.93
2537.00	2503.24	 1.7759	34.6453	27.7184	 2.29	 99.52	0.040	  145.48	 99.93
2538.00	2504.22	 1.7758	34.6453	27.7184	 2.29	 99.48	0.040	  145.50	 99.93
2539.00	2505.20	 1.7753	34.6453	27.7185	 2.29	 99.47	0.040	  145.50	 99.93
2540.00	2506.18	 1.7749	34.6454	27.7186	 2.30	 99.88	0.040	  145.56	 99.93
2541.00	2507.16	 1.7738	34.6453	27.7186	 2.29	 99.70	0.040	  145.50	 99.93
2542.00	2508.14	 1.7729	34.6455	27.7188	 2.28	 99.19	0.040	  145.51	 99.93
2543.00	2509.12	 1.7725	34.6454	27.7188	 2.29	 99.40	0.040	  145.52	 99.93
2544.00	2510.10	 1.7721	34.6455	27.7189	 2.30	 99.79	0.040	  145.49	 99.93
2545.00	2511.08	 1.7722	34.6454	27.7188	 2.30	 99.93	0.040	  145.53	 99.93
2546.00	2512.07	 1.7719	34.6456	27.7191	 2.29	 99.73	0.040	  145.50	 99.93
2547.00	2513.05	 1.7717	34.6458	27.7192	 2.30	 99.77	0.040	  145.58	 99.93
2548.00	2514.03	 1.7714	34.6457	27.7191	 2.31	100.22	0.040	  145.51	 99.93
2549.00	2515.01	 1.7708	34.6456	27.7191	 2.30	 99.94	0.040	  145.48	 99.93
2550.00	2515.99	 1.7701	34.6457	27.7193	 2.30	 99.76	0.039	  145.50	 99.93
2551.00	2516.97	 1.7692	34.6459	27.7195	 2.31	100.46	0.040	  145.46	 99.93
2552.00	2517.95	 1.7686	34.6460	27.7196	 2.31	100.54	0.040	  145.48	 99.93
2553.00	2518.93	 1.7675	34.6461	27.7198	 2.31	100.28	0.040	  145.55	 99.93
2554.00	2519.91	 1.7665	34.6462	27.7199	 2.31	100.42	0.040	  145.54	 99.93
2555.00	2520.89	 1.7661	34.6462	27.7200	 2.31	100.40	0.040	  145.49	 99.93
2556.00	2521.87	 1.7653	34.6463	27.7202	 2.32	100.66	0.040	  145.48	 99.93
2557.00	2522.85	 1.7646	34.6465	27.7204	 2.32	100.97	0.040	  145.48	 99.93
2558.00	2523.84	 1.7644	34.6467	27.7205	 2.32	100.72	0.040	  145.47	 99.93
2559.00	2524.82	 1.7644	34.6468	27.7206	 2.32	100.77	0.039	  145.55	 99.93
2560.00	2525.80	 1.7644	34.6468	27.7206	 2.32	100.73	0.040	  145.52	 99.93
2561.00	2526.78	 1.7646	34.6466	27.7205	 2.32	100.61	0.040	  145.50	 99.93
2562.00	2527.76	 1.7646	34.6468	27.7206	 2.32	100.82	0.040	  145.49	 99.93
