wcoa21_data_management/01_CRUISE_METADATA/00_OCADS_data/CTD_downcasts/WCOA_2021_CTD_downcasts/dRB2102_CTD_062_01_F.txt
* Sea-Bird SBE 9 Data:
* Software Version Seasave V 7.26.7.107
* Vessel: NOAA Ship Ronald H. Brown
* Cruise: RB2102, West Coast Ocean Acidification (WCOA) 2021
* Dates: 20210622 to 20210723
* Region: NE Pacific, USA West Coast
* Ports: San Diego, CA to Port Angeles, WA to San Diego, CA
* Chief Scientists: R. Feely, NOAA PMEL; D. Greeley, NOAA PMEL; B. Carter, NOAA PMEL / UW CICOES
*END*
[from data line 214]
 217.00	 215.19	 7.4363	34.0738	26.6312	 1.58	 68.93	0.041	  132.22	 99.85
 218.00	 216.18	 7.4251	34.0740	26.6329	 1.58	 68.79	0.041	  132.17	 99.85
 219.00	 217.17	 7.4126	34.0739	26.6346	 1.58	 68.67	0.040	  132.19	 99.85
 220.00	 218.16	 7.4100	34.0740	26.6351	 1.57	 68.44	0.040	  132.22	 99.85
 221.00	 219.15	 7.4052	34.0740	26.6358	 1.57	 68.46	0.040	  132.22	 99.85
 222.00	 220.14	 7.3992	34.0736	26.6363	 1.57	 68.39	0.040	  132.25	 99.85
 223.00	 221.13	 7.3837	34.0738	26.6387	 1.57	 68.30	0.040	  132.22	 99.85
 224.00	 222.12	 7.3784	34.0739	26.6395	 1.56	 68.01	0.040	  132.19	 99.85
 225.00	 223.12	 7.3554	34.0742	26.6430	 1.55	 67.62	0.040	  132.22	 99.85
 226.00	 224.11	 7.3365	34.0749	26.6462	 1.55	 67.48	0.040	  132.21	 99.85
 227.00	 225.10	 7.3207	34.0756	26.6490	 1.55	 67.33	0.040	  132.22	 99.85
 228.00	 226.09	 7.3104	34.0759	26.6507	 1.54	 67.08	0.040	  132.27	 99.85
 229.00	 227.08	 7.3011	34.0764	26.6524	 1.54	 66.95	0.040	  132.26	 99.85
 230.00	 228.07	 7.2968	34.0766	26.6532	 1.54	 66.94	0.040	  132.27	 99.85
 231.00	 229.06	 7.2927	34.0769	26.6540	 1.53	 66.74	0.040	  132.19	 99.86
 232.00	 230.05	 7.2910	34.0771	26.6544	 1.53	 66.38	0.040	  132.21	 99.87
 233.00	 231.04	 7.2883	34.0772	26.6549	 1.52	 66.21	0.040	  132.28	 99.86
 234.00	 232.04	 7.2801	34.0777	26.6564	 1.52	 66.05	0.040	  132.22	 99.86
 235.00	 233.03	 7.2710	34.0782	26.6581	 1.51	 65.86	0.040	  132.21	 99.87
 236.00	 234.02	 7.2544	34.0786	26.6608	 1.51	 65.66	0.040	  132.20	 99.87
 237.00	 235.01	 7.2431	34.0793	26.6629	 1.50	 65.39	0.040	  132.23	 99.86
 238.00	 236.00	 7.2292	34.0794	26.6650	 1.50	 65.18	0.040	  132.17	 99.87
 239.00	 236.99	 7.2200	34.0805	26.6671	 1.49	 65.01	0.040	  132.20	 99.87
 240.00	 237.98	 7.2161	34.0813	26.6683	 1.49	 64.86	0.040	  132.16	 99.87
 241.00	 238.97	 7.2155	34.0816	26.6686	 1.48	 64.59	0.040	  132.20	 99.88
 242.00	 239.96	 7.2138	34.0823	26.6694	 1.48	 64.33	0.041	  132.20	 99.88
 243.00	 240.95	 7.2132	34.0828	26.6699	 1.47	 64.10	0.040	  132.23	 99.88
 244.00	 241.95	 7.2136	34.0837	26.6706	 1.47	 63.80	0.040	  132.20	 99.88
 245.00	 242.94	 7.2142	34.0850	26.6715	 1.46	 63.61	0.040	  132.20	 99.88
 246.00	 243.93	 7.2092	34.0855	26.6726	 1.46	 63.49	0.040	  132.20	 99.88
 247.00	 244.92	 7.1892	34.0855	26.6754	 1.46	 63.50	0.040	  132.22	 99.88
 248.00	 245.91	 7.1619	34.0833	26.6775	 1.46	 63.34	0.040	  132.20	 99.88
 249.00	 246.90	 7.1466	34.0841	26.6803	 1.45	 62.97	0.040	  132.22	 99.88
 250.00	 247.89	 7.1458	34.0868	26.6825	 1.44	 62.73	0.040	  132.20	 99.88
 251.00	 248.88	 7.1384	34.0868	26.6835	 1.44	 62.56	0.040	  132.22	 99.88
 252.00	 249.87	 7.1303	34.0863	26.6843	 1.43	 62.39	0.040	  132.16	 99.88
 253.00	 250.86	 7.1200	34.0861	26.6856	 1.43	 62.23	0.040	  132.27	 99.88
 254.00	 251.86	 7.1138	34.0872	26.6873	 1.43	 62.01	0.040	  132.28	 99.88
 255.00	 252.85	 7.1095	34.0875	26.6882	 1.42	 61.74	0.040	  132.17	 99.88
 256.00	 253.84	 7.1078	34.0887	26.6894	 1.41	 61.46	0.040	  132.22	 99.88
 257.00	 254.83	 7.0993	34.0893	26.6910	 1.41	 61.27	0.040	  132.19	 99.88
 258.00	 255.82	 7.0941	34.0898	26.6921	 1.40	 60.99	0.040	  132.24	 99.88
 259.00	 256.81	 7.0951	34.0908	26.6928	 1.40	 60.92	0.040	  132.24	 99.88
 260.00	 257.80	 7.0948	34.0908	26.6928	 1.40	 60.96	0.040	  132.20	 99.88
 261.00	 258.79	 7.0849	34.0896	26.6933	 1.40	 60.94	0.040	  132.20	 99.88
 262.00	 259.78	 7.0814	34.0897	26.6938	 1.40	 60.79	0.040	  132.21	 99.89
 263.00	 260.77	 7.0611	34.0882	26.6955	 1.40	 60.68	0.040	  132.21	 99.88
 264.00	 261.76	 7.0474	34.0901	26.6988	 1.39	 60.53	0.040	  132.25	 99.88
 265.00	 262.76	 7.0450	34.0906	26.6996	 1.39	 60.39	0.040	  132.19	 99.88
 266.00	 263.75	 7.0457	34.0907	26.6996	 1.38	 60.17	0.040	  132.17	 99.88
 267.00	 264.74	 7.0396	34.0910	26.7007	 1.38	 60.08	0.040	  132.22	 99.89
 268.00	 265.73	 7.0378	34.0913	26.7012	 1.38	 60.01	0.040	  132.19	 99.88
 269.00	 266.72	 7.0363	34.0912	26.7013	 1.38	 59.92	0.040	  132.18	 99.89
 270.00	 267.71	 7.0326	34.0910	26.7017	 1.38	 59.87	0.040	  132.18	 99.89
 271.00	 268.70	 7.0212	34.0906	26.7029	 1.38	 59.82	0.040	  132.17	 99.89
 272.00	 269.69	 6.9984	34.0907	26.7062	 1.38	 59.83	0.040	  132.22	 99.89
 273.00	 270.68	 6.9876	34.0905	26.7075	 1.37	 59.72	0.040	  132.22	 99.89
 274.00	 271.67	 6.9755	34.0899	26.7087	 1.36	 59.34	0.040	  132.14	 99.89
 275.00	 272.66	 6.9662	34.0906	26.7105	 1.36	 59.02	0.040	  132.22	 99.89
 276.00	 273.65	 6.9644	34.0924	26.7122	 1.35	 58.60	0.040	  132.17	 99.89
 277.00	 274.65	 6.9634	34.0933	26.7131	 1.34	 58.25	0.040	  132.19	 99.89
 278.00	 275.64	 6.9547	34.0945	26.7152	 1.33	 57.92	0.041	  132.17	 99.89
 279.00	 276.63	 6.9472	34.0966	26.7179	 1.32	 57.56	0.042	  132.18	 99.90
 280.00	 277.62	 6.9402	34.0972	26.7193	 1.32	 57.27	0.041	  132.26	 99.89
 281.00	 278.61	 6.9313	34.0977	26.7209	 1.31	 57.05	0.040	  132.24	 99.90
 282.00	 279.60	 6.9201	34.0968	26.7217	 1.31	 56.95	0.040	  132.21	 99.90
 283.00	 280.59	 6.9034	34.0963	26.7236	 1.31	 56.93	0.040	  132.19	 99.90
 284.00	 281.58	 6.8820	34.0941	26.7248	 1.31	 56.97	0.040	  132.23	 99.90
 285.00	 282.57	 6.8582	34.0940	26.7280	 1.31	 57.08	0.040	  132.25	 99.90
 286.00	 283.56	 6.8612	34.0937	26.7274	 1.31	 57.00	0.040	  132.22	 99.90
 287.00	 284.55	 6.8555	34.0933	26.7278	 1.31	 57.05	0.040	  132.18	 99.90
 288.00	 285.54	 6.8558	34.0928	26.7274	 1.31	 57.19	0.040	  132.16	 99.90
 289.00	 286.54	 6.8483	34.0914	26.7273	 1.32	 57.40	0.040	  132.18	 99.90
 290.00	 287.53	 6.8349	34.0893	26.7274	 1.32	 57.59	0.040	  132.21	 99.90
 291.00	 288.52	 6.8195	34.0887	26.7290	 1.33	 57.85	0.040	  132.18	 99.90
 292.00	 289.51	 6.8043	34.0852	26.7284	 1.33	 57.91	0.040	  132.16	 99.90
 293.00	 290.50	 6.7988	34.0846	26.7286	 1.32	 57.59	0.040	  132.24	 99.90
 294.00	 291.49	 6.8082	34.0885	26.7305	 1.31	 56.78	0.040	  132.20	 99.90
 295.00	 292.48	 6.8291	34.0945	26.7324	 1.29	 56.10	0.040	  132.14	 99.90
 296.00	 293.47	 6.8473	34.0994	26.7338	 1.28	 55.62	0.040	  132.16	 99.90
 297.00	 294.46	 6.8542	34.1017	26.7347	 1.27	 55.22	0.040	  132.18	 99.90
 298.00	 295.45	 6.8527	34.1028	26.7358	 1.26	 54.94	0.040	  132.17	 99.90
 299.00	 296.44	 6.8473	34.1030	26.7367	 1.27	 55.12	0.040	  132.21	 99.90
 300.00	 297.43	 6.8386	34.1016	26.7368	 1.27	 55.30	0.040	  132.21	 99.90
 301.00	 298.42	 6.8108	34.0980	26.7377	 1.28	 55.51	0.040	  132.26	 99.90
 302.00	 299.42	 6.7944	34.0967	26.7389	 1.28	 55.69	0.040	  132.15	 99.90
 303.00	 300.41	 6.7729	34.0944	26.7400	 1.28	 55.78	0.040	  132.13	 99.91
 304.00	 301.40	 6.7600	34.0934	26.7410	 1.29	 55.95	0.041	  132.18	 99.90
 305.00	 302.39	 6.7487	34.0926	26.7419	 1.29	 56.12	0.041	  132.17	 99.90
 306.00	 303.38	 6.7381	34.0911	26.7421	 1.29	 56.14	0.040	  132.15	 99.90
 307.00	 304.37	 6.7210	34.0890	26.7427	 1.29	 55.96	0.040	  132.20	 99.90
 308.00	 305.36	 6.7003	34.0892	26.7457	 1.28	 55.68	0.040	  132.21	 99.90
 309.00	 306.35	 6.6971	34.0920	26.7483	 1.28	 55.46	0.040	  132.18	 99.90
 310.00	 307.34	 6.7018	34.0938	26.7491	 1.27	 55.22	0.040	  132.20	 99.90
 311.00	 308.33	 6.7047	34.0949	26.7496	 1.27	 55.04	0.040	  132.18	 99.90
 312.00	 309.32	 6.7045	34.0952	26.7499	 1.26	 54.88	0.040	  132.16	 99.90
 313.00	 310.31	 6.7066	34.0959	26.7501	 1.26	 54.68	0.040	  132.14	 84.23
 314.00	 311.30	 6.7073	34.0965	26.7505	 1.25	 54.47	0.040	  132.15	100.12
 315.00	 312.29	 6.7085	34.0975	26.7512	 1.24	 54.06	0.040	  132.12	 99.90
 316.00	 313.28	 6.7136	34.0995	26.7521	 1.23	 53.32	0.040	  132.10	 99.90
 317.00	 314.28	 6.7274	34.1061	26.7554	 1.20	 52.37	0.040	  132.10	 99.91
 318.00	 315.27	 6.7452	34.1133	26.7588	 1.18	 51.52	0.040	  132.12	 99.91
 319.00	 316.26	 6.7408	34.1168	26.7621	 1.17	 50.88	0.041	  132.12	 99.91
 320.00	 317.25	 6.7343	34.1199	26.7655	 1.16	 50.42	0.042	  132.10	 99.91
 321.00	 318.24	 6.7342	34.1226	26.7676	 1.15	 50.10	0.040	  132.12	 99.92
 322.00	 319.23	 6.7289	34.1232	26.7688	 1.14	 49.69	0.040	  132.12	 99.93
 323.00	 320.22	 6.7190	34.1241	26.7708	 1.13	 49.15	0.041	  132.13	 99.92
 324.00	 321.21	 6.7108	34.1279	26.7750	 1.12	 48.63	0.041	  132.16	 99.93
 325.00	 322.20	 6.7012	34.1272	26.7757	 1.11	 48.24	0.040	  132.09	 99.93
 326.00	 323.19	 6.6766	34.1314	26.7823	 1.10	 47.96	0.040	  132.20	 99.93
 327.00	 324.18	 6.6749	34.1325	26.7834	 1.10	 47.64	0.040	  132.17	 99.93
 328.00	 325.17	 6.6746	34.1329	26.7837	 1.09	 47.38	0.040	  132.14	 99.93
 329.00	 326.16	 6.6721	34.1340	26.7850	 1.08	 47.03	0.040	  132.16	 99.93
 330.00	 327.15	 6.6675	34.1350	26.7864	 1.07	 46.70	0.040	  132.20	 99.93
 331.00	 328.14	 6.6559	34.1357	26.7885	 1.06	 46.31	0.040	  132.20	 99.93
 332.00	 329.13	 6.6385	34.1375	26.7923	 1.06	 45.92	0.040	  132.16	 99.93
 333.00	 330.13	 6.6221	34.1402	26.7966	 1.05	 45.56	0.040	  132.18	 99.93
 334.00	 331.12	 6.6159	34.1409	26.7980	 1.04	 45.37	0.040	  132.20	 99.93
 335.00	 332.11	 6.6094	34.1412	26.7991	 1.04	 45.21	0.040	  132.13	 99.94
 336.00	 333.10	 6.6001	34.1423	26.8012	 1.04	 45.04	0.041	  132.16	 99.94
 337.00	 334.09	 6.5982	34.1426	26.8017	 1.03	 44.91	0.041	  132.18	 69.53
 338.00	 335.08	 6.5953	34.1428	26.8022	 1.03	 44.78	0.040	  132.08	 99.72
 339.00	 336.07	 6.5887	34.1431	26.8033	 1.03	 44.68	0.041	  132.13	 99.94
 340.00	 337.06	 6.5637	34.1416	26.8055	 1.02	 44.56	0.041	  132.16	 99.94
 341.00	 338.05	 6.5486	34.1406	26.8067	 1.02	 44.46	0.040	  132.16	 99.94
 342.00	 339.04	 6.5416	34.1400	26.8072	 1.02	 44.33	0.041	  132.11	 99.94
 343.00	 340.03	 6.5385	34.1396	26.8072	 1.02	 44.27	0.041	  132.19	 99.94
 344.00	 341.02	 6.5213	34.1372	26.8076	 1.02	 44.21	0.040	  132.15	 99.94
 345.00	 342.01	 6.4797	34.1332	26.8099	 1.02	 44.25	0.040	  132.19	 99.94
 346.00	 343.00	 6.4417	34.1328	26.8146	 1.02	 44.18	0.040	  132.20	 99.94
 347.00	 343.99	 6.4183	34.1323	26.8173	 1.01	 44.07	0.040	  132.14	 99.95
 348.00	 344.98	 6.4134	34.1324	26.8180	 1.01	 43.96	0.040	  132.18	 99.95
 349.00	 345.97	 6.4087	34.1321	26.8184	 1.01	 43.83	0.040	  132.08	 99.95
 350.00	 346.96	 6.4023	34.1322	26.8193	 1.00	 43.68	0.040	  132.15	 99.95
 351.00	 347.95	 6.3973	34.1325	26.8202	 1.00	 43.61	0.040	  132.21	 99.95
 352.00	 348.95	 6.3927	34.1322	26.8206	 1.00	 43.53	0.040	  132.18	 99.94
 353.00	 349.94	 6.3858	34.1321	26.8214	 1.00	 43.47	0.040	  132.19	 99.95
 354.00	 350.93	 6.3835	34.1324	26.8219	 1.00	 43.41	0.040	  132.15	 99.95
 355.00	 351.92	 6.3807	34.1323	26.8222	 1.00	 43.36	0.040	  132.16	 99.95
 356.00	 352.91	 6.3499	34.1306	26.8249	 1.00	 43.39	0.040	  132.19	 99.95
 357.00	 353.90	 6.3270	34.1312	26.8283	 1.00	 43.30	0.040	  132.18	 99.95
 358.00	 354.89	 6.3186	34.1320	26.8301	 0.99	 43.21	0.040	  132.12	 99.95
 359.00	 355.88	 6.3116	34.1326	26.8315	 0.99	 43.17	0.040	  132.17	 99.95
 360.00	 356.87	 6.3102	34.1328	26.8319	 0.99	 43.00	0.040	  132.16	 99.95
 361.00	 357.86	 6.3082	34.1330	26.8323	 0.98	 42.75	0.040	  132.15	 99.95
 362.00	 358.85	 6.3043	34.1350	26.8344	 0.97	 42.36	0.041	  132.16	 99.95
 363.00	 359.84	 6.3064	34.1367	26.8355	 0.97	 42.17	0.041	  132.14	 99.95
 364.00	 360.83	 6.3084	34.1375	26.8358	 0.96	 41.95	0.040	  132.14	 99.95
 365.00	 361.82	 6.3120	34.1393	26.8368	 0.96	 41.69	0.040	  132.18	 99.95
 366.00	 362.81	 6.3112	34.1399	26.8373	 0.95	 41.46	0.040	  132.18	 99.95
 367.00	 363.80	 6.3088	34.1413	26.8388	 0.95	 41.39	0.040	  132.19	 99.95
 368.00	 364.79	 6.3091	34.1419	26.8393	 0.95	 41.24	0.041	  132.18	 99.95
 369.00	 365.78	 6.3089	34.1423	26.8396	 0.94	 41.09	0.040	  132.14	 99.95
 370.00	 366.77	 6.3046	34.1426	26.8404	 0.94	 40.94	0.040	  132.13	 99.95
 371.00	 367.76	 6.2976	34.1434	26.8420	 0.94	 40.80	0.041	  132.20	 99.95
 372.00	 368.75	 6.2941	34.1437	26.8426	 0.94	 40.71	0.041	  132.16	 99.95
 373.00	 369.74	 6.2923	34.1440	26.8431	 0.94	 40.68	0.040	  132.16	 99.95
 374.00	 370.73	 6.2914	34.1439	26.8432	 0.93	 40.64	0.040	  132.15	 99.95
 375.00	 371.73	 6.2873	34.1442	26.8439	 0.93	 40.47	0.040	  132.18	 99.95
 376.00	 372.72	 6.2832	34.1444	26.8446	 0.93	 40.42	0.040	  132.16	 99.95
 377.00	 373.71	 6.2813	34.1444	26.8449	 0.93	 40.30	0.041	  132.12	 99.95
 378.00	 374.70	 6.2729	34.1449	26.8464	 0.92	 40.20	0.041	  132.14	 99.95
 379.00	 375.69	 6.2718	34.1451	26.8467	 0.92	 40.15	0.040	  132.13	 99.95
 380.00	 376.68	 6.2700	34.1451	26.8469	 0.92	 39.99	0.040	  132.13	 99.95
 381.00	 377.67	 6.2650	34.1451	26.8476	 0.92	 39.90	0.041	  132.11	 99.95
 382.00	 378.66	 6.2583	34.1462	26.8493	 0.92	 39.82	0.042	  132.13	 99.95
 383.00	 379.65	 6.2570	34.1461	26.8494	 0.91	 39.75	0.041	  132.18	 99.95
 384.00	 380.64	 6.2543	34.1464	26.8501	 0.91	 39.71	0.040	  132.14	 99.95
 385.00	 381.63	 6.2535	34.1465	26.8503	 0.91	 39.66	0.041	  132.15	 99.95
 386.00	 382.62	 6.2523	34.1467	26.8506	 0.91	 39.57	0.040	  132.10	 99.96
 387.00	 383.61	 6.2525	34.1468	26.8506	 0.91	 39.48	0.040	  132.16	 99.96
 388.00	 384.60	 6.2515	34.1468	26.8508	 0.91	 39.44	0.040	  132.16	 99.95
 389.00	 385.59	 6.2491	34.1471	26.8513	 0.90	 39.31	0.040	  132.14	 99.96
 390.00	 386.58	 6.2450	34.1473	26.8520	 0.90	 39.25	0.040	  132.08	 99.96
 391.00	 387.57	 6.2352	34.1485	26.8542	 0.90	 39.04	0.040	  132.14	 99.96
 392.00	 388.56	 6.2318	34.1487	26.8548	 0.90	 38.95	0.040	  132.11	 99.96
 393.00	 389.55	 6.2289	34.1488	26.8553	 0.90	 38.99	0.040	  132.06	 99.96
 394.00	 390.54	 6.2268	34.1490	26.8557	 0.89	 38.82	0.040	  132.17	 99.96
 395.00	 391.53	 6.2246	34.1493	26.8563	 0.89	 38.80	0.040	  132.10	 99.96
 396.00	 392.52	 6.2230	34.1496	26.8567	 0.89	 38.69	0.040	  132.11	 99.97
 397.00	 393.51	 6.2204	34.1500	26.8574	 0.89	 38.52	0.040	  132.14	 99.96
 398.00	 394.50	 6.2159	34.1509	26.8587	 0.88	 38.38	0.041	  132.10	 99.96
 399.00	 395.49	 6.2137	34.1513	26.8593	 0.88	 38.33	0.040	  132.09	 99.96
 400.00	 396.48	 6.2125	34.1514	26.8595	 0.88	 38.26	0.040	  132.14	 99.96
 401.00	 397.47	 6.2104	34.1518	26.8601	 0.88	 38.18	0.040	  132.10	 99.96
 402.00	 398.46	 6.2083	34.1521	26.8606	 0.88	 38.07	0.040	  132.13	 99.96
 403.00	 399.45	 6.2046	34.1523	26.8613	 0.87	 38.01	0.040	  132.08	 99.96
 404.00	 400.44	 6.1982	34.1529	26.8626	 0.87	 37.98	0.042	  132.10	 99.96
 405.00	 401.43	 6.1964	34.1530	26.8629	 0.87	 37.99	0.040	  132.06	 99.97
 406.00	 402.42	 6.1882	34.1524	26.8635	 0.87	 37.93	0.040	  132.08	 99.97
 407.00	 403.41	 6.1775	34.1519	26.8645	 0.87	 37.86	0.040	  132.05	 99.97
 408.00	 404.40	 6.1758	34.1521	26.8649	 0.87	 37.85	0.040	  132.09	 99.97
 409.00	 405.39	 6.1759	34.1522	26.8649	 0.87	 37.88	0.040	  132.03	 99.97
 410.00	 406.39	 6.1748	34.1521	26.8650	 0.87	 37.88	0.040	  132.03	 99.97
 411.00	 407.38	 6.1693	34.1515	26.8652	 0.87	 37.89	0.040	  132.09	 99.97
 412.00	 408.37	 6.1671	34.1514	26.8654	 0.87	 37.89	0.041	  132.02	 99.97
 413.00	 409.36	 6.1653	34.1510	26.8654	 0.87	 37.87	0.042	  132.15	 99.97
 414.00	 410.35	 6.1581	34.1500	26.8655	 0.87	 37.82	0.041	  132.03	 99.97
 415.00	 411.34	 6.1464	34.1498	26.8668	 0.87	 37.74	0.040	  132.03	 99.97
 416.00	 412.33	 6.1398	34.1503	26.8681	 0.87	 37.71	0.040	  132.03	 99.97
 417.00	 413.32	 6.1372	34.1507	26.8688	 0.86	 37.61	0.041	  132.04	 99.97
 418.00	 414.31	 6.1360	34.1513	26.8694	 0.86	 37.52	0.040	  132.02	 99.97
 419.00	 415.30	 6.1355	34.1515	26.8696	 0.86	 37.47	0.040	  132.02	 99.97
 420.00	 416.29	 6.1279	34.1511	26.8703	 0.86	 37.37	0.040	  132.08	 99.97
 421.00	 417.28	 6.1149	34.1518	26.8725	 0.86	 37.29	0.040	  132.03	 99.97
 422.00	 418.27	 6.1108	34.1521	26.8733	 0.86	 37.19	0.040	  132.03	 99.97
 423.00	 419.26	 6.1081	34.1524	26.8739	 0.86	 37.24	0.040	  132.08	 99.98
 424.00	 420.25	 6.1059	34.1525	26.8742	 0.85	 37.14	0.041	  132.03	 99.97
 425.00	 421.24	 6.1048	34.1527	26.8745	 0.85	 37.03	0.041	  132.03	 99.97
 426.00	 422.23	 6.1036	34.1530	26.8750	 0.85	 36.97	0.040	  132.03	 99.97
 427.00	 423.22	 6.1032	34.1533	26.8752	 0.85	 36.85	0.040	  132.07	 99.97
 428.00	 424.21	 6.1029	34.1535	26.8754	 0.85	 36.84	0.042	  132.00	 99.98
