wcoa21_data_management/01_CRUISE_METADATA/00_OCADS_data/CTD_downcasts/WCOA_2021_CTD_downcasts/dRB2102_CTD_038_01_F.txt
* Sea-Bird SBE 9 Data:
* Software Version Seasave V 7.26.7.107
* Vessel: NOAA Ship Ronald H. Brown
* Cruise: RB2102, West Coast Ocean Acidification (WCOA) 2021
* Dates: 20210622 to 20210723
* Region: NE Pacific, USA West Coast
* Ports: San Diego, CA to Port Angeles, WA to San Diego, CA
* Chief Scientists: R. Feely, NOAA PMEL; D. Greeley, NOAA PMEL; B. Carter, NOAA PMEL / UW CICOES
*END*
[from data line 214]
 217.00	 215.08	 6.8593	33.9714	26.6303	 1.99	 86.64	0.041	  168.88	 99.78
 218.00	 216.07	 6.8574	33.9714	26.6306	 1.99	 86.50	0.041	  168.86	 99.78
 219.00	 217.06	 6.8538	33.9717	26.6313	 1.99	 86.56	0.041	  168.84	 99.78
 220.00	 218.06	 6.8504	33.9720	26.6320	 1.99	 86.42	0.041	  168.80	 99.78
 221.00	 219.05	 6.8484	33.9722	26.6325	 1.98	 86.17	0.041	  168.84	 99.78
 222.00	 220.04	 6.8424	33.9724	26.6335	 1.97	 85.83	0.041	  168.86	 99.78
 223.00	 221.03	 6.8302	33.9730	26.6356	 1.97	 85.51	0.041	  168.85	 99.78
 224.00	 222.02	 6.8246	33.9738	26.6370	 1.96	 85.21	0.041	  168.88	 99.78
 225.00	 223.01	 6.8211	33.9738	26.6375	 1.95	 84.82	0.041	  168.84	 99.78
 226.00	 224.00	 6.8153	33.9740	26.6384	 1.94	 84.33	0.041	  168.84	 99.78
 227.00	 224.99	 6.8024	33.9760	26.6417	 1.93	 83.74	0.041	  168.80	 99.79
 228.00	 225.98	 6.7923	33.9776	26.6444	 1.91	 83.29	0.041	  168.82	 99.79
 229.00	 226.97	 6.7889	33.9777	26.6449	 1.91	 83.10	0.041	  168.87	 99.79
 230.00	 227.96	 6.7857	33.9780	26.6456	 1.91	 82.95	0.041	  168.86	 99.79
 231.00	 228.95	 6.7814	33.9779	26.6461	 1.90	 82.63	0.041	  168.85	 99.80
 232.00	 229.94	 6.7783	33.9784	26.6469	 1.89	 82.29	0.041	  168.86	 99.79
 233.00	 230.93	 6.7720	33.9788	26.6481	 1.88	 81.98	0.041	  168.82	 99.79
 234.00	 231.92	 6.7536	33.9805	26.6519	 1.88	 81.71	0.041	  168.80	 99.80
 235.00	 232.91	 6.7462	33.9814	26.6537	 1.87	 81.33	0.041	  168.80	 99.80
 236.00	 233.91	 6.7404	33.9817	26.6547	 1.86	 81.01	0.041	  168.81	 99.80
 237.00	 234.90	 6.7336	33.9824	26.6561	 1.86	 80.83	0.041	  168.85	 99.80
 238.00	 235.89	 6.7313	33.9824	26.6564	 1.85	 80.64	0.041	  168.81	 99.80
 239.00	 236.88	 6.7241	33.9822	26.6572	 1.85	 80.51	0.041	  168.75	 99.80
 240.00	 237.87	 6.7139	33.9829	26.6592	 1.85	 80.49	0.041	  168.79	 99.80
 241.00	 238.86	 6.7111	33.9830	26.6597	 1.85	 80.31	0.041	  168.71	 99.80
 242.00	 239.85	 6.7056	33.9834	26.6607	 1.84	 80.17	0.041	  168.74	 99.81
 243.00	 240.84	 6.7031	33.9837	26.6613	 1.84	 80.10	0.041	  168.79	 99.80
 244.00	 241.83	 6.6998	33.9838	26.6618	 1.84	 79.90	0.041	  168.73	 99.80
 245.00	 242.82	 6.6960	33.9840	26.6625	 1.83	 79.67	0.041	  168.77	 99.81
 246.00	 243.81	 6.6875	33.9844	26.6640	 1.83	 79.41	0.041	  168.76	 99.81
 247.00	 244.80	 6.6828	33.9844	26.6646	 1.82	 79.23	0.041	  168.69	 99.82
 248.00	 245.79	 6.6745	33.9823	26.6641	 1.82	 79.10	0.041	  168.82	 99.81
 249.00	 246.78	 6.6415	33.9846	26.6703	 1.82	 78.98	0.041	  168.79	 99.82
 250.00	 247.77	 6.6394	33.9857	26.6714	 1.81	 78.86	0.041	  168.75	 99.82
 251.00	 248.76	 6.6389	33.9854	26.6712	 1.81	 78.69	0.042	  168.79	 99.82
 252.00	 249.75	 6.6377	33.9852	26.6713	 1.81	 78.59	0.042	  168.78	 99.82
 253.00	 250.74	 6.6332	33.9848	26.6716	 1.81	 78.52	0.041	  168.78	 99.82
 254.00	 251.73	 6.6281	33.9852	26.6725	 1.80	 78.44	0.041	  168.73	 99.82
 255.00	 252.72	 6.6171	33.9843	26.6734	 1.80	 78.22	0.041	  168.75	 99.82
 256.00	 253.72	 6.6109	33.9846	26.6744	 1.79	 77.77	0.041	  168.74	 99.82
 257.00	 254.71	 6.6048	33.9847	26.6753	 1.79	 77.67	0.040	  168.86	 99.83
 258.00	 255.70	 6.6006	33.9847	26.6759	 1.78	 77.52	0.041	  168.81	 99.83
 259.00	 256.69	 6.5940	33.9846	26.6766	 1.78	 77.26	0.041	  168.80	 99.82
 260.00	 257.68	 6.5866	33.9852	26.6781	 1.77	 76.95	0.041	  168.83	 99.83
 261.00	 258.67	 6.5821	33.9853	26.6788	 1.76	 76.68	0.041	  168.81	 99.83
 262.00	 259.66	 6.5755	33.9855	26.6798	 1.76	 76.42	0.041	  168.71	 99.83
 263.00	 260.65	 6.5688	33.9858	26.6810	 1.75	 76.09	0.041	  168.75	 99.83
 264.00	 261.64	 6.5636	33.9861	26.6819	 1.74	 75.78	0.041	  168.78	 99.83
 265.00	 262.63	 6.5536	33.9867	26.6837	 1.74	 75.50	0.041	  168.76	 99.83
 266.00	 263.62	 6.5490	33.9871	26.6846	 1.73	 75.23	0.042	  168.80	 99.83
 267.00	 264.61	 6.5467	33.9873	26.6851	 1.73	 75.07	0.041	  168.76	 99.83
 268.00	 265.60	 6.5461	33.9873	26.6852	 1.72	 74.90	0.041	  168.80	 99.83
 269.00	 266.59	 6.5440	33.9873	26.6855	 1.72	 74.69	0.041	  168.80	 99.83
 270.00	 267.58	 6.5382	33.9875	26.6864	 1.71	 74.39	0.041	  168.76	 99.83
 271.00	 268.57	 6.5364	33.9877	26.6869	 1.71	 74.24	0.041	  168.79	 99.83
 272.00	 269.56	 6.5299	33.9879	26.6878	 1.70	 74.11	0.042	  168.80	 99.83
 273.00	 270.55	 6.5260	33.9883	26.6887	 1.70	 73.98	0.042	  168.75	 99.83
 274.00	 271.54	 6.5219	33.9881	26.6891	 1.70	 73.86	0.041	  168.77	 99.83
 275.00	 272.53	 6.5167	33.9885	26.6901	 1.69	 73.71	0.041	  168.70	 99.83
 276.00	 273.52	 6.5166	33.9886	26.6902	 1.70	 73.74	0.041	  168.74	 99.83
 277.00	 274.51	 6.5132	33.9886	26.6906	 1.70	 73.75	0.041	  168.74	 99.83
 278.00	 275.50	 6.5013	33.9884	26.6920	 1.69	 73.68	0.041	  168.72	 99.83
 279.00	 276.49	 6.4914	33.9901	26.6947	 1.69	 73.60	0.041	  168.69	 99.84
 280.00	 277.48	 6.4783	33.9903	26.6966	 1.69	 73.61	0.041	  168.71	 99.83
 281.00	 278.48	 6.4667	33.9912	26.6988	 1.69	 73.57	0.041	  168.74	 99.84
 282.00	 279.47	 6.4601	33.9909	26.6995	 1.69	 73.32	0.041	  168.75	 99.83
 283.00	 280.46	 6.4508	33.9911	26.7008	 1.68	 73.15	0.041	  168.72	 99.83
 284.00	 281.45	 6.4474	33.9920	26.7020	 1.68	 73.01	0.041	  168.69	 99.83
 285.00	 282.44	 6.4428	33.9927	26.7032	 1.68	 72.90	0.041	  168.70	 99.83
 286.00	 283.43	 6.4405	33.9931	26.7038	 1.67	 72.81	0.041	  168.71	 99.84
 287.00	 284.42	 6.4406	33.9930	26.7037	 1.67	 72.76	0.041	  168.73	 99.84
 288.00	 285.41	 6.4366	33.9929	26.7041	 1.67	 72.57	0.041	  168.74	 99.84
 289.00	 286.40	 6.4213	33.9936	26.7067	 1.67	 72.44	0.041	  168.70	 99.84
 290.00	 287.39	 6.4080	33.9949	26.7095	 1.67	 72.43	0.041	  168.73	 99.84
 291.00	 288.38	 6.4069	33.9949	26.7097	 1.66	 72.28	0.041	  168.71	 99.85
 292.00	 289.37	 6.4063	33.9947	26.7096	 1.66	 72.27	0.041	  168.63	 99.84
 293.00	 290.36	 6.4043	33.9945	26.7097	 1.66	 72.24	0.041	  168.70	 99.84
 294.00	 291.35	 6.4020	33.9943	26.7099	 1.66	 72.29	0.041	  168.70	 99.84
 295.00	 292.34	 6.4011	33.9943	26.7100	 1.66	 72.29	0.041	  168.73	 99.84
 296.00	 293.33	 6.3983	33.9942	26.7102	 1.66	 72.09	0.041	  168.64	 99.84
 297.00	 294.32	 6.3954	33.9946	26.7110	 1.65	 71.79	0.041	  168.73	 99.84
 298.00	 295.31	 6.3799	33.9948	26.7131	 1.65	 71.64	0.041	  168.72	 99.85
 299.00	 296.30	 6.3554	33.9960	26.7172	 1.64	 71.49	0.041	  168.71	 99.85
 300.00	 297.29	 6.3426	33.9969	26.7196	 1.64	 71.39	0.041	  168.61	 99.85
 301.00	 298.28	 6.3403	33.9972	26.7202	 1.64	 71.19	0.041	  168.65	 99.85
 302.00	 299.27	 6.3391	33.9976	26.7206	 1.63	 70.87	0.041	  168.65	 99.85
 303.00	 300.26	 6.3322	33.9986	26.7223	 1.63	 70.73	0.041	  168.66	 99.85
 304.00	 301.25	 6.3226	33.9983	26.7233	 1.62	 70.61	0.041	  168.64	 99.85
 305.00	 302.24	 6.3073	33.9983	26.7254	 1.62	 70.50	0.041	  168.66	 99.85
 306.00	 303.23	 6.2999	33.9986	26.7266	 1.62	 70.35	0.042	  168.69	 99.85
 307.00	 304.22	 6.2900	33.9995	26.7286	 1.61	 70.18	0.041	  168.72	 99.85
 308.00	 305.21	 6.2801	34.0002	26.7304	 1.61	 70.03	0.041	  168.74	 99.85
 309.00	 306.20	 6.2755	34.0001	26.7309	 1.61	 69.92	0.041	  168.68	 99.85
 310.00	 307.19	 6.2676	34.0002	26.7320	 1.60	 69.72	0.042	  168.71	 99.85
 311.00	 308.18	 6.2624	34.0008	26.7331	 1.60	 69.58	0.041	  168.69	 99.85
 312.00	 309.17	 6.2612	34.0009	26.7334	 1.60	 69.49	0.041	  168.65	 99.85
 313.00	 310.16	 6.2602	34.0014	26.7340	 1.60	 69.41	0.041	  168.65	 99.85
 314.00	 311.15	 6.2618	34.0015	26.7338	 1.59	 69.26	0.041	  168.65	 99.85
 315.00	 312.14	 6.2612	34.0018	26.7341	 1.59	 69.10	0.041	  168.71	 99.85
 316.00	 313.13	 6.2611	34.0019	26.7342	 1.59	 69.07	0.041	  168.70	 99.85
 317.00	 314.12	 6.2582	34.0018	26.7346	 1.59	 69.08	0.041	  168.68	 99.85
 318.00	 315.11	 6.2506	34.0015	26.7353	 1.59	 69.02	0.041	  168.65	 99.85
 319.00	 316.10	 6.2483	34.0023	26.7362	 1.58	 68.75	0.041	  168.55	 99.85
 320.00	 317.09	 6.2466	34.0022	26.7364	 1.57	 68.39	0.041	  168.60	 99.85
 321.00	 318.09	 6.2360	34.0036	26.7389	 1.56	 68.04	0.041	  168.62	 99.85
 322.00	 319.08	 6.2137	34.0043	26.7423	 1.56	 67.79	0.041	  168.63	 99.85
 323.00	 320.07	 6.2026	34.0055	26.7447	 1.55	 67.54	0.042	  168.61	 99.85
 324.00	 321.06	 6.1982	34.0059	26.7456	 1.55	 67.34	0.041	  168.62	 99.85
 325.00	 322.05	 6.1927	34.0068	26.7470	 1.54	 67.14	0.041	  168.64	 99.85
 326.00	 323.04	 6.1902	34.0074	26.7478	 1.54	 66.94	0.041	  168.63	 99.85
 327.00	 324.03	 6.1896	34.0078	26.7482	 1.53	 66.68	0.041	  168.65	 99.86
 328.00	 325.02	 6.1876	34.0084	26.7489	 1.53	 66.37	0.041	  168.69	 99.86
 329.00	 326.01	 6.1850	34.0087	26.7495	 1.52	 65.93	0.040	  168.72	 99.85
 330.00	 327.00	 6.1742	34.0099	26.7519	 1.51	 65.77	0.041	  168.60	 99.86
 331.00	 327.99	 6.1604	34.0106	26.7541	 1.51	 65.67	0.042	  168.69	 99.86
 332.00	 328.98	 6.1510	34.0112	26.7558	 1.50	 65.45	0.041	  168.60	 99.86
 333.00	 329.97	 6.1476	34.0117	26.7567	 1.50	 65.25	0.041	  168.60	 99.86
 334.00	 330.96	 6.1460	34.0126	26.7576	 1.50	 65.06	0.041	  168.62	 99.87
 335.00	 331.95	 6.1444	34.0130	26.7582	 1.49	 64.89	0.041	  168.62	 99.87
 336.00	 332.94	 6.1421	34.0126	26.7581	 1.49	 64.85	0.041	  168.62	 99.88
 337.00	 333.93	 6.1415	34.0127	26.7583	 1.49	 64.71	0.041	  168.59	 99.88
 338.00	 334.92	 6.1274	34.0120	26.7595	 1.49	 64.66	0.041	  168.57	 99.87
 339.00	 335.91	 6.1235	34.0132	26.7609	 1.48	 64.59	0.041	  168.54	 99.87
 340.00	 336.90	 6.1238	34.0136	26.7613	 1.49	 64.68	0.041	  168.56	 99.88
 341.00	 337.89	 6.1246	34.0135	26.7611	 1.48	 64.57	0.041	  168.56	 99.87
 342.00	 338.88	 6.1245	34.0135	26.7611	 1.48	 64.42	0.041	  168.54	 99.88
 343.00	 339.87	 6.1265	34.0142	26.7614	 1.48	 64.25	0.041	  168.62	 99.88
 344.00	 340.86	 6.1282	34.0145	26.7615	 1.48	 64.30	0.041	  168.61	 99.88
 345.00	 341.85	 6.1164	34.0135	26.7622	 1.48	 64.33	0.041	  168.57	 99.88
 346.00	 342.84	 6.1096	34.0137	26.7632	 1.48	 64.30	0.040	  168.64	 99.88
 347.00	 343.83	 6.1072	34.0134	26.7633	 1.48	 64.18	0.041	  168.55	 99.88
 348.00	 344.82	 6.1040	34.0135	26.7638	 1.47	 64.15	0.041	  168.56	 99.88
 349.00	 345.81	 6.0962	34.0123	26.7638	 1.48	 64.19	0.041	  168.55	 99.88
 350.00	 346.80	 6.0906	34.0131	26.7652	 1.48	 64.17	0.041	  168.51	 99.88
 351.00	 347.79	 6.0894	34.0134	26.7656	 1.47	 64.14	0.041	  168.48	 99.88
 352.00	 348.78	 6.0832	34.0125	26.7657	 1.47	 64.13	0.041	  168.53	 99.88
 353.00	 349.77	 6.0775	34.0125	26.7664	 1.47	 64.04	0.041	  168.59	 99.88
 354.00	 350.76	 6.0727	34.0124	26.7670	 1.47	 64.02	0.041	  168.55	 99.88
 355.00	 351.75	 6.0675	34.0126	26.7677	 1.47	 63.88	0.040	  168.54	 99.88
 356.00	 352.74	 6.0650	34.0130	26.7684	 1.47	 63.78	0.041	  168.58	 99.88
 357.00	 353.73	 6.0642	34.0129	26.7684	 1.46	 63.68	0.041	  168.58	 99.88
 358.00	 354.72	 6.0629	34.0131	26.7687	 1.46	 63.57	0.041	  168.57	 99.88
 359.00	 355.71	 6.0624	34.0131	26.7689	 1.46	 63.46	0.041	  168.54	 99.88
 360.00	 356.70	 6.0580	34.0131	26.7694	 1.46	 63.34	0.041	  168.50	 99.88
 361.00	 357.69	 6.0479	34.0145	26.7717	 1.45	 63.23	0.041	  168.51	 99.88
 362.00	 358.68	 6.0444	34.0151	26.7727	 1.45	 63.06	0.041	  168.54	 99.88
 363.00	 359.67	 6.0413	34.0155	26.7734	 1.45	 62.96	0.041	  168.48	 99.88
 364.00	 360.66	 6.0396	34.0157	26.7738	 1.45	 62.89	0.040	  168.47	 99.88
 365.00	 361.65	 6.0376	34.0158	26.7742	 1.45	 62.88	0.040	  168.48	 99.88
 366.00	 362.64	 6.0371	34.0159	26.7743	 1.44	 62.84	0.040	  168.51	 99.88
 367.00	 363.63	 6.0365	34.0162	26.7746	 1.44	 62.76	0.041	  168.51	 99.88
 368.00	 364.62	 6.0346	34.0163	26.7749	 1.44	 62.76	0.040	  168.48	 99.88
 369.00	 365.61	 6.0337	34.0163	26.7751	 1.44	 62.74	0.041	  168.42	 99.88
 370.00	 366.60	 6.0330	34.0166	26.7754	 1.44	 62.73	0.041	  168.44	 99.88
 371.00	 367.59	 6.0318	34.0163	26.7754	 1.44	 62.47	0.041	  168.45	 99.88
 372.00	 368.58	 6.0290	34.0166	26.7760	 1.43	 62.36	0.040	  168.42	 99.88
 373.00	 369.57	 6.0259	34.0173	26.7769	 1.43	 62.25	0.041	  168.46	 99.88
 374.00	 370.56	 6.0213	34.0172	26.7774	 1.43	 62.24	0.041	  168.46	 99.88
 375.00	 371.55	 6.0119	34.0170	26.7784	 1.43	 62.10	0.041	  168.45	 99.88
 376.00	 372.54	 6.0053	34.0172	26.7795	 1.43	 62.00	0.041	  168.48	 99.88
 377.00	 373.53	 5.9947	34.0176	26.7811	 1.42	 61.77	0.040	  168.49	 99.88
 378.00	 374.52	 5.9908	34.0179	26.7818	 1.42	 61.55	0.041	  168.51	 99.88
 379.00	 375.51	 5.9804	34.0174	26.7828	 1.41	 61.49	0.041	  168.51	 99.88
 380.00	 376.50	 5.9708	34.0185	26.7848	 1.41	 61.37	0.041	  168.49	 99.88
 381.00	 377.49	 5.9683	34.0188	26.7854	 1.41	 61.21	0.041	  168.48	 99.88
 382.00	 378.48	 5.9668	34.0193	26.7860	 1.41	 61.15	0.042	  168.46	 99.88
 383.00	 379.47	 5.9667	34.0195	26.7861	 1.41	 61.17	0.040	  168.45	 99.88
 384.00	 380.46	 5.9672	34.0200	26.7865	 1.40	 61.10	0.041	  168.42	 99.88
 385.00	 381.45	 5.9669	34.0201	26.7866	 1.40	 61.01	0.040	  168.45	 99.89
 386.00	 382.43	 5.9632	34.0195	26.7866	 1.40	 60.80	0.041	  168.40	 99.89
 387.00	 383.42	 5.9584	34.0203	26.7879	 1.40	 60.78	0.041	  168.45	 99.89
 388.00	 384.41	 5.9573	34.0204	26.7881	 1.40	 60.72	0.041	  168.42	 99.88
 389.00	 385.40	 5.9567	34.0206	26.7884	 1.39	 60.56	0.041	  168.48	 99.88
 390.00	 386.39	 5.9549	34.0209	26.7888	 1.39	 60.38	0.041	  168.51	 99.88
 391.00	 387.38	 5.9483	34.0218	26.7904	 1.38	 60.21	0.041	  168.48	 99.88
 392.00	 388.37	 5.9426	34.0222	26.7914	 1.38	 59.94	0.040	  168.46	 99.89
 393.00	 389.36	 5.9343	34.0228	26.7929	 1.38	 59.83	0.041	  168.45	 99.89
 394.00	 390.35	 5.9282	34.0237	26.7944	 1.37	 59.64	0.041	  168.42	 99.89
 395.00	 391.34	 5.9262	34.0241	26.7949	 1.37	 59.52	0.041	  168.44	 99.89
 396.00	 392.33	 5.9242	34.0243	26.7954	 1.37	 59.41	0.041	  168.40	 99.89
 397.00	 393.32	 5.9235	34.0243	26.7955	 1.36	 59.35	0.041	  168.43	 99.89
 398.00	 394.31	 5.9232	34.0241	26.7954	 1.36	 59.24	0.042	  168.38	 99.89
 399.00	 395.30	 5.9156	34.0241	26.7963	 1.36	 59.10	0.041	  168.39	 99.90
 400.00	 396.29	 5.9091	34.0251	26.7979	 1.36	 59.05	0.041	  168.40	 99.89
 401.00	 397.28	 5.9066	34.0250	26.7982	 1.36	 59.01	0.041	  168.41	 99.89
 402.00	 398.27	 5.9036	34.0256	26.7990	 1.35	 58.90	0.041	  168.42	 99.90
 403.00	 399.26	 5.9026	34.0259	26.7994	 1.35	 58.76	0.041	  168.42	 99.89
 404.00	 400.25	 5.9017	34.0259	26.7995	 1.34	 58.34	0.041	  168.40	 99.90
 405.00	 401.24	 5.8820	34.0278	26.8034	 1.33	 57.87	0.041	  168.43	 99.90
 406.00	 402.23	 5.8732	34.0300	26.8063	 1.33	 57.72	0.041	  168.44	 99.90
 407.00	 403.22	 5.8728	34.0300	26.8063	 1.33	 57.63	0.041	  168.43	 99.90
 408.00	 404.21	 5.8723	34.0301	26.8065	 1.32	 57.50	0.041	  168.39	 99.90
 409.00	 405.20	 5.8712	34.0301	26.8066	 1.32	 57.40	0.040	  168.48	 99.90
 410.00	 406.19	 5.8690	34.0300	26.8068	 1.32	 57.35	0.041	  168.39	 99.90
 411.00	 407.18	 5.8628	34.0293	26.8071	 1.32	 57.25	0.041	  168.34	 99.90
 412.00	 408.17	 5.8484	34.0303	26.8096	 1.31	 57.00	0.041	  168.38	 99.90
 413.00	 409.16	 5.8367	34.0311	26.8117	 1.30	 56.55	0.040	  168.40	 99.90
 414.00	 410.15	 5.8205	34.0323	26.8147	 1.29	 56.22	0.042	  168.38	 99.90
 415.00	 411.14	 5.8155	34.0331	26.8160	 1.29	 56.09	0.041	  168.39	 99.90
 416.00	 412.13	 5.8137	34.0335	26.8165	 1.28	 55.86	0.041	  168.38	 99.90
 417.00	 413.12	 5.8104	34.0333	26.8168	 1.28	 55.68	0.040	  168.39	 99.90
 418.00	 414.11	 5.8097	34.0337	26.8172	 1.28	 55.53	0.040	  168.38	 99.90
 419.00	 415.10	 5.7992	34.0335	26.8183	 1.27	 55.32	0.041	  168.38	 99.90
 420.00	 416.09	 5.7907	34.0356	26.8210	 1.27	 55.11	0.040	  168.37	 99.90
 421.00	 417.08	 5.7866	34.0361	26.8219	 1.26	 55.01	0.040	  168.43	 99.90
 422.00	 418.07	 5.7849	34.0365	26.8225	 1.26	 54.81	0.040	  168.43	 99.90
 423.00	 419.06	 5.7844	34.0367	26.8227	 1.26	 54.77	0.040	  168.51	 99.90
 424.00	 420.05	 5.7829	34.0371	26.8232	 1.26	 54.72	0.040	  168.39	 99.90
 425.00	 421.04	 5.7822	34.0371	26.8233	 1.26	 54.75	0.041	  168.41	 99.90
 426.00	 422.02	 5.7819	34.0372	26.8235	 1.26	 54.73	0.040	  168.49	 99.90
 427.00	 423.01	 5.7815	34.0373	26.8236	 1.26	 54.64	0.041	  168.39	 99.91
 428.00	 424.00	 5.7792	34.0372	26.8238	 1.25	 54.51	0.040	  168.40	 99.90
