wcoa21_data_management/01_CRUISE_METADATA/00_OCADS_data/CTD_downcasts/WCOA_2021_CTD_downcasts/dRB2102_CTD_053_01_F.txt
* Sea-Bird SBE 9 Data:
* Software Version Seasave V 7.26.7.107
* Vessel: NOAA Ship Ronald H. Brown
* Cruise: RB2102, West Coast Ocean Acidification (WCOA) 2021
* Dates: 20210622 to 20210723
* Region: NE Pacific, USA West Coast
* Ports: San Diego, CA to Port Angeles, WA to San Diego, CA
* Chief Scientists: R. Feely, NOAA PMEL; D. Greeley, NOAA PMEL; B. Carter, NOAA PMEL / UW CICOES
*END*
[from data line 1281]
1285.00	1270.76	 3.1903	34.4672	27.4507	 0.55	 23.99	0.040	  162.72	100.00
1286.00	1271.75	 3.1879	34.4672	27.4510	 0.56	 24.17	0.040	  162.70	100.00
1287.00	1272.73	 3.1796	34.4679	27.4523	 0.55	 24.05	0.040	  162.75	100.00
1288.00	1273.72	 3.1738	34.4687	27.4534	 0.56	 24.15	0.040	  162.74	100.00
1289.00	1274.71	 3.1722	34.4690	27.4538	 0.56	 24.14	0.040	  162.74	100.00
1290.00	1275.69	 3.1705	34.4692	27.4542	 0.56	 24.23	0.041	  162.74	100.00
1291.00	1276.68	 3.1694	34.4695	27.4545	 0.56	 24.32	0.041	  162.76	100.00
1292.00	1277.66	 3.1687	34.4696	27.4547	 0.56	 24.41	0.040	  162.65	100.00
1293.00	1278.65	 3.1679	34.4697	27.4549	 0.56	 24.32	0.040	  162.72	100.00
1294.00	1279.64	 3.1667	34.4696	27.4549	 0.56	 24.45	0.040	  162.70	100.00
1295.00	1280.62	 3.1656	34.4698	27.4551	 0.56	 24.40	0.040	  162.69	100.00
1296.00	1281.61	 3.1657	34.4700	27.4552	 0.56	 24.39	0.040	  162.73	100.00
1297.00	1282.59	 3.1647	34.4700	27.4554	 0.56	 24.44	0.040	  162.68	100.00
1298.00	1283.58	 3.1635	34.4701	27.4556	 0.56	 24.51	0.040	  162.75	100.00
1299.00	1284.57	 3.1629	34.4704	27.4559	 0.56	 24.49	0.041	  162.70	100.00
1300.00	1285.55	 3.1629	34.4703	27.4558	 0.56	 24.47	0.042	  162.71	100.00
1301.00	1286.54	 3.1621	34.4705	27.4561	 0.57	 24.66	0.041	  162.71	100.00
1302.00	1287.52	 3.1619	34.4704	27.4560	 0.56	 24.52	0.040	  162.65	100.00
1303.00	1288.51	 3.1597	34.4705	27.4563	 0.57	 24.58	0.040	  162.72	100.00
1304.00	1289.49	 3.1514	34.4708	27.4573	 0.57	 24.67	0.040	  162.70	100.00
1305.00	1290.48	 3.1412	34.4721	27.4592	 0.57	 24.65	0.040	  162.67	100.00
1306.00	1291.47	 3.1372	34.4726	27.4600	 0.57	 24.72	0.040	  162.68	100.00
1307.00	1292.45	 3.1354	34.4728	27.4603	 0.57	 24.86	0.040	  162.67	100.00
1308.00	1293.44	 3.1336	34.4729	27.4607	 0.57	 24.81	0.041	  162.62	100.00
1309.00	1294.42	 3.1324	34.4731	27.4609	 0.57	 24.86	0.041	  162.66	100.00
1310.00	1295.41	 3.1322	34.4730	27.4609	 0.57	 24.91	0.041	  162.66	100.00
1311.00	1296.39	 3.1313	34.4731	27.4610	 0.57	 24.93	0.041	  162.65	100.00
1312.00	1297.38	 3.1239	34.4735	27.4620	 0.58	 25.06	0.040	  162.68	100.00
1313.00	1298.37	 3.1196	34.4742	27.4630	 0.58	 25.17	0.040	  162.64	100.00
1314.00	1299.35	 3.1173	34.4744	27.4633	 0.58	 25.09	0.041	  162.65	100.00
1315.00	1300.34	 3.1150	34.4745	27.4637	 0.58	 25.15	0.040	  162.70	100.00
1316.00	1301.32	 3.1079	34.4752	27.4648	 0.58	 25.17	0.040	  162.67	100.00
1317.00	1302.31	 3.1058	34.4755	27.4653	 0.58	 25.26	0.040	  162.57	100.00
1318.00	1303.30	 3.1051	34.4756	27.4654	 0.58	 25.35	0.042	  162.64	100.00
1319.00	1304.28	 3.1019	34.4757	27.4658	 0.59	 25.44	0.040	  162.62	100.00
1320.00	1305.27	 3.0975	34.4762	27.4666	 0.59	 25.43	0.041	  162.65	100.00
1321.00	1306.25	 3.0936	34.4765	27.4672	 0.59	 25.48	0.041	  162.64	100.00
1322.00	1307.24	 3.0875	34.4772	27.4683	 0.59	 25.65	0.040	  162.63	100.00
1323.00	1308.22	 3.0849	34.4774	27.4687	 0.59	 25.61	0.040	  162.60	100.00
1324.00	1309.21	 3.0825	34.4777	27.4692	 0.59	 25.70	0.040	  162.61	100.00
1325.00	1310.20	 3.0796	34.4780	27.4697	 0.59	 25.74	0.042	  162.59	100.00
1326.00	1311.18	 3.0774	34.4782	27.4701	 0.59	 25.73	0.040	  162.66	100.00
1327.00	1312.17	 3.0747	34.4784	27.4705	 0.60	 25.93	0.040	  162.56	100.00
1328.00	1313.15	 3.0720	34.4788	27.4710	 0.59	 25.84	0.040	  162.62	100.00
1329.00	1314.14	 3.0690	34.4790	27.4715	 0.60	 25.95	0.040	  162.59	100.00
1330.00	1315.12	 3.0606	34.4798	27.4729	 0.60	 26.03	0.041	  162.58	100.00
1331.00	1316.11	 3.0568	34.4800	27.4734	 0.60	 26.10	0.042	  162.57	100.00
1332.00	1317.10	 3.0539	34.4805	27.4740	 0.60	 26.14	0.041	  162.56	100.00
1333.00	1318.08	 3.0495	34.4807	27.4746	 0.60	 26.21	0.040	  162.56	100.00
1334.00	1319.07	 3.0434	34.4812	27.4756	 0.61	 26.36	0.040	  162.59	100.00
1335.00	1320.05	 3.0417	34.4815	27.4760	 0.61	 26.42	0.040	  162.59	100.00
1336.00	1321.04	 3.0366	34.4820	27.4769	 0.61	 26.45	0.040	  162.59	100.00
1337.00	1322.02	 3.0340	34.4822	27.4773	 0.61	 26.55	0.040	  162.64	100.00
1338.00	1323.01	 3.0333	34.4825	27.4775	 0.61	 26.64	0.040	  162.55	100.00
1339.00	1323.99	 3.0330	34.4824	27.4775	 0.61	 26.46	0.040	  162.62	100.00
1340.00	1324.98	 3.0330	34.4823	27.4774	 0.61	 26.61	0.040	  162.56	100.00
1341.00	1325.97	 3.0331	34.4824	27.4775	 0.61	 26.61	0.041	  162.54	100.00
1342.00	1326.95	 3.0333	34.4825	27.4776	 0.61	 26.61	0.040	  162.49	100.00
1343.00	1327.94	 3.0328	34.4825	27.4776	 0.61	 26.57	0.040	  162.53	100.00
1344.00	1328.92	 3.0321	34.4827	27.4778	 0.61	 26.58	0.040	  162.57	100.00
1345.00	1329.91	 3.0317	34.4827	27.4779	 0.61	 26.63	0.040	  162.52	100.00
1346.00	1330.89	 3.0313	34.4828	27.4780	 0.61	 26.63	0.040	  162.45	100.00
1347.00	1331.88	 3.0298	34.4829	27.4783	 0.61	 26.62	0.041	  162.49	100.00
1348.00	1332.87	 3.0272	34.4831	27.4787	 0.62	 26.76	0.041	  162.49	100.00
1349.00	1333.85	 3.0228	34.4835	27.4793	 0.62	 26.90	0.040	  162.53	 98.35
1350.00	1334.84	 3.0212	34.4838	27.4798	 0.62	 26.81	0.040	  162.50	 98.42
1351.00	1335.82	 3.0178	34.4840	27.4802	 0.62	 27.00	0.040	  162.47	 96.80
1352.00	1336.81	 3.0144	34.4845	27.4810	 0.62	 26.91	0.040	  162.49	 95.81
1353.00	1337.79	 3.0117	34.4847	27.4813	 0.62	 27.03	0.041	  162.46	 95.93
1354.00	1338.78	 3.0110	34.4847	27.4814	 0.62	 27.16	0.041	  162.43	 91.15
1355.00	1339.76	 3.0060	34.4852	27.4823	 0.62	 27.15	0.040	  162.41	 91.08
1356.00	1340.75	 3.0040	34.4855	27.4827	 0.63	 27.27	0.040	  162.38	 90.16
1357.00	1341.74	 3.0002	34.4856	27.4832	 0.63	 27.39	0.040	  162.38	 89.08
1358.00	1342.72	 2.9876	34.4865	27.4850	 0.63	 27.55	0.040	  162.39	 88.00
1359.00	1343.71	 2.9776	34.4876	27.4868	 0.64	 27.69	0.040	  162.40	 87.05
1360.00	1344.69	 2.9710	34.4885	27.4881	 0.64	 27.77	0.040	  162.37	 86.05
1361.00	1345.68	 2.9688	34.4887	27.4884	 0.64	 27.86	0.040	  162.36	 85.07
1362.00	1346.66	 2.9672	34.4887	27.4886	 0.64	 28.01	0.041	  162.34	 84.05
1363.00	1347.65	 2.9623	34.4893	27.4895	 0.65	 28.06	0.041	  162.43	 83.12
1364.00	1348.63	 2.9603	34.4896	27.4899	 0.65	 28.08	0.040	  162.40	 82.21
1365.00	1349.62	 2.9565	34.4900	27.4906	 0.65	 28.16	0.040	  162.39	 81.18
1366.00	1350.61	 2.9562	34.4901	27.4907	 0.65	 28.15	0.040	  162.38	 80.09
1367.00	1351.59	 2.9563	34.4901	27.4907	 0.65	 28.15	0.040	  162.41	 79.04
1368.00	1352.58	 2.9553	34.4902	27.4909	 0.65	 28.20	0.040	  162.35	 78.06
1369.00	1353.56	 2.9540	34.4903	27.4911	 0.65	 28.23	0.040	  162.37	 77.02
1370.00	1354.55	 2.9523	34.4905	27.4914	 0.65	 28.33	0.041	  162.33	 76.12
1371.00	1355.53	 2.9502	34.4907	27.4917	 0.65	 28.39	0.041	  162.36	 75.10
1372.00	1356.52	 2.9475	34.4909	27.4922	 0.66	 28.47	0.040	  162.39	 74.26
1373.00	1357.50	 2.9425	34.4914	27.4930	 0.66	 28.68	0.040	  162.33	 73.08
1374.00	1358.49	 2.9364	34.4919	27.4939	 0.66	 28.64	0.040	  162.41	 72.11
1375.00	1359.48	 2.9265	34.4925	27.4953	 0.66	 28.81	0.040	  162.37	 71.20
1376.00	1360.46	 2.9130	34.4938	27.4976	 0.67	 29.10	0.040	  162.39	 70.10
1377.00	1361.45	 2.9023	34.4947	27.4992	 0.68	 29.36	0.040	  162.40	 69.14
1378.00	1362.43	 2.8887	34.4956	27.5012	 0.68	 29.66	0.040	  162.36	 68.09
1379.00	1363.42	 2.8748	34.4975	27.5039	 0.68	 29.70	0.041	  162.36	 67.12
1380.00	1364.40	 2.8717	34.4979	27.5045	 0.69	 29.84	0.041	  162.37	 66.10
1381.00	1365.39	 2.8685	34.4982	27.5050	 0.69	 30.13	0.040	  162.34	 64.94
1382.00	1366.37	 2.8487	34.4996	27.5079	 0.70	 30.49	0.040	  162.33	 64.06
1383.00	1367.36	 2.8349	34.5012	27.5104	 0.71	 30.71	0.040	  162.31	 63.11
1384.00	1368.34	 2.8285	34.5024	27.5119	 0.71	 30.87	0.040	  162.31	 62.00
1385.00	1369.33	 2.8257	34.5021	27.5119	 0.72	 31.12	0.040	  162.32	 61.01
1386.00	1370.32	 2.8178	34.5029	27.5132	 0.72	 31.21	0.040	  162.25	 60.23
1387.00	1371.30	 2.8119	34.5036	27.5143	 0.72	 31.45	0.040	  162.27	 59.20
1388.00	1372.29	 2.8017	34.5048	27.5162	 0.72	 31.48	0.041	  162.23	 57.94
1389.00	1373.27	 2.7928	34.5055	27.5175	 0.73	 31.66	0.041	  162.16	 56.88
1390.00	1374.26	 2.7839	34.5062	27.5188	 0.73	 31.90	0.040	  162.19	 56.13
1391.00	1375.24	 2.7792	34.5072	27.5200	 0.74	 32.05	0.040	  162.21	 55.13
1392.00	1376.23	 2.7782	34.5071	27.5201	 0.74	 32.11	0.040	  162.20	 54.15
1393.00	1377.21	 2.7800	34.5071	27.5199	 0.74	 32.19	0.040	  162.21	 52.86
1394.00	1378.20	 2.7763	34.5075	27.5206	 0.74	 32.26	0.040	  162.17	 51.97
1395.00	1379.18	 2.7750	34.5077	27.5208	 0.74	 32.27	0.041	  162.20	 50.92
1396.00	1380.17	 2.7745	34.5078	27.5210	 0.74	 32.35	0.040	  162.15	 49.88
1397.00	1381.16	 2.7733	34.5079	27.5212	 0.74	 32.37	0.040	  162.16	 49.01
1398.00	1382.14	 2.7708	34.5080	27.5215	 0.75	 32.47	0.040	  162.18	 47.97
1399.00	1383.13	 2.7696	34.5082	27.5217	 0.75	 32.48	0.040	  162.16	 46.81
1400.00	1384.11	 2.7690	34.5084	27.5219	 0.75	 32.50	0.040	  162.14	 45.81
1401.00	1385.10	 2.7658	34.5084	27.5223	 0.75	 32.61	0.040	  162.17	 44.93
1402.00	1386.08	 2.7571	34.5093	27.5238	 0.76	 32.93	0.040	  162.15	 43.88
1403.00	1387.07	 2.7324	34.5115	27.5276	 0.77	 33.32	0.040	  162.17	 42.97
1404.00	1388.05	 2.7167	34.5136	27.5306	 0.77	 33.55	0.041	  162.14	 41.82
1405.00	1389.04	 2.7165	34.5131	27.5303	 0.78	 33.88	0.040	  162.10	 40.91
1406.00	1390.02	 2.7060	34.5148	27.5326	 0.79	 34.14	0.040	  162.10	 40.04
1407.00	1391.01	 2.7044	34.5151	27.5329	 0.78	 34.10	0.041	  162.13	 39.03
1408.00	1391.99	 2.7036	34.5152	27.5331	 0.79	 34.29	0.041	  162.12	 37.82
1409.00	1392.98	 2.7005	34.5154	27.5335	 0.79	 34.38	0.040	  162.09	 36.77
1410.00	1393.96	 2.6960	34.5160	27.5344	 0.80	 34.60	0.040	  162.09	 35.98
1411.00	1394.95	 2.6919	34.5165	27.5351	 0.80	 34.60	0.040	  162.08	 34.91
1412.00	1395.94	 2.6920	34.5166	27.5352	 0.80	 34.73	0.040	  162.07	 33.72
1413.00	1396.92	 2.6863	34.5168	27.5359	 0.80	 34.90	0.040	  162.11	 32.89
1414.00	1397.91	 2.6805	34.5176	27.5370	 0.80	 34.98	0.040	  162.02	 31.89
1415.00	1398.89	 2.6782	34.5178	27.5374	 0.81	 35.09	0.040	  162.03	 30.77
1416.00	1399.88	 2.6777	34.5178	27.5374	 0.81	 35.25	0.041	  162.05	 29.69
1417.00	1400.86	 2.6751	34.5180	27.5378	 0.81	 35.24	0.041	  162.06	 28.85
1418.00	1401.85	 2.6711	34.5184	27.5385	 0.81	 35.38	0.041	  162.03	 27.79
1419.00	1402.83	 2.6693	34.5185	27.5388	 0.82	 35.44	0.040	  162.00	 26.63
1420.00	1403.82	 2.6685	34.5186	27.5389	 0.82	 35.44	0.040	  162.07	 25.83
1421.00	1404.80	 2.6686	34.5186	27.5388	 0.82	 35.44	0.040	  162.01	 24.85
1422.00	1405.79	 2.6677	34.5187	27.5390	 0.82	 35.47	0.041	  162.06	 23.68
1423.00	1406.77	 2.6672	34.5189	27.5392	 0.82	 35.51	0.040	  162.01	 22.70
1424.00	1407.76	 2.6675	34.5188	27.5391	 0.82	 35.53	0.040	  162.05	 21.76
1425.00	1408.74	 2.6640	34.5191	27.5397	 0.82	 35.61	0.040	  162.05	 20.72
1426.00	1409.73	 2.6614	34.5193	27.5401	 0.82	 35.65	0.041	  162.04	 19.75
1427.00	1410.71	 2.6583	34.5196	27.5406	 0.82	 35.73	0.040	  162.01	 18.60
1428.00	1411.70	 2.6563	34.5199	27.5410	 0.82	 35.75	0.040	  162.00	 17.78
1429.00	1412.69	 2.6570	34.5198	27.5409	 0.82	 35.77	0.040	  162.06	 16.65
1430.00	1413.67	 2.6567	34.5196	27.5408	 0.83	 35.90	0.040	  161.95	 15.72
1431.00	1414.66	 2.6458	34.5209	27.5427	 0.83	 35.96	0.040	  161.95	 14.72
1432.00	1415.64	 2.6491	34.5207	27.5423	 0.83	 36.05	0.040	  162.03	 13.50
1433.00	1416.63	 2.6351	34.5222	27.5447	 0.84	 36.40	0.040	  161.97	 12.47
1434.00	1417.61	 2.6280	34.5229	27.5459	 0.84	 36.59	0.040	  161.96	 11.49
1435.00	1418.60	 2.6213	34.5233	27.5467	 0.85	 36.73	0.040	  162.01	 10.60
1436.00	1419.58	 2.6113	34.5252	27.5491	 0.85	 36.87	0.040	  161.99	  9.27
