wcoa21_data_management/01_CRUISE_METADATA/00_OCADS_data/CTD_downcasts/WCOA_2021_CTD_downcasts/dRB2102_CTD_108_01_F.txt
* Sea-Bird SBE 9 Data:
* Software Version Seasave V 7.26.7.107
* Vessel: NOAA Ship Ronald H. Brown
* Cruise: RB2102, West Coast Ocean Acidification (WCOA) 2021
* Dates: 20210622 to 20210723
* Region: NE Pacific, USA West Coast
* Ports: San Diego, CA to Port Angeles, WA to San Diego, CA
* Chief Scientists: R. Feely, NOAA PMEL; D. Greeley, NOAA PMEL; B. Carter, NOAA PMEL / UW CICOES
*END*
[from data line 4054]
4058.00	3990.68	 1.5042	34.6801	27.7762	 3.16	137.26	0.040	  150.72	 99.92
4059.00	3991.66	 1.5040	34.6802	27.7763	 3.15	136.82	0.040	  150.77	 99.92
4060.00	3992.63	 1.5039	34.6803	27.7764	 3.16	137.47	0.040	  150.64	 99.93
4061.00	3993.61	 1.5040	34.6802	27.7764	 3.17	137.62	0.040	  150.73	 99.92
4062.00	3994.58	 1.5040	34.6802	27.7763	 3.17	137.64	0.039	  150.75	 99.92
4063.00	3995.56	 1.5041	34.6801	27.7763	 3.17	137.66	0.040	  150.74	 99.92
4064.00	3996.53	 1.5041	34.6802	27.7763	 3.17	137.61	0.039	  150.71	 99.93
4065.00	3997.51	 1.5041	34.6802	27.7763	 3.18	137.97	0.040	  150.72	 99.93
4066.00	3998.48	 1.5040	34.6802	27.7764	 3.17	137.85	0.039	  150.72	 99.93
4067.00	3999.45	 1.5037	34.6802	27.7764	 3.17	137.67	0.039	  150.64	 99.93
4068.00	4000.43	 1.5035	34.6803	27.7765	 3.17	137.78	0.040	  150.69	 99.93
4069.00	4001.40	 1.5037	34.6803	27.7765	 3.17	137.84	0.040	  150.73	 99.92
4070.00	4002.38	 1.5038	34.6803	27.7765	 3.18	138.28	0.040	  150.72	 99.92
4071.00	4003.35	 1.5038	34.6803	27.7765	 3.17	137.84	0.040	  150.67	 99.93
4072.00	4004.33	 1.5037	34.6803	27.7765	 3.18	138.03	0.039	  150.71	 99.92
4073.00	4005.30	 1.5034	34.6803	27.7765	 3.18	138.04	0.039	  150.69	 99.93
4074.00	4006.27	 1.5033	34.6804	27.7766	 3.18	138.08	0.040	  150.71	 99.92
4075.00	4007.25	 1.5033	34.6805	27.7767	 3.18	138.35	0.040	  150.72	 99.92
4076.00	4008.22	 1.5031	34.6804	27.7767	 3.19	138.50	0.040	  150.70	 99.93
4077.00	4009.20	 1.5030	34.6805	27.7767	 3.18	137.97	0.040	  150.70	 99.92
4078.00	4010.17	 1.5032	34.6804	27.7767	 3.17	137.82	0.039	  150.68	 99.93
4079.00	4011.15	 1.5033	34.6804	27.7766	 3.18	137.98	0.039	  150.72	 99.92
4080.00	4012.12	 1.5034	34.6803	27.7766	 3.18	138.12	0.040	  150.67	 99.92
4081.00	4013.09	 1.5034	34.6805	27.7767	 3.18	138.33	0.040	  150.70	 99.92
4082.00	4014.07	 1.5035	34.6805	27.7768	 3.19	138.62	0.040	  150.68	 99.92
4083.00	4015.04	 1.5036	34.6804	27.7767	 3.18	138.27	0.040	  150.60	 99.93
4084.00	4016.02	 1.5037	34.6805	27.7767	 3.17	137.92	0.040	  150.68	 99.92
4085.00	4016.99	 1.5036	34.6805	27.7768	 3.18	138.10	0.040	  150.68	 99.92
4086.00	4017.97	 1.5036	34.6804	27.7767	 3.19	138.52	0.040	  150.67	 99.92
4087.00	4018.94	 1.5037	34.6804	27.7767	 3.18	138.15	0.040	  150.67	 99.92
4088.00	4019.91	 1.5038	34.6804	27.7767	 3.17	137.95	0.039	  150.67	 99.92
4089.00	4020.89	 1.5038	34.6805	27.7768	 3.19	138.54	0.039	  150.65	 99.92
4090.00	4021.86	 1.5038	34.6806	27.7768	 3.18	138.09	0.040	  150.67	 99.92
4091.00	4022.84	 1.5037	34.6805	27.7768	 3.18	138.03	0.040	  150.66	 99.92
4092.00	4023.81	 1.5035	34.6805	27.7769	 3.18	138.34	0.040	  150.67	 99.92
4093.00	4024.79	 1.5034	34.6805	27.7769	 3.18	138.22	0.039	  150.69	 99.92
4094.00	4025.76	 1.5033	34.6806	27.7769	 3.19	138.71	0.039	  150.65	 99.93
4095.00	4026.73	 1.5033	34.6807	27.7770	 3.19	138.73	0.039	  150.72	 99.92
4096.00	4027.71	 1.5033	34.6805	27.7769	 3.19	138.59	0.040	  150.66	 99.92
4097.00	4028.68	 1.5031	34.6807	27.7771	 3.19	138.53	0.040	  150.67	 99.93
4098.00	4029.66	 1.5032	34.6807	27.7771	 3.18	138.35	0.039	  150.70	 99.92
4099.00	4030.63	 1.5033	34.6806	27.7770	 3.20	138.94	0.040	  150.70	 99.92
4100.00	4031.60	 1.5031	34.6807	27.7770	 3.20	138.87	0.040	  150.65	 99.92
4101.00	4032.58	 1.5030	34.6807	27.7771	 3.19	138.64	0.040	  150.64	 99.93
4102.00	4033.55	 1.5029	34.6808	27.7772	 3.19	138.78	0.040	  150.63	 99.92
4103.00	4034.53	 1.5029	34.6808	27.7772	 3.19	138.71	0.040	  150.72	 99.92
4104.00	4035.50	 1.5029	34.6809	27.7773	 3.19	138.57	0.040	  150.65	 99.92
4105.00	4036.48	 1.5029	34.6808	27.7772	 3.19	138.73	0.040	  150.70	 99.92
4106.00	4037.45	 1.5029	34.6808	27.7772	 3.19	138.65	0.040	  150.64	 99.92
4107.00	4038.42	 1.5029	34.6808	27.7772	 3.19	138.83	0.040	  150.67	 99.92
4108.00	4039.40	 1.5029	34.6808	27.7772	 3.20	139.04	0.039	  150.69	 99.92
4109.00	4040.37	 1.5028	34.6809	27.7773	 3.20	138.84	0.040	  150.63	 99.92
4110.00	4041.35	 1.5027	34.6810	27.7774	 3.20	138.86	0.040	  150.65	 99.92
4111.00	4042.32	 1.5028	34.6809	27.7773	 3.20	138.88	0.040	  150.61	 99.92
4112.00	4043.29	 1.5022	34.6811	27.7775	 3.20	138.90	0.039	  150.66	 99.92
4113.00	4044.27	 1.5021	34.6810	27.7775	 3.20	138.92	0.040	  150.69	 99.92
4114.00	4045.24	 1.5021	34.6811	27.7775	 3.20	138.94	0.040	  150.64	 99.92
4115.00	4046.22	 1.5023	34.6810	27.7774	 3.20	138.96	0.040	  150.71	 99.92
4116.00	4047.19	 1.5023	34.6810	27.7775	 3.20	138.98	0.040	  150.65	 99.92
4117.00	4048.17	 1.5022	34.6812	27.7776	 3.20	139.01	0.039	  150.63	 99.92
4118.00	4049.14	 1.5023	34.6810	27.7775	 3.20	139.03	0.040	  150.62	 99.92
4119.00	4050.11	 1.5023	34.6812	27.7776	 3.20	139.05	0.040	  150.65	 99.93
4120.00	4051.09	 1.5024	34.6811	27.7776	 3.20	139.07	0.040	  150.67	 99.92
4121.00	4052.06	 1.5025	34.6810	27.7775	 3.20	139.09	0.040	  150.68	 99.92
4122.00	4053.04	 1.5023	34.6811	27.7776	 3.20	139.11	0.040	  150.70	 99.92
4123.00	4054.01	 1.5022	34.6812	27.7777	 3.20	139.13	0.039	  150.68	 99.92
4124.00	4054.98	 1.5021	34.6812	27.7777	 3.20	139.15	0.040	  150.66	 99.92
4125.00	4055.96	 1.5019	34.6812	27.7777	 3.20	139.17	0.040	  150.68	 99.92
4126.00	4056.93	 1.5019	34.6813	27.7778	 3.20	139.07	0.040	  150.71	 99.92
4127.00	4057.91	 1.5020	34.6812	27.7778	 3.20	139.18	0.040	  150.62	 99.93
4128.00	4058.88	 1.5020	34.6813	27.7778	 3.21	139.34	0.040	  150.68	 99.92
4129.00	4059.85	 1.5021	34.6812	27.7778	 3.20	139.25	0.040	  150.67	 99.92
4130.00	4060.83	 1.5021	34.6813	27.7779	 3.21	139.38	0.039	  150.74	 99.92
4131.00	4061.80	 1.5021	34.6814	27.7779	 3.21	139.47	0.040	  150.63	 99.93
4132.00	4062.78	 1.5022	34.6814	27.7779	 3.21	139.35	0.040	  150.63	 99.92
4133.00	4063.75	 1.5023	34.6813	27.7778	 3.20	139.17	0.040	  150.63	 99.93
4134.00	4064.72	 1.5024	34.6813	27.7779	 3.20	139.16	0.040	  150.66	 99.92
4135.00	4065.70	 1.5025	34.6813	27.7778	 3.21	139.38	0.039	  150.66	 99.93
4136.00	4066.67	 1.5025	34.6812	27.7778	 3.21	139.40	0.039	  150.67	 99.93
4137.00	4067.65	 1.5025	34.6812	27.7778	 3.21	139.42	0.039	  150.66	 99.92
4138.00	4068.62	 1.5025	34.6812	27.7778	 3.21	139.44	0.040	  150.63	 99.92
4139.00	4069.60	 1.5023	34.6813	27.7779	 3.21	139.46	0.039	  150.65	 99.92
4140.00	4070.57	 1.5023	34.6814	27.7780	 3.21	139.48	0.040	  150.68	 99.93
4141.00	4071.54	 1.5024	34.6814	27.7780	 3.21	139.35	0.040	  150.65	 99.92
4142.00	4072.52	 1.5026	34.6814	27.7780	 3.20	139.24	0.040	  150.66	 99.92
4143.00	4073.49	 1.5027	34.6813	27.7779	 3.21	139.59	0.039	  150.64	 99.92
4144.00	4074.47	 1.5027	34.6814	27.7780	 3.21	139.67	0.039	  150.66	 99.92
4145.00	4075.44	 1.5027	34.6814	27.7780	 3.21	139.43	0.040	  150.63	 99.93
4146.00	4076.41	 1.5026	34.6815	27.7781	 3.20	139.13	0.040	  150.68	 99.92
4147.00	4077.39	 1.5024	34.6815	27.7781	 3.21	139.51	0.039	  150.66	 99.92
4148.00	4078.36	 1.5023	34.6816	27.7782	 3.21	139.62	0.039	  150.69	 99.92
4149.00	4079.34	 1.5024	34.6816	27.7782	 3.20	139.13	0.040	  150.68	 99.92
4150.00	4080.31	 1.5021	34.6816	27.7783	 3.21	139.44	0.040	  150.62	 99.93
4151.00	4081.28	 1.5020	34.6817	27.7783	 3.21	139.31	0.039	  150.59	 99.93
4152.00	4082.26	 1.5019	34.6817	27.7783	 3.21	139.31	0.040	  150.64	 99.92
4153.00	4083.23	 1.5016	34.6818	27.7785	 3.21	139.29	0.040	  150.65	 99.93
4154.00	4084.21	 1.5017	34.6817	27.7784	 3.20	139.13	0.040	  150.61	 99.92
4155.00	4085.18	 1.5016	34.6818	27.7784	 3.21	139.49	0.039	  150.58	 99.92
4156.00	4086.15	 1.5015	34.6819	27.7786	 3.20	139.15	0.040	  150.64	 99.92
4157.00	4087.13	 1.5016	34.6818	27.7785	 3.19	138.70	0.039	  150.67	 99.92
4158.00	4088.10	 1.5017	34.6819	27.7785	 3.20	139.16	0.039	  150.63	 99.92
4159.00	4089.07	 1.5017	34.6819	27.7786	 3.20	139.14	0.039	  150.62	 99.93
4160.00	4090.05	 1.5017	34.6820	27.7787	 3.20	139.16	0.039	  150.64	 99.93
4161.00	4091.02	 1.5018	34.6819	27.7786	 3.19	138.63	0.039	  150.65	 99.92
4162.00	4092.00	 1.5019	34.6820	27.7787	 3.19	138.81	0.039	  150.63	 99.93
4163.00	4092.97	 1.5020	34.6820	27.7786	 3.20	139.18	0.039	  150.65	 99.93
4164.00	4093.94	 1.5021	34.6820	27.7787	 3.20	138.87	0.040	  150.53	 77.97
4165.00	4094.92	 1.5022	34.6820	27.7786	 3.21	139.28	0.040	  150.61	 87.35
4166.00	4095.89	 1.5023	34.6821	27.7788	 3.21	139.33	0.040	  150.62	100.01
4167.00	4096.87	 1.5024	34.6820	27.7787	 3.20	139.07	0.039	  150.62	 89.08
4168.00	4097.84	 1.5025	34.6820	27.7787	 3.20	138.93	0.039	  150.46	 61.89
4169.00	4098.81	 1.5026	34.6821	27.7788	 3.19	138.57	0.040	  150.51	 65.54
4170.00	4099.79	 1.5027	34.6821	27.7788	 3.19	138.59	0.040	  150.50	 65.33
4171.00	4100.76	 1.5028	34.6820	27.7787	 3.20	138.89	0.040	  150.43	 50.62
4172.00	4101.74	 1.5029	34.6821	27.7787	 3.19	138.67	0.040	  150.50	 62.25
4173.00	4102.71	 1.5030	34.6820	27.7787	 3.19	138.56	0.040	  150.43	 48.59
4174.00	4103.68	 1.5030	34.6821	27.7788	 3.19	138.62	0.039	  150.44	 47.38
4175.00	4104.66	 1.5032	34.6821	27.7787	 3.18	138.04	0.040	  150.46	 46.52
4176.00	4105.63	 1.5033	34.6820	27.7787	 3.19	138.48	0.039	  150.45	 45.55
4177.00	4106.61	 1.5036	34.6820	27.7787	 3.19	138.69	0.041	  150.47	 58.23
4178.00	4107.58	 1.5036	34.6819	27.7786	 3.19	138.66	0.040	  150.43	 43.94
4179.00	4108.55	 1.5036	34.6820	27.7787	 3.19	138.66	0.040	  150.41	 42.67
4180.00	4109.53	 1.5039	34.6818	27.7785	 3.19	138.70	0.040	  150.43	 51.42
4181.00	4110.50	 1.5040	34.6820	27.7787	 3.19	138.50	0.040	  150.47	 60.10
4182.00	4111.47	 1.5039	34.6820	27.7787	 3.19	138.57	0.040	  150.41	 41.61
4183.00	4112.45	 1.5044	34.6820	27.7787	 3.19	138.59	0.040	  150.50	 57.28
4184.00	4113.42	 1.5041	34.6820	27.7787	 3.19	138.57	0.040	  150.42	 38.89
4185.00	4114.40	 1.5046	34.6819	27.7786	 3.19	138.73	0.040	  150.47	 50.96
4186.00	4115.37	 1.5043	34.6820	27.7787	 3.20	138.97	0.040	  150.50	 58.64
4187.00	4116.34	 1.5044	34.6821	27.7787	 3.19	138.62	0.040	  150.43	 43.71
4188.00	4117.32	 1.5047	34.6818	27.7786	 3.19	138.58	0.040	  150.47	 57.18
4189.00	4118.29	 1.5047	34.6820	27.7787	 3.19	138.56	0.040	  150.39	 31.78
4190.00	4119.27	 1.5047	34.6820	27.7787	 3.19	138.56	0.040	  150.41	 31.97
4191.00	4120.24	 1.5049	34.6819	27.7786	 3.19	138.55	0.039	  150.40	 30.92
4192.00	4121.21	 1.5050	34.6819	27.7786	 3.18	138.35	0.040	  150.41	 33.12
4193.00	4122.19	 1.5051	34.6819	27.7786	 3.18	138.32	0.040	  150.43	 41.49
4194.00	4123.16	 1.5052	34.6819	27.7786	 3.18	138.29	0.040	  150.46	 45.00
4195.00	4124.13	 1.5053	34.6819	27.7786	 3.18	138.35	0.039	  150.39	 46.92
4196.00	4125.11	 1.5053	34.6820	27.7787	 3.18	138.39	0.040	  150.41	 50.65
4197.00	4126.08	 1.5054	34.6820	27.7787	 3.19	138.41	0.040	  150.38	 39.16
4198.00	4127.06	 1.5055	34.6820	27.7787	 3.19	138.41	0.040	  150.45	 70.15
4199.00	4128.03	 1.5056	34.6820	27.7787	 3.18	138.38	0.040	  150.42	 49.76
4200.00	4129.00	 1.5059	34.6819	27.7786	 3.18	138.33	0.040	  150.49	 52.79
4201.00	4129.98	 1.5058	34.6820	27.7787	 3.18	138.29	0.040	  150.43	 57.30
4202.00	4130.95	 1.5058	34.6823	27.7789	 3.18	138.33	0.040	  150.38	 55.14
4203.00	4131.92	 1.5059	34.6822	27.7788	 3.18	138.31	0.040	  150.44	 38.86
4204.00	4132.90	 1.5061	34.6820	27.7787	 3.18	138.20	0.040	  150.42	 34.80
4205.00	4133.87	 1.5061	34.6821	27.7788	 3.18	138.21	0.040	  150.48	 39.90
4206.00	4134.85	 1.5063	34.6820	27.7787	 3.18	138.12	0.040	  150.44	 40.04
4207.00	4135.82	 1.5063	34.6820	27.7787	 3.18	138.12	0.040	  150.41	 71.97
4208.00	4136.79	 1.5064	34.6821	27.7788	 3.18	138.10	0.040	  150.44	 46.63
4209.00	4137.77	 1.5066	34.6820	27.7787	 3.18	138.11	0.040	  150.45	 60.50
4210.00	4138.74	 1.5067	34.6820	27.7787	 3.18	138.08	0.040	  150.43	 62.59
4211.00	4139.71	 1.5068	34.6820	27.7787	 3.18	138.11	0.040	  150.40	 42.80
4212.00	4140.69	 1.5070	34.6820	27.7787	 3.18	138.16	0.040	  150.43	 97.58
4213.00	4141.66	 1.5072	34.6820	27.7787	 3.18	138.12	0.040	  150.43	 49.30
