wcoa21_data_management/01_CRUISE_METADATA/00_OCADS_data/CTD_downcasts/WCOA_2021_CTD_downcasts/dRB2102_CTD_079_01_F.txt
* Sea-Bird SBE 9 Data:
* Software Version Seasave V 7.26.7.107
* Vessel: NOAA Ship Ronald H. Brown
* Cruise: RB2102, West Coast Ocean Acidification (WCOA) 2021
* Dates: 20210622 to 20210723
* Region: NE Pacific, USA West Coast
* Ports: San Diego, CA to Port Angeles, WA to San Diego, CA
* Chief Scientists: R. Feely, NOAA PMEL; D. Greeley, NOAA PMEL; B. Carter, NOAA PMEL / UW CICOES
*END*
[from data line 214]
 218.00	 216.26	 8.6255	34.1072	26.4814	 1.69	 73.70	0.041	  155.35	 99.83
 219.00	 217.25	 8.6219	34.1076	26.4822	 1.69	 73.47	0.041	  155.36	 99.83
 220.00	 218.24	 8.6142	34.1078	26.4836	 1.69	 73.37	0.040	  155.34	 99.83
 221.00	 219.23	 8.6006	34.1093	26.4868	 1.69	 73.31	0.041	  155.36	 99.83
 222.00	 220.23	 8.5935	34.1099	26.4885	 1.68	 73.15	0.041	  155.34	 99.83
 223.00	 221.22	 8.5893	34.1102	26.4893	 1.68	 72.98	0.040	  155.32	 99.83
 224.00	 222.21	 8.5824	34.1102	26.4904	 1.67	 72.80	0.040	  155.31	 99.83
 225.00	 223.20	 8.5627	34.1112	26.4943	 1.66	 72.30	0.040	  155.32	 99.83
 226.00	 224.19	 8.5177	34.1141	26.5035	 1.65	 71.98	0.040	  155.36	 99.83
 227.00	 225.18	 8.4986	34.1133	26.5058	 1.66	 72.05	0.040	  155.31	 99.83
 228.00	 226.17	 8.4753	34.1119	26.5082	 1.66	 72.06	0.040	  155.27	 99.83
 229.00	 227.17	 8.4693	34.1121	26.5093	 1.66	 72.01	0.040	  155.29	 99.83
 230.00	 228.16	 8.4665	34.1120	26.5097	 1.65	 71.98	0.040	  155.30	 99.83
 231.00	 229.15	 8.4618	34.1128	26.5111	 1.65	 71.87	0.040	  155.34	 99.83
 232.00	 230.14	 8.4588	34.1135	26.5121	 1.65	 71.65	0.040	  155.31	 99.83
 233.00	 231.13	 8.4577	34.1149	26.5134	 1.64	 71.27	0.040	  155.32	 99.83
 234.00	 232.12	 8.4380	34.1127	26.5146	 1.63	 70.88	0.041	  155.23	 99.83
 235.00	 233.11	 8.4215	34.1161	26.5199	 1.62	 70.52	0.040	  155.29	 99.83
 236.00	 234.11	 8.4269	34.1181	26.5207	 1.61	 70.11	0.040	  155.28	 99.83
 237.00	 235.10	 8.4286	34.1192	26.5213	 1.61	 69.99	0.040	  155.31	 99.83
 238.00	 236.09	 8.3975	34.1172	26.5244	 1.62	 70.36	0.040	  155.32	 99.83
 239.00	 237.08	 8.3677	34.1153	26.5275	 1.62	 70.54	0.040	  155.31	 99.83
 240.00	 238.07	 8.3584	34.1135	26.5275	 1.62	 70.33	0.040	  155.25	 99.84
 241.00	 239.06	 8.3314	34.1152	26.5330	 1.61	 70.23	0.041	  155.28	 99.84
 242.00	 240.05	 8.3197	34.1169	26.5361	 1.61	 70.05	0.040	  155.29	 99.84
 243.00	 241.05	 8.3102	34.1185	26.5388	 1.60	 69.82	0.040	  155.31	 99.84
 244.00	 242.04	 8.3000	34.1189	26.5407	 1.60	 69.74	0.041	  155.30	 99.83
 245.00	 243.03	 8.2925	34.1175	26.5407	 1.60	 69.78	0.041	  155.27	 99.84
 246.00	 244.02	 8.2873	34.1170	26.5411	 1.60	 69.45	0.040	  155.25	 99.83
 247.00	 245.01	 8.2817	34.1167	26.5417	 1.59	 69.11	0.041	  155.25	 99.84
 248.00	 246.00	 8.2725	34.1176	26.5438	 1.59	 68.96	0.040	  155.29	 99.84
 249.00	 246.99	 8.2611	34.1210	26.5482	 1.58	 68.64	0.040	  155.32	 99.84
 250.00	 247.98	 8.2588	34.1218	26.5493	 1.57	 68.34	0.040	  155.32	 99.84
 251.00	 248.98	 8.2567	34.1222	26.5498	 1.57	 68.15	0.040	  155.30	 99.84
 252.00	 249.97	 8.2560	34.1225	26.5502	 1.56	 68.01	0.041	  155.24	 99.84
 253.00	 250.96	 8.2556	34.1228	26.5505	 1.55	 67.54	0.041	  155.26	 99.85
 254.00	 251.95	 8.2504	34.1249	26.5530	 1.54	 66.84	0.040	  155.29	 99.85
 255.00	 252.94	 8.2476	34.1276	26.5556	 1.52	 66.23	0.040	  155.30	 99.85
 256.00	 253.93	 8.2491	34.1293	26.5567	 1.51	 65.86	0.040	  155.27	 99.85
 257.00	 254.92	 8.2502	34.1305	26.5575	 1.51	 65.51	0.041	  155.28	 99.85
 258.00	 255.92	 8.2503	34.1326	26.5591	 1.50	 65.21	0.040	  155.24	 99.85
 259.00	 256.91	 8.2505	34.1334	26.5597	 1.49	 64.66	0.041	  155.23	 99.85
 260.00	 257.90	 8.2503	34.1346	26.5607	 1.47	 63.94	0.041	  155.27	 99.85
 261.00	 258.89	 8.2438	34.1379	26.5643	 1.46	 63.37	0.040	  155.29	 99.85
 262.00	 259.88	 8.2384	34.1412	26.5677	 1.45	 63.04	0.040	  155.33	 99.85
 263.00	 260.87	 8.2367	34.1417	26.5684	 1.44	 62.70	0.041	  155.23	 99.85
 264.00	 261.86	 8.2353	34.1421	26.5689	 1.43	 62.40	0.040	  155.25	 99.85
 265.00	 262.85	 8.2338	34.1424	26.5694	 1.43	 62.25	0.041	  155.29	 99.85
 266.00	 263.85	 8.2312	34.1437	26.5708	 1.42	 61.86	0.040	  155.27	 99.86
 267.00	 264.84	 8.2301	34.1443	26.5715	 1.41	 61.22	0.041	  155.25	 99.87
 268.00	 265.83	 8.2304	34.1479	26.5742	 1.40	 60.93	0.041	  155.29	 99.87
 269.00	 266.82	 8.2326	34.1494	26.5751	 1.39	 60.65	0.040	  155.24	 99.87
 270.00	 267.81	 8.2332	34.1500	26.5756	 1.39	 60.34	0.040	  155.23	 99.88
 271.00	 268.80	 8.2349	34.1510	26.5761	 1.38	 60.11	0.040	  155.23	 99.88
 272.00	 269.79	 8.2358	34.1516	26.5764	 1.38	 60.03	0.041	  155.21	 99.87
 273.00	 270.78	 8.2365	34.1514	26.5762	 1.38	 59.94	0.040	  155.20	 99.88
 274.00	 271.78	 8.2358	34.1517	26.5765	 1.38	 59.85	0.041	  155.23	 99.88
 275.00	 272.77	 8.2334	34.1517	26.5769	 1.38	 59.83	0.040	  155.21	 99.88
 276.00	 273.76	 8.2314	34.1518	26.5773	 1.38	 59.83	0.040	  155.23	 99.88
 277.00	 274.75	 8.2325	34.1518	26.5771	 1.37	 59.73	0.040	  155.26	 99.88
 278.00	 275.74	 8.2246	34.1513	26.5780	 1.37	 59.68	0.040	  155.30	 99.88
 279.00	 276.73	 8.2144	34.1511	26.5793	 1.37	 59.50	0.041	  155.21	 99.88
 280.00	 277.72	 8.1877	34.1515	26.5837	 1.36	 59.14	0.043	  155.19	 99.88
 281.00	 278.71	 8.1747	34.1539	26.5875	 1.35	 58.72	0.041	  155.19	 99.88
 282.00	 279.71	 8.1700	34.1556	26.5896	 1.34	 58.40	0.041	  155.19	 99.88
 283.00	 280.70	 8.1690	34.1567	26.5906	 1.34	 58.21	0.040	  155.24	 99.88
 284.00	 281.69	 8.1672	34.1563	26.5906	 1.33	 57.91	0.041	  155.16	 99.88
 285.00	 282.68	 8.1637	34.1568	26.5915	 1.33	 57.79	0.042	  155.11	 99.88
 286.00	 283.67	 8.1577	34.1583	26.5936	 1.32	 57.64	0.041	  155.20	 99.88
 287.00	 284.66	 8.1517	34.1592	26.5952	 1.32	 57.52	0.040	  155.14	 99.88
 288.00	 285.65	 8.1419	34.1588	26.5964	 1.32	 57.35	0.040	  155.20	 99.88
 289.00	 286.64	 8.1381	34.1589	26.5971	 1.32	 57.21	0.040	  155.16	 99.88
 290.00	 287.63	 8.1322	34.1591	26.5981	 1.31	 57.18	0.040	  155.08	 99.88
 291.00	 288.63	 8.1309	34.1590	26.5982	 1.31	 57.05	0.040	  155.15	 99.88
 292.00	 289.62	 8.1170	34.1581	26.5996	 1.31	 57.07	0.040	  155.10	 99.88
 293.00	 290.61	 8.0968	34.1590	26.6033	 1.31	 57.03	0.040	  155.09	 99.88
 294.00	 291.60	 8.0940	34.1592	26.6039	 1.31	 57.03	0.040	  155.14	 99.88
 295.00	 292.59	 8.0919	34.1592	26.6042	 1.31	 57.03	0.040	  155.10	 99.88
 296.00	 293.58	 8.0880	34.1591	26.6047	 1.31	 57.04	0.040	  155.09	 99.89
 297.00	 294.57	 8.0819	34.1589	26.6055	 1.31	 57.07	0.040	  155.07	 99.89
 298.00	 295.56	 8.0798	34.1587	26.6057	 1.31	 57.12	0.040	  155.09	 99.88
 299.00	 296.55	 8.0779	34.1584	26.6058	 1.31	 57.18	0.041	  155.14	 99.88
 300.00	 297.55	 8.0761	34.1585	26.6062	 1.32	 57.26	0.040	  155.06	 99.88
 301.00	 298.54	 8.0740	34.1582	26.6062	 1.32	 57.35	0.041	  155.07	 99.88
 302.00	 299.53	 8.0687	34.1573	26.6063	 1.32	 57.41	0.040	  155.08	 99.89
 303.00	 300.52	 8.0642	34.1569	26.6067	 1.32	 57.36	0.041	  155.04	 99.89
 304.00	 301.51	 8.0477	34.1567	26.6090	 1.31	 56.87	0.041	  155.09	 99.88
 305.00	 302.50	 8.0331	34.1605	26.6141	 1.28	 55.82	0.040	  155.07	 99.89
 306.00	 303.49	 8.0364	34.1674	26.6191	 1.26	 54.61	0.041	  155.04	 99.89
 307.00	 304.48	 8.0217	34.1700	26.6233	 1.24	 53.98	0.041	  155.08	 99.88
 308.00	 305.47	 8.0025	34.1710	26.6270	 1.23	 53.70	0.040	  155.18	 99.89
 309.00	 306.47	 7.9865	34.1730	26.6309	 1.23	 53.52	0.041	  155.16	 99.89
 310.00	 307.46	 7.9838	34.1740	26.6321	 1.23	 53.33	0.040	  155.21	 99.89
 311.00	 308.45	 7.9838	34.1740	26.6322	 1.22	 53.15	0.040	  155.10	 99.89
 312.00	 309.44	 7.9837	34.1744	26.6325	 1.22	 53.07	0.040	  155.05	 99.90
 313.00	 310.43	 7.9833	34.1749	26.6330	 1.21	 52.78	0.041	  155.06	 99.90
 314.00	 311.42	 7.9832	34.1753	26.6333	 1.20	 52.35	0.040	  155.04	 99.90
 315.00	 312.41	 7.9848	34.1772	26.6346	 1.20	 51.99	0.040	  155.10	 99.90
 316.00	 313.40	 7.9851	34.1807	26.6373	 1.19	 51.71	0.040	  155.11	 99.90
 317.00	 314.39	 7.9844	34.1813	26.6379	 1.18	 51.52	0.040	  155.08	 99.90
 318.00	 315.38	 7.9827	34.1817	26.6385	 1.18	 51.41	0.040	  155.05	 99.90
 319.00	 316.38	 7.9778	34.1816	26.6391	 1.18	 51.36	0.040	  155.02	 99.90
 320.00	 317.37	 7.9519	34.1795	26.6413	 1.18	 51.37	0.041	  155.09	 99.90
 321.00	 318.36	 7.9430	34.1792	26.6424	 1.18	 51.41	0.041	  155.05	 99.90
 322.00	 319.35	 7.9391	34.1790	26.6428	 1.18	 51.35	0.042	  155.05	 99.90
 323.00	 320.34	 7.9390	34.1792	26.6430	 1.18	 51.16	0.041	  155.05	 99.90
 324.00	 321.33	 7.9384	34.1800	26.6437	 1.17	 51.03	0.040	  154.98	 99.90
 325.00	 322.32	 7.9378	34.1805	26.6442	 1.17	 50.91	0.040	  154.97	 99.90
 326.00	 323.31	 7.9361	34.1807	26.6447	 1.17	 50.75	0.040	  155.06	 99.90
 327.00	 324.30	 7.9323	34.1808	26.6453	 1.17	 50.76	0.040	  154.98	 99.90
 328.00	 325.29	 7.9261	34.1813	26.6466	 1.17	 51.01	0.040	  155.00	 99.90
 329.00	 326.29	 7.8955	34.1774	26.6481	 1.18	 51.30	0.040	  155.03	 99.90
 330.00	 327.28	 7.8618	34.1738	26.6502	 1.19	 51.70	0.040	  155.04	 99.90
 331.00	 328.27	 7.8620	34.1734	26.6499	 1.20	 52.29	0.040	  155.06	 99.90
 332.00	 329.26	 7.8400	34.1680	26.6488	 1.21	 52.80	0.040	  155.06	 99.90
 333.00	 330.25	 7.8178	34.1660	26.6505	 1.22	 53.18	0.040	  155.04	 99.90
 334.00	 331.24	 7.7942	34.1609	26.6500	 1.23	 53.64	0.041	  155.04	 99.90
 335.00	 332.23	 7.7670	34.1572	26.6511	 1.25	 54.21	0.041	  155.08	 99.90
 336.00	 333.22	 7.7415	34.1528	26.6513	 1.26	 54.91	0.040	  155.08	 99.90
 337.00	 334.21	 7.7154	34.1492	26.6522	 1.27	 55.42	0.041	  155.06	 99.90
 338.00	 335.20	 7.7091	34.1480	26.6522	 1.28	 55.88	0.040	  155.07	 99.90
 339.00	 336.20	 7.6629	34.1400	26.6526	 1.29	 56.21	0.040	  155.04	 99.90
 340.00	 337.19	 7.6269	34.1393	26.6572	 1.30	 56.53	0.040	  155.03	 99.90
 341.00	 338.18	 7.6134	34.1370	26.6574	 1.31	 56.83	0.041	  155.04	 99.90
 342.00	 339.17	 7.5940	34.1351	26.6587	 1.31	 57.05	0.040	  155.06	 99.90
 343.00	 340.16	 7.5800	34.1338	26.6597	 1.32	 57.24	0.040	  155.04	 99.90
 344.00	 341.15	 7.5717	34.1322	26.6597	 1.32	 57.39	0.040	  154.98	 99.89
 345.00	 342.14	 7.5548	34.1307	26.6609	 1.32	 57.46	0.040	  155.01	 99.89
 346.00	 343.13	 7.5536	34.1308	26.6612	 1.32	 57.61	0.041	  155.02	 99.89
 347.00	 344.12	 7.5480	34.1295	26.6610	 1.33	 57.65	0.042	  154.98	 99.89
 348.00	 345.11	 7.5243	34.1271	26.6625	 1.33	 57.78	0.041	  154.99	 99.89
 349.00	 346.10	 7.4888	34.1242	26.6652	 1.33	 57.90	0.040	  154.97	 99.89
 350.00	 347.09	 7.4442	34.1205	26.6687	 1.33	 57.92	0.040	  155.00	 99.88
 351.00	 348.09	 7.4030	34.1168	26.6716	 1.32	 57.53	0.041	  154.99	 99.89
 352.00	 349.08	 7.3753	34.1176	26.6762	 1.31	 56.99	0.042	  155.04	 99.88
 353.00	 350.07	 7.3589	34.1214	26.6814	 1.30	 56.34	0.041	  155.07	 99.88
 354.00	 351.06	 7.3527	34.1243	26.6846	 1.27	 55.38	0.040	  155.05	 99.89
 355.00	 352.05	 7.3508	34.1256	26.6859	 1.25	 54.35	0.040	  155.04	 99.89
 356.00	 353.04	 7.3408	34.1335	26.6935	 1.23	 53.70	0.040	  155.09	 99.89
 357.00	 354.03	 7.3353	34.1355	26.6959	 1.22	 53.05	0.040	  155.04	 99.89
 358.00	 355.02	 7.3340	34.1360	26.6965	 1.20	 52.36	0.040	  155.04	 99.90
 359.00	 356.01	 7.3332	34.1372	26.6976	 1.20	 51.98	0.040	  155.06	 99.90
 360.00	 357.00	 7.3350	34.1405	26.7000	 1.19	 51.77	0.040	  155.05	 99.90
 361.00	 357.99	 7.3363	34.1414	26.7004	 1.18	 51.49	0.040	  155.06	 99.90
 362.00	 358.98	 7.3368	34.1417	26.7006	 1.18	 51.29	0.040	  155.06	 99.90
 363.00	 359.98	 7.3387	34.1426	26.7011	 1.17	 50.96	0.041	  155.04	 99.90
 364.00	 360.97	 7.3422	34.1444	26.7020	 1.16	 50.40	0.041	  155.05	 99.90
 365.00	 361.96	 7.3511	34.1482	26.7038	 1.14	 49.58	0.040	  155.07	 99.90
 366.00	 362.95	 7.3642	34.1544	26.7068	 1.12	 48.87	0.040	  155.08	 99.90
 367.00	 363.94	 7.3636	34.1559	26.7081	 1.12	 48.56	0.040	  155.12	 99.91
 368.00	 364.93	 7.3565	34.1553	26.7087	 1.11	 48.27	0.040	  155.07	 99.91
 369.00	 365.92	 7.3512	34.1556	26.7097	 1.10	 47.81	0.040	  155.08	 99.92
 370.00	 366.91	 7.3561	34.1601	26.7125	 1.09	 47.34	0.040	  155.01	 99.92
 371.00	 367.90	 7.3646	34.1631	26.7137	 1.07	 46.75	0.040	  155.00	 99.92
 372.00	 368.89	 7.3735	34.1668	26.7154	 1.06	 45.93	0.040	  155.03	 99.93
 373.00	 369.88	 7.3757	34.1717	26.7189	 1.04	 45.08	0.040	  155.01	 99.93
 374.00	 370.87	 7.3543	34.1732	26.7232	 1.02	 44.48	0.040	  155.03	 99.93
 375.00	 371.87	 7.3288	34.1743	26.7276	 1.02	 44.15	0.040	  155.03	 99.93
 376.00	 372.86	 7.3197	34.1767	26.7308	 1.01	 43.91	0.041	  155.05	 99.93
 377.00	 373.85	 7.3190	34.1770	26.7311	 1.00	 43.67	0.041	  155.01	 99.93
 378.00	 374.84	 7.3152	34.1772	26.7319	 1.00	 43.48	0.040	  155.04	 99.93
 379.00	 375.83	 7.3132	34.1778	26.7326	 1.00	 43.32	0.040	  154.98	 99.93
 380.00	 376.82	 7.3126	34.1779	26.7327	 0.99	 43.11	0.040	  154.96	 99.93
 381.00	 377.81	 7.3113	34.1783	26.7333	 0.99	 42.86	0.040	  154.89	 99.93
 382.00	 378.80	 7.3109	34.1800	26.7347	 0.98	 42.70	0.041	  154.92	 99.93
 383.00	 379.79	 7.3096	34.1810	26.7357	 0.98	 42.55	0.041	  154.99	 99.93
 384.00	 380.78	 7.3075	34.1813	26.7362	 0.98	 42.46	0.042	  154.99	 99.93
 385.00	 381.77	 7.2979	34.1809	26.7373	 0.97	 42.29	0.041	  154.96	 99.93
 386.00	 382.76	 7.2859	34.1817	26.7396	 0.97	 42.17	0.040	  154.95	 99.94
 387.00	 383.75	 7.2721	34.1801	26.7402	 0.97	 42.17	0.040	  154.98	 99.94
 388.00	 384.74	 7.2518	34.1786	26.7420	 0.97	 42.06	0.041	  154.83	 99.94
 389.00	 385.73	 7.2388	34.1787	26.7438	 0.97	 42.10	0.040	  155.03	 99.94
 390.00	 386.73	 7.2347	34.1787	26.7444	 0.97	 42.04	0.040	  155.02	 99.94
 391.00	 387.72	 7.2208	34.1777	26.7456	 0.96	 41.92	0.041	  154.94	 99.94
 392.00	 388.71	 7.1903	34.1756	26.7482	 0.96	 41.88	0.041	  154.90	 99.94
 393.00	 389.70	 7.1826	34.1763	26.7498	 0.96	 41.62	0.040	  154.92	 99.94
 394.00	 390.69	 7.1610	34.1760	26.7526	 0.95	 41.44	0.040	  154.93	 99.94
 395.00	 391.68	 7.1134	34.1732	26.7569	 0.95	 41.36	0.040	  154.95	 99.94
 396.00	 392.67	 7.0621	34.1695	26.7611	 0.95	 41.25	0.040	  155.02	 99.94
 397.00	 393.66	 7.0418	34.1708	26.7650	 0.94	 41.02	0.041	  154.95	 99.94
 398.00	 394.65	 7.0411	34.1723	26.7663	 0.94	 40.84	0.041	  154.99	 99.94
 399.00	 395.64	 7.0402	34.1729	26.7669	 0.93	 40.65	0.040	  154.99	 99.94
 400.00	 396.63	 7.0362	34.1732	26.7677	 0.93	 40.49	0.040	  154.93	 99.94
 401.00	 397.62	 7.0277	34.1733	26.7689	 0.93	 40.32	0.042	  154.88	 99.95
 402.00	 398.61	 7.0237	34.1738	26.7698	 0.92	 40.04	0.040	  154.89	 99.95
 403.00	 399.60	 7.0159	34.1741	26.7712	 0.91	 39.73	0.040	  154.93	 99.95
 404.00	 400.59	 7.0098	34.1775	26.7747	 0.91	 39.40	0.040	  154.94	 99.95
 405.00	 401.59	 7.0060	34.1788	26.7762	 0.90	 39.08	0.040	  154.95	 99.95
 406.00	 402.58	 7.0043	34.1802	26.7776	 0.89	 38.78	0.040	  154.90	 99.95
 407.00	 403.57	 7.0041	34.1814	26.7786	 0.88	 38.45	0.040	  154.95	 99.95
 408.00	 404.56	 7.0016	34.1833	26.7805	 0.88	 38.06	0.040	  154.91	 99.95
 409.00	 405.55	 6.9958	34.1865	26.7838	 0.87	 37.79	0.040	  154.89	 99.95
 410.00	 406.54	 6.9895	34.1871	26.7851	 0.86	 37.61	0.040	  154.94	 99.95
 411.00	 407.53	 6.9843	34.1871	26.7858	 0.86	 37.51	0.041	  154.82	 99.95
 412.00	 408.52	 6.9768	34.1869	26.7867	 0.86	 37.46	0.041	  154.88	 99.95
 413.00	 409.51	 6.9738	34.1868	26.7870	 0.86	 37.37	0.040	  154.81	 99.95
 414.00	 410.50	 6.9737	34.1868	26.7871	 0.86	 37.39	0.040	  154.88	 99.95
 415.00	 411.49	 6.9729	34.1869	26.7873	 0.86	 37.28	0.040	  154.89	 99.95
 416.00	 412.48	 6.9711	34.1870	26.7877	 0.85	 36.89	0.040	  154.91	 99.95
 417.00	 413.47	 6.9670	34.1883	26.7892	 0.84	 36.42	0.040	  154.85	 99.95
 418.00	 414.46	 6.9626	34.1922	26.7929	 0.83	 35.95	0.041	  154.85	 99.95
 419.00	 415.45	 6.9587	34.1973	26.7975	 0.82	 35.69	0.040	  154.91	 99.95
 420.00	 416.44	 6.9559	34.1994	26.7995	 0.81	 35.21	0.040	  154.86	 99.95
 421.00	 417.43	 6.9554	34.2012	26.8010	 0.80	 34.76	0.040	  154.83	 99.95
 422.00	 418.42	 6.9564	34.2033	26.8025	 0.80	 34.65	0.041	  154.79	 99.96
 423.00	 419.42	 6.9561	34.2040	26.8032	 0.79	 34.48	0.040	  154.88	 99.96
 424.00	 420.41	 6.9553	34.2047	26.8039	 0.79	 34.25	0.042	  154.86	 99.95
 425.00	 421.40	 6.9529	34.2051	26.8045	 0.78	 34.13	0.041	  154.90	 99.95
 426.00	 422.39	 6.9515	34.2054	26.8049	 0.78	 34.06	0.040	  154.88	 99.96
 427.00	 423.38	 6.9470	34.2060	26.8060	 0.78	 33.91	0.041	  154.82	 99.96
 428.00	 424.37	 6.9430	34.2068	26.8072	 0.77	 33.58	0.041	  154.84	 99.96
 429.00	 425.36	 6.9316	34.2087	26.8103	 0.76	 33.03	0.040	  154.84	 99.96
