wcoa21_data_management/01_CRUISE_METADATA/00_OCADS_data/CTD_downcasts/WCOA_2021_CTD_downcasts/dRB2102_CTD_097_01_F.txt
* Sea-Bird SBE 9 Data:
* Software Version Seasave V 7.26.7.107
* Vessel: NOAA Ship Ronald H. Brown
* Cruise: RB2102, West Coast Ocean Acidification (WCOA) 2021
* Dates: 20210622 to 20210723
* Region: NE Pacific, USA West Coast
* Ports: San Diego, CA to Port Angeles, WA to San Diego, CA
* Chief Scientists: R. Feely, NOAA PMEL; D. Greeley, NOAA PMEL; B. Carter, NOAA PMEL / UW CICOES
*END*
[from data line 1281]
1284.00	1270.65	 3.3302	34.5052	27.4681	 0.72	 31.47	0.041	  148.68	100.00
1285.00	1271.63	 3.3297	34.5052	27.4682	 0.72	 31.46	0.042	  148.64	100.00
1286.00	1272.62	 3.3289	34.5054	27.4684	 0.73	 31.58	0.041	  148.69	100.00
1287.00	1273.61	 3.3275	34.5054	27.4685	 0.74	 32.07	0.041	  148.68	100.00
1288.00	1274.59	 3.3249	34.5050	27.4685	 0.74	 32.15	0.042	  148.61	100.00
1289.00	1275.58	 3.3104	34.5061	27.4707	 0.74	 32.22	0.040	  148.76	100.00
1290.00	1276.57	 3.3048	34.5076	27.4724	 0.74	 32.33	0.040	  148.64	100.00
1291.00	1277.55	 3.3040	34.5077	27.4726	 0.74	 32.29	0.041	  148.65	100.00
1292.00	1278.54	 3.3027	34.5082	27.4731	 0.74	 32.26	0.040	  148.70	 77.68
1293.00	1279.52	 3.3015	34.5083	27.4733	 0.75	 32.47	0.040	  148.70	100.06
1294.00	1280.51	 3.3012	34.5084	27.4734	 0.75	 32.73	0.040	  148.58	100.00
1295.00	1281.50	 3.3009	34.5085	27.4736	 0.74	 32.32	0.040	  148.70	100.00
1296.00	1282.48	 3.3010	34.5084	27.4735	 0.74	 32.29	0.040	  148.66	100.00
1297.00	1283.47	 3.3007	34.5085	27.4735	 0.74	 32.35	0.040	  148.68	100.00
1298.00	1284.46	 3.2992	34.5086	27.4738	 0.74	 32.37	0.040	  148.61	100.00
1299.00	1285.44	 3.2976	34.5087	27.4741	 0.74	 32.27	0.040	  148.67	100.00
1300.00	1286.43	 3.2960	34.5088	27.4743	 0.75	 32.54	0.040	  148.60	100.00
1301.00	1287.42	 3.2942	34.5089	27.4746	 0.75	 32.72	0.040	  148.65	100.00
1302.00	1288.40	 3.2917	34.5090	27.4748	 0.75	 32.62	0.040	  148.61	100.00
1303.00	1289.39	 3.2881	34.5092	27.4754	 0.75	 32.59	0.040	  148.66	100.00
1304.00	1290.38	 3.2852	34.5098	27.4761	 0.76	 32.84	0.040	  148.60	100.00
1305.00	1291.36	 3.2846	34.5100	27.4764	 0.75	 32.74	0.040	  148.60	100.00
1306.00	1292.35	 3.2830	34.5102	27.4766	 0.76	 33.01	0.040	  148.62	100.00
1307.00	1293.34	 3.2817	34.5105	27.4770	 0.76	 33.10	0.040	  148.62	100.00
1308.00	1294.32	 3.2806	34.5108	27.4774	 0.76	 33.12	0.040	  148.62	100.00
1309.00	1295.31	 3.2796	34.5109	27.4776	 0.77	 33.35	0.040	  148.61	100.00
1310.00	1296.30	 3.2751	34.5112	27.4782	 0.76	 33.16	0.040	  148.60	100.00
1311.00	1297.28	 3.2710	34.5119	27.4792	 0.76	 33.21	0.040	  148.62	100.00
1312.00	1298.27	 3.2676	34.5121	27.4797	 0.77	 33.50	0.040	  148.62	100.00
1313.00	1299.25	 3.2653	34.5125	27.4802	 0.77	 33.68	0.040	  148.56	100.00
1314.00	1300.24	 3.2640	34.5128	27.4805	 0.77	 33.53	0.040	  148.52	100.00
1315.00	1301.23	 3.2630	34.5128	27.4806	 0.78	 33.79	0.040	  148.57	100.00
1316.00	1302.21	 3.2589	34.5129	27.4811	 0.78	 33.98	0.040	  148.58	100.00
1317.00	1303.20	 3.2588	34.5139	27.4819	 0.78	 33.92	0.040	  148.56	100.00
1318.00	1304.19	 3.2589	34.5139	27.4819	 0.78	 34.11	0.040	  148.59	100.00
1319.00	1305.17	 3.2584	34.5140	27.4821	 0.78	 33.89	0.040	  148.60	100.00
1320.00	1306.16	 3.2577	34.5142	27.4823	 0.78	 33.96	0.040	  148.56	100.00
1321.00	1307.15	 3.2576	34.5142	27.4823	 0.78	 34.00	0.040	  148.54	100.00
1322.00	1308.13	 3.2574	34.5142	27.4823	 0.78	 33.94	0.041	  148.58	100.00
1323.00	1309.12	 3.2560	34.5143	27.4826	 0.78	 34.08	0.041	  148.56	100.00
1324.00	1310.11	 3.2551	34.5143	27.4827	 0.79	 34.17	0.040	  148.51	100.00
1325.00	1311.09	 3.2535	34.5143	27.4828	 0.79	 34.20	0.040	  148.52	100.00
1326.00	1312.08	 3.2513	34.5146	27.4833	 0.79	 34.25	0.041	  148.57	100.00
1327.00	1313.06	 3.2478	34.5149	27.4838	 0.79	 34.14	0.041	  148.57	100.00
1328.00	1314.05	 3.2441	34.5155	27.4847	 0.79	 34.32	0.040	  148.61	100.00
1329.00	1315.04	 3.2429	34.5154	27.4847	 0.79	 34.38	0.041	  148.52	100.00
1330.00	1316.02	 3.2409	34.5155	27.4850	 0.79	 34.52	0.041	  148.56	100.00
1331.00	1317.01	 3.2366	34.5154	27.4853	 0.79	 34.55	0.041	  148.58	100.00
1332.00	1318.00	 3.2305	34.5155	27.4860	 0.79	 34.43	0.041	  148.55	100.00
1333.00	1318.98	 3.2278	34.5157	27.4863	 0.80	 34.63	0.040	  148.54	100.00
1334.00	1319.97	 3.2266	34.5158	27.4866	 0.80	 34.64	0.040	  148.46	100.00
1335.00	1320.96	 3.2239	34.5155	27.4866	 0.79	 34.33	0.040	  148.58	100.00
1336.00	1321.94	 3.2190	34.5160	27.4874	 0.81	 35.01	0.041	  148.49	100.00
1337.00	1322.93	 3.2189	34.5161	27.4875	 0.80	 34.75	0.042	  148.56	100.00
1338.00	1323.91	 3.2189	34.5161	27.4876	 0.79	 34.36	0.041	  148.52	100.00
1339.00	1324.90	 3.2191	34.5162	27.4876	 0.80	 34.60	0.040	  148.51	100.00
1340.00	1325.89	 3.2171	34.5161	27.4877	 0.80	 34.61	0.040	  148.51	100.00
1341.00	1326.87	 3.2156	34.5161	27.4879	 0.80	 34.67	0.040	  148.47	100.00
1342.00	1327.86	 3.2096	34.5167	27.4889	 0.80	 34.83	0.040	  148.49	100.00
1343.00	1328.85	 3.2082	34.5171	27.4893	 0.80	 34.95	0.040	  148.53	100.00
1344.00	1329.83	 3.2063	34.5176	27.4900	 0.81	 35.17	0.040	  148.52	100.00
1345.00	1330.82	 3.2065	34.5180	27.4903	 0.82	 35.49	0.040	  148.46	100.00
1346.00	1331.80	 3.2066	34.5185	27.4907	 0.83	 35.87	0.040	  148.48	100.00
1347.00	1332.79	 3.2077	34.5208	27.4924	 0.83	 36.14	0.041	  148.50	100.00
1348.00	1333.78	 3.2071	34.5212	27.4928	 0.84	 36.35	0.041	  148.45	100.00
1349.00	1334.76	 3.2069	34.5214	27.4929	 0.84	 36.34	0.040	  148.48	100.00
1350.00	1335.75	 3.2068	34.5215	27.4930	 0.84	 36.50	0.040	  148.46	100.00
1351.00	1336.74	 3.2064	34.5215	27.4931	 0.84	 36.42	0.041	  148.45	100.00
1352.00	1337.72	 3.2059	34.5215	27.4932	 0.84	 36.39	0.042	  148.45	100.00
1353.00	1338.71	 3.2050	34.5212	27.4930	 0.83	 36.13	0.041	  148.46	100.00
1354.00	1339.70	 3.1942	34.5204	27.4933	 0.83	 36.07	0.040	  148.49	100.00
1355.00	1340.68	 3.1861	34.5207	27.4944	 0.83	 36.15	0.040	  148.47	100.00
1356.00	1341.67	 3.1862	34.5217	27.4952	 0.84	 36.37	0.040	  148.41	100.00
1357.00	1342.65	 3.1880	34.5222	27.4954	 0.84	 36.60	0.040	  148.42	100.00
1358.00	1343.64	 3.1889	34.5229	27.4959	 0.85	 37.10	0.040	  148.41	100.00
1359.00	1344.63	 3.1890	34.5238	27.4965	 0.86	 37.31	0.040	  148.44	100.00
1360.00	1345.61	 3.1872	34.5245	27.4973	 0.86	 37.36	0.040	  148.40	100.00
1361.00	1346.60	 3.1861	34.5249	27.4977	 0.86	 37.57	0.040	  148.39	100.00
1362.00	1347.59	 3.1845	34.5251	27.4981	 0.87	 37.67	0.041	  148.43	100.00
1363.00	1348.57	 3.1835	34.5253	27.4983	 0.87	 37.78	0.041	  148.44	100.00
1364.00	1349.56	 3.1782	34.5260	27.4994	 0.87	 38.03	0.040	  148.38	100.00
1365.00	1350.54	 3.1753	34.5264	27.4999	 0.88	 38.05	0.040	  148.39	100.00
1366.00	1351.53	 3.1716	34.5265	27.5004	 0.88	 38.08	0.040	  148.36	100.00
1367.00	1352.52	 3.1660	34.5271	27.5014	 0.88	 38.21	0.040	  148.37	100.00
1368.00	1353.50	 3.1602	34.5277	27.5024	 0.88	 38.35	0.040	  148.40	100.00
1369.00	1354.49	 3.1590	34.5278	27.5026	 0.88	 38.29	0.041	  148.36	100.00
1370.00	1355.47	 3.1583	34.5278	27.5026	 0.88	 38.35	0.042	  148.34	100.00
1371.00	1356.46	 3.1579	34.5277	27.5027	 0.88	 38.13	0.040	  148.35	100.00
1372.00	1357.45	 3.1577	34.5277	27.5027	 0.88	 38.21	0.040	  148.37	100.00
1373.00	1358.43	 3.1572	34.5277	27.5027	 0.88	 38.22	0.040	  148.33	100.00
1374.00	1359.42	 3.1554	34.5279	27.5031	 0.88	 38.27	0.040	  148.34	100.00
1375.00	1360.41	 3.1541	34.5278	27.5031	 0.88	 38.35	0.040	  148.33	100.00
1376.00	1361.39	 3.1522	34.5278	27.5033	 0.88	 38.37	0.040	  148.35	100.00
1377.00	1362.38	 3.1484	34.5280	27.5038	 0.88	 38.30	0.040	  148.35	100.00
1378.00	1363.36	 3.1476	34.5282	27.5040	 0.89	 38.56	0.040	  148.30	100.00
1379.00	1364.35	 3.1451	34.5283	27.5044	 0.89	 38.61	0.040	  148.29	100.00
1380.00	1365.34	 3.1424	34.5288	27.5050	 0.89	 38.49	0.040	  148.31	100.00
1381.00	1366.32	 3.1418	34.5288	27.5051	 0.89	 38.49	0.040	  148.34	100.00
1382.00	1367.31	 3.1410	34.5291	27.5054	 0.89	 38.71	0.041	  148.32	100.00
1383.00	1368.29	 3.1406	34.5291	27.5054	 0.89	 38.74	0.040	  148.33	100.00
1384.00	1369.28	 3.1387	34.5293	27.5057	 0.89	 38.72	0.040	  148.32	100.00
1385.00	1370.27	 3.1374	34.5295	27.5060	 0.90	 39.15	0.040	  148.26	100.00
1386.00	1371.25	 3.1326	34.5295	27.5065	 0.89	 38.70	0.040	  148.27	100.00
1387.00	1372.24	 3.1297	34.5302	27.5073	 0.89	 38.78	0.040	  148.25	100.00
1388.00	1373.23	 3.1282	34.5302	27.5075	 0.90	 39.01	0.040	  148.28	100.00
1389.00	1374.21	 3.1265	34.5302	27.5077	 0.90	 39.08	0.040	  148.31	100.00
1390.00	1375.20	 3.1256	34.5303	27.5078	 0.90	 39.10	0.040	  148.27	100.00
1391.00	1376.18	 3.1235	34.5304	27.5081	 0.90	 39.06	0.040	  148.28	100.00
1392.00	1377.17	 3.1198	34.5305	27.5085	 0.90	 38.93	0.040	  148.23	100.00
1393.00	1378.16	 3.1155	34.5300	27.5085	 0.90	 39.07	0.041	  148.30	100.00
1394.00	1379.14	 3.1114	34.5301	27.5089	 0.90	 39.23	0.042	  148.25	100.00
1395.00	1380.13	 3.1095	34.5299	27.5090	 0.90	 39.08	0.040	  148.25	100.00
1396.00	1381.11	 3.1063	34.5306	27.5098	 0.90	 38.96	0.040	  148.27	100.00
1397.00	1382.10	 3.1030	34.5307	27.5102	 0.90	 39.14	0.040	  148.18	100.00
1398.00	1383.09	 3.0979	34.5305	27.5105	 0.90	 39.19	0.040	  148.26	100.00
1399.00	1384.07	 3.0917	34.5308	27.5113	 0.90	 39.28	0.041	  148.28	100.00
1400.00	1385.06	 3.0897	34.5309	27.5116	 0.90	 39.07	0.040	  148.27	100.00
1401.00	1386.04	 3.0882	34.5307	27.5116	 0.90	 39.02	0.040	  148.27	100.00
1402.00	1387.03	 3.0837	34.5306	27.5119	 0.90	 39.17	0.040	  148.29	100.00
1403.00	1388.02	 3.0794	34.5307	27.5124	 0.90	 39.18	0.040	  148.21	100.00
1404.00	1389.00	 3.0741	34.5303	27.5125	 0.90	 39.10	0.040	  148.30	100.00
1405.00	1389.99	 3.0698	34.5305	27.5131	 0.90	 39.18	0.040	  148.23	100.00
1406.00	1390.97	 3.0639	34.5300	27.5132	 0.90	 39.01	0.040	  148.22	100.00
1407.00	1391.96	 3.0566	34.5302	27.5141	 0.90	 38.96	0.040	  148.21	100.00
1408.00	1392.95	 3.0550	34.5304	27.5144	 0.90	 38.91	0.040	  148.26	100.00
1409.00	1393.93	 3.0506	34.5300	27.5144	 0.90	 38.92	0.040	  148.24	100.00
1410.00	1394.92	 3.0489	34.5301	27.5147	 0.90	 38.95	0.040	  148.24	100.00
1411.00	1395.90	 3.0473	34.5300	27.5148	 0.90	 38.96	0.040	  148.26	100.00
1412.00	1396.89	 3.0454	34.5301	27.5150	 0.90	 38.92	0.040	  148.24	100.00
1413.00	1397.88	 3.0443	34.5300	27.5151	 0.90	 38.98	0.040	  148.24	100.00
1414.00	1398.86	 3.0386	34.5292	27.5149	 0.90	 39.12	0.040	  148.23	100.00
1415.00	1399.85	 3.0264	34.5296	27.5164	 0.89	 38.66	0.040	  148.27	100.00
1416.00	1400.83	 3.0240	34.5292	27.5162	 0.89	 38.66	0.040	  148.16	100.00
1417.00	1401.82	 3.0221	34.5295	27.5167	 0.89	 38.74	0.040	  148.23	100.00
1418.00	1402.81	 3.0242	34.5293	27.5164	 0.89	 38.68	0.040	  148.19	100.00
1419.00	1403.79	 3.0204	34.5295	27.5169	 0.89	 38.68	0.040	  148.24	100.00
1420.00	1404.78	 3.0200	34.5296	27.5169	 0.89	 38.59	0.040	  148.21	100.00
1421.00	1405.76	 3.0199	34.5296	27.5170	 0.89	 38.66	0.040	  148.32	100.00
1422.00	1406.75	 3.0191	34.5296	27.5171	 0.89	 38.65	0.040	  148.20	100.00
1423.00	1407.74	 3.0188	34.5295	27.5171	 0.89	 38.64	0.040	  148.23	100.00
1424.00	1408.72	 3.0182	34.5295	27.5171	 0.89	 38.63	0.040	  148.19	100.00
1425.00	1409.71	 3.0182	34.5297	27.5173	 0.89	 38.62	0.040	  148.18	100.00
1426.00	1410.69	 3.0188	34.5295	27.5170	 0.89	 38.56	0.040	  148.15	100.00
1427.00	1411.68	 3.0168	34.5293	27.5171	 0.89	 38.53	0.041	  148.21	100.00
1428.00	1412.67	 3.0127	34.5295	27.5176	 0.89	 38.61	0.041	  148.19	100.00
1429.00	1413.65	 3.0111	34.5294	27.5177	 0.89	 38.56	0.040	  148.22	100.00
1430.00	1414.64	 3.0100	34.5294	27.5178	 0.89	 38.57	0.040	  148.20	100.00
1431.00	1415.62	 3.0081	34.5291	27.5177	 0.89	 38.75	0.040	  148.23	100.00
1432.00	1416.61	 3.0051	34.5291	27.5180	 0.89	 38.55	0.040	  148.15	100.00
1433.00	1417.60	 3.0030	34.5290	27.5181	 0.89	 38.51	0.040	  148.21	100.00
1434.00	1418.58	 3.0011	34.5291	27.5184	 0.89	 38.52	0.040	  148.16	100.00
1435.00	1419.57	 2.9998	34.5290	27.5184	 0.88	 38.43	0.040	  148.22	100.00
1436.00	1420.55	 2.9975	34.5289	27.5185	 0.89	 38.51	0.040	  148.21	100.00
1437.00	1421.54	 2.9945	34.5290	27.5189	 0.89	 38.50	0.040	  148.22	100.00
1438.00	1422.52	 2.9923	34.5290	27.5191	 0.89	 38.50	0.040	  148.17	100.00
1439.00	1423.51	 2.9899	34.5292	27.5195	 0.89	 38.75	0.040	  148.14	100.00
1440.00	1424.50	 2.9901	34.5294	27.5196	 0.89	 38.85	0.040	  148.20	100.00
1441.00	1425.48	 2.9897	34.5294	27.5197	 0.89	 38.74	0.040	  148.19	100.00
1442.00	1426.47	 2.9876	34.5294	27.5199	 0.89	 38.62	0.040	  148.22	100.00
1443.00	1427.45	 2.9852	34.5290	27.5198	 0.89	 38.63	0.040	  148.22	100.00
1444.00	1428.44	 2.9806	34.5295	27.5206	 0.89	 38.73	0.040	  148.10	100.00
1445.00	1429.43	 2.9794	34.5297	27.5209	 0.89	 38.88	0.040	  148.13	100.00
1446.00	1430.41	 2.9786	34.5298	27.5211	 0.89	 38.64	0.040	  148.20	100.00
1447.00	1431.40	 2.9781	34.5298	27.5211	 0.89	 38.64	0.040	  148.14	100.00
1448.00	1432.38	 2.9755	34.5299	27.5214	 0.90	 38.94	0.040	  148.12	100.00
1449.00	1433.37	 2.9704	34.5304	27.5222	 0.90	 39.02	0.040	  148.15	100.00
1450.00	1434.35	 2.9685	34.5308	27.5227	 0.90	 39.23	0.040	  148.16	100.00
1451.00	1435.34	 2.9634	34.5313	27.5236	 0.91	 39.52	0.040	  148.22	100.00
1452.00	1436.33	 2.9610	34.5319	27.5243	 0.91	 39.69	0.040	  148.16	100.00
1453.00	1437.31	 2.9588	34.5318	27.5244	 0.91	 39.35	0.040	  148.11	100.00
1454.00	1438.30	 2.9565	34.5316	27.5245	 0.91	 39.35	0.040	  148.14	100.00
1455.00	1439.28	 2.9533	34.5316	27.5247	 0.91	 39.39	0.040	  148.16	100.00
1456.00	1440.27	 2.9515	34.5315	27.5249	 0.90	 39.14	0.040	  148.18	100.00
1457.00	1441.26	 2.9489	34.5314	27.5250	 0.91	 39.36	0.040	  148.21	100.00
1458.00	1442.24	 2.9440	34.5315	27.5256	 0.91	 39.34	0.040	  148.17	100.00
1459.00	1443.23	 2.9433	34.5315	27.5256	 0.90	 39.20	0.040	  148.15	100.00
1460.00	1444.21	 2.9441	34.5316	27.5256	 0.90	 39.16	0.040	  148.11	100.00
1461.00	1445.20	 2.9381	34.5310	27.5257	 0.90	 39.12	0.040	  148.15	100.00
1462.00	1446.18	 2.9343	34.5309	27.5259	 0.89	 38.80	0.040	  148.11	100.00
1463.00	1447.17	 2.9308	34.5307	27.5261	 0.89	 38.84	0.040	  148.12	100.00
1464.00	1448.16	 2.9284	34.5307	27.5263	 0.90	 38.92	0.040	  148.11	100.00
1465.00	1449.14	 2.9262	34.5309	27.5267	 0.89	 38.63	0.040	  148.17	100.00
1466.00	1450.13	 2.9240	34.5311	27.5270	 0.89	 38.67	0.040	  148.11	100.00
1467.00	1451.11	 2.9235	34.5310	27.5270	 0.89	 38.80	0.040	  148.11	100.00
1468.00	1452.10	 2.9268	34.5309	27.5267	 0.89	 38.85	0.040	  148.12	100.00
1469.00	1453.08	 2.9233	34.5311	27.5272	 0.90	 38.93	0.041	  148.10	100.00
1470.00	1454.07	 2.9232	34.5312	27.5272	 0.89	 38.86	0.041	  148.12	100.00
1471.00	1455.06	 2.9232	34.5312	27.5272	 0.89	 38.86	0.040	  148.08	100.00
1472.00	1456.04	 2.9227	34.5313	27.5273	 0.90	 38.91	0.040	  148.13	100.00
1473.00	1457.03	 2.9220	34.5311	27.5273	 0.89	 38.85	0.040	  148.11	100.00
1474.00	1458.01	 2.9214	34.5313	27.5275	 0.89	 38.65	0.040	  148.11	100.00
1475.00	1459.00	 2.9200	34.5311	27.5275	 0.89	 38.74	0.040	  148.06	100.00
1476.00	1459.98	 2.9190	34.5311	27.5275	 0.89	 38.63	0.040	  148.05	100.00
1477.00	1460.97	 2.9180	34.5311	27.5276	 0.89	 38.82	0.040	  148.06	100.00
1478.00	1461.96	 2.9229	34.5309	27.5271	 0.90	 39.03	0.040	  148.07	100.00
1479.00	1462.94	 2.9156	34.5311	27.5279	 0.90	 39.25	0.041	  148.09	100.00
1480.00	1463.93	 2.9097	34.5331	27.5300	 0.90	 39.30	0.041	  148.09	100.00
1481.00	1464.91	 2.9094	34.5332	27.5301	 0.92	 39.83	0.040	  148.04	100.00
1482.00	1465.90	 2.9093	34.5332	27.5301	 0.92	 39.92	0.040	  148.09	100.00
1483.00	1466.88	 2.9090	34.5333	27.5303	 0.91	 39.76	0.040	  148.03	100.00
1484.00	1467.87	 2.9073	34.5339	27.5309	 0.92	 39.81	0.040	  148.06	100.00
1485.00	1468.86	 2.9065	34.5344	27.5314	 0.91	 39.68	0.040	  148.07	100.00
1486.00	1469.84	 2.9071	34.5340	27.5310	 0.92	 39.92	0.041	  148.07	100.00
1487.00	1470.83	 2.9060	34.5342	27.5313	 0.92	 40.03	0.040	  148.00	100.00
1488.00	1471.81	 2.9054	34.5343	27.5314	 0.92	 39.90	0.040	  147.99	100.00
1489.00	1472.80	 2.9045	34.5342	27.5314	 0.92	 39.77	0.040	  148.06	100.00
1490.00	1473.78	 2.8997	34.5347	27.5322	 0.92	 40.00	0.040	  148.08	100.00
1491.00	1474.77	 2.8966	34.5346	27.5325	 0.92	 39.92	0.040	  148.05	100.00
1492.00	1475.75	 2.8943	34.5348	27.5328	 0.92	 39.92	0.040	  148.00	100.00
1493.00	1476.74	 2.8925	34.5349	27.5330	 0.92	 40.13	0.040	  148.06	100.00
1494.00	1477.73	 2.8917	34.5351	27.5333	 0.92	 40.20	0.040	  148.01	100.00
1495.00	1478.71	 2.8906	34.5358	27.5340	 0.93	 40.45	0.040	  148.05	100.00
